ENST00000000233.10	88	3419	3331
ENST00000000412.8	1460	6868	5408
ENST00000000442.11	1656	11702	10046
ENST00000001008.6	170	9652	9482
ENST00000001146.7	2992	20126	17134
ENST00000002125.9	48	18002	17954
ENST00000002165.11	898	18216	17318
ENST00000002501.11	1467	14940	13473
ENST00000002596.6	5935	7775	1840
ENST00000002829.8	4299	35125	30826
ENST00000003084.11	70	191493	191423
ENST00000003100.13	1515	23728	22213
ENST00000003302.8	1369	80833	79464
ENST00000003583.12	1541	45215	43674
ENST00000003912.7	26336	54342	28006
ENST00000004103.8	782	4795	4013
ENST00000004531.14	48	28448	28400
ENST00000004982.6	959	2919	1960
ENST00000005082.13	127	21859	21732
ENST00000005178.6	2145	14016	11871
ENST00000005180.9	158	2917	2759
ENST00000005226.12	435	53077	52642
ENST00000005257.7	63096	83284	20188
ENST00000005259.9	527	38830	38303
ENST00000005260.9	1874	110721	108847
ENST00000005284.4	420	106466	106046
ENST00000005286.8	153	15484	15331
ENST00000005340.10	526	11113	10587
ENST00000005374.10	558	8425	7867
ENST00000005386.8	2259	43570	41311
ENST00000005558.8	27545	53713	26168
ENST00000005756.5	188	33955	33767
ENST00000005995.8	32	5301	5269
ENST00000006015.4	1642	4924	3282
ENST00000006053.7	79	11727	11648
ENST00000006251.11	25445	61316	35871
ENST00000006275.8	267	15803	15536
ENST00000006658.11	35	10874	10839
ENST00000006724.7	4108	15649	11541
ENST00000006750.8	489	4202	3713
ENST00000006777.11	49	10400	10351
ENST00000007264.7	979	3694	2715
ENST00000007390.3	200	3494	3294
ENST00000007414.8	922	15410	14488
ENST00000007510.9	95	16702	16607
ENST00000007516.8	1273	15740	14467
ENST00000007699.10	528	7321	6793
ENST00000007708.7	2760	16376	13616
ENST00000007722.11	0	35995	35995
ENST00000007735.4	30	5880	5850
ENST00000007969.12	901	9290	8389
ENST00000008180.13	181	4220	4039
ENST00000008391.4	530	60683	60153
ENST00000008440.9	128	13965	13837
ENST00000008527.10	1426	103343	101917
ENST00000008938.5	88	4453	4365
ENST00000009041.12	29260	51301	22041
ENST00000009105.5	11267	30572	19305
ENST00000009180.10	100	38101	38001
ENST00000009530.13	604	11989	11385
ENST00000009589.8	39	1682	1643
ENST00000010132.6	861	24979	24118
ENST00000010299.10	24	35534	35510
ENST00000010404.6	7111	17358	10247
ENST00000011292.8	27	8761	8734
ENST00000011473.6	1303	22795	21492
ENST00000011619.6	867	92180	91313
ENST00000011653.9	10611	31163	20552
ENST00000011684.11	1791	20061	18270
ENST00000011691.6	38	3874	3836
ENST00000011700.10	0	241477	241477
ENST00000011898.10	123815	206444	82629
ENST00000011989.11	474	20859	20385
ENST00000012049.10	38	11519	11481
ENST00000012134.7	1641	30601	28960
ENST00000012443.9	10	44740	44730
ENST00000013034.3	709	8703	7994
ENST00000013070.11	36	21040	21004
ENST00000013125.9	1497	116030	114533
ENST00000013222.5	16	4499	4483
ENST00000013807.9	117	10901	10784
ENST00000013894.3	42	8539	8497
ENST00000014914.6	16688	22042	5354
ENST00000014930.9	441	25807	25366
ENST00000014935.7	952	4709	3757
ENST00000016171.6	3722	22402	18680
ENST00000016913.8	4541	15138	10597
ENST00000016946.8	161	66860	66699
ENST00000017003.7	15	16746	16731
ENST00000019019.6	1887	7824	5937
ENST00000019103.8	277	85690	85413
ENST00000019317.8	38037	62881	24844
ENST00000020673.6	584	17475	16891
ENST00000020926.8	3753	47177	43424
ENST00000020945.4	1212	4468	3256
ENST00000022615.9	2332	14420	12088
ENST00000023064.9	112	39472	39360
ENST00000023897.10	3620	51587	47967
ENST00000023939.8	113	50675	50562
ENST00000024061.7	844	20051	19207
ENST00000025008.10	1327	67771	66444
ENST00000025301.4	14197	52765	38568
ENST00000025399.10	314	21659	21345
ENST00000026218.9	4057	15884	11827
ENST00000027335.8	1081	70002	68921
ENST00000028008.9	17189	26846	9657
ENST00000029410.10	79	10535	10456
ENST00000031146.8	678	60615	59937
ENST00000033079.7	2268	83875	81607
ENST00000034275.12	261	62211	61950
ENST00000035307.7	1529	8507	6978
ENST00000037243.7	108	11334	11226
ENST00000037502.11	511	18703	18192
ENST00000037869.8	1316	6446	5130
ENST00000038176.8	601	78843	78242
ENST00000039007.5	93	69527	69434
ENST00000039989.9	35	138380	138345
ENST00000040584.6	300	3117	2817
ENST00000040663.8	67	8857	8790
ENST00000040738.10	1276	67976	66700
ENST00000040877.2	267	92623	92356
ENST00000042381.9	9618	21267	11649
ENST00000042931.1	0	6999	6999
ENST00000043402.8	299	28094	27795
ENST00000044462.12	1484	9272	7788
ENST00000045083.6	1123	47552	46429
ENST00000045347.11	0	53961	53961
ENST00000046087.7	90	156798	156708
ENST00000046640.9	3447	24697	21250
ENST00000046794.10	2467	52956	50489
ENST00000052569.10	2988	43373	40385
ENST00000052754.10	5577	39138	33561
ENST00000053243.6	115	3183	3068
ENST00000053468.4	1485	11638	10153
ENST00000053867.8	3863	9260	5397
ENST00000054650.9	351	8918	8567
ENST00000054666.11	88	8641	8553
ENST00000054668.5	3	6077	6074
ENST00000054950.4	123	14382	14259
ENST00000055077.8	607	23932	23325
ENST00000055335.11	77	19687	19610
ENST00000055682.12	6552	17339	10787
ENST00000056217.10	7268	29428	22160
ENST00000056233.4	301	35660	35359
ENST00000057513.8	1226	33681	32455
ENST00000060969.6	4795	11744	6949
ENST00000061240.7	668	230654	229986
ENST00000064571.3	1203	7414	6211
ENST00000064724.8	199	14503	14304
ENST00000064778.8	7047	68712	61665
ENST00000064780.7	12738	20369	7631
ENST00000066544.8	3235	73922	70687
ENST00000070846.11	1672	108605	106933
ENST00000072516.7	50239	136351	86112
ENST00000072644.7	8334	38114	29780
ENST00000072869.9	386	23725	23339
ENST00000075120.12	2186	18282	16096
ENST00000075322.11	438	84258	83820
ENST00000075430.11	102	76411	76309
ENST00000075503.8	1224	16952	15728
ENST00000078429.9	290	27884	27594
ENST00000078445.7	117	19708	19591
ENST00000078527.9	1888	10389	8501
ENST00000080059.12	1122	40010	38888
ENST00000081029.8	12	45576	45564
ENST00000083182.8	4426	84515	80089
ENST00000084795.9	44	3115	3071
ENST00000084798.9	176	8661	8485
ENST00000085068.7	322	4155	3833
ENST00000085079.11	3383	21749	18366
ENST00000085219.10	2854	20035	17181
ENST00000086933.3	2001	3902	1901
ENST00000155093.8	18556	47005	28449
ENST00000155674.9	513	28904	28391
ENST00000155840.12	91	405004	404913
ENST00000155926.9	1372	24881	23509
ENST00000156084.8	966	37063	36097
ENST00000156109.7	217	11732	11515
ENST00000156471.10	5013	122251	117238
ENST00000156476.6	3830	9155	5325
ENST00000156499.7	515	5867	5352
ENST00000156626.12	570	20666	20096
ENST00000156825.5	4747	19806	15059
ENST00000157600.8	116	66861	66745
ENST00000157812.7	38	11380	11342
ENST00000158009.6	79	9784	9705
ENST00000158166.5	750	22075	21325
ENST00000158526.9	1183	6410	5227
ENST00000158762.8	206	17061	16855
ENST00000158771.9	3433	15617	12184
ENST00000159060.3	1471	62123	60652
ENST00000159087.7	297	15125	14828
ENST00000159111.9	63778	185662	121884
ENST00000159647.9	0	10451	10451
ENST00000160262.10	84	7472	7388
ENST00000160298.9	140	25921	25781
ENST00000160373.8	889	167730	166841
ENST00000160382.10	152	14521	14369
ENST00000160713.8	0	117513	117513
ENST00000160740.7	685	15966	15281
ENST00000160827.9	9	16537	16528
ENST00000161006.8	366	6319	5953
ENST00000161559.11	1806	22637	20831
ENST00000161863.9	202	83947	83745
ENST00000162044.14	764	20684	19920
ENST00000162330.10	1333	25904	24571
ENST00000162391.8	7117	21843	14726
ENST00000162749.7	544	14398	13854
ENST00000163416.7	3133	47319	44186
ENST00000163678.11	3975	14189	10214
ENST00000164024.5	1745	36072	34327
ENST00000164133.7	1046	10630	9584
ENST00000164139.4	264	16006	15742
ENST00000164227.10	83	12257	12174
ENST00000164247.5	6286	65374	59088
ENST00000164305.10	29	37857	37828
ENST00000164640.8	1190	30431	29241
ENST00000165524.1	0	857	857
ENST00000165698.9	3110	124113	121003
ENST00000166139.9	32	6097	6065
ENST00000166244.8	147	41247	41100
ENST00000166345.8	115	25499	25384
ENST00000166534.8	403	27607	27204
ENST00000167106.9	1354	18635	17281
ENST00000167218.9	1530	7804	6274
ENST00000167462.9	17701	52198	34497
ENST00000167586.7	159	5963	5804
ENST00000167588.4	475	10560	10085
ENST00000167825.5	0	66963	66963
ENST00000168148.8	85	19934	19849
ENST00000168216.11	146	3861	3715
ENST00000168712.3	2290	4677	2387
ENST00000168869.12	5749	7445	1696
ENST00000168977.7	603	9884	9281
ENST00000169293.10	975	46402	45427
ENST00000169298.8	112178	146487	34309
ENST00000169551.11	286	10692	10406
ENST00000170150.4	871	17035	16164
ENST00000170168.9	821	36757	35936
ENST00000170447.12	64	26403	26339
ENST00000170564.7	13	51749	51736
ENST00000170630.6	0	24959	24959
ENST00000171111.10	530	15775	15245
ENST00000171757.3	15130	17162	2032
ENST00000171887.8	4673	103353	98680
ENST00000172229.8	125	18988	18863
ENST00000173229.7	864	220261	219397
ENST00000173527.6	18	19138	19120
ENST00000173898.12	1423	14475	13052
ENST00000174618.5	2831	18379	15548
ENST00000175091.5	558	19562	19004
ENST00000175238.10	83	68748	68665
ENST00000175506.8	144	18710	18566
ENST00000175756.10	52	18530	18478
ENST00000176183.6	36	4584	4548
ENST00000176195.4	125	1193	1068
ENST00000176643.11	221	28263	28042
ENST00000176763.10	2806	148848	146042
ENST00000177648.13	80408	147555	67147
ENST00000177694.2	219	13726	13507
ENST00000177742.7	334	1901	1567
ENST00000178638.8	4910	61393	56483
ENST00000178640.10	633	265366	264733
ENST00000179259.6	59	32279	32220
ENST00000180166.6	894	10481	9587
ENST00000180173.10	3071	118464	115393
ENST00000181383.10	431	53081	52650
ENST00000181796.7	2636	257019	254383
ENST00000181839.10	386	149243	148857
ENST00000182290.9	137	16858	16721
ENST00000182377.8	46785	111660	64875
ENST00000182527.4	5792	80606	74814
ENST00000183605.10	61	21751	21690
ENST00000184183.8	637	12591	11954
ENST00000184266.3	24	6315	6291
ENST00000184956.11	2558	41429	38871
ENST00000185150.9	167	32357	32190
ENST00000185206.12	4635	183010	178375
ENST00000186436.10	766	244934	244168
ENST00000187397.8	39587	154208	114621
ENST00000187608.13	40	10503	10463
ENST00000187762.7	79	28120	28041
ENST00000187830.2	183	3568	3385
ENST00000187879.12	709	9014	8305
ENST00000187910.7	329	16972	16643
ENST00000188312.7	37	24274	24237
ENST00000188376.9	354	8976	8622
ENST00000188403.7	28	61563	61535
ENST00000188790.9	298	74897	74599
ENST00000189444.11	255	9343	9088
ENST00000189978.10	46	134461	134415
ENST00000190165.3	347	15761	15414
ENST00000190611.9	111673	203823	92150
ENST00000190983.5	22	12681	12659
ENST00000191018.9	228	8532	8304
ENST00000191063.8	103	12138	12035
ENST00000192314.7	134	28531	28397
ENST00000192788.6	168	84651	84483
ENST00000193322.8	3379	34238	30859
ENST00000193391.8	4426	101530	97104
ENST00000193403.10	719	107568	106849
ENST00000194097.8	1624	48627	47003
ENST00000194118.8	87	16434	16347
ENST00000194130.7	1990	88185	86195
ENST00000194152.4	181	4949	4768
ENST00000194155.7	176	4962	4786
ENST00000194214.10	93	18948	18855
ENST00000194530.8	3101	29675	26574
ENST00000194672.11	1815	54840	53025
ENST00000194900.8	341	59931	59590
ENST00000195173.8	953	42616	41663
ENST00000195649.10	3271	157720	154449
ENST00000196061.5	63	42250	42187
ENST00000196169.7	64010	173124	109114
ENST00000196371.10	1667	141836	140169
ENST00000196482.4	2106	6727	4621
ENST00000196489.4	556	8916	8360
ENST00000196551.8	869	8085	7216
ENST00000197268.13	23	38099	38076
ENST00000198536.7	170	27319	27149
ENST00000198767.11	1714	36135	34421
ENST00000198801.10	51	14441	14390
ENST00000198939.6	1266	27246	25980
ENST00000199280.4	94	5677	5583
ENST00000199320.9	1759	17445	15686
ENST00000199389.11	2429	38711	36282
ENST00000199447.9	1670	50241	48571
ENST00000199448.9	300	30422	30122
ENST00000199706.13	709	4012	3303
ENST00000199708.3	28	1069	1041
ENST00000199764.7	109	11753	11644
ENST00000199814.9	962	11442	10480
ENST00000199936.9	172	64336	64164
ENST00000199940.10	229113	308002	78889
ENST00000200135.8	510	42800	42290
ENST00000200181.8	3245	41520	38275
ENST00000200453.6	813	5569	4756
ENST00000200457.9	111	7332	7221
ENST00000200557.11	212	23043	22831
ENST00000200639.9	5178	44242	39064
ENST00000200652.4	223	51081	50858
ENST00000200676.8	30	23176	23146
ENST00000200691.5	63	1619	1556
ENST00000201015.8	1025	7695	6670
ENST00000201031.3	239	10047	9808
ENST00000201586.7	81	48319	48238
ENST00000201647.11	576	13892	13316
ENST00000201943.10	3	261253	261250
ENST00000201961.6	226	100030	99804
ENST00000201963.3	264	30561	30297
ENST00000201979.3	1158	10029	8871
ENST00000202017.6	1473	8018	6545
ENST00000202028.9	84056	140152	56096
ENST00000202556.14	1962	117365	115403
ENST00000202625.7	68	53844	53776
ENST00000202677.12	7203	328530	321327
ENST00000202773.14	38	4325	4287
ENST00000202816.5	555	71358	70803
ENST00000202831.7	1013	35848	34835
ENST00000202834.11	954	9947	8993
ENST00000202917.10	78	13782	13704
ENST00000202967.4	1241	11651	10410
ENST00000203001.7	1310	14657	13347
ENST00000203166.10	60	12135	12075
ENST00000203407.6	129	12045	11916
ENST00000203556.9	490	16942	16452
ENST00000203629.3	333	7434	7101
ENST00000203630.10	802	5075	4273
ENST00000203664.10	198	20275	20077
ENST00000204005.13	0	41109	41109
ENST00000204517.11	872	16567	15695
ENST00000204549.9	1341	17852	16511
ENST00000204566.7	601	21463	20862
ENST00000204604.6	265	12207	11942
ENST00000204637.6	2235	6815	4580
ENST00000204679.9	35	12061	12026
ENST00000204726.9	4206	57697	53491
ENST00000204801.12	3	5547	5544
ENST00000204961.5	756	12663	11907
ENST00000205061.9	4632	163249	158617
ENST00000205135.8	0	13844	13844
ENST00000205143.4	7	10888	10881
ENST00000205194.5	521	2381	1860
ENST00000205214.11	115	49289	49174
ENST00000205386.8	494	104866	104372
ENST00000205402.10	68	29586	29518
ENST00000205557.12	571	78347	77776
ENST00000205636.4	2651	21978	19327
ENST00000205948.11	103	18373	18270
ENST00000206020.8	311	9252	8941
ENST00000206249.8	231	293058	292827
ENST00000206262.2	7118	40185	33067
ENST00000206380.8	743	4531	3788
ENST00000206423.8	8623	45951	37328
ENST00000206446.4	13	1379	1366
ENST00000206451.11	69	3355	3286
ENST00000206474.11	300	10006	9706
ENST00000206513.6	184	2626	2442
ENST00000206542.9	842	9276	8434
ENST00000206595.11	21922	59477	37555
ENST00000206765.11	202	15675	15473
ENST00000207157.7	1689	50154	48465
ENST00000207457.8	828	5370	4542
ENST00000207549.9	743	20350	19607
ENST00000207636.9	11548	13838	2290
ENST00000207870.8	84	67814	67730
ENST00000209540.2	86	2214	2128
ENST00000209665.8	890	24157	23267
ENST00000209668.3	258	15661	15403
ENST00000209718.8	292	15161	14869
ENST00000209728.9	1542	15788	14246
ENST00000209873.9	32	15627	15595
ENST00000209875.9	10816	27277	16461
ENST00000209884.5	1063	72079	71016
ENST00000209929.10	414	25439	25025
ENST00000210060.12	124	7147	7023
ENST00000210187.11	159	5552	5393
ENST00000210227.4	0	70881	70881
ENST00000210313.8	1856	28358	26502
ENST00000210444.6	77	27391	27314
ENST00000210633.4	3409	17139	13730
ENST00000211076.5	212	3025	2813
ENST00000211122.4	163	9848	9685
ENST00000211287.9	70	9940	9870
ENST00000211314.5	5990	15226	9236
ENST00000211379.9	106	16089	15983
ENST00000211413.10	862	4378	3516
ENST00000211921.11	452	1816	1364
ENST00000211936.10	563	23799	23236
ENST00000211998.10	92	123430	123338
ENST00000212015.11	66	34166	34100
ENST00000212355.9	3399	183725	180326
ENST00000214869.7	931	4801	3870
ENST00000215057.7	143	11654	11511
ENST00000215061.9	22	3482	3460
ENST00000215071.9	31	9859	9828
ENST00000215095.11	3568	21994	18426
ENST00000215115.5	73	6794	6721
ENST00000215368.4	296	14704	14408
ENST00000215375.7	100	3183	3083
ENST00000215473.7	736	47806	47070
ENST00000215530.7	47	4229	4182
ENST00000215531.6	860	6863	6003
ENST00000215539.4	190	5052	4862
ENST00000215555.7	8536	25972	17436
ENST00000215565.3	58	6330	6272
ENST00000215567.10	103	37185	37082
ENST00000215570.8	1326	2190	864
ENST00000215574.9	172	10492	10320
ENST00000215582.8	5835	14508	8673
ENST00000215587.11	1366	7757	6391
ENST00000215631.9	232	1947	1715
ENST00000215637.8	14	9617	9603
ENST00000215659.13	503	9697	9194
ENST00000215727.10	5200	14443	9243
ENST00000215730.12	104	29595	29491
ENST00000215742.9	779	3730	2951
ENST00000215743.8	22	12148	12126
ENST00000215754.8	92	1062	970
ENST00000215770.6	27	4914	4887
ENST00000215781.3	1057	4723	3666
ENST00000215790.12	388	36406	36018
ENST00000215793.13	2609	27167	24558
ENST00000215794.8	7494	27750	20256
ENST00000215798.10	624	9161	8537
ENST00000215812.9	795	13917	13122
ENST00000215829.8	1676	16350	14674
ENST00000215832.11	9550	108855	99305
ENST00000215838.8	158	20616	20458
ENST00000215855.7	1539	7979	6440
ENST00000215862.8	195	26692	26497
ENST00000215882.10	552	4016	3464
ENST00000215885.4	919	7067	6148
ENST00000215886.6	18	10049	10031
ENST00000215904.7	60	8031	7971
ENST00000215906.6	4356	15047	10691
ENST00000215909.10	67	4511	4444
ENST00000215912.10	1487	11527	10040
ENST00000215917.11	14	8802	8788
ENST00000215919.3	731	6533	5802
ENST00000215941.9	1091	14275	13184
ENST00000215956.10	229	8032	7803
ENST00000215957.10	126	37103	36977
ENST00000215980.10	322	8873	8551
ENST00000216014.9	138	15074	14936
ENST00000216024.7	1075	50315	49240
ENST00000216027.8	57	15826	15769
ENST00000216029.8	11417	16969	5552
ENST00000216034.6	22	2303	2281
ENST00000216036.9	50	82043	81993
ENST00000216037.10	994	6747	5753
ENST00000216038.6	413	26077	25664
ENST00000216039.9	2362	15046	12684
ENST00000216044.10	12	26752	26740
ENST00000216061.9	21837	75048	53211
ENST00000216068.9	944	4535	3591
ENST00000216071.5	73	3987	3914
ENST00000216075.11	39	3839	3800
ENST00000216080.5	443	6136	5693
ENST00000216083.6	1983	9138	7155
ENST00000216085.12	191	6907	6716
ENST00000216099.13	393	12337	11944
ENST00000216101.7	371	2919	2548
ENST00000216106.6	4898	37948	33050
ENST00000216115.3	13273	19028	5755
ENST00000216117.9	78	13358	13280
ENST00000216121.12	1130	27116	25986
ENST00000216122.9	299	26298	25999
ENST00000216124.10	2394	6544	4150
ENST00000216127.5	5979	11994	6015
ENST00000216129.7	1389	22365	20976
ENST00000216133.10	3122	22419	19297
ENST00000216139.10	32	8258	8226
ENST00000216144.4	422	10203	9781
ENST00000216146.9	61	7914	7853
ENST00000216155.11	62	26354	26292
ENST00000216160.11	23	31940	31917
ENST00000216177.9	1120	13480	12360
ENST00000216180.8	107	24008	23901
ENST00000216181.11	1391	73796	72405
ENST00000216185.7	761	14286	13525
ENST00000216187.10	1769	20224	18455
ENST00000216190.13	135	16896	16761
ENST00000216194.11	31	21472	21441
ENST00000216200.9	209	16647	16438
ENST00000216211.9	65	11622	11557
ENST00000216214.7	13398	32483	19085
ENST00000216218.8	2006	33100	31094
ENST00000216223.10	2256	19973	17717
ENST00000216225.9	21	21426	21405
ENST00000216237.10	51	27034	26983
ENST00000216241.14	194	13648	13454
ENST00000216252.4	684	9262	8578
ENST00000216254.9	30	61815	61785
ENST00000216259.8	421	13683	13262
ENST00000216264.13	2727	55336	52609
ENST00000216267.12	953	54196	53243
ENST00000216268.6	29819	36843	7024
ENST00000216271.10	327	7836	7509
ENST00000216274.10	153	5345	5192
ENST00000216277.13	211	64878	64667
ENST00000216281.13	973	7822	6849
ENST00000216286.10	680	68288	67608
ENST00000216288.11	170	119487	119317
ENST00000216294.5	41	33654	33613
ENST00000216297.7	1200	35566	34366
ENST00000216327.10	7	6227	6220
ENST00000216330.7	601	19521	18920
ENST00000216336.3	122	3465	3343
ENST00000216338.9	126	3866	3740
ENST00000216341.9	120	3942	3822
ENST00000216350.12	377	10407	10030
ENST00000216361.9	425	17108	16683
ENST00000216366.9	71	17898	17827
ENST00000216367.10	100	46210	46110
ENST00000216373.10	1217	118126	116909
ENST00000216378.2	736	64764	64028
ENST00000216392.8	178	41707	41529
ENST00000216410.8	3121	10004	6883
ENST00000216416.9	4256	18193	13937
ENST00000216420.12	54	29464	29410
ENST00000216442.12	752	22558	21806
ENST00000216445.8	2058	25297	23239
ENST00000216446.9	348	26125	25777
ENST00000216450.7	124	19093	18969
ENST00000216452.9	765	11445	10680
ENST00000216455.9	78	27803	27725
ENST00000216456.6	11910	23355	11445
ENST00000216465.10	133	10795	10662
ENST00000216468.8	6745	42993	36248
ENST00000216471.5	40	15881	15841
ENST00000216479.8	97	12158	12061
ENST00000216481.10	23848	24625	777
ENST00000216484.7	6290	112256	105966
ENST00000216487.12	152	177413	177261
ENST00000216489.8	1411	36761	35350
ENST00000216492.10	210	13094	12884
ENST00000216500.9	849	22199	21350
ENST00000216513.5	3871	16875	13004
ENST00000216517.10	23	87675	87652
ENST00000216540.5	869	22781	21912
ENST00000216554.8	1624	8095	6471
ENST00000216568.11	1695	17488	15793
ENST00000216602.10	112	18033	17921
ENST00000216629.11	7473	9589	2116
ENST00000216639.8	36090	84999	48909
ENST00000216658.9	2199	28807	26608
ENST00000216714.8	420	3229	2809
ENST00000216727.9	13	4737	4724
ENST00000216733.8	823	10296	9473
ENST00000216756.11	278	15200	14922
ENST00000216774.11	13718	47654	33936
ENST00000216780.9	95	11560	11465
ENST00000216797.10	503	4076	3573
ENST00000216799.9	48	2958	2910
ENST00000216802.10	47	3922	3875
ENST00000216807.12	179	45095	44916
ENST00000216832.9	26	8748	8722
ENST00000216840.11	80	7262	7182
ENST00000216862.8	3736	21664	17928
ENST00000216877.10	90789	167000	76211
ENST00000216879.9	1586	25759	24173
ENST00000216923.5	871	42395	41524
ENST00000216927.4	3	28314	28311
ENST00000216962.9	94	50943	50849
ENST00000216968.5	83	5448	5365
ENST00000217026.5	170	51056	50886
ENST00000217043.4	115	14500	14385
ENST00000217073.7	84	30522	30438
ENST00000217074.9	0	9659	9659
ENST00000217075.7	0	6580	6580
ENST00000217086.9	1937	23232	21295
ENST00000217109.9	2908	12367	9459
ENST00000217121.9	72	25326	25254
ENST00000217131.6	467	12846	12379
ENST00000217133.2	94	6700	6606
ENST00000217159.6	13952	31542	17590
ENST00000217162.5	767	17831	17064
ENST00000217169.8	192	4585	4393
ENST00000217173.7	2536	17411	14875
ENST00000217182.6	287	11131	10844
ENST00000217185.3	5272	9288	4016
ENST00000217188.2	2332	10430	8098
ENST00000217195.12	553	7184	6631
ENST00000217233.9	7251	16998	9747
ENST00000217244.9	11466	37214	25748
ENST00000217246.8	395	2055762	2055367
ENST00000217254.11	949	7097	6148
ENST00000217260.9	1908	44409	42501
ENST00000217270.4	2782	16258	13476
ENST00000217289.9	2331	46726	44395
ENST00000217305.3	1567	5085	3518
ENST00000217315.9	23313	57563	34250
ENST00000217320.8	37	13884	13847
ENST00000217381.3	553	37170	36617
ENST00000217386.2	36	1167	1131
ENST00000217398.3	444	13146	12702
ENST00000217402.3	121	42876	42755
ENST00000217407.3	35	31612	31577
ENST00000217420.2	239	5723	5484
ENST00000217423.4	257	3749	3492
ENST00000217425.9	26	10271	10245
ENST00000217426.7	769	24288	23519
ENST00000217428.7	193	3412	3219
ENST00000217446.8	327	117836	117509
ENST00000217455.9	120	16545	16425
ENST00000217456.3	891	31002	30111
ENST00000217515.11	5821	42090	36269
ENST00000217652.8	5447	8624	3177
ENST00000217740.4	39	50246	50207
ENST00000217800.9	0	25127	25127
ENST00000217885.5	119	31836	31717
ENST00000217893.10	203	1785	1582
ENST00000217901.10	107	9724	9617
ENST00000217909.8	68	54744	54676
ENST00000217926.7	1568	2868	1300
ENST00000217939.7	1154	43746	42592
ENST00000217957.10	66	33467	33401
ENST00000217958.8	770	7986	7216
ENST00000217961.5	33744	132527	98783
ENST00000217971.8	79	7548	7469
ENST00000217999.3	144	7360	7216
ENST00000218004.5	102	7490	7388
ENST00000218006.3	2996	106336	103340
ENST00000218008.8	80	18605	18525
ENST00000218032.7	87	18664	18577
ENST00000218056.9	505	8983	8478
ENST00000218068.7	1126	4858	3732
ENST00000218075.9	522	202293	201771
ENST00000218089.13	62109	143846	81737
ENST00000218099.7	26	32704	32678
ENST00000218104.6	411	21101	20690
ENST00000218147.11	22622	78644	56022
ENST00000218176.4	1204	10826	9622
ENST00000218197.9	227	33860	33633
ENST00000218200.12	229	38707	38478
ENST00000218224.9	572	5932	5360
ENST00000218230.6	167	5213	5046
ENST00000218249.7	47	1713	1666
ENST00000218316.4	138	6699	6561
ENST00000218340.4	58	43768	43710
ENST00000218348.7	49	17929	17880
ENST00000218364.5	93	16674	16581
ENST00000218388.9	980	4868	3888
ENST00000218432.10	110	15504	15394
ENST00000218436.7	980	53218	52238
ENST00000218439.8	994	9148	8154
ENST00000218516.4	9	11380	11371
ENST00000218548.10	333	34220	33887
ENST00000218652.12	49	70963	70914
ENST00000218721.1	0	3270	3270
ENST00000218758.10	353	3628	3275
ENST00000218789.9	63968	151493	87525
ENST00000218867.4	22716	144425	121709
ENST00000218981.5	1132	32383	31251
ENST00000219022.3	24	23480	23456
ENST00000219054.10	8531	36809	28278
ENST00000219066.5	112	8962	8850
ENST00000219069.6	328	9107	8779
ENST00000219070.9	282	28208	27926
ENST00000219091.9	845	9392	8547
ENST00000219097.7	47	8672	8625
ENST00000219139.8	235	38437	38202
ENST00000219150.10	1608	6732	5124
ENST00000219162.4	56	4039	3983
ENST00000219168.8	14803	23723	8920
ENST00000219169.9	18198	24354	6156
ENST00000219197.11	1490	4124	2634
ENST00000219204.8	109	7488	7379
ENST00000219207.10	819	28985	28166
ENST00000219235.5	34	5078	5044
ENST00000219240.9	21	16628	16607
ENST00000219244.9	9166	11370	2204
ENST00000219251.13	97	4061	3964
ENST00000219252.10	46	9253	9207
ENST00000219255.3	80	2720	2640
ENST00000219271.4	597	21686	21089
ENST00000219281.8	77	19623	19546
ENST00000219299.8	79	30960	30881
ENST00000219301.8	230	14999	14769
ENST00000219302.8	332	1716	1384
ENST00000219313.9	101	9881	9780
ENST00000219315.9	21	4920	4899
ENST00000219320.9	2279	16393	14114
ENST00000219322.7	3139	13042	9903
ENST00000219334.10	2882	15812	12930
ENST00000219343.11	10201	34335	24134
ENST00000219345.10	54	15511	15457
ENST00000219368.8	1224	62895	61671
ENST00000219400.8	9648	31180	21532
ENST00000219406.11	6	5510	5504
ENST00000219409.8	90	2889	2799
ENST00000219431.4	1036	8407	7371
ENST00000219439.9	2492	10166	7674
ENST00000219454.10	94	32713	32619
ENST00000219473.12	91	81459	81368
ENST00000219476.9	631	46002	45371
ENST00000219478.11	4140	19174	15034
ENST00000219479.7	24	3696	3672
ENST00000219481.10	79	10558	10479
ENST00000219535.7	133	2062	1929
ENST00000219542.3	0	2256	2256
ENST00000219548.9	116	2978	2862
ENST00000219551.2	27	3281	3254
ENST00000219596.6	1117	16893	15776
ENST00000219599.8	263	20664	20401
ENST00000219611.7	19127	29048	9921
ENST00000219660.6	99	12319	12220
ENST00000219689.12	6643	91904	85261
ENST00000219700.10	29146	34317	5171
ENST00000219746.14	2811	112027	109216
ENST00000219782.11	173	4684	4511
ENST00000219789.11	835	5133	4298
ENST00000219794.11	838	5101	4263
ENST00000219797.9	18	14955	14937
ENST00000219821.9	257	43775	43518
ENST00000219833.13	441	50885	50444
ENST00000219837.12	4976	14468	9492
ENST00000219905.13	8490	116044	107554
ENST00000219919.9	185	46630	46445
ENST00000220003.14	16218	21768	5550
ENST00000220058.9	1553	29259	27706
ENST00000220062.9	1565	15291	13726
ENST00000220166.10	1075	24916	23841
ENST00000220244.7	94537	173633	79096
ENST00000220325.9	4715	78178	73463
ENST00000220420.10	604	36406	35802
ENST00000220429.12	1372	33712	32340
ENST00000220478.8	253	39412	39159
ENST00000220496.9	2782	43186	40404
ENST00000220507.5	847	2630	1783
ENST00000220509.10	319	11802	11483
ENST00000220514.8	484	23970	23486
ENST00000220531.9	65	19643	19578
ENST00000220562.9	14559	52114	37555
ENST00000220584.9	92	37108	37016
ENST00000220592.10	11891	117908	106017
ENST00000220597.4	8737	26707	17970
ENST00000220616.9	43	276089	276046
ENST00000220659.11	1225	7768	6543
ENST00000220669.10	1361	20740	19379
ENST00000220676.2	4871	20719	15848
ENST00000220751.5	245	34206	33961
ENST00000220763.10	139656	499347	359691
ENST00000220764.7	16	51412	51396
ENST00000220772.8	3208	48136	44928
ENST00000220809.9	1278	20140	18862
ENST00000220812.3	40	3650	3610
ENST00000220822.12	59	15029	14970
ENST00000220847.8	2471	73516	71045
ENST00000220849.10	672	48808	48136
ENST00000220853.8	35	43851	43816
ENST00000220856.6	8	37406	37398
ENST00000220876.12	79	54286	54207
ENST00000220888.9	1477	211347	209870
ENST00000220913.10	178	4312	4134
ENST00000220931.11	2770	33663	30893
ENST00000220940.2	5637	12357	6720
ENST00000220959.8	569	166833	166264
ENST00000220966.10	1790	6523	4733
ENST00000221086.8	73	39606	39533
ENST00000221114.8	15	27364	27349
ENST00000221130.11	1457	51322	49865
ENST00000221132.8	1245	36003	34758
ENST00000221138.9	622	27725	27103
ENST00000221166.10	33	7587	7554
ENST00000221200.9	2013	31554	29541
ENST00000221222.15	243	10844	10601
ENST00000221232.11	5217	19884	14667
ENST00000221233.9	262	11653	11391
ENST00000221249.10	1547	31503	29956
ENST00000221264.8	313	22404	22091
ENST00000221265.8	365	6814	6449
ENST00000221283.10	40	12457	12417
ENST00000221307.13	519	20033	19514
ENST00000221315.10	2345	17442	15097
ENST00000221327.8	1977	27883	25906
ENST00000221355.10	781	4889	4108
ENST00000221363.8	107	23191	23084
ENST00000221399.8	47	18449	18402
ENST00000221403.7	23	12226	12203
ENST00000221413.10	13	17867	17854
ENST00000221418.9	194	17324	17130
ENST00000221419.10	355	15350	14995
ENST00000221431.11	343	17008	16665
ENST00000221444.2	2669	6554	3885
ENST00000221448.9	964	24264	23300
ENST00000221452.13	116	38048	37932
ENST00000221455.8	1168	33799	32631
ENST00000221459.7	35	4615	4580
ENST00000221462.9	147	55351	55204
ENST00000221466.10	740	14544	13804
ENST00000221476.4	340	14436	14096
ENST00000221480.6	330	12853	12523
ENST00000221485.8	1121	13646	12525
ENST00000221486.6	90	7768	7678
ENST00000221494.10	6595	13103	6508
ENST00000221496.5	10	4306	4296
ENST00000221498.7	122	11869	11747
ENST00000221504.12	31	13367	13336
ENST00000221515.6	278	1618	1340
ENST00000221538.8	159	21608	21449
ENST00000221543.10	22	12846	12824
ENST00000221554.13	3914	16349	12435
ENST00000221561.12	912	10802	9890
ENST00000221566.7	2631	15282	12651
ENST00000221573.11	29	3420	3391
ENST00000221576.4	0	3954	3954
ENST00000221665.5	1077	7975	6898
ENST00000221671.8	4399	22868	18469
ENST00000221700.11	751	21136	20385
ENST00000221730.8	521	6365	5844
ENST00000221735.12	201	7862	7661
ENST00000221742.7	19	24414	24395
ENST00000221770.7	5833	9368	3535
ENST00000221784.8	60	4778	4718
ENST00000221797.5	45	5225	5180
ENST00000221801.8	83	12796	12713
ENST00000221804.5	128	7119	6991
ENST00000221818.5	1386	4888	3502
ENST00000221847.6	28	8244	8216
ENST00000221855.8	93	11037	10944
ENST00000221856.11	149	20517	20368
ENST00000221859.9	49	1516	1467
ENST00000221891.9	63	12800	12737
ENST00000221899.7	1266	18366	17100
ENST00000221922.11	1876	16732	14856
ENST00000221930.6	732	23884	23152
ENST00000221943.14	916	9346	8430
ENST00000221954.7	318	8673	8355
ENST00000221957.9	854	24348	23494
ENST00000221972.8	26	4371	4345
ENST00000221973.7	295	8175	7880
ENST00000221975.6	8824	11327	2503
ENST00000221978.10	160	1406	1246
ENST00000221980.5	92	9422	9330
ENST00000221992.11	106	20784	20678
ENST00000221996.12	12507	18921	6414
ENST00000222002.4	991	16639	15648
ENST00000222005.7	421	13472	13051
ENST00000222008.11	166	3159	2993
ENST00000222032.10	137	2351	2214
ENST00000222033.6	75	2647	2572
ENST00000222115.5	318	12550	12232
ENST00000222120.8	3333	15984	12651
ENST00000222122.10	810	7935	7125
ENST00000222139.11	780	8516	7736
ENST00000222145.9	216	22575	22359
ENST00000222157.5	150	2754	2604
ENST00000222190.9	287	1636	1349
ENST00000222212.6	95	30373	30278
ENST00000222214.10	145	9681	9536
ENST00000222219.8	784	7240	6456
ENST00000222224.4	563	5322	4759
ENST00000222247.10	47	3873	3826
ENST00000222248.4	375	23843	23468
ENST00000222249.13	22596	48730	26134
ENST00000222250.5	141	6006	5865
ENST00000222254.13	2717	18297	15580
ENST00000222256.9	689	6612	5923
ENST00000222266.2	312	1525	1213
ENST00000222271.7	145	10748	10603
ENST00000222275.3	296	12266	11970
ENST00000222284.10	114	2483	2369
ENST00000222286.9	72	12924	12852
ENST00000222304.5	50	2760	2710
ENST00000222305.8	140	11319	11179
ENST00000222307.9	4187	11282	7095
ENST00000222308.8	410	11436	11026
ENST00000222329.9	899	9070	8171
ENST00000222330.8	607	13713	13106
ENST00000222339.7	235	15773	15538
ENST00000222345.11	174358	304352	129994
ENST00000222374.3	965	18577	17612
ENST00000222381.8	1271	27855	26584
ENST00000222382.5	0	39381	39381
ENST00000222388.6	237	20508	20271
ENST00000222390.11	3574	73127	69553
ENST00000222399.11	155	84411	84256
ENST00000222402.8	97	26690	26593
ENST00000222462.3	293	11433	11140
ENST00000222481.9	19	24127	24108
ENST00000222482.10	20	30764	30744
ENST00000222511.11	26	39586	39560
ENST00000222543.11	1427	5982	4555
ENST00000222547.8	988	11321	10333
ENST00000222553.8	2788	38048	35260
ENST00000222567.6	2858	14565	11707
ENST00000222572.8	471	31142	30671
ENST00000222573.5	907	81387	80480
ENST00000222574.9	10891	33957	23066
ENST00000222584.8	169	85529	85360
ENST00000222597.7	365	16840	16475
ENST00000222644.10	50216	115768	65552
ENST00000222673.6	17717	104416	86699
ENST00000222674.2	555	4454	3899
ENST00000222690.10	3356	21517	18161
ENST00000222693.5	44	6863	6819
ENST00000222718.7	375	3272	2897
ENST00000222725.10	88	8564	8476
ENST00000222726.4	786	3363	2577
ENST00000222728.3	265	3050	2785
ENST00000222747.8	1275	70351	69076
ENST00000222761.7	331	3179	2848
ENST00000222792.11	167	319348	319181
ENST00000222800.8	468	3588	3120
ENST00000222803.10	4151	16550	12399
ENST00000222812.8	1200	21275	20075
ENST00000222823.9	1114	35242	34128
ENST00000222902.7	974	3244	2270
ENST00000222969.10	2124	10897	8773
ENST00000222982.8	114	33195	33081
ENST00000222990.8	3289	64035	60746
ENST00000223023.5	2579	68295	65716
ENST00000223026.9	23105	33423	10318
ENST00000223028.11	5871	13790	7919
ENST00000223029.8	92	15372	15280
ENST00000223051.8	440	23474	23034
ENST00000223054.8	690	3778	3088
ENST00000223061.6	94	7075	6981
ENST00000223073.6	13115	48366	35251
ENST00000223084.7	3118	3542	424
ENST00000223095.5	1290	11533	10243
ENST00000223114.9	942	6863	5921
ENST00000223122.4	62	10552	10490
ENST00000223127.8	300	13485	13185
ENST00000223129.8	485	4259	3774
ENST00000223136.5	337	5983	5646
ENST00000223145.10	555	119372	118817
ENST00000223167.5	148	16458	16310
ENST00000223190.8	45596	144921	99325
ENST00000223208.10	5123	48303	43180
ENST00000223210.5	237	29405	29168
ENST00000223215.10	229	13961	13732
ENST00000223271.8	299	2765	2466
ENST00000223273.7	15	6974	6959
ENST00000223293.10	1354	8600	7246
ENST00000223321.9	716	15991	15275
ENST00000223324.3	11	5758	5747
ENST00000223336.11	328	9790	9462
ENST00000223357.8	321	13366	13045
ENST00000223361.7	89	8709	8620
ENST00000223364.7	60	2959	2899
ENST00000223368.7	945	21822	20877
ENST00000223369.3	158	11888	11730
ENST00000223398.11	28140	117560	89420
ENST00000223423.8	5	23136	23131
ENST00000223428.9	4228	23560	19332
ENST00000223459.11	193	2728	2535
ENST00000223500.9	30	16456	16426
ENST00000223528.6	16903	78505	61602
ENST00000223641.5	82	8423	8341
ENST00000223642.3	407	102898	102491
ENST00000223791.7	892	34165	33273
ENST00000223795.3	2789	29856	27067
ENST00000223836.10	10	6071	6061
ENST00000223862.2	324	5369	5045
ENST00000223864.7	271	74443	74172
ENST00000223865.8	5	21342	21337
ENST00000223951.10	2456	73163	70707
ENST00000224073.6	168	4578	4410
ENST00000224140.6	2886	96079	93193
ENST00000224237.9	145	9379	9234
ENST00000224337.10	2805	83578	80773
ENST00000224356.5	42	4892	4850
ENST00000224652.12	3259	189067	185808
ENST00000224721.12	42912	428348	385436
ENST00000224756.12	42390	187369	144979
ENST00000224784.10	152	14979	14827
ENST00000224949.9	306	38128	37822
ENST00000224950.8	5118	41120	36002
ENST00000225171.7	450	41931	41481
ENST00000225174.8	80	6985	6905
ENST00000225235.5	73	132864	132791
ENST00000225275.4	804	13126	12322
ENST00000225276.10	730	21544	20814
ENST00000225296.8	3291	30051	26760
ENST00000225298.12	39	38095	38056
ENST00000225308.12	379	4979	4600
ENST00000225328.10	644	24032	23388
ENST00000225371.6	121	13827	13706
ENST00000225387.8	5	8126	8121
ENST00000225388.9	8703	40301	31598
ENST00000225394.8	1230	18166	16936
ENST00000225430.9	62	4944	4882
ENST00000225441.11	237	10109	9872
ENST00000225474.6	31	2128	2097
ENST00000225504.8	1071	7303	6232
ENST00000225512.6	5817	57152	51335
ENST00000225519.5	2323	29406	27083
ENST00000225525.4	856	5999	5143
ENST00000225538.4	1225	20818	19593
ENST00000225550.4	334	5316	4982
ENST00000225567.9	73	18122	18049
ENST00000225573.5	109	5860	5751
ENST00000225576.7	603	62006	61403
ENST00000225577.9	64	55224	55160
ENST00000225603.9	1379	7496	6117
ENST00000225609.10	17	109434	109417
ENST00000225614.6	6465	14710	8245
ENST00000225648.4	665	3069	2404
ENST00000225655.6	251	3159	2908
ENST00000225665.12	614	3714	3100
ENST00000225688.4	691	2585	1894
ENST00000225696.9	1425	37120	35695
ENST00000225698.8	241	7136	6895
ENST00000225719.9	54	90003	89949
ENST00000225724.9	72	45754	45682
ENST00000225726.10	1629	22357	20728
ENST00000225728.8	1159	8606	7447
ENST00000225729.8	76	20368	20292
ENST00000225737.11	1928	75348	73420
ENST00000225740.11	235	8489	8254
ENST00000225742.13	337	6368	6031
ENST00000225777.8	36	4020	3984
ENST00000225792.10	1672	9694	8022
ENST00000225823.7	881	280707	279826
ENST00000225831.4	65	1833	1768
ENST00000225842.4	234	3118	2884
ENST00000225844.7	47	1939	1892
ENST00000225873.9	990	4300	3310
ENST00000225899.4	600	9149	8549
ENST00000225916.10	541	10686	10145
ENST00000225927.7	32	10217	10185
ENST00000225929.5	0	2982	2982
ENST00000225941.6	18	13095	13077
ENST00000225964.10	1404	21753	20349
ENST00000225969.9	228	5743	5515
ENST00000225972.8	1753	16993	15240
ENST00000225983.10	1633	44112	42479
ENST00000225992.8	127	1132	1005
ENST00000226004.8	3487	13351	9864
ENST00000226021.5	107	12376	12269
ENST00000226067.10	525	56797	56272
ENST00000226091.3	397	5386	4989
ENST00000226105.11	119	1816	1697
ENST00000226193.6	1778	9457	7679
ENST00000226207.6	112	30114	30002
ENST00000226218.9	88	4345	4257
ENST00000226225.7	3761	9778	6017
ENST00000226230.8	40	8115	8075
ENST00000226247.2	29	15428	15399
ENST00000226253.9	409	3496	3087
ENST00000226279.8	87	71163	71076
ENST00000226284.7	2808	13298	10490
ENST00000226299.9	268	31932	31664
ENST00000226317.10	73	1298	1225
ENST00000226319.11	22059	65075	43016
ENST00000226328.8	563	70677	70114
ENST00000226355.5	31	23105	23074
ENST00000226359.2	16	21316	21300
ENST00000226382.4	1728	5467	3739
ENST00000226413.5	3365	18198	14833
ENST00000226432.9	155	77693	77538
ENST00000226444.4	785	17307	16522
ENST00000226460.5	1356	6631	5275
ENST00000226522.8	790	13101	12311
ENST00000226524.4	67	1132	1065
ENST00000226574.9	24160	118116	93956
ENST00000226725.11	316	116260	115944
ENST00000226730.5	285	5425	5140
ENST00000226760.5	7606	35278	27672
ENST00000226796.7	403	9311	8908
ENST00000226798.9	138	23019	22881
ENST00000226951.11	4075	182740	178665
ENST00000227065.8	7119	28578	21459
ENST00000227135.7	1361	20988	19627
ENST00000227155.9	29000	54253	25253
ENST00000227157.8	2257	13260	11003
ENST00000227163.8	317	24248	23931
ENST00000227214.10	1502	14611	13109
ENST00000227251.7	138	3617	3479
ENST00000227266.10	417	45462	45045
ENST00000227322.8	5129	15554	10425
ENST00000227348.9	47	34065	34018
ENST00000227349.7	3091	79009	75918
ENST00000227378.7	240	5757	5517
ENST00000227451.4	464	34622	34158
ENST00000227471.7	449	14723	14274
ENST00000227474.8	303	4239	3936
ENST00000227495.10	50496	59361	8865
ENST00000227503.13	851	15417	14566
ENST00000227507.3	158	11003	10845
ENST00000227520.10	12	9285	9273
ENST00000227524.9	622	17331	16709
ENST00000227525.8	5536	8730	3194
ENST00000227618.9	297	2048	1751
ENST00000227638.8	472	53298	52826
ENST00000227665.9	764	3588	2824
ENST00000227667.8	676	3268	2592
ENST00000227752.8	74	14971	14897
ENST00000227756.5	270	352526	352256
ENST00000227758.7	2641	32812	30171
ENST00000227868.9	38	80043	80005
ENST00000227880.8	138	16202	16064
ENST00000227918.3	59	3110	3051
ENST00000228027.12	214	32883	32669
ENST00000228136.9	132	16998	16866
ENST00000228140.6	22	3690	3668
ENST00000228251.9	2202	25129	22927
ENST00000228264.10	4612	32587	27975
ENST00000228284.8	756	41374	40618
ENST00000228289.9	524	25889	25365
ENST00000228306.8	69	5020	4951
ENST00000228307.11	1870	56943	55073
ENST00000228318.8	293	8918	8625
ENST00000228347.9	132	155169	155037
ENST00000228425.11	109191	171660	62469
ENST00000228434.7	998	8926	7928
ENST00000228437.10	1342	30036	28694
ENST00000228438.3	934	10645	9711
ENST00000228463.6	243	10354	10111
ENST00000228468.8	1219	25809	24590
ENST00000228476.8	4915	21471	16556
ENST00000228495.11	2943	29539	26596
ENST00000228506.8	148	10264	10116
ENST00000228510.8	1029	23958	22929
ENST00000228515.6	2544	16981	14437
ENST00000228534.6	161	1780	1619
ENST00000228567.7	2595	66846	64251
ENST00000228606.9	811	6222	5411
ENST00000228641.4	86	2046	1960
ENST00000228644.4	152	2898	2746
ENST00000228682.7	3907	15580	11673
ENST00000228705.7	4498	292274	287776
ENST00000228740.7	239	36580	36341
ENST00000228741.8	29192	74019	44827
ENST00000228799.7	93	12851	12758
ENST00000228811.8	1217	3987	2770
ENST00000228820.9	3265	65374	62109
ENST00000228825.12	335	15964	15629
ENST00000228827.8	551	16561	16010
ENST00000228837.3	76	12049	11973
ENST00000228841.15	235	10175	9940
ENST00000228843.13	50	21146	21096
ENST00000228850.6	224	25234	25010
ENST00000228862.3	11229	45627	34398
ENST00000228865.3	297	30475	30178
ENST00000228872.9	472	2167	1695
ENST00000228887.6	203	10841	10638
ENST00000228916.7	1029	29931	28902
ENST00000228918.9	197	8067	7870
ENST00000228922.12	8	5142	5134
ENST00000228928.12	57	34741	34684
ENST00000228936.6	3805	18483	14678
ENST00000228938.5	244	4272	4028
ENST00000228945.9	494	9279	8785
ENST00000228955.11	11656	27193	15537
ENST00000229002.6	325	9024	8699
ENST00000229003.7	1071	16777	15706
ENST00000229022.9	1920	37959	36039
ENST00000229030.5	479	3963	3484
ENST00000229134.5	499	24915	24416
ENST00000229135.4	588	5341	4753
ENST00000229179.9	88	58228	58140
ENST00000229195.8	34794	112084	77290
ENST00000229201.4	600	20644	20044
ENST00000229214.9	8949	21867	12918
ENST00000229238.5	388	1631	1243
ENST00000229239.10	316	4647	4331
ENST00000229243.7	210	10910	10700
ENST00000229251.7	586	7783	7197
ENST00000229264.8	363	6981	6618
ENST00000229265.10	230	2860	2630
ENST00000229266.8	222	32511	32289
ENST00000229268.13	30	16478	16448
ENST00000229270.8	337	4112	3775
ENST00000229277.6	1253	9508	8255
ENST00000229281.6	100	2272	2172
ENST00000229304.5	150	17175	17025
ENST00000229307.9	213	6601	6388
ENST00000229314.10	135	14324	14189
ENST00000229328.10	112	12992	12880
ENST00000229329.7	86	20384	20298
ENST00000229330.9	30	41100	41070
ENST00000229332.12	262	15372	15110
ENST00000229335.11	2117	11186	9069
ENST00000229340.10	2149	22148	19999
ENST00000229379.3	14	2745	2731
ENST00000229384.5	230	13483	13253
ENST00000229387.6	118	78679	78561
ENST00000229390.8	350	8596	8246
ENST00000229395.8	15689	27013	11324
ENST00000229402.4	726	13957	13231
ENST00000229405.8	22170	31739	9569
ENST00000229447.9	140	30115	29975
ENST00000229471.8	460	60205	59745
ENST00000229554.10	145	18101	17956
ENST00000229563.6	1544	7924	6380
ENST00000229570.9	14439	17967	3528
ENST00000229583.9	103	65118	65015
ENST00000229595.6	262	14067	13805
ENST00000229633.7	208	21444	21236
ENST00000229634.13	83965	140271	56306
ENST00000229708.4	107	6907	6800
ENST00000229729.11	438	17897	17459
ENST00000229758.8	631	13760	13129
ENST00000229768.9	50	55282	55232
ENST00000229769.3	208	15602	15394
ENST00000229771.11	456	16595	16139
ENST00000229794.9	350	81704	81354
ENST00000229795.8	350	81704	81354
ENST00000229812.8	1895	47692	45797
ENST00000229829.7	2659	6099	3440
ENST00000229854.12	577	23241	22664
ENST00000229866.10	150	14707	14557
ENST00000229903.5	1372	11573	10201
ENST00000229913.9	381	95790	95409
ENST00000229922.7	27961	164263	136302
ENST00000229955.4	4350	6862	2512
ENST00000229971.2	556	55119	54563
ENST00000230036.2	3203	66174	62971
ENST00000230048.5	187	34952	34765
ENST00000230050.4	200	3361	3161
ENST00000230053.11	4987	100715	95728
ENST00000230056.8	2310	11480	9170
ENST00000230085.13	930	50181	49251
ENST00000230122.4	3260	21517	18257
ENST00000230124.8	140	136664	136524
ENST00000230173.10	476	145162	144686
ENST00000230256.8	175	25497	25322
ENST00000230301.9	396	31320	30924
ENST00000230321.11	282	15838	15556
ENST00000230323.8	624	8655	8031
ENST00000230340.9	64	12508	12444
ENST00000230354.10	2651	18893	16242
ENST00000230361.4	1534	12132	10598
ENST00000230381.7	1700	26771	25071
ENST00000230402.10	78	22403	22325
ENST00000230413.9	211	5818	5607
ENST00000230418.8	147	72748	72601
ENST00000230419.9	175	87754	87579
ENST00000230431.11	107	4345	4238
ENST00000230449.9	1520	155409	153889
ENST00000230461.11	3181	32790	29609
ENST00000230480.10	2367	13050	10683
ENST00000230510.7	1697	40599	38902
ENST00000230529.9	283	16599	16316
ENST00000230538.12	1509	151650	150141
ENST00000230565.3	914	9275	8361
ENST00000230568.5	15	66385	66370
ENST00000230582.8	37	9141	9104
ENST00000230588.9	10	47968	47958
ENST00000230640.10	25	119879	119854
ENST00000230658.12	224	11200	10976
ENST00000230671.7	266	21444	21178
ENST00000230771.9	194	8599	8405
ENST00000230792.7	2009	12773	10764
ENST00000230859.8	552	43873	43321
ENST00000230882.9	142436	297887	155451
ENST00000230895.11	1829	82140	80311
ENST00000230901.9	329	24563	24234
ENST00000230990.7	1836	14104	12268
ENST00000231004.5	3551	16034	12483
ENST00000231009.3	67	10454	10387
ENST00000231021.9	542	110092	109550
ENST00000231061.9	2478	15992	13514
ENST00000231121.3	837	3679	2842
ENST00000231130.3	177	4951	4774
ENST00000231134.8	229	4997	4768
ENST00000231136.4	201	4963	4762
ENST00000231137.6	192	4948	4756
ENST00000231173.6	184	4904	4720
ENST00000231188.9	3333	19238	15905
ENST00000231198.12	21	8947	8926
ENST00000231228.3	1908	12980	11072
ENST00000231229.8	234	51908	51674
ENST00000231238.10	1390	56792	55402
ENST00000231338.7	1133	24404	23271
ENST00000231357.7	559	6786	6227
ENST00000231368.10	76	95507	95431
ENST00000231420.11	620	51318	50698
ENST00000231423.7	534	41983	41449
ENST00000231449.7	62	9050	8988
ENST00000231454.6	369	2431	2062
ENST00000231461.10	4917	97094	92177
ENST00000231484.4	1803	17818	16015
ENST00000231498.8	3766	86978	83212
ENST00000231509.7	730	122003	121273
ENST00000231512.5	1352	13866	12514
ENST00000231524.14	2082	36295	34213
ENST00000231526.8	21	40789	40768
ENST00000231572.8	28	34681	34653
ENST00000231656.13	99	17691	17592
ENST00000231668.13	104	20282	20178
ENST00000231706.6	7510	69694	62184
ENST00000231721.7	2571	14322	11751
ENST00000231749.8	301	5775	5474
ENST00000231751.9	553	31335	30782
ENST00000231790.8	30	59381	59351
ENST00000231887.8	1605	65560	63955
ENST00000231948.9	857	30991	30134
ENST00000232003.5	18	13434	13416
ENST00000232014.8	63	13405	13342
ENST00000232125.9	17356	26079	8723
ENST00000232217.6	235	23973	23738
ENST00000232219.6	196	22871	22675
ENST00000232375.8	2066	40486	38420
ENST00000232424.4	233	2918	2685
ENST00000232458.9	3849	72178	68329
ENST00000232461.8	116	4384	4268
ENST00000232496.5	1215	3517	2302
ENST00000232501.8	279	4451	4172
ENST00000232508.9	589	3559	2970
ENST00000232519.9	1450	14744	13294
ENST00000232564.8	5128	31123	25995
ENST00000232603.10	720	162735	162015
ENST00000232607.7	20	15063	15043
ENST00000232744.13	74	8942	8868
ENST00000232766.6	22	62706	62684
ENST00000232854.9	1583	11896	10313
ENST00000232888.7	80	9848	9768
ENST00000232892.12	47	15245	15198
ENST00000232905.4	235	2639	2404
ENST00000232974.11	4659	13134	8475
ENST00000232975.8	178	3392	3214
ENST00000232978.13	321	49656	49335
ENST00000233025.11	205	2471	2266
ENST00000233027.10	3336	64809	61473
ENST00000233047.9	2509	21358	18849
ENST00000233055.9	3326	71154	67828
ENST00000233057.9	8066	50234	42168
ENST00000233072.10	135	125845	125710
ENST00000233078.9	188	28532	28344
ENST00000233084.8	66	41229	41163
ENST00000233092.10	7536	13278	5742
ENST00000233099.6	598	108697	108099
ENST00000233114.13	81	19014	18933
ENST00000233121.7	51582	56545	4963
ENST00000233143.6	362	894	532
ENST00000233146.7	36	82576	82540
ENST00000233154.9	110152	149398	39246
ENST00000233156.9	2709	40443	37734
ENST00000233190.11	9371	41024	31653
ENST00000233202.11	96	14394	14298
ENST00000233242.5	304	56176	55872
ENST00000233330.6	363	8272	7909
ENST00000233331.12	30	3837	3807
ENST00000233336.7	189	47760	47571
ENST00000233379.9	2851	11181	8330
ENST00000233468.5	179	9014	8835
ENST00000233505.12	129	7547	7418
ENST00000233535.9	1631	10378	8747
ENST00000233545.6	423	13546	13123
ENST00000233557.7	5484	15607	10123
ENST00000233573.6	227	54204	53977
ENST00000233575.7	128	7495	7367
ENST00000233596.8	89	6574	6485
ENST00000233607.6	2853	26956	24103
ENST00000233609.8	527	2452	1925
ENST00000233612.8	3270	16489	13219
ENST00000233615.7	165	3043	2878
ENST00000233623.11	15	11678	11663
ENST00000233627.14	20	12209	12189
ENST00000233630.11	103	3393	3290
ENST00000233638.8	357	2585	2228
ENST00000233668.10	35	3829	3794
ENST00000233710.4	1041	38619	37578
ENST00000233712.5	921	26276	25355
ENST00000233714.8	375	43469	43094
ENST00000233735.2	374	3217	2843
ENST00000233741.9	521	83177	82656
ENST00000233809.9	104	31652	31548
ENST00000233813.5	4649	23482	18833
ENST00000233826.4	2392	6638	4246
ENST00000233838.9	5217	18967	13750
ENST00000233840.3	0	3520	3520
ENST00000233892.8	8089	35644	27555
ENST00000233893.10	58	3179	3121
ENST00000233948.4	233	15128	14895
ENST00000233954.6	26702	42013	15311
ENST00000233957.7	6865	42700	35835
ENST00000233969.3	296	91357	91061
ENST00000233997.4	10	4785	4775
ENST00000234038.11	29	33423	33394
ENST00000234040.9	470	40885	40415
ENST00000234071.8	1516	11891	10375
ENST00000234091.8	3321	4451	1130
ENST00000234111.9	759	6437	5678
ENST00000234115.10	15998	42482	26484
ENST00000234142.9	262	89913	89651
ENST00000234160.5	88	38220	38132
ENST00000234170.10	155	33101	32946
ENST00000234179.8	2678	68674	65996
ENST00000234195.7	116	118232	118116
ENST00000234198.9	1108	4081	2973
ENST00000234256.4	245	33332	33087
ENST00000234296.7	2327	50861	48534
ENST00000234301.3	1884	12162	10278
ENST00000234310.8	2109	73774	71665
ENST00000234313.8	70	31572	31502
ENST00000234347.10	10	7730	7720
ENST00000234371.10	170	4601	4431
ENST00000234389.3	19	12300	12281
ENST00000234392.3	46	33492	33446
ENST00000234396.10	55	30743	30688
ENST00000234420.11	89	27782	27693
ENST00000234453.10	413	24319	23906
ENST00000234454.6	25	4906	4881
ENST00000234549.11	53	35477	35424
ENST00000234590.10	363	15199	14836
ENST00000234626.11	866	25292	24426
ENST00000234677.7	75	25498	25423
ENST00000234701.7	604	34402	33798
ENST00000234739.8	70336	87726	17390
ENST00000234798.5	140	4558	4418
ENST00000234816.7	1597	17710	16113
ENST00000234827.6	815	43482	42667
ENST00000234831.10	5472	27468	21996
ENST00000234875.9	1655	14933	13278
ENST00000234961.7	214	52223	52009
ENST00000235090.10	1343	10295	8952
ENST00000235150.5	360	30420	30060
ENST00000235180.4	650	42874	42224
ENST00000235307.7	90481	232882	142401
ENST00000235310.7	298	6746	6448
ENST00000235329.10	8725	33372	24647
ENST00000235332.6	2229	13462	11233
ENST00000235345.6	4993	55716	50723
ENST00000235347.4	23	4370	4347
ENST00000235349.6	335	5613	5278
ENST00000235372.11	10751	116835	106084
ENST00000235382.7	33	3182	3149
ENST00000235453.8	729	184556	183827
ENST00000235521.5	1698	110502	108804
ENST00000235532.9	236	33590	33354
ENST00000235628.2	7895	21907	14012
ENST00000235790.9	0	47116	47116
ENST00000235835.8	263	9229	8966
ENST00000235878.5	6780	13375	6595
ENST00000235932.8	908	6123	5215
ENST00000235933.10	84	10785	10701
ENST00000235958.4	556	24032	23476
ENST00000236017.5	0	2610	2610
ENST00000236040.8	540	22994	22454
ENST00000236051.3	262	8843	8581
ENST00000236067.8	1167	3524	2357
ENST00000236137.10	1943	23342	21399
ENST00000236147.6	1120	21938	20818
ENST00000236192.12	4349	38670	34321
ENST00000236255.4	46	33250	33204
ENST00000236273.9	993	10913	9920
ENST00000236342.12	625	37798	37173
ENST00000236412.11	16249	20008	3759
ENST00000236495.9	50	26956	26906
ENST00000236671.7	751	12331	11580
ENST00000236693.11	9380	49863	40483
ENST00000236698.9	2021	298293	296272
ENST00000236709.4	554	8561	8007
ENST00000236826.8	1555	14450	12895
ENST00000236850.5	60	2434	2374
ENST00000236877.11	2075	41140	39065
ENST00000236914.7	234	148071	147837
ENST00000236918.11	204	15123	14919
ENST00000236925.8	49	122726	122677
ENST00000236937.13	95	15269	15174
ENST00000236938.12	36	7220	7184
ENST00000236957.9	395	3964	3569
ENST00000236959.14	84	39353	39269
ENST00000236979.2	212	739	527
ENST00000236980.10	1337	28561	27224
ENST00000237014.8	26	7232	7206
ENST00000237019.11	954	60784	59830
ENST00000237163.9	29312	107888	78576
ENST00000237172.12	604	110516	109912
ENST00000237186.10	165556	173426	7870
ENST00000237201.2	65	19366	19301
ENST00000237247.10	976	212260	211284
ENST00000237264.9	26902	34365	7463
ENST00000237275.9	66	73901	73835
ENST00000237281.5	6607	15136	8529
ENST00000237283.9	5634	28393	22759
ENST00000237289.8	3784	16234	12450
ENST00000237305.12	1015	6832	5817
ENST00000237316.3	63	2999	2936
ENST00000237353.15	244	55112	54868
ENST00000237380.12	14	9684	9670
ENST00000237455.5	448	21539	21091
ENST00000237500.10	10766	16314	5548
ENST00000237512.4	5571	28314	22743
ENST00000237527.8	130	6120	5990
ENST00000237530.11	27	63858	63831
ENST00000237536.9	9041	90865	81824
ENST00000237596.7	99	70945	70846
ENST00000237612.8	1968	51676	49708
ENST00000237623.11	1229	8121	6892
ENST00000237642.7	37	4336	4299
ENST00000237653.11	202	15526	15324
ENST00000237654.9	1067	20332	19265
ENST00000237696.10	789	36399	35610
ENST00000237822.8	2875	118401	115526
ENST00000237837.2	2119	12105	9986
ENST00000237853.9	3776	78531	74755
ENST00000237858.11	2667	9129	6462
ENST00000237889.9	6882	13903	7021
ENST00000237937.7	4531	9987	5456
ENST00000238018.8	209	102848	102639
ENST00000238044.8	77	12675	12598
ENST00000238081.8	1322	47215	45893
ENST00000238091.8	1153	13458	12305
ENST00000238112.8	120	51394	51274
ENST00000238146.9	50	19824	19774
ENST00000238156.8	1435	9668	8233
ENST00000238181.11	2198	21463	19265
ENST00000238256.8	5075	63866	58791
ENST00000238379.9	183	1687	1504
ENST00000238477.5	4646	5880	1234
ENST00000238483.5	202	14874	14672
ENST00000238497.10	1788	34390	32602
ENST00000238508.8	7553	28465	20912
ENST00000238558.5	271	2560	2289
ENST00000238561.10	18870	134838	115968
ENST00000238607.10	851	13884	13033
ENST00000238609.4	21	2169	2148
ENST00000238616.10	5214	50483	45269
ENST00000238618.8	204	10605	10401
ENST00000238628.10	5	98423	98418
ENST00000238633.6	335	13771	13436
ENST00000238647.5	862	5636	4774
ENST00000238651.10	28	7743	7715
ENST00000238667.9	353	69417	69064
ENST00000238671.11	38	7558	7520
ENST00000238682.8	1093	24025	22932
ENST00000238686.8	997	9121	8124
ENST00000238688.9	33	9796	9763
ENST00000238714.8	211	43075	42864
ENST00000238721.9	149	7884	7735
ENST00000238738.9	557	39200	38643
ENST00000238788.14	51	9919	9868
ENST00000238789.10	3385	182452	179067
ENST00000238823.13	1119	17107	15988
ENST00000238831.9	252	28445	28193
ENST00000238856.8	27170	70446	43276
ENST00000238875.10	384	4774	4390
ENST00000238892.4	68	7307	7239
ENST00000238918.12	126	158650	158524
ENST00000238936.8	7635	16129	8494
ENST00000238961.9	148	52445	52297
ENST00000238983.9	2856	15421	12565
ENST00000238994.6	1488	5476	3988
ENST00000239007.11	218	59669	59451
ENST00000239032.4	4138	6356	2218
ENST00000239117.3	3	16473	16470
ENST00000239144.5	859	3085	2226
ENST00000239151.6	955	3230	2275
ENST00000239165.9	613	4335	3722
ENST00000239174.7	1024	3279	2255
ENST00000239223.4	669	3953	3284
ENST00000239231.7	9079	31891	22812
ENST00000239243.7	78	5797	5719
ENST00000239316.4	105	2870	2765
ENST00000239347.3	130	1262	1132
ENST00000239367.7	1795	46756	44961
ENST00000239374.8	112	126261	126149
ENST00000239440.9	551	31684	31133
ENST00000239444.4	245	5049	4804
ENST00000239446.6	200	4998	4798
ENST00000239449.7	163	4949	4786
ENST00000239450.4	189	4957	4768
ENST00000239451.7	328	2132	1804
ENST00000239461.11	88	72783	72695
ENST00000239462.9	9586	83114	73528
ENST00000239587.10	88	18363	18275
ENST00000239614.8	681	35399	34718
ENST00000239666.9	490	3160	2670
ENST00000239690.9	2093	94830	92737
ENST00000239830.9	7740	41726	33986
ENST00000239852.10	5477	9076	3599
ENST00000239859.8	421	67578	67157
ENST00000239860.10	84	56904	56820
ENST00000239878.9	69	11173	11104
ENST00000239882.7	1504	51979	50475
ENST00000239891.4	207	50524	50317
ENST00000239893.9	23	2288	2265
ENST00000239906.10	3070	9862	6792
ENST00000239926.9	2792	21007	18215
ENST00000239938.5	283	4226	3943
ENST00000239940.12	1588	6369	4781
ENST00000239944.7	2463	4332	1869
ENST00000240050.9	283	2591	2308
ENST00000240055.8	2654	18981	16327
ENST00000240079.11	271	49697	49426
ENST00000240093.8	8802	70788	61986
ENST00000240095.10	37424	68149	30725
ENST00000240100.7	3965	18392	14427
ENST00000240101.2	490	9895	9405
ENST00000240123.12	2580	24791	22211
ENST00000240132.7	29	10991	10962
ENST00000240139.10	332	101243	100911
ENST00000240159.8	6582	32960	26378
ENST00000240185.8	1074	11234	10160
ENST00000240189.2	1924	6109	4185
ENST00000240285.10	688	29448	28760
ENST00000240304.5	130	32341	32211
ENST00000240306.5	279	5467	5188
ENST00000240316.5	875	24541	23666
ENST00000240328.4	334	10789	10455
ENST00000240333.12	518	7847	7329
ENST00000240335.1	45	28694	28649
ENST00000240361.12	334	99780	99446
ENST00000240364.7	926	55106	54180
ENST00000240423.9	64	39787	39723
ENST00000240487.5	0	84809	84809
ENST00000240488.8	50	70773	70723
ENST00000240499.8	170	37463	37293
ENST00000240587.5	1605	77515	75910
ENST00000240615.3	3	1855	1852
ENST00000240617.10	114	65683	65569
ENST00000240618.11	764	17098	16334
ENST00000240619.3	130	1970	1840
ENST00000240636.10	1827	4180	2353
ENST00000240651.14	76	32584	32508
ENST00000240652.8	450	5786	5336
ENST00000240662.3	771	9931	9160
ENST00000240687.2	85	1991	1906
ENST00000240691.4	46	1916	1870
ENST00000240719.7	249	13477	13228
ENST00000240727.10	849	7952	7103
ENST00000240731.5	179	10737	10558
ENST00000240851.9	4192	40227	36035
ENST00000240874.7	157	428733	428576
ENST00000240922.8	5305	29993	24688
ENST00000241001.13	24	17754	17730
ENST00000241014.6	170	22188	22018
ENST00000241041.7	423	9169	8746
ENST00000241051.8	78	19098	19020
ENST00000241052.5	80	34064	33984
ENST00000241069.11	223	6076	5853
ENST00000241071.11	298	16298	16000
ENST00000241124.11	736	2300	1564
ENST00000241125.4	3729	6337	2608
ENST00000241256.3	1873	6218	4345
ENST00000241261.7	987	18714	17727
ENST00000241274.3	1178	7038	5860
ENST00000241305.4	1128	148274	147146
ENST00000241337.9	59	7422	7363
ENST00000241356.5	524	4877	4353
ENST00000241391.9	5986	263886	257900
ENST00000241393.4	523	4765	4242
ENST00000241416.12	124	83770	83646
ENST00000241436.9	35132	88720	53588
ENST00000241453.12	781	100191	99410
ENST00000241463.5	115	3383	3268
ENST00000241502.9	89	32968	32879
ENST00000241527.10	8907	16318	7411
ENST00000241600.10	29	4332	4303
ENST00000241651.5	784	3501	2717
ENST00000241704.8	1566	58215	56649
ENST00000241808.9	264	1035	771
ENST00000241891.10	237	12625	12388
ENST00000242057.9	613	46942	46329
ENST00000242059.10	3851	50193	46342
ENST00000242066.10	1682	96231	94549
ENST00000242067.11	16689	478298	461609
ENST00000242104.6	92	5611	5519
ENST00000242108.9	1071	147649	146578
ENST00000242140.10	28217	109446	81229
ENST00000242152.7	1051	7782	6731
ENST00000242159.5	1196	3517	2321
ENST00000242208.5	4539	16536	11997
ENST00000242209.9	134	49608	49474
ENST00000242248.10	1232	11847	10615
ENST00000242249.8	38	26059	26021
ENST00000242257.14	930	8709	7779
ENST00000242261.6	1248	2458	1210
ENST00000242275.7	56	1836	1780
ENST00000242285.11	136	21587	21451
ENST00000242310.4	648	11602	10954
ENST00000242315.4	13014	21016	8002
ENST00000242317.9	201	64025	63824
ENST00000242323.8	74	62102	62028
ENST00000242351.10	4082	68509	64427
ENST00000242375.8	60	41169	41109
ENST00000242462.5	704	1986	1282
ENST00000242465.4	55	16485	16430
ENST00000242480.4	1214	5459	4245
ENST00000242505.11	221	74629	74408
ENST00000242576.7	83	13301	13218
ENST00000242577.11	309	2359	2050
ENST00000242591.10	3024	95876	92852
ENST00000242592.9	60	14845	14785
ENST00000242607.13	727	35372	34645
ENST00000242719.4	484	35505	35021
ENST00000242728.5	2039	6190	4151
ENST00000242729.7	100	36226	36126
ENST00000242737.5	38	112031	111993
ENST00000242770.9	524	6764	6240
ENST00000242776.9	141	5693	5552
ENST00000242783.11	216	41279	41063
ENST00000242784.5	324	4542	4218
ENST00000242786.6	80	29159	29079
ENST00000242804.9	3760	19564	15804
ENST00000242810.11	14734	45454	30720
ENST00000242819.7	3443	4773	1330
ENST00000242827.11	297	31364	31067
ENST00000242839.10	2090	83042	80952
ENST00000242848.8	2665	96028	93363
ENST00000242872.7	711	37938	37227
ENST00000242994.4	6466	8450	1984
ENST00000243040.10	26	2525	2499
ENST00000243045.10	959	2807	1848
ENST00000243050.5	2927	9327	6400
ENST00000243052.8	272	29318	29046
ENST00000243056.5	76	7410	7334
ENST00000243077.8	482	97612	97130
ENST00000243082.4	114	3632	3518
ENST00000243103.4	27	2504	2477
ENST00000243108.5	82	2222	2140
ENST00000243112.9	51	2997	2946
ENST00000243167.9	32	20977	20945
ENST00000243189.12	343	5580	5237
ENST00000243213.2	101	14418	14317
ENST00000243219.7	0	38009	38009
ENST00000243222.8	1153	8607	7454
ENST00000243253.8	116	18638	18522
ENST00000243286.7	1159	2357	1198
ENST00000243298.3	2855	4059	1204
ENST00000243300.14	307	137775	137468
ENST00000243314.5	4281	6169	1888
ENST00000243325.6	19586	19726	140
ENST00000243326.9	483	72508	72025
ENST00000243344.8	1396	84262	82866
ENST00000243346.10	226	13392	13166
ENST00000243347.5	75	22763	22688
ENST00000243349.13	7154	103347	96193
ENST00000243389.8	11190	42066	30876
ENST00000243440.2	377	13723	13346
ENST00000243457.4	5508	8068	2560
ENST00000243498.10	102	16835	16733
ENST00000243501.10	4391	20383	15992
ENST00000243562.13	0	22652	22652
ENST00000243563.8	206	14801	14595
ENST00000243578.8	286	9624	9338
ENST00000243583.10	508	24598	24090
ENST00000243611.9	294	11438	11144
ENST00000243639.8	3495	16113	12618
ENST00000243643.9	501	16459	15958
ENST00000243644.9	517	11612	11095
ENST00000243662.11	740	62763	62023
ENST00000243673.7	2836	25196	22360
ENST00000243706.8	3581	14402	10821
ENST00000243776.11	432	6905	6473
ENST00000243786.3	65	4309	4244
ENST00000243806.2	897	3057	2160
ENST00000243810.10	0	77270	77270
ENST00000243878.9	219	4528	4309
ENST00000243893.10	38	3363	3325
ENST00000243896.6	869	10064	9195
ENST00000243903.6	19	25165	25146
ENST00000243911.2	112	2048	1936
ENST00000243913.8	68	6671	6603
ENST00000243914.8	1387	29018	27631
ENST00000243918.10	376	4421	4045
ENST00000243924.4	21	1579	1558
ENST00000243938.9	218	16449	16231
ENST00000243964.7	130	31709	31579
ENST00000243967.8	0	25221	25221
ENST00000243997.8	4834	6927	2093
ENST00000244007.7	682	41387	40705
ENST00000244020.5	138	4190	4052
ENST00000244040.4	262	50560	50298
ENST00000244043.5	4049	65732	61683
ENST00000244049.7	207	16731	16524
ENST00000244050.3	80	5862	5782
ENST00000244051.3	25	2783	2758
ENST00000244061.6	16	16419	16403
ENST00000244096.7	1201	3413	2212
ENST00000244137.12	397	136274	135877
ENST00000244174.11	64	14264	14200
ENST00000244204.11	36	10879	10843
ENST00000244217.6	286	21057	20771
ENST00000244221.9	5744	20217	14473
ENST00000244227.8	29	10808	10779
ENST00000244230.7	32	21410	21378
ENST00000244241.5	70	2085	2015
ENST00000244289.9	301	28853	28552
ENST00000244293.11	800	13473	12673
ENST00000244295.13	624	13758	13134
ENST00000244296.6	860	13648	12788
ENST00000244303.10	5543	43016	37473
ENST00000244314.6	2483	5259	2776
ENST00000244333.4	567	5817	5250
ENST00000244336.10	3006	15627	12621
ENST00000244360.8	844	6367	5523
ENST00000244364.10	1021	200230	199209
ENST00000244426.10	172	28304	28132
ENST00000244458.7	60230	67774	7544
ENST00000244496.6	32	8372	8340
ENST00000244513.10	66	9521	9455
ENST00000244519.7	3071	13647	10576
ENST00000244520.10	39	16533	16494
ENST00000244527.10	15873	49032	33159
ENST00000244533.7	359	22709	22350
ENST00000244534.7	59	1383	1324
ENST00000244537.6	33	649	616
ENST00000244546.4	1356	17018	15662
ENST00000244565.8	1481	9725	8244
ENST00000244571.5	1819	17525	15706
ENST00000244573.5	56	1344	1288
ENST00000244576.9	11612	13758	2146
ENST00000244623.1	0	1876	1876
ENST00000244645.7	195	23307	23112
ENST00000244669.3	146	9336	9190
ENST00000244670.12	3548	7363	3815
ENST00000244709.9	2523	13748	11225
ENST00000244711.4	1330	3221	1891
ENST00000244728.10	1070	128870	127800
ENST00000244741.10	5388	7573	2185
ENST00000244745.4	784	3626	2842
ENST00000244751.7	1496	100360	98864
ENST00000244763.9	8724	32827	24103
ENST00000244766.7	980	9173	8193
ENST00000244769.8	7220	31641	24421
ENST00000244776.11	252	39531	39279
ENST00000244777.6	13405	50736	37331
ENST00000244815.9	240	74263	74023
ENST00000244869.3	164	20162	19998
ENST00000244891.3	221	6631	6410
ENST00000244926.4	69	2724	2655
ENST00000244930.6	59	5376	5317
ENST00000245046.7	1390	24754	23364
ENST00000245105.8	5905	45653	39748
ENST00000245121.10	135372	184784	49412
ENST00000245157.11	379	37623	37244
ENST00000245185.6	72	947	875
ENST00000245206.10	1043	28377	27334
ENST00000245222.9	1009	12220	11211
ENST00000245255.7	4705	36271	31566
ENST00000245304.5	302	30817	30515
ENST00000245312.5	2138	23289	21151
ENST00000245382.6	121	21422	21301
ENST00000245407.8	263	26220	25957
ENST00000245414.9	2345	8835	6490
ENST00000245448.11	9159	13632	4473
ENST00000245451.9	299	3708	3409
ENST00000245457.6	237	14211	13974
ENST00000245458.11	93	2934	2841
ENST00000245479.3	372	4888	4516
ENST00000245503.10	135	32557	32422
ENST00000245539.11	22	4762	4740
ENST00000245543.6	320	19657	19337
ENST00000245544.9	83	31946	31863
ENST00000245551.9	510	4724	4214
ENST00000245552.7	263	2077	1814
ENST00000245564.8	31	5748	5717
ENST00000245615.6	632	16502	15870
ENST00000245618.5	102	8992	8890
ENST00000245620.13	168	7931	7763
ENST00000245621.6	3	5183	5180
ENST00000245663.9	3263	48850	45587
ENST00000245680.7	11069	51254	40185
ENST00000245787.9	8086	20518	12432
ENST00000245796.11	8486	30593	22107
ENST00000245810.2	149	1167	1018
ENST00000245812.8	27	2835	2808
ENST00000245816.11	44	8001	7957
ENST00000245817.5	11	4796	4785
ENST00000245838.13	10370	137194	126824
ENST00000245857.9	54	2811	2757
ENST00000245865.10	2047	11917	9870
ENST00000245903.4	184	5739	5555
ENST00000245907.11	181	47833	47652
ENST00000245908.11	436	13307	12871
ENST00000245912.7	3676	9424	5748
ENST00000245923.9	417	13155	12738
ENST00000245925.8	266	31904	31638
ENST00000245932.11	293	19822	19529
ENST00000245934.12	153	42881	42728
ENST00000245957.10	4122	311560	307438
ENST00000245960.10	222	10372	10150
ENST00000245983.6	793	2468	1675
ENST00000246006.5	4593	8786	4193
ENST00000246012.2	551	5217	4666
ENST00000246015.8	176	48435	48259
ENST00000246020.3	6492	11531	5039
ENST00000246024.7	4908	43306	38398
ENST00000246041.6	1594	4368	2774
ENST00000246043.8	507	51036	50529
ENST00000246069.12	134	37559	37425
ENST00000246070.3	263	16061	15798
ENST00000246071.8	1677	11645	9968
ENST00000246080.4	337	6575	6238
ENST00000246081.3	44	3137	3093
ENST00000246090.6	25060	36110	11050
ENST00000246100.3	8737	10505	1768
ENST00000246104.7	2078	14924	12846
ENST00000246105.4	31	3057	3026
ENST00000246108.3	2319	3990	1671
ENST00000246112.9	670	19137	18467
ENST00000246115.5	24	2326	2302
ENST00000246117.9	101	23429	23328
ENST00000246139.9	76	1796	1720
ENST00000246149.10	0	66921	66921
ENST00000246151.9	98	9582	9484
ENST00000246163.2	439	18879	18440
ENST00000246166.3	59	75713	75654
ENST00000246174.6	2974	6320	3346
ENST00000246186.8	49	49842	49793
ENST00000246190.11	745	18441	17696
ENST00000246194.8	78164	85546	7382
ENST00000246199.5	1290	2502	1212
ENST00000246229.5	3951	11160	7209
ENST00000246314.10	73127	126348	53221
ENST00000246337.9	12	4332	4320
ENST00000246489.11	25324	66270	40946
ENST00000246505.9	589	32367	31778
ENST00000246515.2	197	1742	1545
ENST00000246529.4	3052	10524	7472
ENST00000246532.6	482	3440	2958
ENST00000246533.8	946	10564	9618
ENST00000246535.4	32	22785	22753
ENST00000246548.9	52	42740	42688
ENST00000246549.2	0	1978	1978
ENST00000246551.9	65	1903	1838
ENST00000246553.4	3650	5448	1798
ENST00000246635.8	278	5935	5657
ENST00000246639.7	349	5745	5396
ENST00000246646.4	1261	6128	4867
ENST00000246657.2	976	12771	11795
ENST00000246662.9	1440	8018	6578
ENST00000246672.4	293	9135	8842
ENST00000246747.9	48	8239	8191
ENST00000246784.8	760	8556	7796
ENST00000246785.7	1127	8923	7796
ENST00000246792.4	287	5454	5167
ENST00000246794.10	1904	9670	7766
ENST00000246801.8	19	25252	25233
ENST00000246802.10	14	12877	12863
ENST00000246841.3	13080	17122	4042
ENST00000246868.7	694	8482	7788
ENST00000246891.9	1488	14475	12987
ENST00000246895.9	2472	5162	2690
ENST00000246896.8	2639	5295	2656
ENST00000246912.8	53	5414	5361
ENST00000246914.10	89	19679	19590
ENST00000246949.10	683	4097	3414
ENST00000246957.10	95	61565	61470
ENST00000247001.10	618	46384	45766
ENST00000247003.9	27	10034	10007
ENST00000247005.8	55	2876	2821
ENST00000247020.9	646	14160	13514
ENST00000247026.10	28	70522	70494
ENST00000247087.10	13272	22888	9616
ENST00000247138.11	258	9636	9378
ENST00000247140.8	570	5646	5076
ENST00000247153.7	64	7028	6964
ENST00000247161.7	1311	7199	5888
ENST00000247178.6	3231	46897	43666
ENST00000247191.7	219	43564	43345
ENST00000247194.9	362	12767	12405
ENST00000247207.7	109	3941	3832
ENST00000247219.6	172	27261	27089
ENST00000247225.7	1892	45048	43156
ENST00000247226.13	23208	42917	19709
ENST00000247270.3	746	3646	2900
ENST00000247271.5	365	3003	2638
ENST00000247291.8	99	24232	24133
ENST00000247306.4	299	2171	1872
ENST00000247452.4	527	2763	2236
ENST00000247461.9	6715	31436	24721
ENST00000247470.10	102	1786	1684
ENST00000247655.4	115	1712	1597
ENST00000247665.12	22	1807	1785
ENST00000247668.7	12225	40875	28650
ENST00000247706.4	533	10798	10265
ENST00000247815.9	111	38854	38743
ENST00000247829.8	241	33285	33044
ENST00000247833.12	16549	77953	61404
ENST00000247843.7	230	31244	31014
ENST00000247866.9	37	8535	8498
ENST00000247879.2	62	1956	1894
ENST00000247881.4	1815	3607	1792
ENST00000247883.5	145	1937	1792
ENST00000247930.5	416	27147	26731
ENST00000247933.9	88	19338	19250
ENST00000247956.11	15620	22812	7192
ENST00000247970.9	27	14363	14336
ENST00000247977.9	629	9518	8889
ENST00000247986.2	571	56762	56191
ENST00000247992.5	3	11650	11647
ENST00000248041.12	1368	23601	22233
ENST00000248054.10	23	52697	52674
ENST00000248070.10	192	112933	112741
ENST00000248071.6	98	3264	3166
ENST00000248072.3	0	1912	1912
ENST00000248073.2	31	1949	1918
ENST00000248076.4	191	2772	2581
ENST00000248089.8	241	1726	1485
ENST00000248098.8	34	21281	21247
ENST00000248104.11	3038	7484	4446
ENST00000248114.7	26	2444	2418
ENST00000248121.7	133	3782	3649
ENST00000248139.8	226	38390	38164
ENST00000248142.7	3	8457	8454
ENST00000248150.5	681	1235	554
ENST00000248211.11	13866	28053	14187
ENST00000248244.6	310	4580	4270
ENST00000248248.8	296	8751	8455
ENST00000248306.8	37	122289	122252
ENST00000248342.9	81	18375	18294
ENST00000248378.6	335	993	658
ENST00000248384.1	3	1939	1936
ENST00000248420.9	1276	18376	17100
ENST00000248437.9	645	5488	4843
ENST00000248444.10	4656	32672	28016
ENST00000248450.9	407	7248	6841
ENST00000248451.7	144	2790	2646
ENST00000248484.9	19772	104207	84435
ENST00000248550.7	76	117031	116955
ENST00000248553.7	40	2109	2069
ENST00000248564.6	403	4695	4292
ENST00000248566.4	165	21208	21043
ENST00000248572.10	180	4568	4388
ENST00000248594.11	252	104304	104052
ENST00000248598.6	2913	7739	4826
ENST00000248600.5	133	35116	34983
ENST00000248633.9	435	45235	44800
ENST00000248668.5	1070	11081	10011
ENST00000248701.8	281	12049	11768
ENST00000248706.5	191	4225	4034
ENST00000248846.10	45	32197	32152
ENST00000248879.8	440	6405	5965
ENST00000248899.11	166	17821	17655
ENST00000248901.11	62	32169	32107
ENST00000248924.11	34	10029	9995
ENST00000248929.14	30213	41388	11175
ENST00000248933.11	208	213885	213677
ENST00000248948.4	136	1987	1851
ENST00000248958.5	35	2530	2495
ENST00000248975.6	199	12990	12791
ENST00000248983.8	340	13146	12806
ENST00000249005.3	771	2887	2116
ENST00000249007.4	205	3911	3706
ENST00000249014.5	5870	9508	3638
ENST00000249016.5	169	3498	3329
ENST00000249041.3	25	3187	3162
ENST00000249042.8	165	8756	8591
ENST00000249044.2	0	12318	12318
ENST00000249053.3	415	7315	6900
ENST00000249064.9	155	14460	14305
ENST00000249066.10	1197	7960	6763
ENST00000249071.11	1406	19448	18042
ENST00000249075.4	3201	6845	3644
ENST00000249079.6	652	10268	9616
ENST00000249116.7	83	5489	5406
ENST00000249209.8	102	5274	5172
ENST00000249269.9	25	16287	16262
ENST00000249270.11	98	33837	33739
ENST00000249284.3	58	1802	1744
ENST00000249289.5	49	3074	3025
ENST00000249299.7	60	8119	8059
ENST00000249330.3	490	4178	3688
ENST00000249344.7	41	53875	53834
ENST00000249356.4	1853	4143	2290
ENST00000249363.4	1611	5527	3916
ENST00000249364.9	9225	30744	21519
ENST00000249373.8	519	26164	25645
ENST00000249377.4	20909	30231	9322
ENST00000249389.3	58	4326	4268
ENST00000249396.12	598	22112	21514
ENST00000249440.4	5038	9488	4450
ENST00000249442.11	188	68998	68810
ENST00000249499.8	50	2507	2457
ENST00000249501.5	56	3468	3412
ENST00000249504.7	76	2871	2795
ENST00000249601.9	358	160844	160486
ENST00000249636.11	12	135456	135444
ENST00000249647.8	16213	36467	20254
ENST00000249700.9	14845	57898	43053
ENST00000249736.11	0	40755	40755
ENST00000249749.7	329	10735	10406
ENST00000249750.9	1771	113762	111991
ENST00000249776.13	115	11812	11697
ENST00000249786.9	57	1624	1567
ENST00000249806.11	1151	23518	22367
ENST00000249822.9	4892	22180	17288
ENST00000249837.7	2071	219032	216961
ENST00000249842.8	1149	3715	2566
ENST00000249861.9	1115	11698	10583
ENST00000249883.10	2361	18417	16056
ENST00000249887.3	3128	5226	2098
ENST00000249910.5	554	10615	10061
ENST00000249923.7	321	44260	43939
ENST00000250003.4	212	2891	2679
ENST00000250018.6	3430	24520	21090
ENST00000250024.9	598	18647	18049
ENST00000250055.3	203	2195	1992
ENST00000250056.12	670	6718	6048
ENST00000250066.6	1976	48772	46796
ENST00000250076.8	91	7414	7323
ENST00000250087.9	1725	12324	10599
ENST00000250092.11	40	2926	2886
ENST00000250101.10	23	2321	2298
ENST00000250111.9	593	5829	5236
ENST00000250113.12	603	25304	24701
ENST00000250124.11	11	4430	4419
ENST00000250160.11	106	37764	37658
ENST00000250173.5	6300	104513	98213
ENST00000250237.10	22	13027	13005
ENST00000250241.12	69	16385	16316
ENST00000250244.11	398	15817	15419
ENST00000250263.8	167	28174	28007
ENST00000250340.9	162	3065	2903
ENST00000250351.4	3	6222	6219
ENST00000250360.8	69	6552	6483
ENST00000250366.6	2564	9742	7178
ENST00000250373.9	157	12214	12057
ENST00000250377.11	682	152694	152012
ENST00000250378.7	166	3618	3452
ENST00000250379.13	33	22923	22890
ENST00000250383.11	2501	9718	7217
ENST00000250405.10	935	2706	1771
ENST00000250416.9	27	15912	15885
ENST00000250448.5	1816	6834	5018
ENST00000250454.8	375	24539	24164
ENST00000250457.9	1667	27237	25570
ENST00000250489.9	881	4468	3587
ENST00000250495.10	273	15649	15376
ENST00000250498.9	10199	24587	14388
ENST00000250535.5	703	12259	11556
ENST00000250559.14	37826	46831	9005
ENST00000250572.12	43	54903	54860
ENST00000250615.7	12822	17368	4546
ENST00000250617.7	2482	117638	115156
ENST00000250693.2	14086	20035	5949
ENST00000250699.2	523	7070	6547
ENST00000250784.13	23	26071	26048
ENST00000250823.5	63	1002	939
ENST00000250825.5	102	1041	939
ENST00000250831.6	2038	15667	13629
ENST00000250838.6	328	3572	3244
ENST00000250863.12	1871	18644	16773
ENST00000250894.8	157	66614	66457
ENST00000250896.9	2145	14762	12617
ENST00000250916.6	2063	11852	9789
ENST00000250930.7	126	6952	6826
ENST00000250971.7	76	1520	1444
ENST00000250974.9	227	5668	5441
ENST00000251020.9	1133	19228	18095
ENST00000251038.10	97	50902	50805
ENST00000251041.10	69742	454965	385223
ENST00000251047.6	3273	32938	29665
ENST00000251074.5	160	45290	45130
ENST00000251076.9	1276	183899	182623
ENST00000251081.8	9472	45656	36184
ENST00000251089.8	3222	28818	25596
ENST00000251091.9	305	223208	222903
ENST00000251102.13	1827	88667	86840
ENST00000251108.10	113	45361	45248
ENST00000251127.11	1522	350521	348999
ENST00000251143.9	48	148183	148135
ENST00000251157.10	691	239881	239190
ENST00000251166.9	619	64723	64104
ENST00000251170.12	994	58710	57716
ENST00000251195.9	676	53623	52947
ENST00000251203.14	315	58030	57715
ENST00000251241.9	62	43878	43816
ENST00000251250.7	4069	23384	19315
ENST00000251268.11	609	59630	59021
ENST00000251269.9	11482	17955	6473
ENST00000251287.3	65	29249	29184
ENST00000251289.9	0	11259	11259
ENST00000251296.4	331	271916	271585
ENST00000251303.11	210	4407	4197
ENST00000251334.7	2193	64841	62648
ENST00000251343.9	1445	10023	8578
ENST00000251363.10	41707	53908	12201
ENST00000251372.8	613	8640	8027
ENST00000251376.7	87	14942	14855
ENST00000251377.7	528	15433	14905
ENST00000251412.8	220	8855	8635
ENST00000251413.8	55	6697	6642
ENST00000251424.8	69	31308	31239
ENST00000251453.8	139	3191	3052
ENST00000251472.9	58	41036	40978
ENST00000251473.9	2288	10011	7723
ENST00000251481.11	4773	20447	15674
ENST00000251496.7	99	35467	35368
ENST00000251507.8	59641	800810	741169
ENST00000251527.10	3215	100936	97721
ENST00000251535.11	69	16346	16277
ENST00000251546.8	1461	7595	6134
ENST00000251547.10	959	7153	6194
ENST00000251566.9	1353	24872	23519
ENST00000251582.12	3017	238086	235069
ENST00000251588.7	655	12637	11982
ENST00000251595.11	37	1144	1107
ENST00000251607.11	2101	22506	20405
ENST00000251630.11	37	66701	66664
ENST00000251636.10	436	55598	55162
ENST00000251642.8	353	12503	12150
ENST00000251643.5	361	7357	6996
ENST00000251645.3	298	5059	4761
ENST00000251646.8	341	7457	7116
ENST00000251654.9	36	81285	81249
ENST00000251691.5	148	181041	180893
ENST00000251722.10	1869	93702	91833
ENST00000251739.9	128	44973	44845
ENST00000251775.9	1132	74858	73726
ENST00000251776.8	2895	14788	11893
ENST00000251809.4	4246	85744	81498
ENST00000251810.8	3634	35416	31782
ENST00000251822.7	4887	20090	15203
ENST00000251849.9	916	37048	36132
ENST00000251864.7	8562	55786	47224
ENST00000251871.9	232	29720	29488
ENST00000251879.10	285	143775	143490
ENST00000251900.9	1941	96844	94903
ENST00000251921.6	256	10077	9821
ENST00000251968.4	238	47665	47427
ENST00000251973.10	800	31914	31114
ENST00000251993.11	1351	17732	16381
ENST00000252011.8	24	78283	78259
ENST00000252015.3	745	92749	92004
ENST00000252029.8	21	5394	5373
ENST00000252032.10	3269	161745	158476
ENST00000252034.12	15	42663	42648
ENST00000252037.5	268	15706	15438
ENST00000252050.9	2115	49757	47642
ENST00000252071.8	1776	48707	46931
ENST00000252085.4	253	83455	83202
ENST00000252087.3	160	24917	24757
ENST00000252100.6	24	7076	7052
ENST00000252102.9	305	2592	2287
ENST00000252108.8	5481	40016	34535
ENST00000252115.10	2073	32390	30317
ENST00000252136.12	691	6894	6203
ENST00000252137.11	3920	15779	11859
ENST00000252172.9	89	69440	69351
ENST00000252207.10	1810	9079	7269
ENST00000252211.7	9640	17944	8304
ENST00000252229.7	49	12904	12855
ENST00000252242.9	370	7482	7112
ENST00000252244.3	460	7535	7075
ENST00000252245.6	450	11878	11428
ENST00000252250.7	549	6904	6355
ENST00000252252.4	542	7110	6568
ENST00000252268.8	20	19092	19072
ENST00000252288.8	336	5152	4816
ENST00000252318.7	278	54094	53816
ENST00000252321.5	269	3945	3676
ENST00000252322.1	532	50233	49701
ENST00000252329.3	88	2090	2002
ENST00000252336.10	68706	79808	11102
ENST00000252338.5	957	27040	26083
ENST00000252440.11	1542	14124	12582
ENST00000252444.10	16	43554	43538
ENST00000252445.8	703	1547	844
ENST00000252453.12	19	2655	2636
ENST00000252456.7	77	11825	11748
ENST00000252457.9	24	39218	39194
ENST00000252458.6	4311	38771	34460
ENST00000252463.6	200	6048	5848
ENST00000252483.10	229	43684	43455
ENST00000252485.8	351	33873	33522
ENST00000252486.9	829	4399	3570
ENST00000252487.9	196	13020	12824
ENST00000252490.7	2428	3495	1067
ENST00000252505.4	12958	45522	32564
ENST00000252506.11	110	1537	1427
ENST00000252512.14	109	88656	88547
ENST00000252519.8	875	42275	41400
ENST00000252527.8	0	9608	9608
ENST00000252530.10	61	6825	6764
ENST00000252542.9	247	38554	38307
ENST00000252575.11	4996	41899	36903
ENST00000252590.9	910	27153	26243
ENST00000252593.7	759	3172	2413
ENST00000252594.10	369	6838	6469
ENST00000252595.12	17	36011	35994
ENST00000252597.8	1057	17225	16168
ENST00000252599.9	65	27646	27581
ENST00000252602.2	21	778	757
ENST00000252603.7	24	10198	10174
ENST00000252622.15	162	7350	7188
ENST00000252660.5	266	2214	1948
ENST00000252674.9	2664	71068	68404
ENST00000252675.6	778	3020	2242
ENST00000252677.4	49	7043	6994
ENST00000252699.7	97	84492	84395
ENST00000252711.7	3749	68984	65235
ENST00000252713.9	1918	16410	14492
ENST00000252723.3	513	3236	2723
ENST00000252729.7	1241	21325	20084
ENST00000252744.6	15	215687	215672
ENST00000252785.3	18	1612	1594
ENST00000252797.6	1433	5639	4206
ENST00000252799.3	2695	4883	2188
ENST00000252804.9	2320	116982	114662
ENST00000252809.3	32	3696	3664
ENST00000252813.5	16801	23365	6564
ENST00000252816.10	560	16484	15924
ENST00000252818.5	750	2830	2080
ENST00000252825.9	101	6130	6029
ENST00000252826.10	75	57320	57245
ENST00000252840.11	5372	15322	9950
ENST00000252854.8	187	46050	45863
ENST00000252891.8	1566	26395	24829
ENST00000252898.11	0	2390	2390
ENST00000252934.10	230	172758	172528
ENST00000252936.8	1134	26995	25861
ENST00000252939.9	1758	5564	3806
ENST00000252945.8	33	13068	13035
ENST00000252951.3	266	2176	1910
ENST00000252971.11	669	6696	6027
ENST00000252979.6	1840	15471	13631
ENST00000252984.11	88	4900	4812
ENST00000252992.8	5582	45361	39779
ENST00000252996.9	1373	94252	92879
ENST00000252997.3	1342	13209	11867
ENST00000252998.2	644	11389	10745
ENST00000252999.7	274	69185	68911
ENST00000253003.7	572	6973	6401
ENST00000253008.3	60	18168	18108
ENST00000253023.8	380	3212	2832
ENST00000253024.10	694	8974	8280
ENST00000253031.6	1109	7165	6056
ENST00000253039.9	13	23230	23217
ENST00000253047.7	81	3266	3185
ENST00000253048.10	2172	52292	50120
ENST00000253054.12	115	7391	7276
ENST00000253055.8	606	26715	26109
ENST00000253063.4	330	22711	22381
ENST00000253079.11	99	50884	50785
ENST00000253083.9	94	29465	29371
ENST00000253099.11	40	8520	8480
ENST00000253107.12	33	6207	6174
ENST00000253108.9	103	5794	5691
ENST00000253109.5	254	5630	5376
ENST00000253110.16	111	6847	6736
ENST00000253115.7	5160	14665	9505
ENST00000253122.10	649	9177	8528
ENST00000253144.13	48353	58311	9958
ENST00000253159.12	198	149680	149482
ENST00000253188.8	230	18597	18367
ENST00000253193.9	456	15545	15089
ENST00000253233.6	20239	24088	3849
ENST00000253237.10	23	8370	8347
ENST00000253247.9	12	28059	28047
ENST00000253251.12	839	150613	149774
ENST00000253255.7	901	14417	13516
ENST00000253262.9	270	12686	12416
ENST00000253270.13	535	63923	63388
ENST00000253329.3	961	42973	42012
ENST00000253332.5	189	118706	118517
ENST00000253339.9	638	44415	43777
ENST00000253354.2	2860	27987	25127
ENST00000253362.6	7378	19529	12151
ENST00000253363.11	3137	41101	37964
ENST00000253381.3	50	4933	4883
ENST00000253382.5	32	52720	52688
ENST00000253392.5	3	17484	17481
ENST00000253401.10	3064	120883	117819
ENST00000253407.4	498	9127	8629
ENST00000253408.11	1724	11266	9542
ENST00000253410.3	270	2804	2534
ENST00000253413.10	541	37168	36627
ENST00000253451.9	288	9902	9614
ENST00000253452.8	1511	7679	6168
ENST00000253457.8	1087	21296	20209
ENST00000253458.12	70	62849	62779
ENST00000253461.8	2948	14898	11950
ENST00000253462.8	2017	13250	11233
ENST00000253496.4	154	9217	9063
ENST00000253506.9	369	93240	92871
ENST00000253513.11	54	9264	9210
ENST00000253577.9	2325	107467	105142
ENST00000253669.10	147	26912	26765
ENST00000253673.6	319	57593	57274
ENST00000253686.7	3932	17197	13265
ENST00000253692.11	3804	353773	349969
ENST00000253693.7	250	47429	47179
ENST00000253697.8	7573	100428	92855
ENST00000253699.7	3712	28388	24676
ENST00000253719.7	79	8395	8316
ENST00000253727.10	1149	7514	6365
ENST00000253754.8	39	15513	15474
ENST00000253778.13	869	54546	53677
ENST00000253788.12	332	4902	4570
ENST00000253789.9	648	5970	5322
ENST00000253794.7	27	6139	6112
ENST00000253796.10	35	2143	2108
ENST00000253799.8	47	8029	7982
ENST00000253801.7	78	11690	11612
ENST00000253807.3	594	86520	85926
ENST00000253812.8	205	170133	169928
ENST00000253814.6	196	36548	36352
ENST00000253861.5	24	814351	814327
ENST00000253925.12	1483	115033	113550
ENST00000253928.14	17755	38933	21178
ENST00000253934.9	5588	27010	21422
ENST00000253952.9	263	4466	4203
ENST00000253968.11	540	4277	3737
ENST00000254029.8	398	105597	105199
ENST00000254035.9	17811	34181	16370
ENST00000254037.6	3155	11864	8709
ENST00000254043.8	281	6442	6161
ENST00000254051.11	1757	22724	20967
ENST00000254066.10	22039	48421	26382
ENST00000254072.7	53	1005	952
ENST00000254079.9	441	9515	9074
ENST00000254090.9	642	40359	39717
ENST00000254101.4	4462	17847	13385
ENST00000254108.12	76	12859	12783
ENST00000254122.8	889	3168	2279
ENST00000254166.4	512	9122	8610
ENST00000254181.9	8691	14221	5530
ENST00000254182.11	1536	10654	9118
ENST00000254190.4	1664	78132	76468
ENST00000254193.11	217	14424	14207
ENST00000254227.4	359	3220	2861
ENST00000254231.4	75	16261	16186
ENST00000254235.7	268	30805	30537
ENST00000254250.7	1291	7056	5765
ENST00000254260.8	1407	88303	86896
ENST00000254262.9	988	2076	1088
ENST00000254271.8	8231	101957	93726
ENST00000254286.9	69	35637	35568
ENST00000254301.14	8122	16761	8639
ENST00000254320.7	353	6778	6425
ENST00000254321.10	104	27365	27261
ENST00000254322.3	1174	4597	3423
ENST00000254323.6	189	38541	38352
ENST00000254325.9	1168	35230	34062
ENST00000254337.11	4	10270	10266
ENST00000254351.9	1972	24995	23023
ENST00000254436.8	391	6931	6540
ENST00000254442.8	21157	380288	359131
ENST00000254480.10	2943	199815	196872
ENST00000254488.7	38	124053	124015
ENST00000254508.7	1449	109612	108163
ENST00000254521.8	99	22729	22630
ENST00000254528.4	183	69546	69363
ENST00000254579.11	936	88921	87985
ENST00000254584.6	1436	5757	4321
ENST00000254605.11	5077	9791	4714
ENST00000254616.11	16	1023	1007
ENST00000254624.10	220	109239	109019
ENST00000254627.4	268	32228	31960
ENST00000254630.12	13	33364	33351
ENST00000254636.9	339	37512	37173
ENST00000254644.12	136	11762	11626
ENST00000254653.9	14216	185135	170919
ENST00000254654.8	137	34315	34178
ENST00000254657.8	2334	37635	35301
ENST00000254661.5	53	52598	52545
ENST00000254663.12	54	38674	38620
ENST00000254667.8	133779	177881	44102
ENST00000254691.10	16	16184	16168
ENST00000254695.13	90	238144	238054
ENST00000254718.9	514	20378	19864
ENST00000254719.10	89	68998	68909
ENST00000254722.9	4851	16630	11779
ENST00000254730.11	27	256556	256529
ENST00000254742.6	2297	12502	10205
ENST00000254759.8	202	25878	25676
ENST00000254765.4	573	4879	4306
ENST00000254770.3	689	67321	66632
ENST00000254799.11	8539	25475	16936
ENST00000254801.9	791	11422	10631
ENST00000254803.4	146	3018	2872
ENST00000254806.8	1038	10373	9335
ENST00000254810.8	2164	3145	981
ENST00000254816.6	322	6292	5970
ENST00000254821.10	2385	18608	16223
ENST00000254846.9	5651	18641	12990
ENST00000254850.11	256	13771	13515
ENST00000254853.10	358	3344	2986
ENST00000254854.5	433	17203	16770
ENST00000254868.8	520	5215	4695
ENST00000254878.8	501	15157	14656
ENST00000254898.7	19037	169495	150458
ENST00000254900.10	307	42522	42215
ENST00000254901.9	122	7409	7287
ENST00000254908.11	9	55933	55924
ENST00000254928.10	19	6835	6816
ENST00000254940.10	58	2412	2354
ENST00000254941.6	33	2247	2214
ENST00000254942.8	1334	32020	30686
ENST00000254950.13	162	14256	14094
ENST00000254958.10	1817	39474	37657
ENST00000254963.7	5990	21524	15534
ENST00000254976.7	56662	87975	31313
ENST00000254977.7	27736	34319	6583
ENST00000254998.3	3251	4089	838
ENST00000255006.12	131344	245349	114005
ENST00000255008.5	172	2498	2326
ENST00000255030.9	1239	2866	1627
ENST00000255039.6	4076	6981	2905
ENST00000255040.3	96	1546	1450
ENST00000255078.8	62	38801	38739
ENST00000255082.8	172	5439	5267
ENST00000255087.10	871	44735	43864
ENST00000255108.8	166	3987	3821
ENST00000255136.8	84	30507	30423
ENST00000255152.3	212	23118	22906
ENST00000255174.3	1116	11891	10775
ENST00000255175.5	4075	27136	23061
ENST00000255189.8	521	74638	74117
ENST00000255192.8	16	19885	19869
ENST00000255194.11	579	295508	294929
ENST00000255198.3	5105	6507	1402
ENST00000255224.8	2452	10660	8208
ENST00000255226.11	9189	69781	60592
ENST00000255262.4	648	14808	14160
ENST00000255266.10	2945	89278	86333
ENST00000255304.9	3221	44701	41480
ENST00000255305.11	6396	128839	122443
ENST00000255324.10	35	119947	119912
ENST00000255325.6	3	61948	61945
ENST00000255380.8	278379	281917	3538
ENST00000255381.2	88	29234	29146
ENST00000255389.10	231	86764	86533
ENST00000255390.10	8648	25930	17282
ENST00000255409.8	517	8831	8314
ENST00000255416.9	851	9365	8514
ENST00000255427.7	222	14297	14075
ENST00000255432.11	84	118195	118111
ENST00000255448.8	3304	356966	353662
ENST00000255465.8	562	11422	10860
ENST00000255476.3	136	9341	9205
ENST00000255486.8	2426	86153	83727
ENST00000255495.7	131	61228	61097
ENST00000255499.3	213	70286	70073
ENST00000255531.8	4634	120249	115615
ENST00000255557.8	3250	14592	11342
ENST00000255559.8	1638	443811	442173
ENST00000255608.9	1043	31821	30778
ENST00000255613.8	2061	8948	6887
ENST00000255616.8	140	3641	3501
ENST00000255622.10	43	47057	47014
ENST00000255631.9	380	18447	18067
ENST00000255641.13	28601	40262	11661
ENST00000255674.11	360	208405	208045
ENST00000255681.7	313	168401	168088
ENST00000255684.10	375	11213	10838
ENST00000255688.8	61	9933	9872
ENST00000255695.2	197	11036	10839
ENST00000255746.7	0	18977	18977
ENST00000255759.11	1724	23383	21659
ENST00000255764.4	632	7010	6378
ENST00000255784.6	8212	25822	17610
ENST00000255830.7	14	18466	18452
ENST00000255858.12	1208	17915	16707
ENST00000255882.11	359	157285	156926
ENST00000255945.4	2512	6652	4140
ENST00000255977.7	1487	27749	26262
ENST00000256001.13	131	96040	95909
ENST00000256010.7	109	8583	8474
ENST00000256015.5	3805	5768	1963
ENST00000256039.3	5663	10695	5032
ENST00000256062.9	6009	269518	263509
ENST00000256078.10	10198	40701	30503
ENST00000256079.9	1875	69745	67870
ENST00000256084.8	65	76167	76102
ENST00000256103.3	3075	7452	4377
ENST00000256104.5	449	5140	4691
ENST00000256108.10	2440	25469	23029
ENST00000256117.9	0	35335	35335
ENST00000256151.8	851	6792	5941
ENST00000256178.8	2148	12526	10378
ENST00000256190.13	1753	520908	519155
ENST00000256194.8	51565	155273	103708
ENST00000256196.9	1418	81554	80136
ENST00000256246.5	1743	25834	24091
ENST00000256255.11	888	20957	20069
ENST00000256257.2	1002	19428	18426
ENST00000256261.9	686	6815	6129
ENST00000256319.7	1767	8127	6360
ENST00000256324.15	46222	112608	66386
ENST00000256339.8	144422	381009	236587
ENST00000256343.8	194	152103	151909
ENST00000256362.5	8313	12523	4210
ENST00000256366.6	6495	50895	44400
ENST00000256367.3	214	29899	29685
ENST00000256379.10	1595	18146	16551
ENST00000256383.11	4440	24047	19607
ENST00000256389.5	222	4576	4354
ENST00000256398.13	76	98209	98133
ENST00000256404.8	122	215138	215016
ENST00000256412.8	220	22406	22186
ENST00000256413.8	80535	322308	241773
ENST00000256425.6	4220	15018	10798
ENST00000256429.8	8174	74180	66006
ENST00000256433.6	3346	23686	20340
ENST00000256441.5	70	11767	11697
ENST00000256442.10	113	11768	11655
ENST00000256443.8	90	43272	43182
ENST00000256447.5	3247	19008	15761
ENST00000256452.7	491	36497	36006
ENST00000256458.5	36	79168	79132
ENST00000256460.8	195	11501	11306
ENST00000256474.3	70	8820	8750
ENST00000256495.4	282	5483	5201
ENST00000256496.8	174	56969	56795
ENST00000256497.9	99	30167	30068
ENST00000256509.7	123014	212591	89577
ENST00000256538.9	1273	176053	174780
ENST00000256544.8	1668	23905	22237
ENST00000256545.9	320	18543	18223
ENST00000256552.11	760	85138	84378
ENST00000256578.8	522	12952	12430
ENST00000256585.10	604	15221	14617
ENST00000256592.3	3537	4810	1273
ENST00000256593.8	62	5818	5756
ENST00000256594.7	3142	7022	3880
ENST00000256637.8	4471	90790	86319
ENST00000256640.9	48427	54858	6431
ENST00000256644.8	273	7128	6855
ENST00000256646.7	3756	165232	161476
ENST00000256649.9	1248	11875	10627
ENST00000256652.8	68	35402	35334
ENST00000256658.8	320	12176	11856
ENST00000256678.12	48700	121529	72829
ENST00000256680.10	2646	3724	1078
ENST00000256682.9	3227	5911	2684
ENST00000256686.10	653	5328	4675
ENST00000256689.10	2926	14608	11682
ENST00000256707.8	1865	103519	101654
ENST00000256720.6	18954	80851	61897
ENST00000256722.10	1537	18722	17185
ENST00000256733.9	140	3134	2994
ENST00000256737.8	146	331227	331081
ENST00000256759.8	163	6427	6264
ENST00000256785.5	109	32821	32712
ENST00000256797.9	524	25633	25109
ENST00000256830.13	0	354190	354190
ENST00000256852.7	2444	6481	4037
ENST00000256854.10	999	22691	21692
ENST00000256857.7	108	10748	10640
ENST00000256858.10	248	121993	121745
ENST00000256876.10	78	50135	50057
ENST00000256897.9	175	19480	19305
ENST00000256906.5	92	18089	17997
ENST00000256925.12	278	123768	123490
ENST00000256951.10	14785	18429	3644
ENST00000256953.6	1330	110299	108969
ENST00000256958.3	10381	110051	99670
ENST00000256969.7	177	5238	5061
ENST00000256996.9	163	25143	24980
ENST00000256997.9	814	10742	9928
ENST00000256999.7	1667	65548	63881
ENST00000257013.9	29	705	676
ENST00000257017.5	101	13484	13383
ENST00000257068.3	75	13742	13667
ENST00000257075.9	1708	131597	129889
ENST00000257100.7	184	12174	11990
ENST00000257118.5	1242	54473	53231
ENST00000257177.9	663	107911	107248
ENST00000257181.10	148	13011	12863
ENST00000257189.5	137	31497	31360
ENST00000257190.9	87	36942	36855
ENST00000257192.5	141	40315	40174
ENST00000257197.7	1570	35862	34292
ENST00000257198.6	1281	36024	34743
ENST00000257209.8	122	486105	485983
ENST00000257215.10	39765	67202	27437
ENST00000257245.9	256	1993	1737
ENST00000257247.11	341	102995	102654
ENST00000257248.3	214	17422	17208
ENST00000257254.3	2288	4566	2278
ENST00000257261.10	30	50684	50654
ENST00000257262.12	668	3662	2994
ENST00000257264.4	170	14952	14782
ENST00000257287.5	3186	79051	75865
ENST00000257290.10	29476	69221	39745
ENST00000257336.6	8149	42243	34094
ENST00000257347.9	123	66353	66230
ENST00000257359.7	638	26021	25383
ENST00000257408.5	20	44880	44860
ENST00000257414.12	866	62316	61450
ENST00000257430.9	17006	114752	97746
ENST00000257435.12	1621	26670	25049
ENST00000257468.11	361	47923	47562
ENST00000257497.11	6671	19265	12594
ENST00000257515.12	6933	63816	56883
ENST00000257527.9	3648	101123	97475
ENST00000257536.13	4298	63996	59698
ENST00000257548.10	103	34890	34787
ENST00000257549.9	499	8240	7741
ENST00000257552.7	4264	28833	24569
ENST00000257555.11	226	24529	24303
ENST00000257566.7	1589	15166	13577
ENST00000257570.10	1453	21396	19943
ENST00000257572.5	24891	25435	544
ENST00000257575.9	2183	112452	110269
ENST00000257600.3	503	41097	40594
ENST00000257604.9	4978	28978	24000
ENST00000257626.12	610	108101	107491
ENST00000257627.5	274	5740	5466
ENST00000257632.9	128	5679	5551
ENST00000257637.8	479	23693	23214
ENST00000257659.12	77	39402	39325
ENST00000257663.4	247	1043	796
ENST00000257694.13	1987	47411	45424
ENST00000257696.5	1391	1767	376
ENST00000257700.7	115	37468	37353
ENST00000257745.9	26789	76679	49890
ENST00000257749.9	5883	84835	78952
ENST00000257765.10	218	1692	1474
ENST00000257766.8	832	95582	94750
ENST00000257770.8	57	45631	45574
ENST00000257776.5	21547	56318	34771
ENST00000257787.6	740	27428	26688
ENST00000257789.4	34	79101	79067
ENST00000257818.3	783	11817	11034
ENST00000257829.8	2597	43607	41010
ENST00000257831.8	21538	38727	17189
ENST00000257832.7	1430	27717	26287
ENST00000257836.4	603	24270	23667
ENST00000257848.7	746	3962	3216
ENST00000257857.9	241	3725	3484
ENST00000257860.9	54	4604	4550
ENST00000257861.7	3	20596	20593
ENST00000257863.9	80	9323	9243
ENST00000257867.5	84	4439	4355
ENST00000257868.10	195	7975	7780
ENST00000257879.11	493	26500	26007
ENST00000257894.2	103	20644	20541
ENST00000257895.10	792	5099	4307
ENST00000257897.7	2794	20800	18006
ENST00000257899.3	0	5961	5961
ENST00000257901.7	850	8911	8061
ENST00000257904.11	801	4892	4091
ENST00000257905.13	1144	9748	8604
ENST00000257909.8	354	10679	10325
ENST00000257910.8	116	2872	2756
ENST00000257915.10	1588	80257	78669
ENST00000257931.9	675	19735	19060
ENST00000257934.9	468	31502	31034
ENST00000257940.7	2297	4899	2602
ENST00000257951.3	225	9564	9339
ENST00000257963.9	45	43914	43869
ENST00000257966.13	321	28890	28569
ENST00000257974.3	1047	13876	12829
ENST00000257981.7	387	22154	21767
ENST00000258014.3	48756	72712	23956
ENST00000258034.4	84	2104	2020
ENST00000258042.2	1167	15341	14174
ENST00000258052.8	398	4437	4039
ENST00000258062.9	197	85177	84980
ENST00000258080.8	74	4415	4341
ENST00000258083.3	447	5709	5262
ENST00000258091.10	71	20167	20096
ENST00000258098.6	2142	41349	39207
ENST00000258100.8	29	6043	6014
ENST00000258104.8	438	239113	238675
ENST00000258105.8	140	1011	871
ENST00000258106.11	334	17299	16965
ENST00000258111.5	445	64987	64542
ENST00000258145.8	3295	47469	44174
ENST00000258148.11	14	32699	32685
ENST00000258149.11	301	33149	32848
ENST00000258157.9	2333	15251	12918
ENST00000258168.7	220	53515	53295
ENST00000258169.9	572	22488	21916
ENST00000258173.11	3256	20409	17153
ENST00000258187.9	24114	49006	24892
ENST00000258198.7	2832	32161	29329
ENST00000258200.8	1829	4980	3151
ENST00000258201.9	250	21491	21241
ENST00000258214.3	563	18638	18075
ENST00000258229.14	872	318420	317548
ENST00000258243.7	1387	37610	36223
ENST00000258281.7	1166	23111	21945
ENST00000258301.6	3848	50705	46857
ENST00000258302.8	4922	31596	26674
ENST00000258317.6	22	35504	35482
ENST00000258341.5	297	124166	123869
ENST00000258349.8	7510	65151	57641
ENST00000258362.7	95	22879	22784
ENST00000258381.11	3941	53862	49921
ENST00000258382.10	193	42085	41892
ENST00000258383.4	10	10560	10550
ENST00000258385.8	56	10688	10632
ENST00000258387.6	91	5593	5502
ENST00000258390.12	634	283786	283152
ENST00000258398.8	103	20391	20288
ENST00000258399.8	4682	111316	106634
ENST00000258400.4	290	16974	16684
ENST00000258403.8	1529	17930	16401
ENST00000258405.9	825	28041	27216
ENST00000258411.8	144	13663	13519
ENST00000258412.8	1281	8866	7585
ENST00000258415.9	36	34464	34428
ENST00000258416.8	36	19053	19017
ENST00000258418.10	47160	106874	59714
ENST00000258424.3	25	2426	2401
ENST00000258428.8	767	68229	67462
ENST00000258436.10	3793	23596	19803
ENST00000258439.8	5297	17578	12281
ENST00000258443.7	2439	37876	35437
ENST00000258455.8	24	62866	62842
ENST00000258456.3	116	2346	2230
ENST00000258457.7	48	8520	8472
ENST00000258459.12	2247	88903	86656
ENST00000258484.11	267	144030	143763
ENST00000258494.14	4637	67392	62755
ENST00000258499.8	1597	19827	18230
ENST00000258526.9	395	161378	160983
ENST00000258530.8	1017	64683	63666
ENST00000258534.13	210	44384	44174
ENST00000258538.8	3354	128435	125081
ENST00000258607.10	79	21697	21618
ENST00000258613.5	247	27985	27738
ENST00000258646.3	2179	36915	34736
ENST00000258648.7	1418	20157	18739
ENST00000258662.3	21	8559	8538
ENST00000258679.11	401	63117	62716
ENST00000258682.10	635	107523	106888
ENST00000258704.3	137	7878	7741
ENST00000258711.7	29052	31534	2482
ENST00000258729.8	2156	161623	159467
ENST00000258733.9	83	29115	29032
ENST00000258738.10	4001	110619	106618
ENST00000258739.9	2055	23599	21544
ENST00000258742.10	38	19956	19918
ENST00000258743.10	63	5001	4938
ENST00000258761.8	19263	61150	41887
ENST00000258770.8	228	11020	10792
ENST00000258772.10	201	9718	9517
ENST00000258774.10	2071	17063	14992
ENST00000258781.11	133	77175	77042
ENST00000258787.12	80	19331	19251
ENST00000258796.12	170	31305	31135
ENST00000258807.5	449	3323	2874
ENST00000258821.8	3403	21020	17617
ENST00000258829.6	901	3100	2199
ENST00000258873.9	3979	69191	65212
ENST00000258874.4	1666	54047	52381
ENST00000258884.5	120	60041	59921
ENST00000258886.13	122	62791	62669
ENST00000258888.6	97	56198	56101
ENST00000258909.13	23	20166	20143
ENST00000258930.8	708	27164	26456
ENST00000258947.8	10673	33293	22620
ENST00000258955.7	25	7315	7290
ENST00000258960.7	13	45795	45782
ENST00000258962.5	4490	6958	2468
ENST00000258963.7	2929	12331	9402
ENST00000258969.4	802	5388	4586
ENST00000258975.7	189	7990	7801
ENST00000258991.7	1745	70381	68636
ENST00000259003.14	114	2071	1957
ENST00000259006.8	2667	3787	1120
ENST00000259008.7	4160	186128	181968
ENST00000259021.9	154	40636	40482
ENST00000259030.3	57	3721	3664
ENST00000259037.8	22	19804	19782
ENST00000259038.6	420	16852	16432
ENST00000259043.11	563	7113	6550
ENST00000259050.8	16524	56943	40419
ENST00000259053.6	3226	30260	27034
ENST00000259056.5	378	56450	56072
ENST00000259075.6	42755	99875	57120
ENST00000259089.9	48838	71221	22383
ENST00000259119.9	2617	36745	34128
ENST00000259154.9	382	55738	55356
ENST00000259199.9	178	59219	59041
ENST00000259205.5	633	7543	6910
ENST00000259206.9	122	15505	15383
ENST00000259211.7	413	3052	2639
ENST00000259213.9	588	10107	9519
ENST00000259216.6	715	7785	7070
ENST00000259229.7	1190	4727	3537
ENST00000259234.10	785	88216	87431
ENST00000259235.7	791	89069	88278
ENST00000259238.8	502	60391	59889
ENST00000259239.8	36	4432	4396
ENST00000259241.7	2685	54314	51629
ENST00000259253.11	158	103163	103005
ENST00000259254.9	106	40361	40255
ENST00000259271.7	145	86032	85887
ENST00000259318.7	10737	45567	34830
ENST00000259324.5	24663	36294	11631
ENST00000259335.8	1340	130052	128712
ENST00000259339.7	29	7399	7370
ENST00000259351.10	47508	305637	258129
ENST00000259357.3	3	1933	1930
ENST00000259362.1	3	1909	1906
ENST00000259365.9	22523	99097	76574
ENST00000259371.7	132	219864	219732
ENST00000259392.8	68	12332	12264
ENST00000259395.4	949	12368	11419
ENST00000259396.9	36	3853	3817
ENST00000259400.11	8586	62915	54329
ENST00000259407.7	2014	12238	10224
ENST00000259455.4	2478	423432	420954
ENST00000259456.7	596	12793	12197
ENST00000259457.8	136	62783	62647
ENST00000259460.12	2472	34392	31920
ENST00000259466.1	0	1864	1864
ENST00000259467.9	1991	9590	7599
ENST00000259470.6	3275	9361	6086
ENST00000259477.6	86	8187	8101
ENST00000259486.10	438	84413	83975
ENST00000259512.9	2280	29697	27417
ENST00000259523.10	2829	5746	2917
ENST00000259526.4	87	7749	7662
ENST00000259555.5	68	1206	1138
ENST00000259569.6	1268	7896	6628
ENST00000259605.11	3355	65241	61886
ENST00000259607.7	392	1459	1067
ENST00000259608.8	556	2141	1585
ENST00000259622.10	0	4832	4832
ENST00000259631.5	57	1076	1019
ENST00000259632.12	239	7469	7230
ENST00000259633.9	645	9390	8745
ENST00000259667.6	97	2503	2406
ENST00000259698.9	2092	74689	72597
ENST00000259708.7	353	16707	16354
ENST00000259711.11	420	229146	228726
ENST00000259727.5	107	57622	57515
ENST00000259746.13	7671	30439	22768
ENST00000259748.6	446	8282	7836
ENST00000259750.9	3180	45841	42661
ENST00000259751.5	21429	29913	8484
ENST00000259782.9	110	82898	82788
ENST00000259803.8	1248	19974	18726
ENST00000259808.9	8330	46845	38515
ENST00000259818.8	477	4597	4120
ENST00000259845.5	420	1898	1478
ENST00000259870.4	161	2305	2144
ENST00000259873.5	26	8721	8695
ENST00000259874.6	740	1785	1045
ENST00000259881.10	14833	25581	10748
ENST00000259883.3	2242	23130	20888
ENST00000259895.9	830	7146	6316
ENST00000259915.13	267	7358	7091
ENST00000259938.7	167	2639	2472
ENST00000259939.4	12185	78616	66431
ENST00000259951.12	30	5057	5027
ENST00000259953.8	617	3709	3092
ENST00000259963.4	108	9268	9160
ENST00000259983.8	37	16580	16543
ENST00000259989.7	2216	3552	1336
ENST00000260010.6	1408	6110	4702
ENST00000260045.8	911	33158	32247
ENST00000260047.10	795	63594	62799
ENST00000260054.8	12477	24997	12520
ENST00000260056.6	378	16131	15753
ENST00000260058.9	3436	5350	1914
ENST00000260061.9	2083	10414	8331
ENST00000260102.9	43	13358	13315
ENST00000260113.7	716	25485	24769
ENST00000260116.5	1767	27362	25595
ENST00000260118.7	256	24634	24378
ENST00000260126.9	5826	168162	162336
ENST00000260128.8	97352	194502	97150
ENST00000260129.6	173	53800	53627
ENST00000260130.9	11773	29362	17589
ENST00000260187.7	1623	20068	18445
ENST00000260191.8	138	42652	42514
ENST00000260197.12	18	183840	183822
ENST00000260210.5	312	26638	26326
ENST00000260227.5	271	10987	10716
ENST00000260228.3	497	49926	49429
ENST00000260229.5	282	15756	15474
ENST00000260247.10	11676	41889	30213
ENST00000260257.9	869	6943	6074
ENST00000260264.8	34	83050	83016
ENST00000260270.3	173	33065	32892
ENST00000260276.8	20	4782	4762
ENST00000260282.8	2827	6077	3250
ENST00000260283.8	2331	138747	136416
ENST00000260287.2	535	8060	7525
ENST00000260302.8	1274	14113	12839
ENST00000260315.8	1504	30186	28682
ENST00000260318.6	27795	57003	29208
ENST00000260323.16	34463	655279	620816
ENST00000260324.12	23895	57339	33444
ENST00000260327.9	31386	97928	66542
ENST00000260356.6	779	17776	16997
ENST00000260359.10	264	48756	48492
ENST00000260361.9	94	10683	10589
ENST00000260363.9	220	36415	36195
ENST00000260364.9	96007	128394	32387
ENST00000260372.8	35	18674	18639
ENST00000260376.11	1455	27831	26376
ENST00000260379.11	131	3024	2893
ENST00000260382.10	69	158825	158756
ENST00000260383.11	254	36093	35839
ENST00000260385.10	660	20297	19637
ENST00000260386.7	54	10665	10611
ENST00000260402.8	809	23286	22477
ENST00000260403.7	217	52912	52695
ENST00000260404.8	24916	38256	13340
ENST00000260408.8	8741	162953	154212
ENST00000260442.3	588	4073	3485
ENST00000260443.9	1349	16567	15218
ENST00000260447.6	113	3527	3414
ENST00000260453.4	380	37723	37343
ENST00000260502.11	503	115653	115150
ENST00000260505.13	4941	89828	84887
ENST00000260506.12	151	104630	104479
ENST00000260508.9	407	53920	53513
ENST00000260526.11	4967	66467	61500
ENST00000260563.4	127	26377	26250
ENST00000260569.4	12980	28092	15112
ENST00000260570.8	58	50475	50417
ENST00000260585.12	90	44138	44048
ENST00000260598.10	488	13861	13373
ENST00000260599.11	488	13861	13373
ENST00000260600.9	766	103229	102463
ENST00000260604.8	45741	59260	13519
ENST00000260605.12	100	36765	36665
ENST00000260641.10	79	42073	41994
ENST00000260643.7	661	4907	4246
ENST00000260648.10	532	41055	40523
ENST00000260649.11	56	47201	47145
ENST00000260653.5	403	4049	3646
ENST00000260662.2	458	25235	24777
ENST00000260665.12	2379	113867	111488
ENST00000260682.8	25	51828	51803
ENST00000260702.4	1234	17583	16349
ENST00000260723.6	3786	68289	64503
ENST00000260731.5	246	63809	63563
ENST00000260733.7	81	93270	93189
ENST00000260743.10	369	4122	3753
ENST00000260746.6	3166	41084	37918
ENST00000260753.8	3685	77743	74058
ENST00000260762.10	14	212222	212208
ENST00000260777.14	2970	78544	75574
ENST00000260795.8	623	11474	10851
ENST00000260803.9	904	15431	14527
ENST00000260810.10	1015	65428	64413
ENST00000260818.11	17049	127451	110402
ENST00000260843.5	86	7086	7000
ENST00000260908.13	10672	17608	6936
ENST00000260926.9	2706	188718	186012
ENST00000260930.10	0	11186	11186
ENST00000260943.11	347	1159078	1158731
ENST00000260947.9	3033	86243	83210
ENST00000260950.5	1561	8018	6457
ENST00000260952.9	4674	11190	6516
ENST00000260953.10	66	13460	13394
ENST00000260956.9	2090	14095	12005
ENST00000260967.6	1149	85656	84507
ENST00000260970.8	19691	55419	35728
ENST00000260983.8	7208	244039	236831
ENST00000260988.5	68	4069	4001
ENST00000261007.9	467	18170	17703
ENST00000261015.5	6602	38471	31869
ENST00000261016.11	0	47752	47752
ENST00000261017.9	235	100484	100249
ENST00000261018.12	121	100569	100448
ENST00000261023.8	283	90347	90064
ENST00000261024.7	1291	21575	20284
ENST00000261034.6	1332	19921	18589
ENST00000261037.7	152208	159888	7680
ENST00000261038.6	124	85731	85607
ENST00000261047.8	233	46593	46360
ENST00000261058.3	149	2115	1966
ENST00000261070.7	5620	7965	2345
ENST00000261167.7	2486	18713	16227
ENST00000261168.9	58234	136184	77950
ENST00000261169.10	2852	56980	54128
ENST00000261170.5	488	87008	86520
ENST00000261172.8	477	39843	39366
ENST00000261177.10	27034	65706	38672
ENST00000261178.9	18	89223	89205
ENST00000261180.10	274	394010	393736
ENST00000261183.8	4095	138398	134303
ENST00000261187.8	15465	91769	76304
ENST00000261191.12	319	33724	33405
ENST00000261192.12	7987	140055	132068
ENST00000261195.3	850	70578	69728
ENST00000261196.6	67	102664	102597
ENST00000261197.7	48076	133635	85559
ENST00000261200.9	3658	143894	140236
ENST00000261201.10	7788	143894	136106
ENST00000261203.7	50571	140446	89875
ENST00000261205.9	352746	585605	232859
ENST00000261206.7	64	178901	178837
ENST00000261207.9	2369	164433	162064
ENST00000261208.8	1573	25199	23626
ENST00000261210.9	16	22541	22525
ENST00000261211.8	1984	58128	56144
ENST00000261220.13	30	41106	41076
ENST00000261226.9	4316	84735	80419
ENST00000261233.9	86	60730	60644
ENST00000261234.11	52	30503	30451
ENST00000261244.9	275	124325	124050
ENST00000261245.9	102	234504	234402
ENST00000261249.7	3671	11054	7383
ENST00000261250.8	2075	50102	48027
ENST00000261254.8	279	27106	26827
ENST00000261263.5	267	31475	31208
ENST00000261266.9	89	94370	94281
ENST00000261267.7	28	5275	5247
ENST00000261275.5	3090	452077	448987
ENST00000261292.9	252	29952	29700
ENST00000261296.7	731	23120	22389
ENST00000261302.9	1056	252579	251523
ENST00000261303.13	45	17160	17115
ENST00000261304.7	1721	62188	60467
ENST00000261308.10	15	26024	26009
ENST00000261313.3	86	9233	9147
ENST00000261318.5	7642	28339	20697
ENST00000261326.6	43	83834	83791
ENST00000261332.11	5008	9524	4516
ENST00000261333.10	1416	17700	16284
ENST00000261336.7	135	63911	63776
ENST00000261339.10	0	25594	25594
ENST00000261340.11	22	25661	25639
ENST00000261349.9	5104	155526	150422
ENST00000261353.9	9645	12194	2549
ENST00000261366.10	373	60872	60499
ENST00000261367.11	78928	154401	75473
ENST00000261368.13	78898	154003	75105
ENST00000261369.9	21	162633	162612
ENST00000261374.4	449	102496	102047
ENST00000261377.11	427	45253	44826
ENST00000261381.7	6929	371892	364963
ENST00000261383.3	46	238616	238570
ENST00000261388.7	2504	21353	18849
ENST00000261396.6	1648	71432	69784
ENST00000261401.8	2297	57621	55324
ENST00000261402.7	3460	77284	73824
ENST00000261405.10	141	182707	182566
ENST00000261406.7	0	12752	12752
ENST00000261407.9	964	43688	42724
ENST00000261413.10	1509	102049	100540
ENST00000261415.12	10861	144574	133713
ENST00000261416.12	28	37593	37565
ENST00000261425.7	17614	78140	60526
ENST00000261426.10	213	60557	60344
ENST00000261427.10	192	80888	80696
ENST00000261434.8	31	18824	18793
ENST00000261435.11	40491	102678	62187
ENST00000261438.10	16427	34091	17664
ENST00000261439.9	11012	249733	238721
ENST00000261441.9	4151	52979	48828
ENST00000261443.9	877	24879	24002
ENST00000261448.6	1223	69706	68483
ENST00000261455.9	1290	51871	50581
ENST00000261458.8	20074	346942	326868
ENST00000261461.7	701	76802	76101
ENST00000261464.10	26407	47527	21120
ENST00000261465.5	18674	49039	30365
ENST00000261475.10	121	37833	37712
ENST00000261479.9	95	25652	25557
ENST00000261482.8	0	43468	43468
ENST00000261483.5	491	180478	179987
ENST00000261486.6	2374	258455	256081
ENST00000261488.10	475	201311	200836
ENST00000261489.7	2486	4914	2428
ENST00000261491.9	21	183858	183837
ENST00000261497.9	3438	44801	41363
ENST00000261499.11	147	19999	19852
ENST00000261503.9	9630	230230	220600
ENST00000261507.11	5702	15148	9446
ENST00000261509.10	14439	431476	417037
ENST00000261520.9	4028	61299	57271
ENST00000261523.9	194	131766	131572
ENST00000261530.12	2442	51363	48921
ENST00000261531.12	492	45122	44630
ENST00000261534.9	2423	47954	45531
ENST00000261535.7	3089	130103	127014
ENST00000261537.7	792	126868	126076
ENST00000261556.11	117	69801	69684
ENST00000261558.8	344	21372	21028
ENST00000261560.10	144	39066	38922
ENST00000261569.11	374	169689	169315
ENST00000261574.10	16106	71462	55356
ENST00000261584.9	297	41537	41240
ENST00000261588.10	27	233308	233281
ENST00000261590.13	75	51902	51827
ENST00000261592.10	1745	374056	372311
ENST00000261593.8	903	38038	37135
ENST00000261596.9	3302	46515	43213
ENST00000261597.9	1429	46924	45495
ENST00000261600.11	109	55449	55340
ENST00000261601.8	142	54190	54048
ENST00000261606.11	312	153001	152689
ENST00000261609.13	726	224803	224077
ENST00000261615.5	122	9153	9031
ENST00000261622.5	2950	40910	37960
ENST00000261623.8	67	8303	8236
ENST00000261636.13	2527	15066	12539
ENST00000261637.5	178	114308	114130
ENST00000261643.8	102	139028	138926
ENST00000261644.8	0	11367	11367
ENST00000261646.11	1291	28905	27614
ENST00000261647.10	25	28825	28800
ENST00000261652.7	469	33868	33399
ENST00000261653.11	2303	50350	48047
ENST00000261654.10	559	187950	187391
ENST00000261655.8	3001	86015	83014
ENST00000261657.5	0	50777	50777
ENST00000261658.7	11396	36216	24820
ENST00000261660.4	1457	140652	139195
ENST00000261667.8	2483	94732	92249
ENST00000261674.9	140	91230	91090
ENST00000261681.9	37736	93530	55794
ENST00000261692.7	763	10983	10220
ENST00000261693.11	5830	88379	82549
ENST00000261699.8	36	75900	75864
ENST00000261700.8	94	15691	15597
ENST00000261707.7	4138	29514	25376
ENST00000261708.9	2458	42495	40037
ENST00000261712.8	14	37371	37357
ENST00000261713.8	3458	13506	10048
ENST00000261714.11	817	44969	44152
ENST00000261716.8	61186	155640	94454
ENST00000261721.9	1647	52166	50519
ENST00000261722.8	261	53642	53381
ENST00000261726.11	13	318593	318580
ENST00000261729.9	654	38575	37921
ENST00000261731.4	1160	10666	9506
ENST00000261733.7	50	44177	44127
ENST00000261735.4	40	10003	9963
ENST00000261739.9	259	39876	39617
ENST00000261740.7	535	34305	33770
ENST00000261741.10	1170	147026	145856
ENST00000261745.9	2845	84976	82131
ENST00000261749.11	60669	78568	17899
ENST00000261751.8	1025	18510	17485
ENST00000261755.9	261	34655	34394
ENST00000261758.6	3470	14738	11268
ENST00000261769.10	124	98834	98710
ENST00000261772.13	426	33349	32923
ENST00000261776.10	492	115788	115296
ENST00000261778.2	87	243391	243304
ENST00000261783.4	58	32051	31993
ENST00000261789.9	269	7683	7414
ENST00000261796.4	105	5495	5390
ENST00000261797.7	13124	47830	34706
ENST00000261798.10	3874	59066	55192
ENST00000261799.9	1927	26504	24577
ENST00000261800.6	1476	77863	76387
ENST00000261811.6	19278	68509	49231
ENST00000261813.9	942	58400	57458
ENST00000261817.6	86	28197	28111
ENST00000261819.8	238	46343	46105
ENST00000261822.5	208	37900	37692
ENST00000261826.10	41	32879	32838
ENST00000261833.11	2444	196412	193968
ENST00000261835.8	120	43911	43791
ENST00000261837.12	7660	70749	63089
ENST00000261839.12	1583	108499	106916
ENST00000261842.10	96	97366	97270
ENST00000261844.11	836	99916	99080
ENST00000261845.7	27242	47936	20694
ENST00000261847.7	3477	60680	57203
ENST00000261854.10	5537	64812	59275
ENST00000261858.7	95172	110454	15282
ENST00000261861.10	270	148406	148136
ENST00000261862.8	26057	664937	638880
ENST00000261866.12	428	108240	107812
ENST00000261867.5	5560	44028	38468
ENST00000261868.10	48	24765	24717
ENST00000261875.10	169	46988	46819
ENST00000261879.10	19	28938	28919
ENST00000261880.10	2157	54899	52742
ENST00000261881.9	770	17652	16882
ENST00000261883.6	1974	18539	16565
ENST00000261884.8	28	68955	68927
ENST00000261888.10	1316	29295	27979
ENST00000261889.9	21	43857	43836
ENST00000261890.7	95	18989	18894
ENST00000261891.7	1487	134324	132837
ENST00000261892.11	2143	35426	33283
ENST00000261893.9	11	21576	21565
ENST00000261897.5	7781	23119	15338
ENST00000261900.8	4578	30386	25808
ENST00000261908.11	213	254584	254371
ENST00000261917.4	2625	52012	49387
ENST00000261918.9	1338	26613	25275
ENST00000261921.8	322	27087	26765
ENST00000261937.11	1689	52098	50409
ENST00000261942.7	23	59886	59863
ENST00000261944.10	16011	50226	34215
ENST00000261947.4	215	117393	117178
ENST00000261951.9	34898	81478	46580
ENST00000261963.11	0	10384	10384
ENST00000261965.8	985	105668	104683
ENST00000261973.12	13108	63779	50671
ENST00000261978.9	2704	119188	116484
ENST00000261980.3	113	22545	22432
ENST00000261994.9	3508	11461	7953
ENST00000262013.12	4101	162415	158314
ENST00000262018.8	36	10581	10545
ENST00000262027.10	23	31189	31166
ENST00000262030.8	151	9365	9214
ENST00000262031.10	204	68397	68193
ENST00000262032.9	13835	29416	15581
ENST00000262033.11	1133	25122	23989
ENST00000262039.9	58	128536	128478
ENST00000262041.6	1178	76099	74921
ENST00000262043.8	10750	84005	73255
ENST00000262052.9	2336	26404	24068
ENST00000262053.8	16045	56482	40437
ENST00000262055.9	30	12172	12142
ENST00000262056.14	28	35582	35554
ENST00000262059.8	3430	18781	15351
ENST00000262061.7	33	25911	25878
ENST00000262065.8	1715	29780	28065
ENST00000262067.5	213	30339	30126
ENST00000262074.8	3108	93558	90450
ENST00000262077.3	1063	95753	94690
ENST00000262093.11	6338	43501	37163
ENST00000262094.10	49109	61582	12473
ENST00000262096.13	242	61816	61574
ENST00000262101.10	2207	71451	69244
ENST00000262102.10	2125	115799	113674
ENST00000262103.8	1354	12387	11033
ENST00000262105.6	209	18412	18203
ENST00000262109.8	406	68284	67878
ENST00000262113.9	5721	104291	98570
ENST00000262120.10	2457	65416	62959
ENST00000262124.15	127	38325	38198
ENST00000262126.9	45652	150516	104864
ENST00000262127.7	743	31888	31145
ENST00000262133.11	86	59221	59135
ENST00000262134.10	110	75641	75531
ENST00000262135.9	3926	106251	102325
ENST00000262138.4	205	67271	67066
ENST00000262139.10	495	37465	36970
ENST00000262144.11	2850	116551	113701
ENST00000262146.9	25219	65299	40080
ENST00000262150.7	3732	73426	69694
ENST00000262158.8	1522	31845	30323
ENST00000262160.11	32873	89190	56317
ENST00000262173.7	44	29920	29876
ENST00000262177.9	21569	80060	58491
ENST00000262178.7	2444	117897	115453
ENST00000262186.10	407	36414	36007
ENST00000262187.10	1110	54043	52933
ENST00000262188.13	326	11218	10892
ENST00000262189.11	1910	315535	313625
ENST00000262193.7	103	18839	18736
ENST00000262197.7	30	12188	12158
ENST00000262198.9	8281	32934	24653
ENST00000262207.9	1483	49220	47737
ENST00000262209.5	1659	57489	55830
ENST00000262210.11	59	134964	134905
ENST00000262213.7	1717	36092	34375
ENST00000262215.8	1279	151137	149858
ENST00000262219.10	449	57599	57150
ENST00000262225.8	85	12773	12688
ENST00000262227.7	36302	112071	75769
ENST00000262231.14	248	436100	435852
ENST00000262233.11	64	149119	149055
ENST00000262238.10	101	39690	39589
ENST00000262241.7	238	135297	135059
ENST00000262244.6	5381	130986	125605
ENST00000262259.7	2047	19310	17263
ENST00000262262.5	39	15690	15651
ENST00000262265.10	87	6137	6050
ENST00000262283.5	246	63366	63120
ENST00000262288.8	29	29444	29415
ENST00000262290.9	4396	31531	27135
ENST00000262291.9	23793	133461	109668
ENST00000262293.9	14007	46953	32946
ENST00000262294.12	1178	111127	109949
ENST00000262300.13	148	8338	8190
ENST00000262301.16	901	119036	118135
ENST00000262302.14	61	6557	6496
ENST00000262304.9	1022	59844	58822
ENST00000262305.9	358	97441	97083
ENST00000262306.11	61	6303	6242
ENST00000262315.14	65	12255	12190
ENST00000262316.10	284	9504	9220
ENST00000262318.12	931	32309	31378
ENST00000262319.11	922	19064	18142
ENST00000262320.8	685	62161	61476
ENST00000262327.9	2460	25327	22867
ENST00000262340.6	957	22668	21711
ENST00000262345.5	13005	91293	78288
ENST00000262346.6	1483	94677	93194
ENST00000262348.9	869	108550	107681
ENST00000262352.8	212	96647	96435
ENST00000262365.9	1471	12904	11433
ENST00000262366.7	17520	24326	6806
ENST00000262367.10	2667	162157	159490
ENST00000262370.12	135	65790	65655
ENST00000262374.10	7	14414	14407
ENST00000262375.11	14	30472	30458
ENST00000262376.11	5437	36033	30596
ENST00000262384.4	4181	73927	69746
ENST00000262394.7	282	19506	19224
ENST00000262395.10	102	6966	6864
ENST00000262396.10	28	6069	6041
ENST00000262406.10	171	92037	91866
ENST00000262407.6	186	20379	20193
ENST00000262410.10	67784	132101	64317
ENST00000262415.8	63	43506	43443
ENST00000262418.12	2071	17190	15119
ENST00000262419.10	1523	145488	143965
ENST00000262424.10	18511	88131	69620
ENST00000262426.6	43	3690	3647
ENST00000262428.5	1252	52740	51488
ENST00000262429.9	78	98002	97924
ENST00000262430.6	30	17845	17815
ENST00000262432.13	18	26290	26272
ENST00000262435.14	3569	121823	118254
ENST00000262441.10	140	65424	65284
ENST00000262442.9	29	384443	384414
ENST00000262444.13	79	199646	199567
ENST00000262450.8	4496	84057	79561
ENST00000262455.7	3430	120861	117431
ENST00000262456.6	5247	204064	198817
ENST00000262457.7	5279	204607	199328
ENST00000262460.5	148	38896	38748
ENST00000262461.7	189	106471	106282
ENST00000262462.9	650	69638	68988
ENST00000262464.9	1549	288365	286816
ENST00000262467.11	482	86731	86249
ENST00000262482.11	642	5786	5144
ENST00000262483.13	4078	108045	103967
ENST00000262487.5	503	79568	79065
ENST00000262493.12	747	164615	163868
ENST00000262494.13	747	153512	152765
ENST00000262498.8	436	16096	15660
ENST00000262502.5	25	51225	51200
ENST00000262506.8	6167	40868	34701
ENST00000262507.11	27	14087	14060
ENST00000262510.10	31215	98578	67363
ENST00000262518.9	1654	50217	48563
ENST00000262519.14	978	31369	30391
ENST00000262520.10	452	3200	2748
ENST00000262525.6	3265	8631	5366
ENST00000262539.7	6735	90234	83499
ENST00000262544.6	3281	55464	52183
ENST00000262545.7	266	256929	256663
ENST00000262547.9	1033	84225	83192
ENST00000262551.8	1656	20328	18672
ENST00000262554.7	1321	85627	84306
ENST00000262570.10	770	297740	296970
ENST00000262577.6	400	106594	106194
ENST00000262580.9	990	5997	5007
ENST00000262584.7	37	3125	3088
ENST00000262585.6	8026	69181	61155
ENST00000262593.10	354	175793	175439
ENST00000262605.9	4126	14686	10560
ENST00000262607.3	2180	31895	29715
ENST00000262608.13	324	187750	187426
ENST00000262613.10	219	21093	20874
ENST00000262622.4	4734	89801	85067
ENST00000262623.4	587	16681	16094
ENST00000262625.7	14	11310	11296
ENST00000262626.6	2001	27017	25016
ENST00000262629.9	169	4159	3990
ENST00000262630.7	1699	5277	3578
ENST00000262631.11	351	9877	9526
ENST00000262633.9	118	9945	9827
ENST00000262640.11	8092	61535	53443
ENST00000262643.8	565	13002	12437
ENST00000262644.9	5865	36726	30861
ENST00000262646.12	221	104407	104186
ENST00000262648.8	4124	205188	201064
ENST00000262650.11	30500	147164	116664
ENST00000262651.4	183	2155	1972
ENST00000262659.12	5	20640	20635
ENST00000262662.5	9624	14024	4400
ENST00000262675.11	348	35606	35258
ENST00000262676.9	4866	35216	30350
ENST00000262710.5	584	40723	40139
ENST00000262713.7	2269	12695	10426
ENST00000262715.10	2773	50599	47826
ENST00000262717.9	157124	223654	66530
ENST00000262719.10	143	269021	268878
ENST00000262722.11	103	62414	62311
ENST00000262726.12	78	258013	257935
ENST00000262738.9	2347	185343	182996
ENST00000262741.10	3536	93185	89649
ENST00000262746.5	296	8599	8303
ENST00000262752.5	5930	131762	125832
ENST00000262753.9	2028	103809	101781
ENST00000262764.11	17	42672	42655
ENST00000262765.10	188	38419	38231
ENST00000262768.11	2693	72766	70073
ENST00000262776.8	324	7686	7362
ENST00000262794.10	83	75046	74963
ENST00000262795.7	3711	61218	57507
ENST00000262803.10	251	37532	37281
ENST00000262805.17	2967	20475	17508
ENST00000262809.9	2092	81243	79151
ENST00000262811.10	0	55830	55830
ENST00000262812.9	168	20748	20580
ENST00000262815.13	31	36770	36739
ENST00000262817.8	89	8681	8592
ENST00000262820.7	1097	76972	75875
ENST00000262829.11	275	97347	97072
ENST00000262836.6	27	99029	99002
ENST00000262839.3	8305	187318	179013
ENST00000262843.11	561	103399	102838
ENST00000262844.10	4337	124878	120541
ENST00000262848.6	7863	109979	102116
ENST00000262850.7	443	41566	41123
ENST00000262854.11	1216	135052	133836
ENST00000262858.8	83945	150621	66676
ENST00000262865.9	62	34477	34415
ENST00000262866.9	1551	29793	28242
ENST00000262873.13	22138	52099	29961
ENST00000262878.5	2361	62827	60466
ENST00000262879.11	15590	106574	90984
ENST00000262887.10	84	34029	33945
ENST00000262890.8	46	5962	5916
ENST00000262891.9	318	53675	53357
ENST00000262894.11	2429	21447	19018
ENST00000262895.7	553	70370	69817
ENST00000262901.4	1492	76883	75391
ENST00000262903.9	1571	134251	132680
ENST00000262915.8	28707	223982	195275
ENST00000262919.10	90	180084	179994
ENST00000262929.9	1774	24785	23011
ENST00000262932.5	111	5989	5878
ENST00000262940.12	3128	39431	36303
ENST00000262941.7	3	11784	11781
ENST00000262942.10	7456	41129	33673
ENST00000262947.8	463	13302	12839
ENST00000262948.10	280	34743	34463
ENST00000262949.7	324	4973	4649
ENST00000262953.11	207	33469	33262
ENST00000262958.4	418	28098	27680
ENST00000262960.14	1340	47335	45995
ENST00000262961.9	1928	67791	65863
ENST00000262962.12	67	22574	22507
ENST00000262963.11	1269	86439	85170
ENST00000262965.12	2418	42900	40482
ENST00000262966.12	67	17873	17806
ENST00000262970.9	0	30050	30050
ENST00000262971.3	25	31655	31630
ENST00000262975.8	351	140949	140598
ENST00000262982.3	12152	53012	40860
ENST00000262990.9	1477	14042	12565
ENST00000262992.9	5625	410848	405223
ENST00000262994.9	313	134382	134069
ENST00000262995.9	313	134471	134158
ENST00000262999.4	468	10213	9745
ENST00000263012.10	66	65930	65864
ENST00000263025.9	2566	10233	7667
ENST00000263026.10	19452	79873	60421
ENST00000263033.9	134	28137	28003
ENST00000263035.9	80	54671	54591
ENST00000263036.9	9674	39132	29458
ENST00000263038.9	505	23248	22743
ENST00000263045.9	1357	17757	16400
ENST00000263050.3	18924	81146	62222
ENST00000263054.11	3760	594341	590581
ENST00000263056.6	4755	28043	23288
ENST00000263062.8	135	80477	80342
ENST00000263063.9	3811	41211	37400
ENST00000263066.11	181	31701	31520
ENST00000263071.9	903	14318	13415
ENST00000263073.11	1652	248115	246463
ENST00000263080.3	163	24021	23858
ENST00000263083.12	17	13003	12986
ENST00000263084.7	0	455	455
ENST00000263087.9	222	90022	89800
ENST00000263088.11	621	18484	17863
ENST00000263092.11	3924	87959	84035
ENST00000263093.7	185	15682	15497
ENST00000263094.11	1255	31707	30452
ENST00000263095.10	414	23355	22941
ENST00000263097.9	54	12209	12155
ENST00000263100.8	1842	9731	7889
ENST00000263102.7	4173	119090	114917
ENST00000263103.1	24	22066	22042
ENST00000263112.11	319	26722	26403
ENST00000263116.8	1140	16875	15735
ENST00000263119.10	24214	173513	149299
ENST00000263121.12	159	48175	48016
ENST00000263125.10	1062	90088	89026
ENST00000263126.3	31	22880	22849
ENST00000263150.9	15771	74425	58654
ENST00000263160.4	153	41090	40937
ENST00000263168.4	13	51145	51132
ENST00000263174.9	205	49591	49386
ENST00000263177.5	2830	115383	112553
ENST00000263181.7	584	80006	79422
ENST00000263182.8	14616	87789	73173
ENST00000263187.4	104	118790	118686
ENST00000263196.12	2582	87560	84978
ENST00000263201.7	49	40665	40616
ENST00000263202.15	762	30083	29321
ENST00000263205.11	69	81437	81368
ENST00000263207.8	1335	23767	22432
ENST00000263208.5	745	103804	103059
ENST00000263212.10	3670	27978	24308
ENST00000263228.4	598	100783	100185
ENST00000263233.9	3625	13304	9679
ENST00000263238.7	191	68605	68414
ENST00000263239.7	87	18026	17939
ENST00000263245.10	1089	62212	61123
ENST00000263246.8	1587	43755	42168
ENST00000263253.9	413	93572	93159
ENST00000263255.10	9489	49803	40314
ENST00000263256.7	3072	23309	20237
ENST00000263257.6	6132	41089	34957
ENST00000263265.11	195	32841	32646
ENST00000263266.4	1151	14840	13689
ENST00000263268.11	2282	71380	69098
ENST00000263269.4	4725	54262	49537
ENST00000263270.11	283	13020	12737
ENST00000263274.12	207	52851	52644
ENST00000263275.5	7236	39018	31782
ENST00000263276.6	1161	26986	25825
ENST00000263277.8	3191	29631	26440
ENST00000263278.9	160	24194	24034
ENST00000263280.11	1094	29161	28067
ENST00000263281.7	1265	14697	13432
ENST00000263285.11	14	33594	33580
ENST00000263309.7	3436	22123	18687
ENST00000263314.3	199	32821	32622
ENST00000263317.9	2406	168609	166203
ENST00000263321.6	79	119070	118991
ENST00000263326.8	1848	8290	6442
ENST00000263331.10	30	36651	36621
ENST00000263334.9	2539	63736	61197
ENST00000263335.11	4098	63352	59254
ENST00000263339.4	1145	10652	9507
ENST00000263341.7	613	7279	6666
ENST00000263346.13	76	39653	39577
ENST00000263347.11	20150	39033	18883
ENST00000263351.9	537	26639	26102
ENST00000263354.8	654	28177	27523
ENST00000263360.11	477	35080	34603
ENST00000263367.7	194	43726	43532
ENST00000263368.9	124	18533	18409
ENST00000263369.4	22	2285	2263
ENST00000263370.3	24	24487	24463
ENST00000263372.5	106	8491	8385
ENST00000263377.6	2861	41647	38786
ENST00000263379.4	111	22419	22308
ENST00000263381.12	3101	30704	27603
ENST00000263382.8	950	17546	16596
ENST00000263383.8	268	11953	11685
ENST00000263384.12	33	5874	5841
ENST00000263388.7	1627	48797	47170
ENST00000263390.8	1111	54821	53710
ENST00000263398.11	133	91233	91100
ENST00000263401.10	2343	17708	15365
ENST00000263408.5	1062	81990	80928
ENST00000263409.8	6635	58956	52321
ENST00000263413.7	594	63781	63187
ENST00000263431.4	298	26768	26470
ENST00000263433.8	557	28949	28392
ENST00000263434.5	509	30978	30469
ENST00000263437.10	3610	37654	34044
ENST00000263440.6	3351	70897	67546
ENST00000263441.11	99958	151010	51052
ENST00000263461.11	59	60991	60932
ENST00000263463.9	3	92440	92437
ENST00000263464.9	7026	21419	14393
ENST00000263468.13	275	85970	85695
ENST00000263512.5	204	3064	2860
ENST00000263519.5	18606	66293	47687
ENST00000263545.7	0	52082	52082
ENST00000263549.8	814	41189	40375
ENST00000263556.3	1001	69247	68246
ENST00000263559.11	100	48060	47960
ENST00000263563.7	47185	90512	43327
ENST00000263574.9	72	75810	75738
ENST00000263576.11	10	19807	19797
ENST00000263577.11	266	66570	66304
ENST00000263578.10	53	9979	9926
ENST00000263579.5	21	42555	42534
ENST00000263593.8	3841	42154	38313
ENST00000263598.6	60	4238	4178
ENST00000263604.5	116	59279	59163
ENST00000263610.7	192	7891	7699
ENST00000263611.3	0	7978	7978
ENST00000263620.8	3494	47798	44304
ENST00000263621.2	26	4654	4628
ENST00000263629.9	56	29431	29375
ENST00000263630.13	3872	136735	132863
ENST00000263634.8	526	97137	96611
ENST00000263635.8	97271	267927	170656
ENST00000263636.5	1692	106458	104766
ENST00000263640.7	1090	64567	63477
ENST00000263645.10	240	20253	20013
ENST00000263646.11	1389	34577	33188
ENST00000263650.12	1101	44657	43556
ENST00000263655.4	855	26879	26024
ENST00000263657.7	47	17660	17613
ENST00000263663.10	68	92256	92188
ENST00000263665.7	1836	261606	259770
ENST00000263666.9	937	245582	244645
ENST00000263671.9	72	35800	35728
ENST00000263672.11	20	28447	28427
ENST00000263674.4	363	65669	65306
ENST00000263681.7	77	49567	49490
ENST00000263686.11	1302	43699	42397
ENST00000263688.4	286	80844	80558
ENST00000263694.9	507	38244	37737
ENST00000263697.6	973	33470	32497
ENST00000263702.11	1368	39358	37990
ENST00000263707.6	7757	69944	62187
ENST00000263708.7	49932	219897	169965
ENST00000263710.8	3088	272694	269606
ENST00000263713.10	6008	164002	157994
ENST00000263726.4	266	45476	45210
ENST00000263733.5	17954	47467	29513
ENST00000263734.5	505	89844	89339
ENST00000263735.9	195	18232	18037
ENST00000263736.5	633	219726	219093
ENST00000263741.12	742	12858	12116
ENST00000263753.8	515	25109	24594
ENST00000263754.5	32	114554	114522
ENST00000263773.10	931	53828	52897
ENST00000263774.9	18	6189	6171
ENST00000263776.9	1358	19008	17650
ENST00000263780.9	214	27143	26929
ENST00000263791.10	81	105874	105793
ENST00000263795.11	31	41252	41221
ENST00000263798.8	46	21712	21666
ENST00000263800.11	362	12644	12282
ENST00000263801.7	177	91140	90963
ENST00000263805.8	4484	50012	45528
ENST00000263812.8	59682	109696	50014
ENST00000263826.12	3	339345	339342
ENST00000263831.11	211	53162	52951
ENST00000263834.9	16772	48824	32052
ENST00000263846.8	3317	66707	63390
ENST00000263847.6	2182	43673	41491
ENST00000263849.9	60	52367	52307
ENST00000263851.9	944	72675	71731
ENST00000263856.9	2377	60578	58201
ENST00000263857.11	7210	90686	83476
ENST00000263863.9	61	4643	4582
ENST00000263864.10	61	4424	4363
ENST00000263867.9	143	8427	8284
ENST00000263881.8	1355	190369	189014
ENST00000263893.10	20	11082	11062
ENST00000263895.9	1795	19949	18154
ENST00000263897.10	49	5222	5173
ENST00000263904.5	3776	60402	56626
ENST00000263915.8	622	130498	129876
ENST00000263918.9	11761	131087	119326
ENST00000263921.8	309	55000	54691
ENST00000263923.5	1463	50850	49387
ENST00000263925.8	1609	116875	115266
ENST00000263932.7	296	80995	80699
ENST00000263934.10	21524	171043	149519
ENST00000263946.7	251	47608	47357
ENST00000263955.9	3867	30909	27042
ENST00000263956.8	1531	39216	37685
ENST00000263960.7	9	21078	21069
ENST00000263962.12	775	237400	236625
ENST00000263966.8	186	133666	133480
ENST00000263967.4	50469	89188	38719
ENST00000263969.9	91	45501	45410
ENST00000263974.4	441	19458	19017
ENST00000263979.7	68590	167275	98685
ENST00000263980.8	1501	57958	56457
ENST00000263985.11	673	92136	91463
ENST00000263991.9	1326	343300	341974
ENST00000263997.11	3244	13814	10570
ENST00000264001.9	140	13884	13744
ENST00000264005.10	157	5665	5508
ENST00000264010.10	48307	77514	29207
ENST00000264012.9	70	55558	55488
ENST00000264020.6	376	16340	15964
ENST00000264021.8	376	16188	15812
ENST00000264025.8	3758	69106	65348
ENST00000264027.9	10605	15631	5026
ENST00000264028.5	139	29825	29686
ENST00000264029.9	976	24045	23069
ENST00000264031.3	53	2479	2426
ENST00000264033.6	79	96141	96062
ENST00000264036.6	1360	10494	9134
ENST00000264037.2	0	94579	94579
ENST00000264039.7	256	32289	32033
ENST00000264042.8	16823	140973	124150
ENST00000264047.3	1632	26066	24434
ENST00000264051.8	791	98305	97514
ENST00000264052.9	355	102307	101952
ENST00000264057.7	25	118575	118550
ENST00000264059.8	101	48825	48724
ENST00000264065.12	1830	63229	61399
ENST00000264071.7	848	9221	8373
ENST00000264079.11	127	12894	12767
ENST00000264080.12	401	9273	8872
ENST00000264088.8	2658	24982	22324
ENST00000264093.9	31	32677	32646
ENST00000264094.8	1351	22622	21271
ENST00000264107.12	121	77357	77236
ENST00000264108.5	40	62134	62094
ENST00000264110.7	2353	65687	63334
ENST00000264126.9	8538	54990	46452
ENST00000264128.13	26454	65645	39191
ENST00000264144.5	89	60689	60600
ENST00000264151.10	3921	16215	12294
ENST00000264156.3	1212	39185	37973
ENST00000264157.10	33	38004	37971
ENST00000264158.13	16	119405	119389
ENST00000264159.11	3376	310737	307361
ENST00000264160.8	73333	196049	122716
ENST00000264161.9	1438	81074	79636
ENST00000264162.7	477	55083	54606
ENST00000264167.11	17	147373	147356
ENST00000264169.6	5116	46856	41740
ENST00000264170.9	7704	165887	158183
ENST00000264183.9	1626	163930	162304
ENST00000264187.7	2040	92970	90930
ENST00000264192.8	1061	30470	29409
ENST00000264198.5	1245	9628	8383
ENST00000264202.8	758	147470	146712
ENST00000264203.7	794	110910	110116
ENST00000264205.10	21	72544	72523
ENST00000264211.13	843	200988	200145
ENST00000264218.7	3918	41474	37556
ENST00000264220.6	1993	43655	41662
ENST00000264221.6	564	25052	24488
ENST00000264228.9	95	24795	24700
ENST00000264229.11	128035	161297	33262
ENST00000264230.5	103	16322	16219
ENST00000264231.7	420	19452	19032
ENST00000264233.6	876	122186	121310
ENST00000264234.8	13144	31139	17995
ENST00000264235.13	5470	273362	267892
ENST00000264244.7	182	19180	18998
ENST00000264245.9	522	126198	125676
ENST00000264246.8	3481	34294	30813
ENST00000264249.8	1388	15878	14490
ENST00000264254.11	75	14211	14136
ENST00000264255.8	703	14902	14199
ENST00000264257.7	845	53929	53084
ENST00000264258.8	413	4460	4047
ENST00000264260.6	4589	35276	30687
ENST00000264263.9	38	49158	49120
ENST00000264265.4	235	6724	6489
ENST00000264266.12	62	28267	28205
ENST00000264275.9	33021	54605	21584
ENST00000264276.11	1587	73556	71969
ENST00000264279.10	179	39242	39063
ENST00000264312.12	1537	30398	28861
ENST00000264313.11	211	82280	82069
ENST00000264316.9	1247	69343	68096
ENST00000264318.4	9328	76177	66849
ENST00000264331.9	326	71155	70829
ENST00000264335.13	1175	56594	55419
ENST00000264343.4	658	72404	71746
ENST00000264344.10	2576	334049	331473
ENST00000264345.7	30	104289	104259
ENST00000264346.12	70	66648	66578
ENST00000264350.8	151	51805	51654
ENST00000264360.7	847	43978	43131
ENST00000264363.7	56	251876	251820
ENST00000264366.10	0	343466	343466
ENST00000264376.5	69	3385	3316
ENST00000264377.8	335	176562	176227
ENST00000264380.9	5265	95300	90035
ENST00000264381.8	481	59932	59451
ENST00000264382.8	467	102548	102081
ENST00000264389.7	42	41452	41410
ENST00000264399.6	2336	119940	117604
ENST00000264400.7	1378	34521	33143
ENST00000264405.9	55	55330	55275
ENST00000264409.5	515	69946	69431
ENST00000264414.9	4098	117147	113049
ENST00000264424.13	120	49228	49108
ENST00000264426.14	315	144947	144632
ENST00000264428.9	1875	96057	94182
ENST00000264431.8	419	94872	94453
ENST00000264433.11	187	138840	138653
ENST00000264434.7	474	33814	33340
ENST00000264436.9	6644	51788	45144
ENST00000264441.9	16	19763	19747
ENST00000264444.7	222	23829	23607
ENST00000264447.9	17173	108929	91756
ENST00000264449.14	4542	251907	247365
ENST00000264451.12	122	97279	97157
ENST00000264452.9	356	8882	8526
ENST00000264454.8	5282	21980	16698
ENST00000264463.8	566	108743	108177
ENST00000264468.9	13756	42502	28746
ENST00000264474.4	45	16607	16562
ENST00000264485.11	49318	382998	333680
ENST00000264498.9	94	66572	66478
ENST00000264499.9	1534	48110	46576
ENST00000264501.8	18315	224842	206527
ENST00000264515.11	2648	37331	34683
ENST00000264538.4	1668	62786	61118
ENST00000264546.10	0	307133	307133
ENST00000264552.14	1694	8506	6812
ENST00000264553.6	19	6501	6482
ENST00000264554.11	2342	46141	43799
ENST00000264555.10	5043	40234	35191
ENST00000264560.11	208	38893	38685
ENST00000264563.7	1628	6520	4892
ENST00000264568.8	12934	64675	51741
ENST00000264572.11	135	182218	182083
ENST00000264595.7	937	12630	11693
ENST00000264596.4	80	54399	54319
ENST00000264601.8	696	12459	11763
ENST00000264605.8	6176	68123	61947
ENST00000264607.9	144	20581	20437
ENST00000264613.11	1220	52471	51251
ENST00000264634.9	4380	22405	18025
ENST00000264637.8	11679	32030	20351
ENST00000264638.9	299	20504	20205
ENST00000264639.9	164	18361	18197
ENST00000264640.9	2444	19100	16656
ENST00000264644.10	7138	18045	10907
ENST00000264645.12	12	31177	31165
ENST00000264649.10	2015	64731	62716
ENST00000264651.3	249	7269	7020
ENST00000264657.10	2424	37479	35055
ENST00000264658.11	8800	150032	141232
ENST00000264661.4	3152	27089	23937
ENST00000264663.9	6473	104915	98442
ENST00000264664.5	4751	89056	84305
ENST00000264668.6	30	33111	33081
ENST00000264669.10	279	10904	10625
ENST00000264670.11	690	36022	35332
ENST00000264674.7	1413	64832	63419
ENST00000264676.9	744	32046	31302
ENST00000264677.9	179	31108	30929
ENST00000264689.11	858	27726	26868
ENST00000264690.11	689	32602	31913
ENST00000264691.4	0	3445	3445
ENST00000264694.13	37227	155834	118607
ENST00000264703.4	563	3492	2929
ENST00000264705.9	183	32777	32594
ENST00000264708.7	99	4586	4487
ENST00000264709.7	6427	88843	82416
ENST00000264710.5	525	101528	101003
ENST00000264711.7	3977	29074	25097
ENST00000264712.8	2383	57690	55307
ENST00000264716.9	863	20561	19698
ENST00000264717.7	66	28453	28387
ENST00000264718.7	21	22351	22330
ENST00000264719.5	0	34602	34602
ENST00000264720.8	824	20415	19591
ENST00000264723.9	365	18067	17702
ENST00000264728.8	70	15813	15743
ENST00000264731.8	127	265136	265009
ENST00000264734.3	167	22570	22403
ENST00000264735.4	14429	29981	15552
ENST00000264741.10	234	369922	369688
ENST00000264748.6	35	14399	14364
ENST00000264750.10	23	50332	50309
ENST00000264758.11	32059	86953	54894
ENST00000264771.9	15280	27535	12255
ENST00000264775.9	355	110624	110269
ENST00000264779.6	10	50057	50047
ENST00000264784.8	176	196813	196637
ENST00000264785.12	892	14340	13448
ENST00000264790.7	118	62237	62119
ENST00000264805.9	63	131112	131049
ENST00000264808.8	3199	232567	229368
ENST00000264811.9	712	56544	55832
ENST00000264819.7	1120	40830	39710
ENST00000264824.5	289	2975	2686
ENST00000264827.9	281	14574	14293
ENST00000264828.4	853	55992	55139
ENST00000264832.8	40	15753	15713
ENST00000264833.9	471	84004	83533
ENST00000264834.6	466	3801	3335
ENST00000264839.11	0	518280	518280
ENST00000264848.10	19	30899	30880
ENST00000264852.9	467	97606	97139
ENST00000264864.8	131	44584	44453
ENST00000264866.9	110	172417	172307
ENST00000264867.7	3804	100317	96513
ENST00000264868.9	995	119346	118351
ENST00000264870.8	1538	176762	175224
ENST00000264883.8	705	35219	34514
ENST00000264888.6	2326	6545	4219
ENST00000264893.11	152	86034	85882
ENST00000264896.8	2979	56228	53249
ENST00000264904.8	222	91587	91365
ENST00000264908.11	2704	59299	56595
ENST00000264914.10	3191	209630	206439
ENST00000264917.10	246	218504	218258
ENST00000264926.7	4285	87782	83497
ENST00000264930.10	1979	64832	62853
ENST00000264932.11	36	40074	40038
ENST00000264933.9	75	43433	43358
ENST00000264934.5	173	85127	84954
ENST00000264935.6	22	42739	42717
ENST00000264938.8	2926	56351	53425
ENST00000264951.8	4907	146413	141506
ENST00000264952.2	137	40554	40417
ENST00000264954.5	1970	9784	7814
ENST00000264956.11	180	102788	102608
ENST00000264963.9	1330	35147	33817
ENST00000264968.7	6463	108816	102353
ENST00000264972.10	10461	27764	17303
ENST00000264977.8	35771	182872	147101
ENST00000264982.8	674	80358	79684
ENST00000264990.11	833	103930	103097
ENST00000264991.8	11384	23110	11726
ENST00000264992.8	185	13464	13279
ENST00000264993.8	359	15126	14767
ENST00000264995.8	514	41643	41129
ENST00000265000.9	25	154862	154837
ENST00000265007.11	664	28653	27989
ENST00000265012.5	230	42047	41817
ENST00000265016.9	80	29722	29642
ENST00000265018.4	3229	155155	151926
ENST00000265022.8	2892	175607	172715
ENST00000265026.8	65446	122202	56756
ENST00000265028.8	178	15749	15571
ENST00000265029.8	62	13368	13306
ENST00000265036.10	844	104757	103913
ENST00000265038.10	733	72355	71622
ENST00000265044.7	3653	16086	12433
ENST00000265052.10	3135	134183	131048
ENST00000265056.12	56	26055	25999
ENST00000265062.8	69185	87852	18667
ENST00000265068.9	4639	27935	23296
ENST00000265069.13	1413	93510	92097
ENST00000265070.7	1499	50208	48709
ENST00000265071.3	73788	131978	58190
ENST00000265073.9	2956	15901	12945
ENST00000265074.13	456	76636	76180
ENST00000265077.8	11775	118861	107086
ENST00000265080.9	376	269088	268712
ENST00000265081.7	76	224594	224518
ENST00000265085.10	1385	69962	68577
ENST00000265087.9	3127	14372	11245
ENST00000265093.4	45	36705	36660
ENST00000265094.9	7086	146564	139478
ENST00000265097.9	441	9724	9283
ENST00000265100.6	450	10546	10096
ENST00000265104.5	1659	267903	266244
ENST00000265107.9	50	375196	375146
ENST00000265109.8	30592	177357	146765
ENST00000265112.8	122	28890	28768
ENST00000265113.9	1818	81277	79459
ENST00000265132.8	115	19128	19013
ENST00000265134.10	677	25710	25033
ENST00000265136.12	1342	304191	302849
ENST00000265138.4	2772	15695	12923
ENST00000265140.10	10142	79794	69652
ENST00000265148.9	414	100562	100148
ENST00000265149.9	87157	100441	13284
ENST00000265154.6	146	79079	78933
ENST00000265162.10	260	88251	87991
ENST00000265164.7	705	15639	14934
ENST00000265165.6	16084	121405	105321
ENST00000265171.10	453	102166	101713
ENST00000265174.5	586	108373	107787
ENST00000265175.5	55	109637	109582
ENST00000265187.4	1085	45911	44826
ENST00000265191.4	509	24236	23727
ENST00000265192.9	21931	27319	5388
ENST00000265195.9	366	182463	182097
ENST00000265198.8	5222	112639	107417
ENST00000265224.9	127	16010	15883
ENST00000265229.12	15323	26175	10852
ENST00000265239.11	506	57869	57363
ENST00000265245.10	1280	33331	32051
ENST00000265260.8	36	19099	19063
ENST00000265261.11	36186	62487	26301
ENST00000265271.7	161	85581	85420
ENST00000265272.9	3103	85650	82547
ENST00000265277.10	44759	93816	49057
ENST00000265284.10	46	154621	154575
ENST00000265293.9	508	180685	180177
ENST00000265294.9	4891	29841	24950
ENST00000265295.9	4644	22235	17591
ENST00000265299.6	77	122838	122761
ENST00000265304.11	809	12431	11622
ENST00000265310.6	416	27530	27114
ENST00000265316.9	169	11408	11239
ENST00000265322.8	890	44254	43364
ENST00000265333.8	903	21982	21079
ENST00000265334.9	230	69863	69633
ENST00000265339.7	27	19231	19204
ENST00000265340.12	1048	7086	6038
ENST00000265342.12	2643	410039	407396
ENST00000265343.10	5667	65263	59596
ENST00000265344.8	27062	37050	9988
ENST00000265346.11	45	14080	14035
ENST00000265348.9	74	20240	20166
ENST00000265350.9	1721	16296	14575
ENST00000265351.12	1537	57110	55573
ENST00000265354.6	388	9435	9047
ENST00000265361.8	2359	176479	174120
ENST00000265362.9	5597	241105	235508
ENST00000265371.8	2587	159642	157055
ENST00000265375.13	146538	233145	86607
ENST00000265381.7	3798	92177	88379
ENST00000265382.8	117375	287625	170250
ENST00000265388.10	3073	103332	100259
ENST00000265393.10	8430	90956	82526
ENST00000265394.10	540	127242	126702
ENST00000265395.7	775	138346	137571
ENST00000265403.12	26	16460	16434
ENST00000265404.7	83	48503	48420
ENST00000265417.7	1396	58181	56785
ENST00000265421.9	131	34151	34020
ENST00000265425.3	1248	13786	12538
ENST00000265428.4	10	95592	95582
ENST00000265431.7	1568	24861	23293
ENST00000265433.8	2254	53476	51222
ENST00000265437.9	214	271389	271175
ENST00000265440.12	5402	50323	44921
ENST00000265441.8	2707	48613	45906
ENST00000265447.8	732	17150	16418
ENST00000265459.11	1025	112639	111614
ENST00000265460.9	35	34058	34023
ENST00000265462.9	95	4203	4108
ENST00000265465.8	331	37080	36749
ENST00000265471.10	408	7651	7243
ENST00000265498.6	201	38762	38561
ENST00000265512.12	787	21695	20908
ENST00000265517.10	86	50685	50599
ENST00000265523.9	12479	49433	36954
ENST00000265529.7	260	51329	51069
ENST00000265537.8	5881	113268	107387
ENST00000265560.9	1152	65747	64595
ENST00000265562.5	76	37044	36968
ENST00000265563.13	5002	102211	97209
ENST00000265564.8	34	35957	35923
ENST00000265565.10	176	33127	32951
ENST00000265572.8	3576	26450	22874
ENST00000265577.11	671	124104	123433
ENST00000265586.10	1365	98608	97243
ENST00000265593.9	424	17964	17540
ENST00000265594.9	223	86378	86155
ENST00000265598.8	1869	41682	39813
ENST00000265601.7	0	19492	19492
ENST00000265602.11	6891	212268	205377
ENST00000265605.7	1025	34114	33089
ENST00000265616.10	26	23029	23003
ENST00000265620.11	363	20587	20224
ENST00000265626.8	3662	11970	8308
ENST00000265627.10	104	37531	37427
ENST00000265631.10	974	203743	202769
ENST00000265634.4	177	12629	12452
ENST00000265636.9	76852	154660	77808
ENST00000265637.8	76913	154822	77909
ENST00000265641.10	2764	62892	60128
ENST00000265643.4	380	6804	6424
ENST00000265651.8	967	34955	33988
ENST00000265654.6	0	60318	60318
ENST00000265663.12	1165	12439	11274
ENST00000265678.9	3401	219833	216432
ENST00000265686.8	2247	14262	12015
ENST00000265689.9	1132	69677	68545
ENST00000265707.10	55	147566	147511
ENST00000265708.9	1128	96635	95507
ENST00000265709.14	2505	248903	246398
ENST00000265713.8	2729	125494	122765
ENST00000265717.5	203	116117	115914
ENST00000265720.8	3100	14531	11431
ENST00000265723.8	50	77247	77197
ENST00000265724.8	387	100138	99751
ENST00000265727.11	79	264788	264709
ENST00000265728.6	240	33677	33437
ENST00000265729.7	1366	15497	14131
ENST00000265732.10	19	9235	9216
ENST00000265734.8	10222	229373	219151
ENST00000265741.7	144	410119	409975
ENST00000265742.8	49005	156220	107215
ENST00000265745.13	928	114250	113322
ENST00000265748.7	165	66083	65918
ENST00000265753.13	28	21686	21658
ENST00000265755.7	54291	151491	97200
ENST00000265758.7	29	15117	15088
ENST00000265769.9	81	62634	62553
ENST00000265770.11	546	7982	7436
ENST00000265800.9	9011	24795	15784
ENST00000265801.6	3560	10801	7241
ENST00000265806.12	416	9299	8883
ENST00000265807.8	5855	82299	76444
ENST00000265808.11	911	37574	36663
ENST00000265810.8	115	15244	15129
ENST00000265825.6	118	8148	8030
ENST00000265827.8	3301	23502	20201
ENST00000265838.9	40	27089	27049
ENST00000265840.12	27043	75038	47995
ENST00000265843.9	4105	94062	89957
ENST00000265846.10	1024	57688	56664
ENST00000265849.12	2477	40665	38188
ENST00000265854.12	278	416475	416197
ENST00000265857.8	92	19837	19745
ENST00000265866.12	5158	11016	5858
ENST00000265872.11	1266	73450	72184
ENST00000265881.10	62	11209	11147
ENST00000265896.10	899	25148	24249
ENST00000265909.9	12175	52654	40479
ENST00000265922.8	458	149002	148544
ENST00000265960.8	1496	236735	235239
ENST00000265963.9	10508	44929	34421
ENST00000265965.10	40	226325	226285
ENST00000265968.9	643	10995	10352
ENST00000265969.8	1222	48701	47479
ENST00000265970.11	3169	88195	85026
ENST00000265978.8	164	16118	15954
ENST00000265981.7	3246	23170	19924
ENST00000265983.8	165	11290	11125
ENST00000265986.11	2763	125367	122604
ENST00000265990.12	307	110669	110362
ENST00000265992.9	1000	15955	14955
ENST00000265993.13	669	32413	31744
ENST00000265997.5	5523	195743	190220
ENST00000266000.10	188	5580	5392
ENST00000266003.9	128	6801	6673
ENST00000266014.11	362	7078	6716
ENST00000266022.9	22492	140329	117837
ENST00000266025.4	596	5364	4768
ENST00000266027.9	21362	27813	6451
ENST00000266031.8	596	4368	3772
ENST00000266037.10	337	712666	712329
ENST00000266039.7	1867	144018	142151
ENST00000266041.9	462	20446	19984
ENST00000266058.9	3077	192201	189124
ENST00000266066.4	766	6030	5264
ENST00000266068.5	2490	33376	30886
ENST00000266069.5	3356	7442	4086
ENST00000266070.8	1498	40580	39082
ENST00000266077.5	137	4364	4227
ENST00000266079.5	114	54660	54546
ENST00000266085.7	297	58297	58000
ENST00000266086.6	53	38827	38774
ENST00000266087.12	192	25273	25081
ENST00000266088.9	21	68926	68905
ENST00000266095.9	1100	8418	7318
ENST00000266126.10	70	7309	7239
ENST00000266252.8	26852	44744	17892
ENST00000266254.12	263	37330	37067
ENST00000266263.10	112	3257	3145
ENST00000266269.10	1090	21854	20764
ENST00000266304.9	103	14920	14817
ENST00000266383.10	438	104483	104045
ENST00000266395.3	4971	8677	3706
ENST00000266397.7	699	25281	24582
ENST00000266427.3	0	5807	5807
ENST00000266434.8	7838	23872	16034
ENST00000266458.10	253	9319	9066
ENST00000266481.10	61	66183	66122
ENST00000266483.7	104	5832	5728
ENST00000266503.10	237	89584	89347
ENST00000266505.12	62	56001	55939
ENST00000266508.14	208	80123	79915
ENST00000266509.7	4245	59315	55070
ENST00000266517.9	260	60861	60601
ENST00000266529.8	984	12660	11676
ENST00000266534.8	8571	554123	545552
ENST00000266542.9	1840	16081	14241
ENST00000266544.10	13	39111	39098
ENST00000266546.11	278	30557	30279
ENST00000266551.8	15	20983	20968
ENST00000266556.8	207	11501	11294
ENST00000266557.4	141	7208	7067
ENST00000266560.8	438	5490	5052
ENST00000266563.9	794	22428	21634
ENST00000266564.7	17	21737	21720
ENST00000266579.9	1943	29936	27993
ENST00000266581.4	1730	4860	3130
ENST00000266589.10	0	26034	26034
ENST00000266594.4	106	890	784
ENST00000266604.7	7288	12936	5648
ENST00000266643.6	426	4825	4399
ENST00000266646.3	230	2586	2356
ENST00000266659.8	126	19012	18886
ENST00000266661.8	1317	10811	9494
ENST00000266671.10	5092	7496	2404
ENST00000266673.10	599	15912	15313
ENST00000266674.10	283	147636	147353
ENST00000266679.8	31	24694	24663
ENST00000266682.10	2144	34808	32664
ENST00000266712.11	6009	56068	50059
ENST00000266718.5	1539	7362	5823
ENST00000266719.4	858	6844	5986
ENST00000266732.8	238	20787	20549
ENST00000266735.10	122	7370	7248
ENST00000266736.7	68	25778	25710
ENST00000266742.9	2503	46759	44256
ENST00000266743.6	282	9987	9705
ENST00000266744.4	571	1985	1414
ENST00000266754.9	21222	53278	32056
ENST00000266771.10	1005	32472	31467
ENST00000266775.13	7178	22450	15272
ENST00000266880.11	9200	56823	47623
ENST00000266943.11	1420	19296	17876
ENST00000266970.9	179	5679	5500
ENST00000266971.8	4946	9380	4434
ENST00000266980.8	623	8686	8063
ENST00000266984.9	227	28846	28619
ENST00000266987.7	126	5951	5825
ENST00000267015.4	219	2593	2374
ENST00000267017.4	91	1122	1031
ENST00000267023.9	515	5495	4980
ENST00000267064.8	347	29730	29383
ENST00000267068.6	7513	28479	20966
ENST00000267079.6	1516	10285	8769
ENST00000267082.10	236	11500	11264
ENST00000267085.8	851	23689	22838
ENST00000267101.8	136	25885	25749
ENST00000267102.13	536	14866	14330
ENST00000267103.10	43	8572	8529
ENST00000267113.4	53	18903	18850
ENST00000267115.10	10937	22038	11101
ENST00000267116.8	5338	23662	18324
ENST00000267119.6	626	10728	10102
ENST00000267163.6	162	179074	178912
ENST00000267169.11	766	18840	18074
ENST00000267176.8	6802	65477	58675
ENST00000267199.9	2685	38619	35934
ENST00000267202.7	1789	31583	29794
ENST00000267205.7	1747	16507	14760
ENST00000267215.8	113	393016	392903
ENST00000267219.12	31	44660	44629
ENST00000267229.11	670	88739	88069
ENST00000267257.11	1878	56994	55116
ENST00000267260.5	342	177074	176732
ENST00000267273.7	287	9539	9252
ENST00000267291.7	381	2415	2034
ENST00000267294.5	2416	10554	8138
ENST00000267328.5	602	39153	38551
ENST00000267339.6	1100	37648	36548
ENST00000267368.11	1002	48529	47527
ENST00000267377.3	1486	3830	2344
ENST00000267383.5	323	10518	10195
ENST00000267396.9	66	4699	4633
ENST00000267406.11	1247	3121	1874
ENST00000267415.12	157	4033	3876
ENST00000267425.8	105	7140	7035
ENST00000267426.6	905	3035	2130
ENST00000267430.10	102	70196	70094
ENST00000267436.9	4627	71095	66468
ENST00000267460.9	250	180006	179756
ENST00000267484.10	765	276966	276201
ENST00000267485.7	3978	140912	136934
ENST00000267488.9	33	72533	72500
ENST00000267502.3	1801	13944	12143
ENST00000267512.9	2686	26879	24193
ENST00000267522.7	280	2600	2320
ENST00000267525.10	111	51267	51156
ENST00000267549.5	5713	7733	2020
ENST00000267568.8	6916	33271	26355
ENST00000267569.5	193	37856	37663
ENST00000267584.9	27	98363	98336
ENST00000267594.5	6360	11309	4949
ENST00000267615.11	4650	179481	174831
ENST00000267620.14	786	79243	78457
ENST00000267622.8	3685	79610	75925
ENST00000267750.9	99	5313	5214
ENST00000267803.8	147	7084	6937
ENST00000267807.12	1325	79850	78525
ENST00000267811.9	1289	365987	364698
ENST00000267812.4	605	21385	20780
ENST00000267814.14	89	51394	51305
ENST00000267836.10	1114	38152	37038
ENST00000267838.7	599	15253	14654
ENST00000267842.10	232	55747	55515
ENST00000267843.9	1056	61838	60782
ENST00000267845.8	316	25650	25334
ENST00000267853.10	131	93976	93845
ENST00000267868.8	3585	37009	33424
ENST00000267884.11	646	3829	3183
ENST00000267889.5	103	16291	16188
ENST00000267890.11	7068	143605	136537
ENST00000267935.13	27	4528	4501
ENST00000267938.9	220	57120	56900
ENST00000267950.12	76258	95327	19069
ENST00000267953.4	178	10750	10572
ENST00000267970.9	5434	30302	24868
ENST00000267973.7	200	13356	13156
ENST00000267978.10	117	15885	15768
ENST00000267984.4	1349	3519	2170
ENST00000267996.11	72	29254	29182
ENST00000268042.7	159	11727	11568
ENST00000268043.8	669	10614	9945
ENST00000268049.11	0	63160	63160
ENST00000268053.11	213	31377	31164
ENST00000268057.9	21	52918	52897
ENST00000268058.8	97	52926	52829
ENST00000268059.10	96	43710	43614
ENST00000268070.9	2968	373725	370757
ENST00000268082.4	20	17691	17671
ENST00000268097.10	3156	36621	33465
ENST00000268099.13	1356	30503	29147
ENST00000268122.9	1331	26564	25233
ENST00000268124.11	434	21129	20695
ENST00000268125.10	419	10050	9631
ENST00000268130.12	10936	54619	43683
ENST00000268138.12	118	57322	57204
ENST00000268148.13	474	20871	20397
ENST00000268150.13	715	15789	15074
ENST00000268151.11	685	15604	14919
ENST00000268154.9	65814	80490	14676
ENST00000268164.8	184	71620	71436
ENST00000268171.8	7153	15654	8501
ENST00000268182.10	100	116796	116696
ENST00000268184.11	149	114056	113907
ENST00000268206.12	143	134886	134743
ENST00000268220.12	478	47062	46584
ENST00000268231.13	194	11104	10910
ENST00000268251.13	61123	108295	47172
ENST00000268261.9	44	50713	50669
ENST00000268281.9	215	13659	13444
ENST00000268296.9	79	30187	30108
ENST00000268314.9	24	10184	10160
ENST00000268349.7	0	178405	178405
ENST00000268379.9	63	31152	31089
ENST00000268383.7	1032	29730	28698
ENST00000268389.6	1987	13765	11778
ENST00000268459.6	158	86782	86624
ENST00000268482.8	2311	22302	19991
ENST00000268483.8	1783	6336	4553
ENST00000268485.8	46	9816	9770
ENST00000268489.10	4282	188360	184078
ENST00000268533.9	69	20143	20074
ENST00000268595.3	145	9393	9248
ENST00000268603.9	3853	63493	59640
ENST00000268607.10	92	11129	11037
ENST00000268613.14	93	1170327	1170234
ENST00000268616.9	4037	88415	84378
ENST00000268624.7	93	7817	7724
ENST00000268638.10	3854	23387	19533
ENST00000268655.5	790	8919	8129
ENST00000268661.8	866	11868	11002
ENST00000268668.11	87	2877	2790
ENST00000268673.11	110	61037	60927
ENST00000268676.11	691	18709	18018
ENST00000268679.9	2121	103896	101775
ENST00000268695.10	708	44695	43987
ENST00000268699.9	42	22085	22043
ENST00000268704.7	8	51027	51019
ENST00000268711.4	42	14928	14886
ENST00000268712.8	3142	172687	169545
ENST00000268717.10	485	35827	35342
ENST00000268719.9	57	26726	26669
ENST00000268720.9	130	22732	22602
ENST00000268756.7	315	40919	40604
ENST00000268758.13	17492	18234	742
ENST00000268763.10	78558	153897	75339
ENST00000268766.11	26	15257	15231
ENST00000268793.6	105	6171	6066
ENST00000268797.12	622	12332	11710
ENST00000268802.10	464	14266	13802
ENST00000268835.7	7703	73661	65958
ENST00000268841.10	196	16076	15880
ENST00000268876.9	447	41513	41066
ENST00000268893.10	3142	32050	28908
ENST00000268896.10	53	25682	25629
ENST00000268912.6	6770	8628	1858
ENST00000268919.6	107	4143	4036
ENST00000268933.8	3822	11306	7484
ENST00000268942.12	2846	16417	13571
ENST00000268957.3	3	2071	2068
ENST00000268981.9	91	29882	29791
ENST00000268989.8	188	45145	44957
ENST00000269025.9	320	6402	6082
ENST00000269033.7	4906	308316	303410
ENST00000269051.9	358	56597	56239
ENST00000269053.8	92	6568	6476
ENST00000269080.6	796	79448	78652
ENST00000269081.8	823	81943	81120
ENST00000269095.9	2450	30744	28294
ENST00000269097.9	231	6337	6106
ENST00000269122.8	237	78947	78710
ENST00000269127.5	104	9476	9372
ENST00000269137.11	343	73706	73363
ENST00000269138.9	39699	72742	33043
ENST00000269141.8	1190	228758	227568
ENST00000269142.10	489	166135	165646
ENST00000269143.8	624	50512	49888
ENST00000269159.8	163	49804	49641
ENST00000269162.9	926	130755	129829
ENST00000269187.10	1065	20732	19667
ENST00000269192.11	2488	67703	65215
ENST00000269194.10	2426	6634	4208
ENST00000269195.6	72923	129693	56770
ENST00000269197.12	413	175105	174692
ENST00000269202.11	32	32291	32259
ENST00000269205.7	187	1967	1780
ENST00000269209.7	4352	209528	205176
ENST00000269214.10	1062	48070	47008
ENST00000269216.10	1556	33010	31454
ENST00000269217.11	25	86759	86734
ENST00000269218.10	141161	285872	144711
ENST00000269221.8	108	30141	30033
ENST00000269228.10	763	58710	57947
ENST00000269243.8	1595	154922	153327
ENST00000269260.7	90	11616	11526
ENST00000269280.9	630	74101	73471
ENST00000269289.10	534	8209	7675
ENST00000269298.10	216	1905	1689
ENST00000269299.8	231	5997	5766
ENST00000269300.8	11065	33210	22145
ENST00000269305.9	1191	9342	8151
ENST00000269318.9	11	32753	32742
ENST00000269321.12	1158	2816	1658
ENST00000269346.9	17	48223	48206
ENST00000269347.10	799	1746	947
ENST00000269361.11	7807	11191	3384
ENST00000269373.11	50	11383	11333
ENST00000269383.8	1819	9519	7700
ENST00000269385.9	2506	6028	3522
ENST00000269389.8	1140	6956	5816
ENST00000269391.11	2764	99784	97020
ENST00000269392.8	176	33684	33508
ENST00000269394.4	711	5187	4476
ENST00000269397.9	806	7770	6964
ENST00000269399.5	42	4581	4539
ENST00000269439.12	257	123645	123388
ENST00000269445.10	2584	390911	388327
ENST00000269466.8	6365	20128	13763
ENST00000269468.10	2658	12946	10288
ENST00000269471.9	785	12890	12105
ENST00000269485.11	66	60634	60568
ENST00000269489.9	1368	11253	9885
ENST00000269491.6	13791	25847	12056
ENST00000269499.10	400	57071	56671
ENST00000269503.9	1498	6148	4650
ENST00000269518.9	162	3234	3072
ENST00000269571.10	175	31715	31540
ENST00000269576.6	362	6212	5850
ENST00000269582.3	23	2776	2753
ENST00000269586.12	3	9397	9394
ENST00000269593.5	286	13900	13614
ENST00000269601.10	2875	18002	15127
ENST00000269701.7	1533	28408	26875
ENST00000269703.8	16812	44524	27712
ENST00000269720.6	0	3263	3263
ENST00000269724.5	0	1052	1052
ENST00000269740.9	230	5673	5443
ENST00000269812.7	348	7703	7355
ENST00000269829.5	61	20929	20868
ENST00000269834.1	825	9959	9134
ENST00000269844.5	78	62795	62717
ENST00000269856.5	121	4133	4012
ENST00000269878.8	100	12662	12562
ENST00000269881.8	73	18211	18138
ENST00000269886.7	1233	41092	39859
ENST00000269919.11	84	23604	23520
ENST00000269932.10	9147	25436	16289
ENST00000269945.8	2387	7744	5357
ENST00000269967.4	139	13564	13425
ENST00000269973.10	766	11603	10837
ENST00000269980.7	10	28113	28103
ENST00000270001.12	5774	35034	29260
ENST00000270014.7	4356	14893	10537
ENST00000270061.12	251	15982	15731
ENST00000270066.11	3616	24305	20689
ENST00000270077.8	330	17421	17091
ENST00000270112.7	655	128292	127637
ENST00000270115.8	3158	18361	15203
ENST00000270139.8	86	32236	32150
ENST00000270142.11	77	9339	9262
ENST00000270162.8	2262	14031	11769
ENST00000270172.7	61	16070	16009
ENST00000270176.10	71	15886	15815
ENST00000270218.10	7786	14268	6482
ENST00000270221.11	1293	5400	4107
ENST00000270223.7	1299	11826	10527
ENST00000270225.12	96	79442	79346
ENST00000270233.12	22	13684	13662
ENST00000270235.11	273	11040	10767
ENST00000270257.9	10855	11639	784
ENST00000270301.12	0	54575	54575
ENST00000270310.7	79	10892	10813
ENST00000270328.8	654	28753	28099
ENST00000270349.12	1944	52249	50305
ENST00000270357.10	103	11569	11466
ENST00000270361.15	41	8490	8449
ENST00000270364.11	140	30636	30496
ENST00000270442.5	0	17558	17558
ENST00000270451.6	923	2103	1180
ENST00000270452.6	18996	20432	1436
ENST00000270457.8	131	3859	3728
ENST00000270458.4	206	21180	20974
ENST00000270460.11	3402	21845	18443
ENST00000270502.7	12	1666	1654
ENST00000270509.6	519	90441	89922
ENST00000270517.12	258	14527	14269
ENST00000270530.8	16310	35830	19520
ENST00000270538.8	472	18276	17804
ENST00000270560.4	37	11825	11788
ENST00000270570.8	86	45389	45303
ENST00000270583.10	542	59627	59085
ENST00000270586.8	31	2966	2935
ENST00000270590.4	137	2271	2134
ENST00000270593.2	0	6007	6007
ENST00000270617.8	5078	23660	18582
ENST00000270625.7	23	3667	3644
ENST00000270631.2	52	1218	1166
ENST00000270632.7	5	9649	9644
ENST00000270642.9	204	18112	17908
ENST00000270645.8	470	16185	15715
ENST00000270649.11	2519	14172	11653
ENST00000270708.12	208	20597	20389
ENST00000270722.10	57	368416	368359
ENST00000270747.8	736	13591	12855
ENST00000270776.13	54	22118	22064
ENST00000270792.10	70	1310	1240
ENST00000270800.2	1037	25026	23989
ENST00000270812.6	42	1209	1167
ENST00000270815.5	1758	3130	1372
ENST00000270824.1	267	1499	1232
ENST00000270861.10	242	20539	20297
ENST00000270879.9	129	6597	6468
ENST00000271002.15	6040	82886	76846
ENST00000271064.12	634	11851	11217
ENST00000271139.13	1939	6247	4308
ENST00000271153.8	36	21286	21250
ENST00000271227.11	95	76506	76411
ENST00000271234.13	164	106093	105929
ENST00000271277.11	19952	63108	43156
ENST00000271308.9	2974	28002	25028
ENST00000271324.6	18261	26694	8433
ENST00000271331.4	68	5511	5443
ENST00000271332.4	541	33242	32701
ENST00000271357.9	5991	59485	53494
ENST00000271373.9	1651	19542	17891
ENST00000271375.7	76	17005	16929
ENST00000271385.9	510	37734	37224
ENST00000271411.8	8	111756	111748
ENST00000271417.8	11171	68988	57817
ENST00000271450.12	11	13632	13621
ENST00000271452.8	4098	34891	30793
ENST00000271526.9	237	34388	34151
ENST00000271532.2	1780	25730	23950
ENST00000271583.7	206	37725	37519
ENST00000271588.9	389	472282	471893
ENST00000271620.8	184	27133	26949
ENST00000271628.9	228	5708	5480
ENST00000271636.12	7133	29545	22412
ENST00000271638.3	159	4721	4562
ENST00000271640.9	1376	41874	40498
ENST00000271643.9	2881	13990	11109
ENST00000271651.8	594	11577	10983
ENST00000271688.10	978	5047	4069
ENST00000271690.12	2360	6537	4177
ENST00000271715.7	2081	43692	41611
ENST00000271732.8	2094	49459	47365
ENST00000271751.10	4970	458587	453617
ENST00000271764.7	136	22437	22301
ENST00000271835.3	354	4473	4119
ENST00000271836.10	81	13614	13533
ENST00000271843.9	413	3416	3003
ENST00000271850.11	324	35546	35222
ENST00000271854.3	144	167520	167376
ENST00000271857.6	760	8068	7308
ENST00000271877.11	4275	53278	49003
ENST00000271883.9	255	110137	109882
ENST00000271889.8	605	7317	6712
ENST00000271915.9	10524	174694	164170
ENST00000271971.7	109	56255	56146
ENST00000272065.10	18	12822	12804
ENST00000272067.11	18	12822	12804
ENST00000272091.8	2603	17956	15353
ENST00000272102.10	14407	15841	1434
ENST00000272117.8	2984	108599	105615
ENST00000272133.4	858	123510	122652
ENST00000272134.5	448	3878	3430
ENST00000272139.5	403	3277	2874
ENST00000272163.9	1804	24405	22601
ENST00000272164.6	2865	30322	27457
ENST00000272167.10	18606	36577	17971
ENST00000272190.9	200	12682	12482
ENST00000272198.10	593	27290	26697
ENST00000272203.8	4620	57998	53378
ENST00000272217.7	1066	11719	10653
ENST00000272223.3	793	3116	2323
ENST00000272224.5	96	5626	5530
ENST00000272227.8	870	30612	29742
ENST00000272233.6	392	1566	1174
ENST00000272238.9	1220	62898	61678
ENST00000272249.7	14451	28777	14326
ENST00000272252.10	48	68467	68419
ENST00000272274.8	2198	5418	3220
ENST00000272286.4	83	40945	40862
ENST00000272298.12	695	16800	16105
ENST00000272317.11	137	3349	3212
ENST00000272321.12	2450	470932	468482
ENST00000272322.9	1283	94758	93475
ENST00000272324.10	392	3091	2699
ENST00000272342.6	116	15474	15358
ENST00000272348.7	275	12511	12236
ENST00000272367.7	631	13640	13009
ENST00000272369.14	732	135138	134406
ENST00000272371.7	2825	107313	104488
ENST00000272395.3	2023	8901	6878
ENST00000272418.7	1991	37700	35709
ENST00000272421.10	266	6891	6625
ENST00000272424.11	73	5217	5144
ENST00000272425.4	225	1585	1360
ENST00000272427.11	3354	652337	648983
ENST00000272430.10	411	17658	17247
ENST00000272433.7	2989	130675	127686
ENST00000272438.9	2661	9397	6736
ENST00000272444.8	451	18742	18291
ENST00000272452.7	384	10374	9990
ENST00000272454.10	192	41379	41187
ENST00000272462.3	1828	32377	30549
ENST00000272519.10	25813	41019	15206
ENST00000272520.4	562	2885	2323
ENST00000272521.7	1653	3517	1864
ENST00000272542.8	890	19110	18220
ENST00000272559.4	0	6399	6399
ENST00000272602.7	23520	52871	29351
ENST00000272610.3	175	9058	8883
ENST00000272638.14	75	42540	42465
ENST00000272641.4	1768	111874	110106
ENST00000272644.7	3840	6679	2839
ENST00000272645.9	4557	14969	10412
ENST00000272647.10	3467	13528	10061
ENST00000272716.9	93	362109	362016
ENST00000272732.11	2554	33427	30873
ENST00000272746.9	1334	26325	24991
ENST00000272748.9	6088	72974	66886
ENST00000272771.10	1268	246590	245322
ENST00000272793.11	54	260011	259957
ENST00000272797.8	40524	56909	16385
ENST00000272839.7	326	12356	12030
ENST00000272845.10	34	233192	233158
ENST00000272847.7	252	88501	88249
ENST00000272849.7	0	95934	95934
ENST00000272852.4	82	31028	30946
ENST00000272879.9	2646	47502	44856
ENST00000272895.12	1095	214398	213303
ENST00000272902.10	1001	107212	106211
ENST00000272907.8	9171	300982	291811
ENST00000272928.4	10641	12811	2170
ENST00000272930.9	6094	74867	68773
ENST00000272937.10	563	2306	1743
ENST00000272972.7	190	78319	78129
ENST00000272983.12	838	34104	33266
ENST00000273009.10	53683	384123	330440
ENST00000273027.6	0	11954	11954
ENST00000273037.9	66	57135	57069
ENST00000273038.7	2489	147829	145340
ENST00000273047.9	3802	37363	33561
ENST00000273048.2	126	3038	2912
ENST00000273062.7	223	5330	5107
ENST00000273063.10	428	17915	17487
ENST00000273064.11	116	26323	26207
ENST00000273067.5	1450	113621	112171
ENST00000273075.9	2252	17191	14939
ENST00000273077.9	17	75604	75587
ENST00000273130.9	828	46352	45524
ENST00000273139.13	230	711005	710775
ENST00000273146.6	376	78836	78460
ENST00000273153.10	1203	6590	5387
ENST00000273156.11	648	21819	21171
ENST00000273173.4	91	14082	13991
ENST00000273179.10	320	119804	119484
ENST00000273183.8	140	166977	166837
ENST00000273221.8	2173	73106	70933
ENST00000273223.10	50	4646	4596
ENST00000273258.4	111	20257	20146
ENST00000273261.8	1469	124870	123401
ENST00000273283.7	17	17020	17003
ENST00000273286.6	231	10712	10481
ENST00000273308.9	711	5914	5203
ENST00000273317.5	129	84325	84196
ENST00000273320.7	1840	18421	16581
ENST00000273342.8	152087	159767	7680
ENST00000273347.10	6386	44412	38026
ENST00000273352.8	256	87772	87516
ENST00000273353.5	1180	135899	134719
ENST00000273359.8	36	13605	13569
ENST00000273368.8	628	15346	14718
ENST00000273371.9	29	32937	32908
ENST00000273375.8	4888	58269	53381
ENST00000273390.9	77	50356	50279
ENST00000273395.8	37275	77658	40383
ENST00000273398.8	31719	64226	32507
ENST00000273432.8	33	351297	351264
ENST00000273435.9	9	38840	38831
ENST00000273450.7	225	80112	79887
ENST00000273480.4	44	7312	7268
ENST00000273482.10	391	84328	83937
ENST00000273541.12	710	32510	31800
ENST00000273550.12	445	3685	3240
ENST00000273582.9	3628	49383	45755
ENST00000273588.9	765	6872	6107
ENST00000273590.4	4	2742	2738
ENST00000273596.8	72	6759	6687
ENST00000273598.8	2503	7539	5036
ENST00000273610.4	1071	1741	670
ENST00000273666.10	1507	514553	513046
ENST00000273668.7	77	51950	51873
ENST00000273691.7	1047	36253	35206
ENST00000273695.4	273	4666	4393
ENST00000273739.9	226	370003	369777
ENST00000273784.5	76	8958	8882
ENST00000273794.5	287	11675	11388
ENST00000273814.8	1736	17398	15662
ENST00000273853.11	3846	79403	75557
ENST00000273854.7	4554	353272	348718
ENST00000273857.9	1723	247052	245329
ENST00000273859.8	27266	110359	83093
ENST00000273860.8	146	19453	19307
ENST00000273861.5	219	6901	6682
ENST00000273905.7	223	26772	26549
ENST00000273908.4	992	139414	138422
ENST00000273920.8	240	30304	30064
ENST00000273936.6	59	2427	2368
ENST00000273951.13	4482	43731	39249
ENST00000273962.7	2364	13621	11257
ENST00000273963.10	3419	37287	33868
ENST00000273968.5	893	3042	2149
ENST00000273980.10	4974	270015	265041
ENST00000273986.10	93	18837	18744
ENST00000273990.6	1810	4690	2880
ENST00000274000.10	305	37515	37210
ENST00000274008.5	65	393646	393581
ENST00000274024.4	1794	5244	3450
ENST00000274026.10	1197	8472	7275
ENST00000274030.11	27047	82159	55112
ENST00000274031.8	5628	51189	45561
ENST00000274054.3	231	39532	39301
ENST00000274056.11	4453	330694	326241
ENST00000274063.5	863	9126	8263
ENST00000274065.9	25	5748	5723
ENST00000274071.6	99844	209437	109593
ENST00000274093.8	6869	193273	186404
ENST00000274134.5	289	23750	23461
ENST00000274137.10	11	14874	14863
ENST00000274140.10	204	82690	82486
ENST00000274150.4	96	29626	29530
ENST00000274170.8	181	368297	368116
ENST00000274181.7	138	182454	182316
ENST00000274192.7	137	35597	35460
ENST00000274203.13	4781	280060	275279
ENST00000274217.4	103	29579	29476
ENST00000274242.10	7245	10210	2965
ENST00000274254.9	274	33239	32965
ENST00000274255.11	152	31179	31027
ENST00000274276.8	23033	90349	67316
ENST00000274278.8	3199	41796	38597
ENST00000274289.8	604	8018	7414
ENST00000274306.7	37	8314	8277
ENST00000274311.3	12479	15074	2595
ENST00000274327.11	1311	35724	34413
ENST00000274341.9	3694	36776	33082
ENST00000274353.10	77	20514	20437
ENST00000274361.3	225	173983	173758
ENST00000274364.11	261	308714	308453
ENST00000274368.9	90	16796	16706
ENST00000274376.11	569	126113	125544
ENST00000274382.9	2884	51549	48665
ENST00000274400.10	333	28586	28253
ENST00000274432.13	311	25296	24985
ENST00000274456.6	215	125248	125033
ENST00000274457.5	3403	24434	21031
ENST00000274458.9	28	208060	208032
ENST00000274473.6	40450	169852	129402
ENST00000274487.9	94	280533	280439
ENST00000274496.10	2238	12559	10321
ENST00000274498.9	385	454485	454100
ENST00000274507.6	430	8378	7948
ENST00000274513.9	172	38104	37932
ENST00000274520.2	148	3997	3849
ENST00000274532.7	168	45031	44863
ENST00000274542.6	1264	52452	51188
ENST00000274545.10	269	17399	17130
ENST00000274547.7	5655	259740	254085
ENST00000274565.5	61	3509	3448
ENST00000274569.9	23	12081	12058
ENST00000274576.9	163	103374	103211
ENST00000274599.10	1028	10564	9536
ENST00000274605.6	6052	10094	4042
ENST00000274606.8	253	4809	4556
ENST00000274609.5	244	196127	195883
ENST00000274625.6	553	37771	37218
ENST00000274629.9	4036	11346	7310
ENST00000274643.9	7667	86810	79143
ENST00000274673.8	332	10565	10233
ENST00000274680.9	107058	511260	404202
ENST00000274695.8	11894	698302	686408
ENST00000274710.4	13633	48962	35329
ENST00000274711.7	4092	7536	3444
ENST00000274712.8	14	5897	5883
ENST00000274721.8	591	23236	22645
ENST00000274747.11	139	21953	21814
ENST00000274764.5	132	892	760
ENST00000274773.12	1245	12712	11467
ENST00000274787.3	69	1059	990
ENST00000274793.12	362	20002	19640
ENST00000274811.9	2319	7046	4727
ENST00000274813.4	1371	31344	29973
ENST00000274849.3	30	2502	2472
ENST00000274853.8	883	11465	10582
ENST00000274867.9	63927	112838	48911
ENST00000274891.10	822	8906	8084
ENST00000274897.9	113	248397	248284
ENST00000274901.9	1292	145693	144401
ENST00000274938.8	463	37703	37240
ENST00000274963.13	163	24454	24291
ENST00000274979.12	103	38415	38312
ENST00000274990.4	144	3611	3467
ENST00000275015.9	1056	9091	8035
ENST00000275016.3	789	104397	103608
ENST00000275034.5	6277	149072	142795
ENST00000275036.11	471	33540	33069
ENST00000275053.8	4648	144021	139373
ENST00000275072.5	90	17506	17416
ENST00000275080.11	2336	16407	14071
ENST00000275159.11	1280	258797	257517
ENST00000275162.10	1543	68499	66956
ENST00000275169.5	802	2972	2170
ENST00000275191.2	131	1965	1834
ENST00000275198.1	0	2068	2068
ENST00000275200.2	21	2071	2050
ENST00000275216.3	1675	3707	2032
ENST00000275227.9	903	30440	29537
ENST00000275230.6	3577	66745	63168
ENST00000275233.12	1887	75535	73648
ENST00000275235.8	25	274915	274890
ENST00000275246.11	23950	42347	18397
ENST00000275262.11	551	151032	150481
ENST00000275275.9	39	559	520
ENST00000275300.3	42	104332	104290
ENST00000275358.8	301	77572	77271
ENST00000275364.8	3079	117195	114116
ENST00000275418.13	3213	100996	97783
ENST00000275428.9	474	8648	8174
ENST00000275461.3	83	1077	994
ENST00000275493.7	261	190199	189938
ENST00000275517.8	1657	7275	5618
ENST00000275525.8	165	5373	5208
ENST00000275532.8	180	11061	10881
ENST00000275560.4	725	16817	16092
ENST00000275569.8	8197	16420	8223
ENST00000275575.11	41355	158043	116688
ENST00000275603.9	84	12896	12812
ENST00000275605.8	701	10818	10117
ENST00000275607.13	8813	16017	7204
ENST00000275635.11	5970	15451	9481
ENST00000275699.4	5445	29675	24230
ENST00000275732.5	2215	11812	9597
ENST00000275763.10	1421	66382	64961
ENST00000275764.3	0	27491	27491
ENST00000275766.2	841	11206	10365
ENST00000275767.3	16370	17478	1108
ENST00000275815.4	331	20586	20255
ENST00000275820.4	26	22557	22531
ENST00000275838.5	417	12715	12298
ENST00000275857.10	2542	263631	261089
ENST00000275884.10	290	86986	86696
ENST00000275954.4	3241	30494	27253
ENST00000275988.5	174	1720	1546
ENST00000276014.11	628	71338	70710
ENST00000276052.10	78	7441	7363
ENST00000276054.9	955	11337	10382
ENST00000276055.4	167	3081	2914
ENST00000276062.9	223	2793	2570
ENST00000276066.4	46	3123	3077
ENST00000276072.9	0	91317	91317
ENST00000276079.13	7003	17841	10838
ENST00000276101.7	1269	10382	9113
ENST00000276105.3	149	7906	7757
ENST00000276123.7	3489	30017	26528
ENST00000276127.9	6190	7994	1804
ENST00000276141.10	1537	29540	28003
ENST00000276173.5	689	3673	2984
ENST00000276175.7	41	74470	74429
ENST00000276185.9	4139	86237	82098
ENST00000276198.6	142851	324696	181845
ENST00000276201.7	859	20344	19485
ENST00000276202.9	157	196155	195998
ENST00000276204.10	74	196084	196010
ENST00000276211.10	23320	32066	8746
ENST00000276218.4	98	2106	2008
ENST00000276241.11	422	15417	14995
ENST00000276282.7	2671	112857	110186
ENST00000276297.9	2453	421277	418824
ENST00000276326.9	18286	56595	38309
ENST00000276344.6	10776	12676	1900
ENST00000276373.10	911	37669	36758
ENST00000276390.7	26	24537	24511
ENST00000276393.8	447	96660	96213
ENST00000276410.7	562	17286	16724
ENST00000276414.4	160	4341	4181
ENST00000276416.11	1007	49383	48376
ENST00000276420.9	441	5959	5518
ENST00000276431.9	2541	50072	47531
ENST00000276440.12	220	232164	231944
ENST00000276449.9	1576	8966	7390
ENST00000276480.11	2362	106539	104177
ENST00000276500.4	122	78279	78157
ENST00000276520.12	320	61931	61611
ENST00000276533.4	942	13485	12543
ENST00000276569.8	1939	25780	23841
ENST00000276570.10	29995	79068	49073
ENST00000276571.5	514	1688	1174
ENST00000276573.11	226	49044	48818
ENST00000276576.11	18	11995	11977
ENST00000276585.9	266	112089	111823
ENST00000276590.5	597	32711	32114
ENST00000276594.3	429	19915	19486
ENST00000276602.10	23	38518	38495
ENST00000276603.10	23	38577	38554
ENST00000276609.8	333	147725	147392
ENST00000276616.3	1356	23665	22309
ENST00000276646.14	931	72663	71732
ENST00000276654.10	1440	102231	100791
ENST00000276659.10	1762	184046	182284
ENST00000276682.8	176	112249	112073
ENST00000276689.8	64	11299	11235
ENST00000276692.11	99	51427	51328
ENST00000276699.10	176	27908	27732
ENST00000276704.6	139	22513	22374
ENST00000276708.9	308	30902	30594
ENST00000276737.10	13379	238799	225420
ENST00000276816.8	383	17892	17509
ENST00000276826.5	1246	79674	78428
ENST00000276833.9	127	5649	5522
ENST00000276893.10	292	95367	95075
ENST00000276914.7	490	11969	11479
ENST00000276925.7	3087	6462	3375
ENST00000276927.3	69	1201	1132
ENST00000276935.6	0	250860	250860
ENST00000276943.3	47	1287	1240
ENST00000276960.7	7971	28488	20517
ENST00000276974.7	1684	137199	135515
ENST00000277010.9	913	3640	2727
ENST00000277082.9	119	32627	32508
ENST00000277120.8	1020	354201	353181
ENST00000277141.10	947	38220	37273
ENST00000277165.11	231	116188	115957
ENST00000277198.6	33083	206741	173658
ENST00000277216.3	3	1909	1906
ENST00000277225.10	60218	155367	95149
ENST00000277309.3	0	1894	1894
ENST00000277415.15	285	22762	22477
ENST00000277458.5	3188	8651	5463
ENST00000277459.8	1464	5693	4229
ENST00000277462.9	454	3674	3220
ENST00000277465.8	129	27379	27250
ENST00000277480.7	73	4251	4178
ENST00000277508.9	25	4555	4530
ENST00000277517.2	610	6490	5880
ENST00000277526.8	13	2776	2763
ENST00000277531.8	443	94161	93718
ENST00000277537.10	1657	25092	23435
ENST00000277540.7	798	25680	24882
ENST00000277551.6	145	250752	250607
ENST00000277554.4	4982	45740	40758
ENST00000277570.10	28722	48349	19627
ENST00000277575.5	1934	74243	72309
ENST00000277632.8	821	83445	82624
ENST00000277657.12	5503	129733	124230
ENST00000277746.11	143	21744	21601
ENST00000277749.9	11	18942	18931
ENST00000277817.10	1035	120391	119356
ENST00000277865.5	1552	46228	44676
ENST00000277874.10	1666	118180	116514
ENST00000277882.7	4	25162	25158
ENST00000277900.12	92690	127660	34970
ENST00000277905.6	3691	10089	6398
ENST00000277942.7	7631	37633	30002
ENST00000277945.12	507	217443	216936
ENST00000277982.9	37	129532	129495
ENST00000278025.9	215	3305	3090
ENST00000278060.10	55	13716	13661
ENST00000278064.7	27	67459	67432
ENST00000278070.7	29	21964	21935
ENST00000278071.6	4713	7993	3280
ENST00000278100.11	12	13660	13648
ENST00000278174.10	826	58533	57707
ENST00000278175.10	628	2117	1489
ENST00000278187.7	6762	144837	138075
ENST00000278193.7	4234	12920	8686
ENST00000278198.2	170	4008	3838
ENST00000278200.5	101	31367	31266
ENST00000278222.7	150	4958	4808
ENST00000278224.13	262	58594	58332
ENST00000278243.9	2700	17834	15134
ENST00000278279.7	0	13168	13168
ENST00000278282.3	63	4325	4262
ENST00000278302.9	7204	16687	9483
ENST00000278314.5	2780	7566	4786
ENST00000278317.11	3172	19545	16373
ENST00000278319.10	5847	31648	25801
ENST00000278353.10	90	175432	175342
ENST00000278379.9	9692	169472	159780
ENST00000278385.10	0	40043	40043
ENST00000278386.10	18	90411	90393
ENST00000278400.3	506	14898	14392
ENST00000278407.9	586	18386	17800
ENST00000278409.1	3	1885	1882
ENST00000278412.7	422	11244	10822
ENST00000278422.9	26	28529	28503
ENST00000278426.8	565	31240	30675
ENST00000278460.12	45	225858	225813
ENST00000278483.8	209	43981	43772
ENST00000278499.6	110	19415	19305
ENST00000278505.5	82	41228	41146
ENST00000278520.9	880	33603	32723
ENST00000278544.9	27	98365	98338
ENST00000278550.12	5232	425392	420160
ENST00000278568.8	354	71216	70862
ENST00000278572.10	18	6103	6085
ENST00000278590.8	20	74985	74965
ENST00000278601.6	60	7648	7588
ENST00000278612.9	1730	69584	67854
ENST00000278616.9	4214	151200	146986
ENST00000278618.9	49	20163	20114
ENST00000278655.9	211508	386116	174608
ENST00000278671.10	533	6410	5877
ENST00000278742.6	198	52584	52386
ENST00000278756.7	45	75143	75098
ENST00000278765.8	166	2228	2062
ENST00000278772.9	1347	13871	12524
ENST00000278780.7	476	34292	33816
ENST00000278795.7	26277	40213	13936
ENST00000278823.7	664	10222	9558
ENST00000278826.11	2017	6814	4797
ENST00000278829.7	291	19178	18887
ENST00000278833.4	25	2629	2604
ENST00000278836.10	109	36930	36821
ENST00000278840.9	91	38706	38615
ENST00000278845.8	259	12907	12648
ENST00000278849.4	4164	30700	26536
ENST00000278853.10	20	10013	9993
ENST00000278855.7	51	7131	7080
ENST00000278856.9	44	7803	7759
ENST00000278865.8	4496	14201	9705
ENST00000278878.6	0	29018	29018
ENST00000278886.11	757	78013	77256
ENST00000278888.8	102	7714	7612
ENST00000278893.11	375	16089	15714
ENST00000278903.11	3051	15213	12162
ENST00000278916.8	792	30655	29863
ENST00000278919.8	3217	48063	44846
ENST00000278927.10	523	10191	9668
ENST00000278935.8	10733	88660	77927
ENST00000278937.7	3837	11377	7540
ENST00000278947.6	4084	14266	10182
ENST00000278949.9	3207	26303	23096
ENST00000278951.11	83	19339	19256
ENST00000278968.10	3620	5561	1941
ENST00000278979.7	770	23825	23055
ENST00000278980.11	686	41283	40597
ENST00000279022.7	3366	8240	4874
ENST00000279024.9	2542	53583	51041
ENST00000279027.9	2197	95386	93189
ENST00000279028.3	331	11309	10978
ENST00000279034.10	328	64999	64671
ENST00000279035.14	73	11157	11084
ENST00000279036.12	16	11404	11388
ENST00000279058.4	21	3579	3558
ENST00000279068.11	192	12130	11938
ENST00000279069.11	140	8744	8604
ENST00000279101.10	2340	20066	17726
ENST00000279146.8	133	8948	8815
ENST00000279147.9	1959	10082	8123
ENST00000279168.7	305	1373	1068
ENST00000279178.4	272	41723	41451
ENST00000279206.8	379	4617	4238
ENST00000279227.10	695	18806	18111
ENST00000279230.12	120	19694	19574
ENST00000279242.7	26	4042	4016
ENST00000279247.11	774	31476	30702
ENST00000279249.3	6033	7291	1258
ENST00000279259.7	128	1433	1305
ENST00000279263.14	144	5422	5278
ENST00000279281.8	37	17706	17669
ENST00000279386.6	432	6697	6265
ENST00000279387.12	384	9978	9594
ENST00000279389.8	759	5731	4972
ENST00000279392.8	880	4936	4056
ENST00000279394.7	3492	20413	16921
ENST00000279396.11	1065	10179	9114
ENST00000279441.9	294	11507	11213
ENST00000279451.9	442	269662	269220
ENST00000279452.10	0	53548	53548
ENST00000279463.7	5	539915	539910
ENST00000279477.11	1487	23793	22306
ENST00000279488.8	2022	5944	3922
ENST00000279545.7	64	17580	17516
ENST00000279550.11	2202	24923	22721
ENST00000279575.7	1165	4059	2894
ENST00000279783.5	0	1912	1912
ENST00000279791.1	3	1861	1858
ENST00000279804.3	30	6522	6492
ENST00000279839.8	768	10246	9478
ENST00000279873.12	11	194882	194871
ENST00000279907.12	567	109934	109367
ENST00000279968.8	365	5339	4974
ENST00000280020.10	12	394818	394806
ENST00000280056.6	458	29681	29223
ENST00000280057.6	131	60623	60492
ENST00000280082.4	199	21286	21087
ENST00000280083.7	314	85503	85189
ENST00000280096.5	19	2790	2771
ENST00000280097.5	19	50524	50505
ENST00000280098.9	48447	68473	20026
ENST00000280115.8	0	10726	10726
ENST00000280154.12	4100	27553	23453
ENST00000280155.4	968	3756	2788
ENST00000280187.11	1974	180120	178146
ENST00000280190.8	30539	117531	86992
ENST00000280191.7	204	11892	11688
ENST00000280200.8	11042	95133	84091
ENST00000280241.12	4809	864838	860029
ENST00000280245.8	10023	65727	55704
ENST00000280258.6	7102	9398	2296
ENST00000280285.9	2787	87908	85121
ENST00000280295.7	234	131758	131524
ENST00000280325.7	129	41185	41056
ENST00000280326.9	61	16112	16051
ENST00000280330.12	1114	9088	7974
ENST00000280333.9	109	551558	551449
ENST00000280346.11	65	39051	38986
ENST00000280350.10	76	6316	6240
ENST00000280352.13	1286	9551	8265
ENST00000280357.12	339	12367	12028
ENST00000280358.5	1897	4906	3009
ENST00000280362.8	16	7553	7537
ENST00000280377.10	11	146889	146878
ENST00000280467.10	796	31235	30439
ENST00000280481.9	268	203190	202922
ENST00000280527.7	515	196011	195496
ENST00000280551.11	695	113947	113252
ENST00000280557.11	878	16838	15960
ENST00000280560.13	922	33530	32608
ENST00000280562.9	2550	55115	52565
ENST00000280571.10	855	22010	21155
ENST00000280591.10	2089	22434	20345
ENST00000280605.5	762	4516	3754
ENST00000280606.7	356	7020	6664
ENST00000280612.9	7862	79463	71601
ENST00000280614.4	201	30980	30779
ENST00000280665.11	156	60220	60064
ENST00000280684.4	708	3880	3172
ENST00000280696.9	49	43937	43888
ENST00000280699.13	18091	64798	46707
ENST00000280700.10	519	66396	65877
ENST00000280701.8	931	5776	4845
ENST00000280704.8	387	39782	39395
ENST00000280706.3	825	24000	23175
ENST00000280734.3	108	3944	3836
ENST00000280749.5	14	2112	2098
ENST00000280756.9	11210	15827	4617
ENST00000280758.10	507	342576	342069
ENST00000280772.7	16396	376328	359932
ENST00000280780.6	222	40434	40212
ENST00000280800.5	14	31791	31777
ENST00000280871.9	5004	352717	347713
ENST00000280876.6	644	58721	58077
ENST00000280886.12	3127	420008	416881
ENST00000280892.10	266	48911	48645
ENST00000280904.11	9178	45818	36640
ENST00000280969.9	281	16208	15927
ENST00000280979.9	104196	502417	398221
ENST00000280987.9	192	35656	35464
ENST00000281017.8	5706	13883	8177
ENST00000281030.2	21	895	874
ENST00000281031.5	1693	11801	10108
ENST00000281038.10	705	139937	139232
ENST00000281043.4	1515	6934	5419
ENST00000281047.4	59	1215	1156
ENST00000281081.12	36	298719	298683
ENST00000281087.6	170	17777	17607
ENST00000281092.9	50286	442123	391837
ENST00000281127.11	879	583838	582959
ENST00000281129.7	1008	423332	422324
ENST00000281141.9	58	55141	55083
ENST00000281142.10	487	211153	210666
ENST00000281146.9	9294	19063	9769
ENST00000281154.6	146	44110	43964
ENST00000281156.5	1005	607025	606020
ENST00000281171.9	219	276152	275933
ENST00000281172.10	1186	65263	64077
ENST00000281182.9	33	12623	12590
ENST00000281187.10	452	21918	21466
ENST00000281243.10	739	26384	25645
ENST00000281268.12	2035	8991	6956
ENST00000281273.8	8521	30401	21880
ENST00000281282.6	61495	174870	113375
ENST00000281321.3	248	3137	2889
ENST00000281382.11	544	34879	34335
ENST00000281394.8	185	76258	76073
ENST00000281405.9	3298	83235	79937
ENST00000281416.11	135	66687	66552
ENST00000281419.8	293	199502	199209
ENST00000281428.12	70874	118219	47345
ENST00000281437.6	188	76384	76196
ENST00000281441.8	36635	43654	7019
ENST00000281453.10	1206	41218	40012
ENST00000281455.7	1533	49993	48460
ENST00000281456.11	107	4592	4485
ENST00000281471.11	1165	58633	57468
ENST00000281496.6	253	244769	244516
ENST00000281513.10	135	401449	401314
ENST00000281523.8	8999	339875	330876
ENST00000281543.6	203	22248	22045
ENST00000281581.5	3	68809	68806
ENST00000281589.5	63	3847	3784
ENST00000281620.11	0	158753	158753
ENST00000281623.8	29	17151	17122
ENST00000281631.10	459	177964	177505
ENST00000281701.11	284	105327	105043
ENST00000281703.11	104	130399	130295
ENST00000281708.10	2340	93369	91029
ENST00000281722.8	15481	48387	32906
ENST00000281741.9	1711	115417	113706
ENST00000281772.14	1531	136108	134577
ENST00000281806.7	2424	38643	36219
ENST00000281821.7	8004	157162	149158
ENST00000281828.8	4975	90924	85949
ENST00000281830.4	641	1659	1018
ENST00000281834.4	2788	23991	21203
ENST00000281871.11	21	8832	8811
ENST00000281882.8	263	7333	7070
ENST00000281923.4	332	196979	196647
ENST00000281924.6	960	264035	263075
ENST00000281928.9	2693	325154	322461
ENST00000281932.6	7478	12118	4640
ENST00000281938.7	382	15509	15127
ENST00000281950.8	781	4178	3397
ENST00000281961.3	58	52218	52160
ENST00000282003.7	1294	47003	45709
ENST00000282007.7	1649	88007	86358
ENST00000282018.4	263	2337	2074
ENST00000282020.9	691	1471534	1470843
ENST00000282026.2	1941	3115	1174
ENST00000282032.4	7845	14465	6620
ENST00000282041.11	4861	127323	122462
ENST00000282050.6	141	15734	15593
ENST00000282058.11	27	24562	24535
ENST00000282074.7	543	19294	18751
ENST00000282075.5	39	3603	3564
ENST00000282077.8	61	41173	41112
ENST00000282091.6	354	1144	790
ENST00000282096.9	272	229173	228901
ENST00000282111.4	293	177819	177526
ENST00000282141.4	69	2174	2105
ENST00000282146.5	212	124228	124016
ENST00000282185.8	15548	282053	266505
ENST00000282226.5	24	54551	54527
ENST00000282249.6	368	333151	332783
ENST00000282251.10	553	134120	133567
ENST00000282260.10	82	137510	137428
ENST00000282268.7	27422	276736	249314
ENST00000282272.15	2932	326893	323961
ENST00000282276.8	37	3593	3556
ENST00000282278.12	1679	52635	50956
ENST00000282282.4	5005	15834	10829
ENST00000282286.6	394	8549	8155
ENST00000282292.9	143	8805	8662
ENST00000282296.10	187	8315	8128
ENST00000282308.4	94	8519	8425
ENST00000282326.6	3812	21243	17431
ENST00000282343.13	222	400645	400423
ENST00000282344.11	3130	106584	103454
ENST00000282356.9	100	261487	261387
ENST00000282369.7	1744	57449	55705
ENST00000282382.8	1910	48358	46448
ENST00000282388.4	1920	5393	3473
ENST00000282397.9	2824	198481	195657
ENST00000282406.9	7414	132785	125371
ENST00000282412.9	32325	63272	30947
ENST00000282441.10	402	120993	120591
ENST00000282466.4	489	30369	29880
ENST00000282469.10	154	53933	53779
ENST00000282470.11	443	28221	27778
ENST00000282479.8	6186	14497	8311
ENST00000282486.10	32154	192440	160286
ENST00000282488.11	32154	192475	160321
ENST00000282499.10	925	372353	371428
ENST00000282507.8	680	33330	32650
ENST00000282512.7	1434	32727	31293
ENST00000282516.13	76928	196486	119558
ENST00000282538.10	2048	169965	167917
ENST00000282541.10	92	60332	60240
ENST00000282549.7	2161	6542	4381
ENST00000282561.4	11202	13492	2290
ENST00000282570.4	233	50872	50639
ENST00000282572.5	226	3418	3192
ENST00000282574.8	2518	39368	36850
ENST00000282587.9	37	56215	56178
ENST00000282588.7	438	168040	167602
ENST00000282605.8	10201	56148	45947
ENST00000282611.8	85	44899	44814
ENST00000282633.10	52	68980	68928
ENST00000282670.7	2200	25525	23325
ENST00000282673.5	0	23192	23192
ENST00000282701.4	577	24238	23661
ENST00000282728.10	32	5616	5584
ENST00000282753.6	456	409305	408849
ENST00000282841.9	6695	15096	8401
ENST00000282849.10	1831	156207	154376
ENST00000282869.11	6350	11095	4745
ENST00000282878.6	134	268949	268815
ENST00000282881.10	27681	78168	50487
ENST00000282884.13	2780	17504	14724
ENST00000282891.10	1174	44991	43817
ENST00000282892.4	22	6328	6306
ENST00000282903.10	1280	93803	92523
ENST00000282908.10	384	448830	448446
ENST00000282924.9	221	60959	60738
ENST00000282928.5	748	5521	4773
ENST00000282957.9	13	33428	33415
ENST00000282990.10	5	22001	21996
ENST00000282999.7	72	6420	6348
ENST00000283006.7	52	20945	20893
ENST00000283025.7	85	68820	68735
ENST00000283027.10	22	26209	26187
ENST00000283033.10	115	66509	66394
ENST00000283109.8	2197	23970	21773
ENST00000283122.8	1810	17900	16090
ENST00000283131.4	223	42611	42388
ENST00000283141.11	75	79158	79083
ENST00000283147.7	857	155773	154916
ENST00000283148.12	718	102190	101472
ENST00000283172.8	120	81274	81154
ENST00000283179.14	701	12775	12074
ENST00000283195.11	125	74059	73934
ENST00000283206.9	323	62517	62194
ENST00000283225.2	0	1882	1882
ENST00000283228.7	1108	284268	283160
ENST00000283233.10	1043	287125	286082
ENST00000283243.13	9775	134756	124981
ENST00000283249.7	2068	102741	100673
ENST00000283254.12	2627	94842	92215
ENST00000283256.10	1793	101779	99986
ENST00000283268.8	405	4560	4155
ENST00000283269.13	437	479971	479534
ENST00000283285.10	52	109346	109294
ENST00000283290.10	192	29948	29756
ENST00000283296.12	1473	58258	56785
ENST00000283297.5	3	20407	20404
ENST00000283303.3	8666	21936	13270
ENST00000283309.11	4005	27635	23630
ENST00000283351.10	1561	117843	116282
ENST00000283357.10	24	60259	60235
ENST00000283365.14	262663	393459	130796
ENST00000283415.4	2227	64005	61778
ENST00000283426.11	50	45857	45807
ENST00000283429.11	89	13330	13241
ENST00000283441.13	5505	56221	50716
ENST00000283474.12	752	6441	5689
ENST00000283534.4	1325	2109	784
ENST00000283547.2	249	23926	23677
ENST00000283550.8	31	58769	58738
ENST00000283628.9	200	51318	51118
ENST00000283629.8	1998	53116	51118
ENST00000283632.5	377	54281	53904
ENST00000283635.8	1313	6914	5601
ENST00000283646.5	26	59326	59300
ENST00000283713.10	5614	21542	15928
ENST00000283752.10	463	7182	6719
ENST00000283871.10	211	55260	55049
ENST00000283875.6	7809	40036	32227
ENST00000283882.4	245	140532	140287
ENST00000283891.6	178	1622	1444
ENST00000283905.8	1283	46377	45094
ENST00000283916.11	1464	64301	62837
ENST00000283921.5	1297	4929	3632
ENST00000283928.10	2226	350724	348498
ENST00000283936.5	56863	59369	2506
ENST00000283943.9	3719	122177	118458
ENST00000283946.8	11	88938	88927
ENST00000283977.9	773	21543	20770
ENST00000284000.9	5531	6429	898
ENST00000284006.10	3593	15634	12041
ENST00000284027.5	3	40617	40614
ENST00000284031.13	2970	147409	144439
ENST00000284037.10	66144	156164	90020
ENST00000284061.8	645	30327	29682
ENST00000284073.7	220	421473	421253
ENST00000284110.2	2168	108313	106145
ENST00000284116.9	99	54191	54092
ENST00000284136.11	3890	128652	124762
ENST00000284142.7	82	14300	14218
ENST00000284154.10	1306	26916	25610
ENST00000284165.10	2604	27535	24931
ENST00000284202.9	87	25123	25036
ENST00000284240.10	3935	5909	1974
ENST00000284245.9	494	27925	27431
ENST00000284259.11	21598	29968	8370
ENST00000284262.3	639	96388	95749
ENST00000284268.8	6400	168111	161711
ENST00000284273.6	328	156094	155766
ENST00000284274.5	108	29376	29268
ENST00000284287.6	123	1975	1852
ENST00000284288.3	129	9676	9547
ENST00000284290.8	209	4530	4321
ENST00000284292.11	143	6011	5868
ENST00000284311.5	56	2214	2158
ENST00000284320.6	2136	39330	37194
ENST00000284322.10	1163	247218	246055
ENST00000284376.8	2925	16556	13631
ENST00000284382.8	2321	102593	100272
ENST00000284384.6	0	339044	339044
ENST00000284425.7	274	66814	66540
ENST00000284437.6	4635	7704	3069
ENST00000284440.9	49	11802	11753
ENST00000284476.7	14400	82110	67710
ENST00000284483.12	3	400206	400203
ENST00000284486.9	2900	23575	20675
ENST00000284503.7	1738	17552	15814
ENST00000284509.11	1959	252277	250318
ENST00000284523.2	131	53516	53385
ENST00000284548.16	3721	172469	168748
ENST00000284551.11	1032	14283	13251
ENST00000284563.7	0	133905	133905
ENST00000284601.4	949	45581	44632
ENST00000284602.1	38483	39445	962
ENST00000284617.7	4223	22257	18034
ENST00000284629.7	377	65650	65273
ENST00000284637.14	2263	177606	175343
ENST00000284648.10	1011	6964	5953
ENST00000284669.2	77	17803	17726
ENST00000284674.2	53	22810	22757
ENST00000284690.4	353	46705	46352
ENST00000284694.11	858	98399	97541
ENST00000284719.8	2982	175546	172564
ENST00000284727.9	2033	5557	3524
ENST00000284767.12	1637	35858	34221
ENST00000284770.10	600	34323	33723
ENST00000284771.7	1637	35715	34078
ENST00000284776.11	2186	80036	77850
ENST00000284811.12	232	13700	13468
ENST00000284818.7	51	38134	38083
ENST00000284856.4	437	1487	1050
ENST00000284878.12	87	53734	53647
ENST00000284881.9	4444	30231	25787
ENST00000284885.8	856	137538	136682
ENST00000284894.8	1	259818	259817
ENST00000284951.10	241	143331	143090
ENST00000284957.9	31167	70013	38846
ENST00000284971.8	143	5615	5472
ENST00000284984.8	1827	12091	10264
ENST00000284987.6	6134	51251	45117
ENST00000284995.11	5321	49622	44301
ENST00000285013.11	5502	13271	7769
ENST00000285018.5	2689	64601	61912
ENST00000285021.12	797	36225	35428
ENST00000285039.12	3685	377508	373823
ENST00000285046.10	110	118568	118458
ENST00000285071.9	1446	17651	16205
ENST00000285083.10	5741	39276	33535
ENST00000285093.15	1686	32501	30815
ENST00000285106.11	249	7195	6946
ENST00000285116.8	785	17957	17172
ENST00000285124.12	41026	67019	25993
ENST00000285199.12	116	86824	86708
ENST00000285206.12	1587	14131	12544
ENST00000285208.9	4556	71847	67291
ENST00000285238.13	56	60866	60810
ENST00000285243.7	2802	15555	12753
ENST00000285273.8	818	527992	527174
ENST00000285279.10	2245	102222	99977
ENST00000285298.9	1319	3686	2367
ENST00000285311.8	2155	114562	112407
ENST00000285379.10	75	17552	17477
ENST00000285381.3	51	10064	10013
ENST00000285393.4	69	55106	55037
ENST00000285397.9	1221	45304	44083
ENST00000285398.7	309	39122	38813
ENST00000285402.4	139	10040	9901
ENST00000285407.11	1351	8253	6902
ENST00000285419.8	1878	47711	45833
ENST00000285420.8	99	15631	15532
ENST00000285518.11	27	49827	49800
ENST00000285599.8	22	49101	49079
ENST00000285600.4	59	1923	1864
ENST00000285605.8	147	1183	1036
ENST00000285667.4	2505	13412	10907
ENST00000285670.7	686	98482	97796
ENST00000285679.10	369	151588	151219
ENST00000285681.6	369	151683	151314
ENST00000285689.8	198	70826	70628
ENST00000285697.9	6352	35004	28652
ENST00000285735.6	410	3241	2831
ENST00000285737.9	89	110040	109951
ENST00000285805.3	400	7418	7018
ENST00000285814.9	782	10777	9995
ENST00000285848.9	0	6508	6508
ENST00000285850.11	391	41700	41309
ENST00000285871.5	45054	175095	130041
ENST00000285873.8	802	55218	54416
ENST00000285879.5	1179	8360	7181
ENST00000285896.11	4652	17679	13027
ENST00000285900.10	219	323254	323035
ENST00000285908.5	747	9299	8552
ENST00000285928.3	28	139087	139059
ENST00000285930.9	375	17644	17269
ENST00000285947.5	50	8194	8144
ENST00000285968.11	28	96629	96601
ENST00000285979.11	91	53173	53082
ENST00000286031.10	5497	60112	54615
ENST00000286049.3	994	6896	5902
ENST00000286063.11	6166	451972	445806
ENST00000286070.10	110	15149	15039
ENST00000286091.9	729	27268	26539
ENST00000286096.9	6598	18442	11844
ENST00000286122.11	23684	126770	103086
ENST00000286149.8	1	85454	85453
ENST00000286175.12	491	17197	16706
ENST00000286181.7	38587	45812	7225
ENST00000286186.11	2637	36154	33517
ENST00000286190.9	387	64454	64067
ENST00000286195.7	190	133559	133369
ENST00000286196.9	8415	15639	7224
ENST00000286201.3	793	4235	3442
ENST00000286234.6	125	177197	177072
ENST00000286298.5	16895	23267	6372
ENST00000286301.7	781	36031	35250
ENST00000286307.6	39	12625	12586
ENST00000286317.6	1309	2705	1396
ENST00000286344.4	8704	281337	272633
ENST00000286349.4	166	25071	24905
ENST00000286353.9	28351	62812	34461
ENST00000286355.10	92	263767	263675
ENST00000286364.9	57	127806	127749
ENST00000286371.8	159	49885	49726
ENST00000286380.2	3	6075	6072
ENST00000286398.11	1125	48619	47494
ENST00000286424.12	123	32958	32835
ENST00000286428.7	23	22964	22941
ENST00000286437.7	90	275076	274986
ENST00000286448.12	8122	61256	53134
ENST00000286452.5	228	35936	35708
ENST00000286479.4	8722	10460	1738
ENST00000286482.6	3090	4996	1906
ENST00000286485.12	5036	279602	274566
ENST00000286494.9	460	7181	6721
ENST00000286523.9	4173	28001	23828
ENST00000286544.5	1983	19682	17699
ENST00000286548.9	5229	316208	310979
ENST00000286574.9	726	71692	70966
ENST00000286604.9	958	60802	59844
ENST00000286614.11	9453	297006	287553
ENST00000286621.7	55	530294	530239
ENST00000286627.10	2400	756280	753880
ENST00000286628.14	2387	756440	754053
ENST00000286639.8	214	24571	24357
ENST00000286648.10	187	36499	36312
ENST00000286650.9	1872	48765	46893
ENST00000286657.10	2170	291386	289216
ENST00000286688.6	2707	24891	22184
ENST00000286692.8	830	15012	14182
ENST00000286713.7	2218	32057	29839
ENST00000286719.12	803	38701	37898
ENST00000286732.5	60	15156	15096
ENST00000286733.9	1247	28356	27109
ENST00000286744.10	1639	388724	387085
ENST00000286749.3	3083	62449	59366
ENST00000286758.4	94113	99606	5493
ENST00000286760.5	99	26322	26223
ENST00000286788.9	152	18893	18741
ENST00000286794.5	8544	9916	1372
ENST00000286800.8	22359	46112	23753
ENST00000286808.5	381	1723	1342
ENST00000286824.6	3	126910	126907
ENST00000286827.7	1955	153304	151349
ENST00000286835.12	402	64113	63711
ENST00000286890.8	169	2231	2062
ENST00000286918.9	5172	7072	1900
ENST00000286953.8	381	3072	2691
ENST00000286955.5	717	2869	2152
ENST00000287008.8	955	28878	27923
ENST00000287020.7	2233	19722	17489
ENST00000287022.10	8111	12912	4801
ENST00000287025.4	92	20532	20440
ENST00000287038.8	83	3987	3904
ENST00000287042.5	1022	3882	2860
ENST00000287078.7	1946	10299	8353
ENST00000287097.6	13	131729	131716
ENST00000287139.8	1003	10769	9766
ENST00000287143.2	84	4609	4525
ENST00000287152.12	6545	397739	391194
ENST00000287156.9	699	16404	15705
ENST00000287169.8	4977	34048	29071
ENST00000287196.13	276	28163	27887
ENST00000287202.10	2541	36578	34037
ENST00000287218.9	219	333334	333115
ENST00000287239.10	16258	210646	194388
ENST00000287263.8	4280	42765	38485
ENST00000287272.6	20	557431	557411
ENST00000287275.6	367	6424	6057
ENST00000287295.8	198	38117	37919
ENST00000287322.5	15	35001	34986
ENST00000287380.6	63	82405	82342
ENST00000287387.7	76	25247	25171
ENST00000287394.10	1287	80649	79362
ENST00000287437.8	10471	275757	265286
ENST00000287461.8	1709	8980	7271
ENST00000287468.5	461	6554	6093
ENST00000287474.9	198	41928	41730
ENST00000287482.6	1761	51198	49437
ENST00000287490.5	46	882	836
ENST00000287507.7	930	4730	3800
ENST00000287538.10	565	5338	4773
ENST00000287546.8	12490	244117	231627
ENST00000287585.8	3853	55056	51203
ENST00000287590.6	94	4413	4319
ENST00000287594.7	144	12717	12573
ENST00000287598.11	152	62814	62662
ENST00000287600.9	522	49126	48604
ENST00000287611.8	184	27693	27509
ENST00000287641.4	156	1725	1569
ENST00000287647.7	2244	76904	74660
ENST00000287652.8	1178	33276	32098
ENST00000287656.11	124	4770	4646
ENST00000287667.12	131	65556	65425
ENST00000287675.10	28	29117	29089
ENST00000287701.15	73473	162008	88535
ENST00000287706.8	177	19034	18857
ENST00000287713.7	4407	170940	166533
ENST00000287721.13	46	3523	3477
ENST00000287727.8	91118	208387	117269
ENST00000287748.8	185	10602	10417
ENST00000287761.7	26	83048	83022
ENST00000287766.10	24464	45998	21534
ENST00000287771.9	566	165661	165095
ENST00000287773.5	2805	12124	9319
ENST00000287777.5	82	8310	8228
ENST00000287814.5	450	6439	5989
ENST00000287820.10	121	84178	84057
ENST00000287842.7	92	217686	217594
ENST00000287844.7	2573	16829	14256
ENST00000287859.11	3948	44584	40636
ENST00000287878.9	1077	322184	321107
ENST00000287899.13	4971	26701	21730
ENST00000287907.3	576	15229	14653
ENST00000287908.7	13397	22401	9004
ENST00000287912.7	426	57356	56930
ENST00000287913.10	168	3367	3199
ENST00000287916.8	9291	10753	1462
ENST00000287934.4	448	4328	3880
ENST00000287936.9	5386	25764	20378
ENST00000287957.5	248	9879	9631
ENST00000287996.8	2652	58265	55613
ENST00000288014.7	487	3254	2767
ENST00000288022.2	2112	4384	2272
ENST00000288025.4	160	9219	9059
ENST00000288040.11	33	13600	13567
ENST00000288050.9	6161	45164	39003
ENST00000288065.6	27	12880	12853
ENST00000288071.11	112	35818	35706
ENST00000288078.11	8596	28311	19715
ENST00000288087.12	84	2534	2450
ENST00000288098.7	389	14345	13956
ENST00000288111.12	264	9439	9175
ENST00000288135.6	58	83504	83446
ENST00000288139.11	556	323286	322730
ENST00000288167.8	21	20232	20211
ENST00000288168.14	764	166370	165606
ENST00000288177.10	1590	9901	8311
ENST00000288207.7	123	20913	20790
ENST00000288221.11	175525	929551	754026
ENST00000288228.10	20441	84285	63844
ENST00000288235.9	4949	243362	238413
ENST00000288266.8	155	44060	43905
ENST00000288319.12	3370	119771	116401
ENST00000288344.14	3626	6741	3115
ENST00000288350.8	157	24768	24611
ENST00000288368.5	349	284107	283758
ENST00000288381.4	660	171103	170443
ENST00000288383.11	5870	34503	28633
ENST00000288390.2	347	35203	34856
ENST00000288398.10	198	22354	22156
ENST00000288422.4	3988	34275	30287
ENST00000288439.9	22	46051	46029
ENST00000288447.9	1364	824967	823603
ENST00000288462.4	2752	20011	17259
ENST00000288466.11	99	176451	176352
ENST00000288490.9	699	459499	458800
ENST00000288502.9	5905	33037	27132
ENST00000288513.9	328	69811	69483
ENST00000288520.9	626	262889	262263
ENST00000288532.11	508	26836	26328
ENST00000288548.5	0	55740	55740
ENST00000288599.9	74201	187821	113620
ENST00000288602.11	114	192616	192502
ENST00000288607.3	369	2371	2002
ENST00000288616.7	553	17486	16933
ENST00000288642.12	2077	277257	275180
ENST00000288670.14	430	315978	315548
ENST00000288699.11	50368	100540	50172
ENST00000288710.7	70	56797	56727
ENST00000288723.9	2155	117079	114924
ENST00000288745.7	2641	231565	228924
ENST00000288757.7	3670	16768	13098
ENST00000288774.8	1805	9570	7765
ENST00000288815.5	174	10844	10670
ENST00000288828.9	187	42060	41873
ENST00000288840.10	1023	80780	79757
ENST00000288861.5	161	60657	60496
ENST00000288873.7	32	2386	2354
ENST00000288912.9	2714	88595	85881
ENST00000288937.7	1736	3433	1697
ENST00000288943.5	657	3123	2466
ENST00000288976.3	67	25886	25819
ENST00000288985.13	421	93188	92767
ENST00000288986.6	65794	87370	21576
ENST00000289004.8	204	20461	20257
ENST00000289013.11	112	15767	15655
ENST00000289081.8	2656	151897	149241
ENST00000289104.8	25187	55188	30001
ENST00000289119.7	693	54982	54289
ENST00000289135.4	174	28518	28344
ENST00000289153.6	2693	109832	107139
ENST00000289166.6	927	8923	7996
ENST00000289175.10	311	74240	73929
ENST00000289228.7	922	9068	8146
ENST00000289248.6	211	33818	33607
ENST00000289269.7	291	46475	46184
ENST00000289272.3	145	130656	130511
ENST00000289290.7	49687	90165	40478
ENST00000289292.11	5051	226841	221790
ENST00000289316.2	24	778	754
ENST00000289359.6	115	12458	12343
ENST00000289361.11	3289	12944	9655
ENST00000289371.11	166	65658	65492
ENST00000289373.5	408	1614	1206
ENST00000289382.8	79	18047	17968
ENST00000289388.4	28	12255	12227
ENST00000289409.8	3	197674	197671
ENST00000289416.10	6021	34700	28679
ENST00000289422.11	271	197983	197712
ENST00000289429.6	246	4238	3992
ENST00000289431.10	2231	6657	4426
ENST00000289448.4	107	8525	8418
ENST00000289473.11	21	16305	16284
ENST00000289488.8	8234	15239	7005
ENST00000289495.7	31	384087	384056
ENST00000289528.10	206	3283	3077
ENST00000289547.8	915	32781	31866
ENST00000289575.10	275	55583	55308
ENST00000289577.9	1588	4842	3254
ENST00000289619.9	245	4030	3785
ENST00000289656.3	140	8178	8038
ENST00000289672.7	532	182316	181784
ENST00000289703.8	563	5827	5264
ENST00000289707.10	26	9234	9208
ENST00000289734.13	8244	149911	141667
ENST00000289746.3	84	25832	25748
ENST00000289749.6	80	14538	14458
ENST00000289753.2	879	15807	14928
ENST00000289779.7	23436	41112	17676
ENST00000289788.5	1813	4775	2962
ENST00000289805.10	980	6145	5165
ENST00000289815.13	19727	67009	47282
ENST00000289816.9	1566	18865	17299
ENST00000289820.10	406	12470	12064
ENST00000289865.12	1162	7648	6486
ENST00000289877.8	0	21916	21916
ENST00000289902.2	27	3898	3871
ENST00000289921.8	104	15990	15886
ENST00000289952.9	37174	53626	16452
ENST00000289953.3	267	28202	27935
ENST00000289957.3	181	40617	40436
ENST00000289963.12	286	101168	100882
ENST00000289968.11	744	98495	97751
ENST00000289989.10	122	4792	4670
ENST00000290015.7	56	26199	26143
ENST00000290037.10	1661	44492	42831
ENST00000290039.6	105	224407	224302
ENST00000290075.10	47	37869	37822
ENST00000290079.9	27	1804	1777
ENST00000290122.8	18	11609	11591
ENST00000290130.4	812	11480	10668
ENST00000290155.8	2512	13752	11240
ENST00000290158.9	326	33355	33029
ENST00000290167.11	2740	26657	23917
ENST00000290178.4	119	32704	32585
ENST00000290200.7	99	30955	30856
ENST00000290208.11	747	6567	5820
ENST00000290209.9	3888	91954	88066
ENST00000290216.14	155	4419	4264
ENST00000290219.11	131	34550	34419
ENST00000290231.11	1312	20163	18851
ENST00000290244.9	439	43156	42717
ENST00000290246.11	1313	30572	29259
ENST00000290271.7	2844	13331	10487
ENST00000290291.10	25	10835	10810
ENST00000290294.5	85	842	757
ENST00000290295.8	2030	4680	2650
ENST00000290299.7	76	12942	12866
ENST00000290310.4	6473	7209	736
ENST00000290317.9	2202	57525	55323
ENST00000290330.7	104	15123	15019
ENST00000290341.8	361	53772	53411
ENST00000290349.11	92	3683	3591
ENST00000290354.6	114	12258	12144
ENST00000290363.6	714	5547	4833
ENST00000290374.5	1449	4417	2968
ENST00000290378.6	185	5703	5518
ENST00000290390.9	154	4990	4836
ENST00000290399.11	632	50964	50332
ENST00000290417.7	664	4952	4288
ENST00000290418.4	447	10955	10508
ENST00000290419.9	32727	113053	80326
ENST00000290429.11	837	12305	11468
ENST00000290431.5	23	52500	52477
ENST00000290438.3	1056	14713	13657
ENST00000290460.7	1155	106718	105563
ENST00000290470.3	138	1714	1576
ENST00000290472.4	1709	29884	28175
ENST00000290497.11	13186	15523	2337
ENST00000290510.10	34	13244	13210
ENST00000290524.8	1549	7519	5970
ENST00000290536.9	836	83972	83136
ENST00000290541.7	15	3038	3023
ENST00000290551.5	88	2388	2300
ENST00000290552.8	889	7431	6542
ENST00000290567.14	300	30779	30479
ENST00000290573.7	454	59544	59090
ENST00000290583.9	4986	17345	12359
ENST00000290585.8	2640	14850	12210
ENST00000290597.9	1418	32767	31349
ENST00000290607.12	110	158032	157922
ENST00000290649.10	1460	65790	64330
ENST00000290650.9	2435	168325	165890
ENST00000290663.10	536	6742	6206
ENST00000290691.10	1018	9275	8257
ENST00000290705.12	73	1461	1388
ENST00000290722.1	97	13819	13722
ENST00000290759.9	111	6130	6019
ENST00000290765.9	312	4444	4132
ENST00000290776.13	18160	56701	38541
ENST00000290795.7	955	33195	32240
ENST00000290810.8	134	29603	29469
ENST00000290855.11	22	25726	25704
ENST00000290858.11	259	70120	69861
ENST00000290863.10	28	14705	14677
ENST00000290866.10	34	24195	24161
ENST00000290868.7	1182	38561	37379
ENST00000290871.10	1382	11710	10328
ENST00000290881.11	1210	6413	5203
ENST00000290894.12	736	33122	32386
ENST00000290902.10	543	6127	5584
ENST00000290913.8	73	256655	256582
ENST00000290921.10	795	38818	38023
ENST00000290942.9	352	1811	1459
ENST00000290943.10	96	50980	50884
ENST00000290949.8	512	44112	43600
ENST00000290953.3	68	1220	1152
ENST00000290974.7	1131	151374	150243
ENST00000291009.4	40	7996	7956
ENST00000291041.6	15496	35655	20159
ENST00000291074.10	537	184408	183871
ENST00000291107.6	175	105604	105429
ENST00000291182.9	873	19266	18393
ENST00000291232.5	3338	5290	1952
ENST00000291270.9	774	14507	13733
ENST00000291281.9	210	44670	44460
ENST00000291294.7	815	4913	4098
ENST00000291295.14	105	8261	8156
ENST00000291358.11	11	3801	3790
ENST00000291386.4	396	33461	33065
ENST00000291416.10	1781	37453	35672
ENST00000291439.8	116	37778	37662
ENST00000291440.4	13416	70590	57174
ENST00000291442.4	472	14545	14073
ENST00000291458.9	281	24060	23779
ENST00000291478.9	163	138648	138485
ENST00000291481.8	3064	9177	6113
ENST00000291495.5	85	11208	11123
ENST00000291503.9	225	20148	19923
ENST00000291526.5	179	4983	4804
ENST00000291527.3	200	4462	4262
ENST00000291535.11	84	45184	45100
ENST00000291536.8	335	24618	24283
ENST00000291539.11	194	123428	123234
ENST00000291547.10	29820	56834	27014
ENST00000291552.9	149	15250	15101
ENST00000291554.6	92	3785	3693
ENST00000291560.7	571	129904	129333
ENST00000291565.9	166	37856	37690
ENST00000291568.7	255	2610	2355
ENST00000291572.13	94459	118286	23827
ENST00000291574.9	185	94973	94788
ENST00000291576.12	18	26105	26087
ENST00000291577.11	15	12060	12045
ENST00000291582.6	131	13469	13338
ENST00000291592.6	1135	2675	1540
ENST00000291598.11	3101	22054	18953
ENST00000291633.7	26	15098	15072
ENST00000291634.11	29	37455	37426
ENST00000291670.9	728	20870	20142
ENST00000291672.6	222	22672	22450
ENST00000291688.6	138	56065	55927
ENST00000291691.12	872	22566	21694
ENST00000291700.9	762	4085	3323
ENST00000291705.11	1310	29360	28050
ENST00000291707.8	417	12283	11866
ENST00000291715.5	47	1976	1929
ENST00000291722.11	100	9069	8969
ENST00000291726.11	54	4531	4477
ENST00000291744.11	12	7533	7521
ENST00000291750.6	697	17016	16319
ENST00000291752.9	329	16864	16535
ENST00000291759.5	390	7397	7007
ENST00000291764.3	257	8092	7835
ENST00000291775.3	232	3182	2950
ENST00000291823.3	319	12475	12156
ENST00000291825.11	4792	14602	9810
ENST00000291839.10	2246	13355	11109
ENST00000291842.10	27	16434	16407
ENST00000291860.2	55	12873	12818
ENST00000291890.9	40	7625	7585
ENST00000291892.10	3913	19343	15430
ENST00000291900.7	1554	28062	26508
ENST00000291901.12	124	15136	15012
ENST00000291906.5	413	20745	20332
ENST00000291934.4	28	1900	1872
ENST00000291971.7	71	43212	43141
ENST00000292035.10	429	220657	220228
ENST00000292067.11	365	20097	19732
ENST00000292069.10	1840	24871	23031
ENST00000292079.7	618	4814	4196
ENST00000292090.8	165	2486	2321
ENST00000292114.8	24	4220	4196
ENST00000292123.9	107	47913	47806
ENST00000292125.6	41	15475	15434
ENST00000292140.10	310	30920	30610
ENST00000292144.8	59	4844	4785
ENST00000292147.7	134	21213	21079
ENST00000292169.6	2088	3684	1596
ENST00000292174.5	50	11882	11832
ENST00000292176.2	213	3849	3636
ENST00000292180.8	351	11444	11093
ENST00000292199.6	2675	17623	14948
ENST00000292211.5	1864	11229	9365
ENST00000292246.8	1061	241972	240911
ENST00000292254.8	318	7282	6964
ENST00000292291.10	812	4436	3624
ENST00000292303.5	1957	4067	2110
ENST00000292314.6	329	55570	55241
ENST00000292327.6	375	6097	5722
ENST00000292330.3	81	1847	1766
ENST00000292357.8	10209	24166	13957
ENST00000292363.10	605	16519	15914
ENST00000292377.4	627	9320	8693
ENST00000292385.9	509	17222	16713
ENST00000292393.9	0	401	401
ENST00000292401.9	276	10180	9904
ENST00000292408.9	2688	13147	10459
ENST00000292427.10	2019	8956	6937
ENST00000292430.10	417	3749	3332
ENST00000292431.5	16944	21715	4771
ENST00000292432.10	207	18041	17834
ENST00000292433.4	2776	4112	1336
ENST00000292450.9	7233	16256	9023
ENST00000292475.8	135	8224	8089
ENST00000292476.10	140	18353	18213
ENST00000292478.9	3231	20596	17365
ENST00000292494.11	2411	3647	1236
ENST00000292510.6	191	3982	3791
ENST00000292513.4	97	3058	2961
ENST00000292524.6	1734	4959	3225
ENST00000292530.11	3444	31258	27814
ENST00000292535.12	14	435904	435890
ENST00000292538.9	26	469093	469067
ENST00000292539.8	7165	13444	6279
ENST00000292562.12	738	35828	35090
ENST00000292566.4	1159	9501	8342
ENST00000292574.4	100	13880	13780
ENST00000292577.12	393	5682	5289
ENST00000292579.11	4567	15073	10506
ENST00000292586.11	118	22542	22424
ENST00000292591.12	438	10602	10164
ENST00000292596.15	95	2850	2755
ENST00000292599.4	291	45095	44804
ENST00000292609.8	726	12624	11898
ENST00000292614.10	524	6079	5555
ENST00000292616.10	97	9988	9891
ENST00000292641.4	129	1666	1537
ENST00000292644.5	69	21695	21626
ENST00000292672.7	79	70225	70146
ENST00000292733.11	77	81326	81249
ENST00000292748.7	5326	5834	508
ENST00000292778.11	332	2889	2557
ENST00000292779.4	422	6142	5720
ENST00000292782.9	7023	43185	36162
ENST00000292807.9	2139	10052	7913
ENST00000292808.5	34	9609	9575
ENST00000292823.6	4323	37256	32933
ENST00000292841.10	6052	26673	20621
ENST00000292852.9	1210	9747	8537
ENST00000292853.9	1393	9050	7657
ENST00000292879.9	69	3459	3390
ENST00000292894.2	459	20051	19592
ENST00000292896.3	127	1983	1856
ENST00000292901.7	13	2175	2162
ENST00000292907.8	63	1718	1655
ENST00000292928.7	4602	23881	19279
ENST00000293068.9	12647	99624	86977
ENST00000293190.10	415	16756	16341
ENST00000293195.10	323	11908	11585
ENST00000293208.13	7	39346	39339
ENST00000293217.10	5244	39532	34288
ENST00000293230.10	1225	10752	9527
ENST00000293255.3	1177	15052	13875
ENST00000293261.8	866	32933	32067
ENST00000293288.12	0	6814	6814
ENST00000293303.5	108	12298	12190
ENST00000293308.11	237	9228	8991
ENST00000293328.8	2564	35293	32729
ENST00000293330.1	97	1696	1599
ENST00000293349.10	186	10976	10790
ENST00000293350.9	107	19628	19521
ENST00000293362.7	161	8894	8733
ENST00000293371.11	127	4039	3912
ENST00000293373.11	38	48280	48242
ENST00000293379.9	1035	27054	26019
ENST00000293396.12	61	11069	11008
ENST00000293404.8	42	5571	5529
ENST00000293405.8	64	11302	11238
ENST00000293406.8	1883	32839	30956
ENST00000293414.6	86	9037	8951
ENST00000293422.9	46	3506	3460
ENST00000293441.6	2713	64124	61411
ENST00000293443.12	521	12969	12448
ENST00000293471.11	8749	20109	11360
ENST00000293502.2	703	12063	11360
ENST00000293525.5	52	8166	8114
ENST00000293549.4	329	4421	4092
ENST00000293599.7	146	4093	3947
ENST00000293604.10	193	7355	7162
ENST00000293618.12	202	76996	76794
ENST00000293636.2	138	18962	18824
ENST00000293648.8	11144	19995	8851
ENST00000293662.9	74	9427	9353
ENST00000293670.3	333	8504	8171
ENST00000293683.9	0	39338	39338
ENST00000293695.8	558	21119	20561
ENST00000293725.10	1120	17429	16309
ENST00000293745.7	396	17387	16991
ENST00000293748.9	0	32323	32323
ENST00000293756.5	1061	15039	13978
ENST00000293760.10	1418	19403	17985
ENST00000293761.8	684	12704	12020
ENST00000293771.10	256	24193	23937
ENST00000293777.6	62	2104	2042
ENST00000293778.12	1076	6563	5487
ENST00000293800.10	1487	30251	28764
ENST00000293805.10	622	5995	5373
ENST00000293825.11	96	9029	8933
ENST00000293826.4	55	12710	12655
ENST00000293829.9	109	4301	4192
ENST00000293831.13	17	6865	6848
ENST00000293845.8	198	15615	15417
ENST00000293851.9	694	3428	2734
ENST00000293860.6	1026	7500	6474
ENST00000293861.8	189	3676	3487
ENST00000293872.13	211	41452	41241
ENST00000293874.2	7080	7968	888
ENST00000293879.9	52	23424	23372
ENST00000293883.9	115	7379	7264
ENST00000293889.10	191	5085	4894
ENST00000293894.4	153	4948	4795
ENST00000293897.6	43	2225	2182
ENST00000293922.1	3	3944	3941
ENST00000293925.9	0	63189	63189
ENST00000293968.11	88	6591	6503
ENST00000293971.11	88	10405	10317
ENST00000293973.2	405	4539	4134
ENST00000293978.12	405	3374	2969
ENST00000293981.10	13237	16351	3114
ENST00000294008.4	1164	33271	32107
ENST00000294016.8	3125	156838	153713
ENST00000294053.9	7875	151083	143208
ENST00000294064.9	128	18936	18808
ENST00000294066.7	4622	20659	16037
ENST00000294072.9	1597	8629	7032
ENST00000294117.6	620	1350	730
ENST00000294119.6	223	3353	3130
ENST00000294129.7	703	14116	13413
ENST00000294161.10	737	5257	4520
ENST00000294168.8	4388	17753	13365
ENST00000294172.7	349	15062	14713
ENST00000294179.8	612	25438	24826
ENST00000294187.10	1216	5433	4217
ENST00000294189.11	230	2413	2183
ENST00000294241.10	213	61770	61557
ENST00000294244.9	231	14817	14586
ENST00000294256.12	1106	8155	7049
ENST00000294258.8	477	4812	4335
ENST00000294288.5	230	5067	4837
ENST00000294304.12	124	141298	141174
ENST00000294309.8	66	41249	41183
ENST00000294312.4	1027	6283	5256
ENST00000294337.7	31	10053	10022
ENST00000294338.7	392	6688	6296
ENST00000294339.3	3431	10586	7155
ENST00000294353.7	201	97391	97190
ENST00000294360.5	563	6948	6385
ENST00000294383.7	2689	156546	153857
ENST00000294401.11	565	68193	67628
ENST00000294409.2	14833	47700	32867
ENST00000294413.13	281	59778	59497
ENST00000294428.8	98	87968	87870
ENST00000294435.8	31	18999	18968
ENST00000294454.6	228	4052	3824
ENST00000294484.7	21838	61684	39846
ENST00000294485.6	14549	29024	14475
ENST00000294489.10	341	33151	32810
ENST00000294507.4	1362	26054	24692
ENST00000294517.11	1097	40397	39300
ENST00000294521.7	136	7674	7538
ENST00000294543.11	803	100407	99604
ENST00000294599.8	611	44982	44371
ENST00000294600.7	32	21026	20994
ENST00000294618.12	205	69238	69033
ENST00000294623.8	1035	34461	33426
ENST00000294635.5	505	17710	17205
ENST00000294638.9	2281	33517	31236
ENST00000294664.11	9615	73319	63704
ENST00000294671.3	410	42097	41687
ENST00000294678.6	2100	38776	36676
ENST00000294702.6	2989	11704	8715
ENST00000294724.8	554	75722	75168
ENST00000294725.14	2448	385907	383459
ENST00000294728.7	119	20746	20627
ENST00000294732.11	199	67958	67759
ENST00000294737.11	36319	266552	230233
ENST00000294740.3	2081	7449	5368
ENST00000294742.6	1077	9659	8582
ENST00000294753.8	3110	33920	30810
ENST00000294785.10	14	16995	16981
ENST00000294794.8	486	42480	41994
ENST00000294796.8	0	6783	6783
ENST00000294811.2	3620	5232	1612
ENST00000294816.6	2010	154824	152814
ENST00000294818.2	297	20758	20461
ENST00000294829.5	404	3966	3562
ENST00000294848.12	726	101977	101251
ENST00000294854.13	20	109115	109095
ENST00000294868.8	4407	57397	52990
ENST00000294889.6	40	6789	6749
ENST00000294905.4	0	14900	14900
ENST00000294947.2	1054	26902	25848
ENST00000294952.13	188	76293	76105
ENST00000294954.12	926	70983	70057
ENST00000294964.6	179	11136	10957
ENST00000294973.11	351	26295	25944
ENST00000294981.8	286	48244	47958
ENST00000294984.7	390	6225	5835
ENST00000294997.10	0	39010	39010
ENST00000295006.6	102	64394	64292
ENST00000295008.8	84	1962	1878
ENST00000295025.12	320	42857	42537
ENST00000295030.6	40	32252	32212
ENST00000295031.9	4123	70103	65980
ENST00000295033.7	168	8461	8293
ENST00000295049.9	3787	108728	104941
ENST00000295050.12	91	16527	16436
ENST00000295051.11	53	174933	174880
ENST00000295055.12	7992	66540	58548
ENST00000295057.4	376	3506	3130
ENST00000295065.9	3304	146069	142765
ENST00000295066.3	85	15647	15562
ENST00000295079.6	482	9359	8877
ENST00000295082.3	493	3455	2962
ENST00000295083.8	80	22957	22877
ENST00000295087.13	4482	29910	25428
ENST00000295092.3	1263	3013	1750
ENST00000295095.11	26072	640162	614090
ENST00000295101.3	81	158115	158034
ENST00000295108.4	1326	3460	2134
ENST00000295113.5	1577	34246	32669
ENST00000295119.9	15	37654	37639
ENST00000295121.11	1436	28701	27265
ENST00000295124.9	52	91459	91407
ENST00000295131.3	512	23545	23033
ENST00000295133.9	4303	17561	13258
ENST00000295148.9	1589	12307	10718
ENST00000295150.8	428	16188	15760
ENST00000295156.9	51379	115265	63886
ENST00000295171.10	138	6688	6550
ENST00000295181.6	5647	14544	8897
ENST00000295190.9	2401	25896	23495
ENST00000295201.5	150	6635	6485
ENST00000295206.7	770	6170	5400
ENST00000295208.7	4285	9450	5165
ENST00000295211.5	0	7736	7736
ENST00000295213.9	401	45181	44780
ENST00000295220.10	1700	59000	57300
ENST00000295225.10	92	87458	87366
ENST00000295228.4	53	4954	4901
ENST00000295238.11	33	37702	37669
ENST00000295240.8	60	26096	26036
ENST00000295246.7	1627	148430	146803
ENST00000295256.10	948	36686	35738
ENST00000295266.6	58	2384	2326
ENST00000295268.4	189	585644	585455
ENST00000295269.5	534	61841	61307
ENST00000295290.12	4063	27575	23512
ENST00000295294.11	2225	10887	8662
ENST00000295297.4	259	103745	103486
ENST00000295304.5	83	7267	7184
ENST00000295314.9	97	5914	5817
ENST00000295317.4	1640	34180	32540
ENST00000295321.9	235	47839	47604
ENST00000295324.4	3882	5404	1522
ENST00000295326.4	110	12759	12649
ENST00000295367.5	1272	2284	1012
ENST00000295379.2	4725	11719	6994
ENST00000295400.11	3578	106957	103379
ENST00000295408.9	129	133232	133103
ENST00000295414.8	257	43122	42865
ENST00000295417.4	4387	7895	3508
ENST00000295440.2	43	1240	1197
ENST00000295448.8	1289	21234	19945
ENST00000295452.5	5222	89530	84308
ENST00000295453.8	51	4610	4559
ENST00000295454.8	85	395861	395776
ENST00000295461.10	68	20621	20553
ENST00000295463.4	47	4563	4516
ENST00000295470.10	3493	8374	4881
ENST00000295488.8	110	51632	51522
ENST00000295491.9	20	5556	5536
ENST00000295497.13	1310	49317	48007
ENST00000295500.8	975	49407	48432
ENST00000295522.4	2573	17128	14555
ENST00000295530.6	477	5109	4632
ENST00000295542.6	213	19143	18930
ENST00000295548.3	429	97915	97486
ENST00000295550.9	759	82287	81528
ENST00000295566.8	214	31907	31693
ENST00000295569.12	1379	153837	152458
ENST00000295571.9	2404	35946	33542
ENST00000295588.9	59	24637	24578
ENST00000295589.4	245	10150	9905
ENST00000295591.12	2469	41300	38831
ENST00000295598.10	268	34243	33975
ENST00000295605.6	37	48637	48600
ENST00000295612.7	1958	17261	15303
ENST00000295619.4	1072	13780	12708
ENST00000295622.6	25	6729	6704
ENST00000295628.4	6694	25843	19149
ENST00000295633.8	4662	59367	54705
ENST00000295640.9	19	25004	24985
ENST00000295645.9	41	36307	36266
ENST00000295658.8	14069	19533	5464
ENST00000295666.6	547	80419	79872
ENST00000295682.6	35	4219	4184
ENST00000295683.3	1321	3419	2098
ENST00000295685.14	261	37592	37331
ENST00000295688.8	234	30837	30603
ENST00000295694.9	2279	9826	7547
ENST00000295701.9	80	25461	25381
ENST00000295702.9	495	11663	11168
ENST00000295704.7	68	9445	9377
ENST00000295706.9	12518	53488	40970
ENST00000295709.8	744	33839	33095
ENST00000295718.7	606	22623	22017
ENST00000295720.10	1190	107108	105918
ENST00000295727.2	583	4699	4116
ENST00000295728.7	65	3573	3508
ENST00000295729.6	1643	5334	3691
ENST00000295731.7	786	7273	6487
ENST00000295736.9	4044	87577	83533
ENST00000295738.11	447	9987	9540
ENST00000295743.8	1124	8397	7273
ENST00000295746.13	1288	42205	40917
ENST00000295750.5	169	11271	11102
ENST00000295754.10	283	86689	86406
ENST00000295755.7	143	1877	1734
ENST00000295756.11	142	31640	31498
ENST00000295757.8	42	25405	25363
ENST00000295759.12	477	8921	8444
ENST00000295760.11	21175	92271	71096
ENST00000295761.11	0	7163	7163
ENST00000295766.9	54	4809	4755
ENST00000295767.9	813	10362	9549
ENST00000295770.4	74	105598	105524
ENST00000295777.9	53406	90819	37413
ENST00000295797.5	246	82470	82224
ENST00000295802.9	1290	14371	13081
ENST00000295809.12	4774	47335	42561
ENST00000295822.7	4945	19843	14898
ENST00000295824.14	162	57032	56870
ENST00000295830.13	1508	5654	4146
ENST00000295834.8	75	5412	5337
ENST00000295839.9	48	227622	227574
ENST00000295851.10	121	100483	100362
ENST00000295854.10	0	5348	5348
ENST00000295863.4	810	52501	51691
ENST00000295864.9	13	6292	6279
ENST00000295868.6	268	73725	73457
ENST00000295872.8	2592	66435	63843
ENST00000295874.14	377	735612	735235
ENST00000295878.8	1021	95120	94099
ENST00000295881.9	9	44376	44367
ENST00000295886.5	1307	7341	6034
ENST00000295887.6	275	66926	66651
ENST00000295888.9	3274	201507	198233
ENST00000295890.8	5755	18280	12525
ENST00000295894.9	369	173191	172822
ENST00000295896.13	173	26620	26447
ENST00000295897.9	41	17821	17780
ENST00000295898.8	11558	15663	4105
ENST00000295899.10	265	30524	30259
ENST00000295900.10	48039	137569	89530
ENST00000295901.9	120	14027	13907
ENST00000295902.11	5183	354192	349009
ENST00000295903.8	6361	177527	171166
ENST00000295908.11	727	17688	16961
ENST00000295910.11	10	45988	45978
ENST00000295911.6	692	18037	17345
ENST00000295920.7	221	68807	68586
ENST00000295924.12	3108	32504	29396
ENST00000295925.5	33	3583	3550
ENST00000295926.8	691	14108	13417
ENST00000295927.4	84	7266	7182
ENST00000295930.7	12053	435213	423160
ENST00000295934.8	362	2631	2269
ENST00000295951.7	1422	173567	172145
ENST00000295952.7	205	172350	172145
ENST00000295955.14	422	4885	4463
ENST00000295956.9	143	170097	169954
ENST00000295958.10	5793	59102	53309
ENST00000295959.10	4085	11615	7530
ENST00000295962.8	19055	57233	38178
ENST00000295966.11	457	197336	196879
ENST00000295971.12	2627	17388	14761
ENST00000295974.12	6068	225487	219419
ENST00000295981.7	218	18846	18628
ENST00000295984.7	688	7513	6825
ENST00000295987.13	966	49929	48963
ENST00000295989.9	249	40851	40602
ENST00000295992.8	464	72258	71794
ENST00000296003.9	79	54396	54317
ENST00000296015.9	99	10674	10575
ENST00000296026.4	676	2339	1663
ENST00000296027.5	1998	3277	1279
ENST00000296028.4	836	2045	1209
ENST00000296029.4	396	1442	1046
ENST00000296043.7	824	349922	349098
ENST00000296046.4	12	32648	32636
ENST00000296048.10	189	36470	36281
ENST00000296051.7	86	45576	45490
ENST00000296059.7	2983	15482	12499
ENST00000296088.12	16664	64304	47640
ENST00000296091.8	7616	11433	3817
ENST00000296092.7	2326	10382	8056
ENST00000296096.6	130	4499	4369
ENST00000296097.8	1296	5342	4046
ENST00000296098.4	270	25267	24997
ENST00000296099.2	124	866	742
ENST00000296102.8	59	7951	7892
ENST00000296121.6	4600	13317	8717
ENST00000296122.10	311	48459	48148
ENST00000296125.9	71	41152	41081
ENST00000296126.6	7642	22034	14392
ENST00000296127.7	1846	35564	33718
ENST00000296129.6	3364	66509	63145
ENST00000296130.5	60	10221	10161
ENST00000296135.11	3001	19562	16561
ENST00000296137.7	3865	71424	67559
ENST00000296140.4	1538	3666	2128
ENST00000296142.4	87	3614	3527
ENST00000296144.3	668	34347	33679
ENST00000296145.6	182	4017	3835
ENST00000296149.9	432	18741	18309
ENST00000296161.9	89	9621	9532
ENST00000296181.9	1678	127434	125756
ENST00000296202.12	822	68285	67463
ENST00000296210.11	531	7948	7417
ENST00000296214.10	4109	25319	21210
ENST00000296215.8	3302	20964	17662
ENST00000296218.8	10	8973	8963
ENST00000296220.6	1660	68170	66510
ENST00000296233.4	1095	11533	10438
ENST00000296238.4	947	2307	1360
ENST00000296252.9	2531	47552	45021
ENST00000296254.3	758	8237	7479
ENST00000296255.8	445	32642	32197
ENST00000296257.10	119	45296	45177
ENST00000296266.7	192	83968	83776
ENST00000296271.4	95	6115	6020
ENST00000296273.7	72	15892	15820
ENST00000296277.9	200	504	304
ENST00000296280.11	1605	59723	58118
ENST00000296288.9	1265	10968	9703
ENST00000296292.8	3423	43527	40104
ENST00000296302.11	76	136758	136682
ENST00000296315.8	1853	75946	74093
ENST00000296318.12	6414	77508	71094
ENST00000296326.8	846	14783	13937
ENST00000296327.10	179	17673	17494
ENST00000296328.9	9026	86193	77167
ENST00000296333.10	122	22309	22187
ENST00000296343.10	6154	70748	64594
ENST00000296350.10	1635	30160	28525
ENST00000296351.8	655	11648	10993
ENST00000296358.5	80	39968	39888
ENST00000296370.4	55	3444	3389
ENST00000296380.9	5784	8020	2236
ENST00000296387.6	1996	7637	5641
ENST00000296388.10	326	22790	22464
ENST00000296402.9	6302	311453	305151
ENST00000296411.11	33	66740	66707
ENST00000296412.14	1442	18835	17393
ENST00000296414.11	81	50518	50437
ENST00000296417.6	377	2461	2084
ENST00000296420.9	14983	123345	108362
ENST00000296422.12	192	92317	92125
ENST00000296424.9	2113	19388	17275
ENST00000296425.10	2077	19214	17137
ENST00000296435.2	156	2589	2433
ENST00000296438.9	549	23819	23270
ENST00000296440.11	635	27126	26491
ENST00000296444.7	1234	36932	35698
ENST00000296446.12	1940	99084	97144
ENST00000296449.9	13353	60626	47273
ENST00000296452.5	126	122127	122001
ENST00000296456.10	51	11162	11111
ENST00000296464.9	229	53047	52818
ENST00000296468.8	2834	48876	46042
ENST00000296471.11	1332	5809	4477
ENST00000296473.8	144	6133	5989
ENST00000296474.8	308	20787	20479
ENST00000296479.9	1896	8194	6298
ENST00000296484.7	664	80356	79692
ENST00000296486.8	434	22329	21895
ENST00000296487.8	945	4013	3068
ENST00000296490.8	3059	24857	21798
ENST00000296498.3	1901	75294	73393
ENST00000296499.6	19425	223829	204404
ENST00000296503.10	707	2896	2189
ENST00000296504.4	229	7026	6797
ENST00000296506.8	3643	7005	3362
ENST00000296509.11	4498	11721	7223
ENST00000296511.10	525	29591	29066
ENST00000296513.7	1059	52442	51383
ENST00000296518.11	29670	65092	35422
ENST00000296519.6	52	19470	19418
ENST00000296521.11	601	31521	30920
ENST00000296522.11	1784	33067	31283
ENST00000296525.7	1930	56415	54485
ENST00000296526.12	315	144947	144632
ENST00000296529.11	2182	44062	41880
ENST00000296530.12	2806	48324	45518
ENST00000296533.3	1344	3742	2398
ENST00000296543.10	273	89154	88881
ENST00000296545.11	82863	96723	13860
ENST00000296550.12	583	180081	179498
ENST00000296555.11	2340	63547	61207
ENST00000296564.9	239	73429	73190
ENST00000296575.8	520	93885	93365
ENST00000296577.9	6102	31039	24937
ENST00000296581.11	7204	14172	6968
ENST00000296582.8	560	18338	17778
ENST00000296585.10	117	104757	104640
ENST00000296589.9	28	41543	41515
ENST00000296591.10	2868	445249	442381
ENST00000296595.11	1167	75125	73958
ENST00000296597.10	51	208250	208199
ENST00000296600.5	22445	24627	2182
ENST00000296603.5	5642	47010	41368
ENST00000296604.8	2744	55884	53140
ENST00000296615.10	34964	52817	17853
ENST00000296632.8	3856	12010	8154
ENST00000296641.5	2103	8868	6765
ENST00000296657.7	398	87518	87120
ENST00000296658.4	2861	13897	11036
ENST00000296662.10	470	8033	7563
ENST00000296666.13	5840	35600	29760
ENST00000296674.13	2792	5428	2636
ENST00000296677.5	153	15957	15804
ENST00000296679.9	2205	62651	60446
ENST00000296682.4	1425	22833	21408
ENST00000296684.10	24	123099	123075
ENST00000296694.5	93	3612	3519
ENST00000296695.10	82	7228	7146
ENST00000296701.10	10842	61018	50176
ENST00000296702.9	38	66599	66561
ENST00000296721.9	110	70453	70343
ENST00000296733.5	1226	61538	60312
ENST00000296734.6	24	4219	4195
ENST00000296736.4	1668	4792	3124
ENST00000296739.6	214	2792	2578
ENST00000296741.7	2474	130425	127951
ENST00000296742.11	177	54125	53948
ENST00000296754.7	2393	45941	43548
ENST00000296755.12	57	105158	105101
ENST00000296776.6	51	1696	1645
ENST00000296777.5	19	1682	1663
ENST00000296782.9	2287	139514	137227
ENST00000296783.7	7076	74135	67059
ENST00000296785.8	610	11622	11012
ENST00000296786.8	5626	22582	16956
ENST00000296792.9	1602	15890	14288
ENST00000296794.10	58694	290341	231647
ENST00000296795.8	7464	18422	10958
ENST00000296799.8	71	131640	131569
ENST00000296800.4	501	30392	29891
ENST00000296802.9	370	10219	9849
ENST00000296805.8	452	44853	44401
ENST00000296812.6	56	9993	9937
ENST00000296824.4	8432	20759	12327
ENST00000296839.5	607	3023	2416
ENST00000296849.10	256	30911	30655
ENST00000296859.10	710	213269	212559
ENST00000296861.2	1236	79938	78702
ENST00000296869.9	280	59706	59426
ENST00000296870.3	52	2584	2532
ENST00000296871.4	35	2488	2453
ENST00000296873.11	2823	22413	19590
ENST00000296875.4	411	4184	3773
ENST00000296877.3	27	1003	976
ENST00000296921.6	118	3218	3100
ENST00000296930.10	100	23584	23484
ENST00000296932.13	323	144926	144603
ENST00000296933.10	7089	146528	139439
ENST00000296946.6	662	11232	10570
ENST00000296953.6	24424	79299	54875
ENST00000296955.12	125	88566	88441
ENST00000296978.4	74406	77350	2944
ENST00000296980.7	1807	18712	16905
ENST00000297001.7	203	64588	64385
ENST00000297012.5	72	856	784
ENST00000297015.7	240	66015	65775
ENST00000297029.10	67	84121	84054
ENST00000297056.11	711	40714	40003
ENST00000297063.10	2542	67406	64864
ENST00000297071.9	782	27882	27100
ENST00000297107.11	134	228033	227899
ENST00000297109.11	608	10573	9965
ENST00000297130.4	2060	16737	14677
ENST00000297135.9	2147	364989	362842
ENST00000297142.4	793	2813	2020
ENST00000297145.9	2600	121813	119213
ENST00000297146.7	3365	5583	2218
ENST00000297151.9	1647	15396	13749
ENST00000297156.4	73	13283	13210
ENST00000297157.8	440	15232	14792
ENST00000297161.6	703	250399	249696
ENST00000297164.8	1229	4347	3118
ENST00000297183.10	124541	140191	15650
ENST00000297185.9	2284	23582	21298
ENST00000297186.7	88	43541	43453
ENST00000297195.8	4848	21547	16699
ENST00000297203.3	78	1594	1516
ENST00000297205.7	5320	11275	5955
ENST00000297258.11	60	4429	4369
ENST00000297261.7	2923	13525	10602
ENST00000297265.5	179	26787	26608
ENST00000297267.14	197	107698	107501
ENST00000297268.11	137	39541	39404
ENST00000297273.9	276	48319	48043
ENST00000297283.4	40	3558	3518
ENST00000297289.9	45	52170	52125
ENST00000297290.4	110	9926	9816
ENST00000297293.6	316	103122	102806
ENST00000297303.4	689	7762	7073
ENST00000297307.7	774	2800	2026
ENST00000297313.8	105	107818	107713
ENST00000297316.5	204	3297	3093
ENST00000297323.12	176	142961	142785
ENST00000297324.5	123	2035	1912
ENST00000297325.9	185	42851	42666
ENST00000297338.7	1569	22675	21106
ENST00000297347.7	164	19792	19628
ENST00000297350.9	820	29462	28642
ENST00000297354.7	2801	29311	26510
ENST00000297373.7	762	9798	9036
ENST00000297375.4	249	5552	5303
ENST00000297404.1	1085	8879	7794
ENST00000297405.10	1846	1224976	1223130
ENST00000297423.9	21	477234	477213
ENST00000297431.9	510	82854	82344
ENST00000297435.3	203	1368	1165
ENST00000297436.3	124	1636	1512
ENST00000297438.6	7796	25180	17384
ENST00000297439.4	92	7467	7375
ENST00000297440.11	22	61503	61481
ENST00000297447.10	137	25553	25416
ENST00000297450.7	2365	249547	247182
ENST00000297459.4	5210	7038	1828
ENST00000297469.3	4853	7101	2248
ENST00000297477.10	4720	14480	9760
ENST00000297488.10	2130	54876	52746
ENST00000297494.8	2787	26732	23945
ENST00000297498.6	319	13245	12926
ENST00000297504.10	66	19084	19018
ENST00000297508.8	240	27662	27422
ENST00000297512.12	0	5433	5433
ENST00000297518.4	3	4608	4605
ENST00000297524.8	353	17620	17267
ENST00000297532.11	104	5779	5675
ENST00000297533.9	467	2214	1747
ENST00000297534.7	48	4701	4653
ENST00000297537.5	583	20626	20043
ENST00000297540.5	16	25071	25055
ENST00000297564.6	9360	14096	4736
ENST00000297565.9	4511	8189	3678
ENST00000297574.6	139	87873	87734
ENST00000297578.9	1776	17237	15461
ENST00000297579.9	277	29945	29668
ENST00000297581.2	8727	17776	9049
ENST00000297591.10	1020	71170	70150
ENST00000297592.5	1450	36727	35277
ENST00000297596.3	1060	12134	11074
ENST00000297598.5	5137	8357	3220
ENST00000297613.4	322	1298	976
ENST00000297615.10	345	137071	136726
ENST00000297620.8	2777	60571	57794
ENST00000297623.7	630	19394	18764
ENST00000297625.8	4136	8418	4282
ENST00000297632.8	7774	66681	58907
ENST00000297661.9	41872	73986	32114
ENST00000297668.11	9183	227194	218011
ENST00000297679.10	452	4074	3622
ENST00000297689.4	304	3074	2770
ENST00000297720.9	6195	23010	16815
ENST00000297737.11	1636	295767	294131
ENST00000297770.10	469	325391	324922
ENST00000297784.10	127041	316622	189581
ENST00000297785.8	540	53819	53279
ENST00000297788.9	444	29333	28889
ENST00000297792.9	4444	68291	63847
ENST00000297814.7	2905	85678	82773
ENST00000297819.4	51	9336	9285
ENST00000297848.8	22741	251467	228726
ENST00000297857.3	4877	10113	5236
ENST00000297866.9	66	72711	72645
ENST00000297873.9	156	8280	8124
ENST00000297875.7	27337	122348	95011
ENST00000297894.5	155	1305	1150
ENST00000297904.4	540	39405	38865
ENST00000297908.7	6289	58636	52347
ENST00000297913.3	0	1882	1882
ENST00000297933.11	37096	105272	68176
ENST00000297954.9	808	140763	139955
ENST00000297977.9	4018	159584	155566
ENST00000297979.9	33072	358147	325075
ENST00000297988.6	1817	19090	17273
ENST00000297990.9	1314	15901	14587
ENST00000297991.6	886	7240	6354
ENST00000297994.4	8127	24839	16712
ENST00000298004.9	407	8882	8475
ENST00000298032.10	3944	112021	108077
ENST00000298048.7	8787	106375	97588
ENST00000298049.12	0	11230	11230
ENST00000298050.9	1518	108773	107255
ENST00000298068.10	95	104344	104249
ENST00000298085.4	228	6255	6027
ENST00000298090.10	1721	27351	25630
ENST00000298097.8	1835	36139	34304
ENST00000298105.8	11340	16280	4940
ENST00000298119.9	279750	299449	19699
ENST00000298125.7	226	176492	176266
ENST00000298130.5	2416	29630	27214
ENST00000298139.7	24638	143551	118913
ENST00000298159.11	3755	5921	2166
ENST00000298171.7	60	191011	190951
ENST00000298173.7	29714	40514	10800
ENST00000298181.6	1385	9969	8584
ENST00000298190.10	3169	26211	23042
ENST00000298198.5	6339	69697	63358
ENST00000298223.11	1791	5726	3935
ENST00000298229.7	218	17329	17111
ENST00000298231.5	675	5776	5101
ENST00000298248.12	463	123074	122611
ENST00000298251.5	1936	18042	16106
ENST00000298260.8	18908	22985	4077
ENST00000298281.8	452	32552	32100
ENST00000298282.14	186555	268044	81489
ENST00000298283.5	85	1367	1282
ENST00000298288.11	81	16791	16710
ENST00000298289.7	257	891	634
ENST00000298292.13	371	12483	12112
ENST00000298295.4	1267	2537	1270
ENST00000298296.1	0	61434	61434
ENST00000298299.4	2446	3788	1342
ENST00000298307.10	316	16002	15686
ENST00000298310.10	2556	73865	71309
ENST00000298316.7	655	1703	1048
ENST00000298317.9	1325	10666	9341
ENST00000298351.5	37016	77321	40305
ENST00000298352.5	1056	5903	4847
ENST00000298355.7	2032	121797	119765
ENST00000298375.12	118	22270	22152
ENST00000298386.7	87	65120	65033
ENST00000298396.7	1080	9380	8300
ENST00000298406.6	0	18729	18729
ENST00000298428.14	111	36190	36079
ENST00000298440.5	1030	3050	2020
ENST00000298454.3	1573	13883	12310
ENST00000298466.9	942	7037	6095
ENST00000298468.9	1005	21635	20630
ENST00000298492.6	11	34385	34374
ENST00000298510.4	763	11831	11068
ENST00000298523.9	654	12645	11991
ENST00000298527.11	71	6706	6635
ENST00000298530.7	578	11609	11031
ENST00000298532.2	782	27236	26454
ENST00000298537.11	866	9699	8833
ENST00000298542.9	885	52984	52099
ENST00000298545.4	113	154101	153988
ENST00000298552.9	4889	40994	36105
ENST00000298556.8	147	40554	40407
ENST00000298564.14	149	10050	9901
ENST00000298566.2	7	60476	60469
ENST00000298569.9	1541	14354	12813
ENST00000298571.6	34	108796	108762
ENST00000298573.9	3554	49805	46251
ENST00000298585.3	465	8857	8392
ENST00000298596.11	93	68165	68072
ENST00000298622.9	0	64732	64732
ENST00000298628.6	3	9962	9959
ENST00000298630.8	521	101787	101266
ENST00000298642.2	36	1918	1882
ENST00000298649.8	170	88077	87907
ENST00000298681.5	154	3206	3052
ENST00000298684.9	788	7475	6687
ENST00000298687.9	836	7650	6814
ENST00000298690.5	631	1565	934
ENST00000298694.9	93	23098	23005
ENST00000298699.7	299	48157	47858
ENST00000298705.6	37	40628	40591
ENST00000298717.9	123	14814	14691
ENST00000298738.3	171	57786	57615
ENST00000298743.9	1383	3451	2068
ENST00000298746.5	59	38220	38161
ENST00000298767.10	2290	86365	84075
ENST00000298784.5	56159	97982	41823
ENST00000298786.5	56149	98178	42029
ENST00000298808.9	209	12196	11987
ENST00000298815.13	391	304108	303717
ENST00000298818.12	19	1422	1403
ENST00000298820.7	0	43770	43770
ENST00000298832.14	1904	297009	295105
ENST00000298838.11	412	6468	6056
ENST00000298841.5	2036	9422	7386
ENST00000298845.12	379	8069	7690
ENST00000298852.8	63	8809	8746
ENST00000298854.7	214	12428	12214
ENST00000298858.8	12517	20384	7867
ENST00000298875.9	9016	42104	33088
ENST00000298876.8	3822	36180	32358
ENST00000298892.9	352	47424	47072
ENST00000298894.5	991	3095	2104
ENST00000298896.7	1012	9650	8638
ENST00000298910.12	135	150295	150160
ENST00000298912.9	9627	140845	131218
ENST00000298919.7	22325	138467	116142
ENST00000298923.11	79	7991	7912
ENST00000298925.9	153	907941	907788
ENST00000298942.4	50	27821	27771
ENST00000298943.4	797	8094	7297
ENST00000298966.7	541	893	352
ENST00000298972.5	2236	169738	167502
ENST00000298999.8	73458	111826	38368
ENST00000299001.11	151	56157	56006
ENST00000299004.13	22540	93540	71000
ENST00000299022.10	42	138321	138279
ENST00000299045.8	8343	45342	36999
ENST00000299084.9	350	100150	99800
ENST00000299088.11	1324	14737	13413
ENST00000299092.4	2103	122532	120429
ENST00000299106.9	12	81027	81015
ENST00000299130.7	12	18679	18667
ENST00000299135.6	13	53816	53803
ENST00000299138.12	4343	35372	31029
ENST00000299140.8	1411	5310	3899
ENST00000299155.10	26	9361	9335
ENST00000299157.5	1684	21580	19896
ENST00000299162.10	1696	31885	30189
ENST00000299163.7	16	13230	13214
ENST00000299164.4	329	28015	27686
ENST00000299166.9	100	6664	6564
ENST00000299167.12	25	241285	241260
ENST00000299173.14	0	7832	7832
ENST00000299174.10	248	13621	13373
ENST00000299178.4	4603	9329	4726
ENST00000299179.9	90	6668	6578
ENST00000299185.12	9916	14765	4849
ENST00000299191.4	136	26261	26125
ENST00000299192.8	162	41113	40951
ENST00000299194.6	7584	15260	7676
ENST00000299202.4	0	6161	6161
ENST00000299204.6	3273	5953	2680
ENST00000299206.8	574	10195	9621
ENST00000299213.10	2925	26428	23503
ENST00000299237.3	1844	5334	3490
ENST00000299238.7	126	4774	4648
ENST00000299240.10	23	89878	89855
ENST00000299252.8	0	31592	31592
ENST00000299259.10	603	29565	28962
ENST00000299267.9	4244	231582	227338
ENST00000299275.10	6	243313	243307
ENST00000299290.5	140	13184	13044
ENST00000299295.7	391	22015	21624
ENST00000299297.8	0	16537	16537
ENST00000299299.4	443	5331	4888
ENST00000299300.11	63	17452	17389
ENST00000299308.7	8	331316	331308
ENST00000299314.12	1668	88923	87255
ENST00000299320.10	1978	14637	12659
ENST00000299333.8	4958	25253	20295
ENST00000299335.8	2314	9048	6734
ENST00000299338.11	1601	289710	288109
ENST00000299339.3	34	25970	25936
ENST00000299340.9	2295	107189	104894
ENST00000299345.10	538	376384	375846
ENST00000299350.5	0	23313	23313
ENST00000299353.6	15	8962	8947
ENST00000299355.10	40	15033	14993
ENST00000299366.11	42895	313347	270452
ENST00000299367.10	36	19875	19839
ENST00000299381.5	7903	17428	9525
ENST00000299402.10	412	18333	17921
ENST00000299413.7	337	144634	144297
ENST00000299415.3	319	1235	916
ENST00000299421.9	498	8178	7680
ENST00000299424.9	4631	6544	1913
ENST00000299427.12	1781	8308	6527
ENST00000299432.7	977	6079	5102
ENST00000299438.13	291	10264	9973
ENST00000299440.6	5298	11554	6256
ENST00000299441.5	452	30157	29705
ENST00000299443.6	452	33527	33075
ENST00000299454.5	0	1900	1900
ENST00000299459.3	3	1849	1846
ENST00000299468.12	4271	32964	28693
ENST00000299481.5	18108	54094	35986
ENST00000299492.9	35477	141821	106344
ENST00000299498.11	273	8541	8268
ENST00000299502.9	3740	16835	13095
ENST00000299505.8	45920	101595	55675
ENST00000299506.3	300	21911	21611
ENST00000299518.7	42	20727	20685
ENST00000299529.7	76	8028	7952
ENST00000299543.9	0	40119	40119
ENST00000299563.5	32	89996	89964
ENST00000299565.9	200	29128	28928
ENST00000299572.9	5388	16889	11501
ENST00000299575.5	29	11590	11561
ENST00000299576.9	311	8883	8572
ENST00000299578.10	184	4158	3974
ENST00000299596.8	2773	34653	31880
ENST00000299601.10	134	35706	35572
ENST00000299606.6	10286	68403	58117
ENST00000299608.7	3248	42639	39391
ENST00000299610.5	1020	4469	3449
ENST00000299612.11	2874	7502	4628
ENST00000299613.10	1267	15198	13931
ENST00000299626.10	21	40207	40186
ENST00000299633.7	11520	80264	68744
ENST00000299638.8	129	9062	8933
ENST00000299641.8	543	9113	8570
ENST00000299642.10	79	8878	8799
ENST00000299663.8	1336	8143	6807
ENST00000299665.3	230	8404	8174
ENST00000299667.9	1173	8718	7545
ENST00000299687.10	33150	473331	440181
ENST00000299694.12	50227	53999	3772
ENST00000299697.12	2528	41458	38930
ENST00000299698.12	31	56714	56683
ENST00000299705.10	138	11747	11609
ENST00000299709.8	120	33785	33665
ENST00000299714.7	74	16128	16054
ENST00000299721.3	1299	23537	22238
ENST00000299727.5	701	20095	19394
ENST00000299732.6	137	13764	13627
ENST00000299736.5	283	11710	11427
ENST00000299752.9	273	12413	12140
ENST00000299759.11	394	4414	4020
ENST00000299766.5	292	2282	1990
ENST00000299767.10	106	19640	19534
ENST00000299798.16	36	24900	24864
ENST00000299821.15	78	16910	16832
ENST00000299824.6	30229	114657	84428
ENST00000299840.10	0	21856	21856
ENST00000299847.7	1730	24013	22283
ENST00000299853.10	5560	38392	32832
ENST00000299855.10	328	9166	8838
ENST00000299866.13	3600	52450	48850
ENST00000299871.9	131	10844	10713
ENST00000299882.11	713	20032	19319
ENST00000299886.9	15	18319	18304
ENST00000299927.4	22	23529	23507
ENST00000299952.4	43	16064	16021
ENST00000299957.11	311	125982	125671
ENST00000299961.5	55	13640	13585
ENST00000299964.4	158	16864	16706
ENST00000299969.10	894	7092	6198
ENST00000299977.9	15619	25482	9863
ENST00000299980.9	4061	62923	58862
ENST00000300005.7	452	27210	26758
ENST00000300006.9	66	152844	152778
ENST00000300013.8	58	27104	27046
ENST00000300022.8	897	2397	1500
ENST00000300026.4	209	7812	7603
ENST00000300027.12	3699	76275	72576
ENST00000300030.8	369	21678	21309
ENST00000300035.9	1729	17396	15667
ENST00000300036.6	859	140993	140134
ENST00000300038.7	323	25646	25323
ENST00000300051.8	499	6370	5871
ENST00000300055.10	1219	14680	13461
ENST00000300056.8	1845	9835	7990
ENST00000300057.5	272	2158	1886
ENST00000300060.7	457	24569	24112
ENST00000300061.3	3527	34656	31129
ENST00000300069.5	1292	36048	34756
ENST00000300079.9	50	13767	13717
ENST00000300086.5	110	10029	9919
ENST00000300087.7	77	26215	26138
ENST00000300091.5	1988	20767	18779
ENST00000300093.9	44	12970	12926
ENST00000300098.3	718	3140	2422
ENST00000300101.3	3946	8216	4270
ENST00000300105.7	3497	142684	139187
ENST00000300107.7	2607	38819	36212
ENST00000300108.7	2372	6145	3773
ENST00000300113.3	24	3135	3111
ENST00000300119.8	241	22908	22667
ENST00000300127.3	0	1882	1882
ENST00000300128.9	4239	24425	20186
ENST00000300131.8	158	7172	7014
ENST00000300134.8	1167	15390	14223
ENST00000300141.11	4420	72713	68293
ENST00000300145.4	135	16052	15917
ENST00000300146.10	1677	34470	32793
ENST00000300151.5	210	5267	5057
ENST00000300175.9	1883	55527	53644
ENST00000300176.9	144	27216	27072
ENST00000300179.7	1385	12490	11105
ENST00000300181.7	443	12700	12257
ENST00000300182.8	65	5559	5494
ENST00000300184.8	4610	16040	11430
ENST00000300187.11	120	22578	22458
ENST00000300190.7	103	18779	18676
ENST00000300209.13	111	8704	8593
ENST00000300213.9	96	10504	10408
ENST00000300226.7	1249	16543	15294
ENST00000300227.12	389	476930	476541
ENST00000300231.6	3866	21019	17153
ENST00000300245.8	1036	9750	8714
ENST00000300249.10	127	99927	99800
ENST00000300255.7	148	103796	103648
ENST00000300258.8	3056	11224	8168
ENST00000300260.7	2392	10869	8477
ENST00000300278.8	29	23966	23937
ENST00000300283.10	1165	7458	6293
ENST00000300289.10	102	26279	26177
ENST00000300291.10	3582	22743	19161
ENST00000300302.9	98	12302	12204
ENST00000300303.7	1586	5415	3829
ENST00000300305.7	4337	262530	258193
ENST00000300399.9	461	45047	44586
ENST00000300403.11	18187	64012	45825
ENST00000300404.2	59	38445	38386
ENST00000300406.6	371	1238	867
ENST00000300408.8	943	10022	9079
ENST00000300413.10	116	17174	17058
ENST00000300417.11	3018	53531	50513
ENST00000300432.3	321	6233	5912
ENST00000300433.7	3096	8371	5275
ENST00000300441.9	44	50160	50116
ENST00000300452.8	20	11591	11571
ENST00000300456.5	2606	21878	19272
ENST00000300469.13	15	13607	13592
ENST00000300481.13	13	92441	92428
ENST00000300482.9	3538	96128	92590
ENST00000300504.7	146	16531	16385
ENST00000300527.9	13365	37467	24102
ENST00000300540.7	125	19813	19688
ENST00000300557.3	959	1575	616
ENST00000300571.7	3812	17360	13548
ENST00000300574.3	2823	36333	33510
ENST00000300575.6	21	1282	1261
ENST00000300576.6	265	13923	13658
ENST00000300584.8	3178	85543	82365
ENST00000300589.6	105	37785	37680
ENST00000300590.7	2744	11610	8866
ENST00000300591.11	212	83718	83506
ENST00000300605.11	1275	29800	28525
ENST00000300619.12	1710	41227	39517
ENST00000300648.7	650	75450	74800
ENST00000300650.9	1602	54572	52970
ENST00000300651.11	3193	51503	48310
ENST00000300658.9	1684	17844	16160
ENST00000300682.14	0	2476	2476
ENST00000300688.8	60	7795	7735
ENST00000300692.9	90	4040	3950
ENST00000300714.7	654	12319	11665
ENST00000300730.10	25	28550	28525
ENST00000300737.8	569	238136	237567
ENST00000300738.10	214	45938	45724
ENST00000300747.10	1607	8281	6674
ENST00000300762.2	284832	287880	3048
ENST00000300773.3	3	1873	1870
ENST00000300778.4	90	1990	1900
ENST00000300784.8	22	16058	16036
ENST00000300797.7	814	2606	1792
ENST00000300811.8	396	7642	7246
ENST00000300823.10	4977	10204	5227
ENST00000300835.9	686	7092	6406
ENST00000300843.8	297	53189	52892
ENST00000300849.5	224	5467	5243
ENST00000300850.5	1903	14161	12258
ENST00000300851.10	398	4331	3933
ENST00000300853.8	2344	16922	14578
ENST00000300862.7	69	38006	37937
ENST00000300870.15	160	44896	44736
ENST00000300873.5	64	875	811
ENST00000300875.4	873	3295	2422
ENST00000300880.11	880	12079	11199
ENST00000300896.9	1931	219390	217459
ENST00000300900.9	62	10376	10314
ENST00000300917.10	17	7933	7916
ENST00000300933.9	0	10026	10026
ENST00000300935.8	13	21025	21012
ENST00000300952.7	1744	10113	8369
ENST00000300954.10	334	11168	10834
ENST00000300961.10	80	4049	3969
ENST00000300976.9	27	34056	34029
ENST00000301011.10	6721	63735	57014
ENST00000301012.8	588	12330	11742
ENST00000301015.14	270	77138	76868
ENST00000301019.9	43	6114	6071
ENST00000301021.7	65	4285	4220
ENST00000301030.10	851	57367	56516
ENST00000301031.8	0	12106	12106
ENST00000301032.8	919	6505	5586
ENST00000301037.11	2518	7416	4898
ENST00000301039.6	364	9467	9103
ENST00000301042.7	2968	11362	8394
ENST00000301043.10	362	3749	3387
ENST00000301046.6	276	2758	2482
ENST00000301050.7	434	10839	10405
ENST00000301057.8	58	5392	5334
ENST00000301061.9	758	6352	5594
ENST00000301067.12	2805	52903	50098
ENST00000301068.11	430	5650	5220
ENST00000301071.12	218	5533	5315
ENST00000301072.11	100	9485	9385
ENST00000301073.4	1825	3407	1582
ENST00000301085.8	2288	22882	20594
ENST00000301093.6	1941	14742	12801
ENST00000301096.8	640	3734	3094
ENST00000301141.10	258	8358	8100
ENST00000301146.9	257	8244	7987
ENST00000301149.8	43	6547	6504
ENST00000301159.14	149	6624	6475
ENST00000301165.9	60	7779	7719
ENST00000301175.7	51	14185	14134
ENST00000301178.9	170	43340	43170
ENST00000301180.10	156	244541	244385
ENST00000301183.15	531	8321	7790
ENST00000301190.11	84	4550	4466
ENST00000301194.8	122	22035	21913
ENST00000301200.3	78	964	886
ENST00000301202.7	88	8186	8098
ENST00000301204.8	68	12969	12901
ENST00000301215.8	4092	8110	4018
ENST00000301218.8	332	66908	66576
ENST00000301242.9	84	5539	5455
ENST00000301244.12	320	28179	27859
ENST00000301246.10	11	1024	1013
ENST00000301258.5	44	1973	1929
ENST00000301263.5	342	2015	1673
ENST00000301264.7	650	12635	11985
ENST00000301272.6	370	10994	10624
ENST00000301280.10	123	43235	43112
ENST00000301281.11	495	14003	13508
ENST00000301286.5	2270	20186	17916
ENST00000301295.11	15541	48017	32476
ENST00000301305.8	127	6304	6177
ENST00000301310.8	1114	10547	9433
ENST00000301318.8	71	19037	18966
ENST00000301323.7	994	1526	532
ENST00000301324.8	64	9654	9590
ENST00000301327.5	264	3322	3058
ENST00000301328.9	846	23854	23008
ENST00000301329.11	846	23810	22964
ENST00000301332.3	65	9589	9524
ENST00000301335.10	6339	60300	53961
ENST00000301336.7	295	4849	4554
ENST00000301364.10	1803	16428	14625
ENST00000301365.8	730	44016	43286
ENST00000301382.8	3809	7528	3719
ENST00000301391.8	559	14670	14111
ENST00000301395.7	1091	4974	3883
ENST00000301396.8	57	36399	36342
ENST00000301399.12	5487	14785	9298
ENST00000301407.8	44	1604	1560
ENST00000301408.7	362	1935	1573
ENST00000301420.3	51	5383	5332
ENST00000301452.5	575	28195	27620
ENST00000301454.9	1914	20958	19044
ENST00000301455.7	167	10939	10772
ENST00000301457.3	224	10409	10185
ENST00000301458.10	339	7004	6665
ENST00000301459.5	638	6783	6145
ENST00000301463.9	1519	16332	14813
ENST00000301464.4	51	5213	5162
ENST00000301466.8	92	22185	22093
ENST00000301475.1	1578	14153	12575
ENST00000301480.5	222	11320	11098
ENST00000301488.8	451	1959	1508
ENST00000301490.8	370	2390	2020
ENST00000301522.3	261	5027	4766
ENST00000301532.3	3	1885	1882
ENST00000301547.10	453	13217	12764
ENST00000301573.13	1438	19273	17835
ENST00000301585.10	17	8944	8927
ENST00000301587.9	72	4265	4193
ENST00000301599.7	9	1120	1111
ENST00000301607.8	261	26430	26169
ENST00000301608.9	5244	39532	34288
ENST00000301618.8	574	82732	82158
ENST00000301633.8	131	9855	9724
ENST00000301634.12	671	13598	12927
ENST00000301645.4	1300	11426	10126
ENST00000301653.9	160	4321	4161
ENST00000301656.4	194	7054	6860
ENST00000301659.9	2684	15375	12691
ENST00000301671.12	618	6075	5457
ENST00000301678.7	19568	31818	12250
ENST00000301679.7	19893	35937	16044
ENST00000301686.13	170	2466	2296
ENST00000301691.3	1607	5640	4033
ENST00000301712.5	540	17211	16671
ENST00000301717.8	351	5793	5442
ENST00000301724.14	592	4212	3620
ENST00000301727.9	23	14316	14293
ENST00000301729.9	580	13063	12483
ENST00000301730.12	121	11705	11584
ENST00000301732.10	796	55667	54871
ENST00000301738.9	26	25497	25471
ENST00000301740.13	3727	26468	22741
ENST00000301744.7	4013	12008	7995
ENST00000301761.7	23	16438	16415
ENST00000301764.12	688	36910	36222
ENST00000301765.10	1566	9633	8067
ENST00000301770.10	23626	37401	13775
ENST00000301773.9	980	23950	22970
ENST00000301776.9	525	55746	55221
ENST00000301781.10	1087	17707	16620
ENST00000301785.7	2672	16753	14081
ENST00000301788.12	69	5432	5363
ENST00000301790.4	169	28528	28359
ENST00000301810.11	340	15308	14968
ENST00000301821.11	934	6524	5590
ENST00000301825.8	874	41898	41024
ENST00000301831.9	333	711949	711616
ENST00000301838.5	164	3796	3632
ENST00000301843.13	8769	38264	29495
ENST00000301873.11	524	23281	22757
ENST00000301886.3	26	4887	4861
ENST00000301887.9	1187	9788	8601
ENST00000301891.9	59	16738	16679
ENST00000301894.6	1025	38620	37595
ENST00000301896.6	1436	21815	20379
ENST00000301897.5	11	3789	3778
ENST00000301904.4	299	39258	38959
ENST00000301905.9	684	24448	23764
ENST00000301908.8	11890	22699	10809
ENST00000301919.9	1639	4051	2412
ENST00000301923.13	81001	281486	200485
ENST00000301935.10	93	3305	3212
ENST00000301938.4	170	38204	38034
ENST00000301944.3	225	6078	5853
ENST00000301959.9	1373	7087	5714
ENST00000301964.7	393	12787	12394
ENST00000301981.8	4477	135710	131233
ENST00000301998.5	26106	28486	2380
ENST00000302000.10	7136	51216	44080
ENST00000302003.11	343	8604	8261
ENST00000302005.3	91	989	898
ENST00000302006.4	274	6641	6367
ENST00000302008.12	214	16815	16601
ENST00000302014.11	127	2462	2335
ENST00000302017.4	535	8631	8096
ENST00000302035.11	2645	39837	37192
ENST00000302036.12	335	17445	17110
ENST00000302040.6	5013	6955	1942
ENST00000302057.6	1402	6657	5255
ENST00000302060.10	3948	30308	26360
ENST00000302068.9	8	9101	9093
ENST00000302071.6	1105	16286	15181
ENST00000302078.9	69	15189	15120
ENST00000302079.10	1289	486363	485074
ENST00000302085.9	32761	77467	44706
ENST00000302091.9	0	8372	8372
ENST00000302096.5	62	1422	1360
ENST00000302097.3	269	3519	3250
ENST00000302101.6	3661	4457	796
ENST00000302103.6	187182	189334	2152
ENST00000302118.5	290	26097	25807
ENST00000302124.8	0	1858	1858
ENST00000302125.9	301	2952	2651
ENST00000302127.5	5418	214022	208604
ENST00000302165.5	415	3917	3502
ENST00000302174.9	333	36487	36154
ENST00000302176.8	0	179548	179548
ENST00000302177.3	131	9777	9646
ENST00000302182.8	817	2189	1372
ENST00000302188.8	239	109924	109685
ENST00000302190.9	459	116330	115871
ENST00000302206.9	59	16082	16023
ENST00000302216.12	164	50501	50337
ENST00000302219.10	1432	19838	18406
ENST00000302228.9	1468	20140	18672
ENST00000302236.10	68	20890	20822
ENST00000302243.12	89	26502	26413
ENST00000302247.3	36	2120	2084
ENST00000302250.7	90	15961	15871
ENST00000302251.9	2508	257823	255315
ENST00000302259.5	183	2557	2374
ENST00000302262.8	3006	20584	17578
ENST00000302270.1	0	1852	1852
ENST00000302271.11	5769	38209	32440
ENST00000302273.2	23	984	961
ENST00000302274.8	5495	153280	147785
ENST00000302277.7	431	344117	343686
ENST00000302278.8	1255	37619	36364
ENST00000302279.8	24	30084	30060
ENST00000302287.7	406	8671	8265
ENST00000302291.9	4868	13457	8589
ENST00000302303.5	36	125888	125852
ENST00000302312.9	240	1092	852
ENST00000302313.10	10	44736	44726
ENST00000302316.12	0	118345	118345
ENST00000302326.5	2641	56224	53583
ENST00000302327.4	138	6729	6591
ENST00000302328.9	933	109945	109012
ENST00000302334.3	28	76151	76123
ENST00000302342.3	4674	18893	14219
ENST00000302345.6	1836	7105	5269
ENST00000302347.10	406	27180	26774
ENST00000302350.4	163	1833	1670
ENST00000302351.9	7310	10842	3532
ENST00000302362.11	271	7876	7605
ENST00000302373.8	4735	67715	62980
ENST00000302386.10	849	2669	1820
ENST00000302392.5	13	3739	3726
ENST00000302401.8	520	35106	34586
ENST00000302418.5	6517	49822	43305
ENST00000302422.4	94	1444	1350
ENST00000302424.12	123	13195	13072
ENST00000302441.7	0	6867	6867
ENST00000302445.8	174	21692	21518
ENST00000302450.11	2477	30475	27998
ENST00000302451.9	147	41866	41719
ENST00000302472.4	1079	13922	12843
ENST00000302475.9	5199	274749	269550
ENST00000302490.12	871	246896	246025
ENST00000302495.5	36	15286	15250
ENST00000302500.5	2281	19327	17046
ENST00000302503.8	1519	26044	24525
ENST00000302506.8	1802	32358	30556
ENST00000302514.4	157	2129	1972
ENST00000302516.10	2841	51620	48779
ENST00000302517.8	32175	35519	3344
ENST00000302528.11	1444	113275	111831
ENST00000302536.3	119	190376	190257
ENST00000302538.10	2564	178762	176198
ENST00000302539.9	109	88598	88489
ENST00000302541.11	91208	451115	359907
ENST00000302548.5	2846	4860	2014
ENST00000302550.16	188	53237	53049
ENST00000302555.10	1652	18449	16797
ENST00000302558.8	1812	70356	68544
ENST00000302572.2	90	1972	1882
ENST00000302581.2	70	1922	1852
ENST00000302584.5	1686	3976	2290
ENST00000302586.8	645	13717	13072
ENST00000302609.8	2557	23512	20955
ENST00000302622.4	0	1900	1900
ENST00000302625.6	155	2355	2200
ENST00000302628.9	70	31941	31871
ENST00000302631.8	295	7202	6907
ENST00000302632.4	977	3027	2050
ENST00000302640.13	0	200232	200232
ENST00000302641.8	201	8602	8401
ENST00000302649.4	1097	3217	2120
ENST00000302681.3	257	2151	1894
ENST00000302692.7	227	43989	43762
ENST00000302708.9	1822	40025	38203
ENST00000302731.4	1714	4751	3037
ENST00000302746.11	407	7246	6839
ENST00000302754.6	286	2366	2080
ENST00000302755.4	94	2644	2550
ENST00000302759.11	439	43697	43258
ENST00000302763.12	28500	183362	154862
ENST00000302764.9	7444	13991	6547
ENST00000302779.9	109	93731	93622
ENST00000302783.10	21	4003	3982
ENST00000302787.3	2948	46674	43726
ENST00000302797.4	6	1936	1930
ENST00000302798.7	33	391298	391265
ENST00000302804.12	226	5311	5085
ENST00000302805.7	6060	7786	1726
ENST00000302819.10	91	31999	31908
ENST00000302824.7	4206	15679	11473
ENST00000302850.10	4794	185750	180956
ENST00000302851.8	2874	13580	10706
ENST00000302874.9	36	57913	57877
ENST00000302904.8	2212	15468	13256
ENST00000302907.9	327	7292	6965
ENST00000302909.4	154	37023	36869
ENST00000302913.8	966	6084	5118
ENST00000302917.1	219	2197	1978
ENST00000302926.7	411	12449	12038
ENST00000302937.8	1097	4017	2920
ENST00000302938.4	604	6135	5531
ENST00000302945.3	208	2252	2044
ENST00000302946.13	512	6280	5768
ENST00000302955.11	821	29400	28579
ENST00000302956.8	94	10502	10408
ENST00000302964.4	800	1332	532
ENST00000302979.5	92	1752	1660
ENST00000302987.10	145	130198	130053
ENST00000302995.2	2408	47995	45587
ENST00000303004.5	204	2272	2068
ENST00000303015.2	5700	91551	85851
ENST00000303025.10	1322	119443	118121
ENST00000303037.13	61	3820	3759
ENST00000303039.3	32	1926	1894
ENST00000303045.11	1021	299751	298730
ENST00000303052.13	6409	136229	129820
ENST00000303068.14	95	68384	68289
ENST00000303071.10	759	12778	12019
ENST00000303077.7	991	4799	3808
ENST00000303088.9	1689	10230	8541
ENST00000303097.11	282	74073	73791
ENST00000303113.10	2833	14810	11977
ENST00000303115.8	87	20961	20874
ENST00000303127.12	522	21140	20618
ENST00000303130.4	229	1001	772
ENST00000303142.11	22465	113672	91207
ENST00000303143.9	2331	7108	4777
ENST00000303145.11	689	39805	39116
ENST00000303151.5	710	1548	838
ENST00000303155.9	1590	63523	61933
ENST00000303177.8	1050	62305	61255
ENST00000303202.8	477	2422	1945
ENST00000303204.9	187	3420	3233
ENST00000303210.9	2526	6069	3543
ENST00000303212.3	19099	23692	4593
ENST00000303221.10	3084	45931	42847
ENST00000303225.12	869	3033	2164
ENST00000303227.11	44	12161	12117
ENST00000303230.6	6976	443807	436831
ENST00000303236.9	998	73864	72866
ENST00000303251.11	548	2691	2143
ENST00000303254.4	996	5359	4363
ENST00000303270.6	260	2136	1876
ENST00000303277.6	1461	5578	4117
ENST00000303296.9	29034	99813	70779
ENST00000303305.11	179	9495	9316
ENST00000303319.10	340	18341	18001
ENST00000303324.4	64	2204	2140
ENST00000303329.9	134	191445	191311
ENST00000303334.9	42	13480	13438
ENST00000303343.12	62	2924	2862
ENST00000303354.11	3486	122505	119019
ENST00000303372.7	128	38670	38542
ENST00000303375.10	133	69185	69052
ENST00000303383.8	3141	44771	41630
ENST00000303391.11	8797	72091	63294
ENST00000303395.9	5435	93809	88374
ENST00000303400.9	23	50454	50431
ENST00000303406.4	36992	39061	2069
ENST00000303407.12	3288	25339	22051
ENST00000303415.7	1075	29718	28643
ENST00000303434.8	7144	13718	6574
ENST00000303436.11	852	26311	25459
ENST00000303450.5	28	3288	3260
ENST00000303459.10	3023	218637	215614
ENST00000303460.5	114	5321	5207
ENST00000303469.6	51	2281	2230
ENST00000303498.10	33704	45315	11611
ENST00000303536.8	195	152022	151827
ENST00000303538.13	2625	157693	155068
ENST00000303545.4	230	14751	14521
ENST00000303553.5	3093	4135	1042
ENST00000303562.9	155	3729	3574
ENST00000303569.10	5692	10988	5296
ENST00000303575.9	3419	45762	42343
ENST00000303577.7	267	2401	2134
ENST00000303586.11	3045	19800	16755
ENST00000303592.3	471	3139	2668
ENST00000303596.3	235	2117	1882
ENST00000303617.5	536	148995	148459
ENST00000303622.13	489	119854	119365
ENST00000303635.12	77	986030	985953
ENST00000303645.10	117	13651	13534
ENST00000303657.10	1674	56484	54810
ENST00000303659.8	0	57096	57096
ENST00000303660.8	137	131663	131526
ENST00000303665.9	740	98258	97518
ENST00000303688.8	73	20591	20518
ENST00000303694.6	464	301905	301441
ENST00000303697.8	19841	44313	24472
ENST00000303698.7	129	36558	36429
ENST00000303714.9	321	233977	233656
ENST00000303721.12	24456	467125	442669
ENST00000303728.5	11168	24108	12940
ENST00000303731.9	260	1911	1651
ENST00000303735.8	2254	57724	55470
ENST00000303746.10	246	5119	4873
ENST00000303749.8	1478	17263	15785
ENST00000303757.12	100	1556	1456
ENST00000303759.3	1095	6002	4907
ENST00000303766.12	281	13904	13623
ENST00000303775.10	4197	13790	9593
ENST00000303786.5	2243	13171	10928
ENST00000303790.3	1246	8774	7528
ENST00000303795.9	147	111957	111810
ENST00000303804.5	570	13521	12951
ENST00000303809.7	104	6295	6191
ENST00000303824.11	1904	159208	157304
ENST00000303843.7	0	202575	202575
ENST00000303846.3	1570	10358	8788
ENST00000303868.5	3	21921	21918
ENST00000303887.10	207	10708	10501
ENST00000303892.10	967	2466	1499
ENST00000303903.10	3	12180	12177
ENST00000303904.8	22	3788	3766
ENST00000303910.5	54	832	778
ENST00000303921.3	2643	22928	20285
ENST00000303924.5	1996	18877	16881
ENST00000303927.4	220	2311	2091
ENST00000303941.4	106	14772	14666
ENST00000303961.9	1382	9886	8504
ENST00000303965.9	1906	168562	166656
ENST00000303991.5	1009	7055	6046
ENST00000303996.10	2842	9029	6187
ENST00000304004.7	21	13280	13259
ENST00000304030.2	200	4103	3903
ENST00000304031.8	1172	34414	33242
ENST00000304032.13	644	632629	631985
ENST00000304043.10	423	6553	6130
ENST00000304045.6	3881	6113	2232
ENST00000304046.7	1510	3616	2106
ENST00000304053.11	424	203087	202663
ENST00000304056.9	1176	13298	12122
ENST00000304058.8	3598	151517	147919
ENST00000304060.10	175	20469	20294
ENST00000304061.8	85	3929	3844
ENST00000304062.11	1547	39964	38417
ENST00000304076.6	94	86833	86739
ENST00000304081.9	928	28238	27310
ENST00000304084.13	1684	14040	12356
ENST00000304101.9	52342	55286	2944
ENST00000304116.10	193	21202	21009
ENST00000304129.9	1221	112066	110845
ENST00000304141.5	1616	13888	12272
ENST00000304164.8	31368	181807	150439
ENST00000304166.9	10957	55762	44805
ENST00000304177.10	10783	17245	6462
ENST00000304189.6	11028	12796	1768
ENST00000304191.4	2809	4206	1397
ENST00000304195.8	3299	295386	292087
ENST00000304207.12	1264	14953	13689
ENST00000304218.6	62	1374	1312
ENST00000304222.3	119	31203	31084
ENST00000304231.12	735	104605	103870
ENST00000304236.2	796	2456	1660
ENST00000304239.11	10684	53402	42718
ENST00000304244.5	57	2221	2164
ENST00000304267.12	87	40922	40835
ENST00000304270.6	62	2373	2311
ENST00000304271.11	310	3774	3464
ENST00000304283.9	520	35591	35071
ENST00000304298.4	96	1702	1606
ENST00000304301.11	165	2244	2079
ENST00000304312.5	67	2014	1947
ENST00000304330.9	369	24104	23735
ENST00000304332.8	596	55815	55219
ENST00000304337.3	115	3185	3070
ENST00000304338.8	144	106912	106768
ENST00000304355.9	3467	5779	2312
ENST00000304361.9	188	14403	14215
ENST00000304363.9	2828	37858	35030
ENST00000304372.6	140	40037	39897
ENST00000304374.4	396	3256	2860
ENST00000304381.10	130	80059	79929
ENST00000304385.8	9921	61847	51926
ENST00000304391.6	118	3775	3657
ENST00000304400.12	110898	276658	165760
ENST00000304402.6	4004	6600	2596
ENST00000304411.3	195	2443	2248
ENST00000304414.12	1586	10400	8814
ENST00000304418.5	75	1939	1864
ENST00000304421.8	105	193784	193679
ENST00000304430.10	254	30938	30684
ENST00000304434.11	1726	29185	27459
ENST00000304449.8	1018	6228	5210
ENST00000304457.11	103	35769	35666
ENST00000304460.11	56	22196	22140
ENST00000304465.7	178227	201659	23432
ENST00000304477.3	72	2243	2171
ENST00000304478.9	26	10969	10943
ENST00000304494.10	480	7540	7060
ENST00000304501.2	1973	7827	5854
ENST00000304502.5	67	3335	3268
ENST00000304506.7	14	2540	2526
ENST00000304511.7	2289	9112	6823
ENST00000304514.11	192	82255	82063
ENST00000304516.11	596	10333	9737
ENST00000304519.10	38	28718	28680
ENST00000304523.10	1105	398055	396950
ENST00000304526.3	276	3884	3608
ENST00000304538.10	2601	50744	48143
ENST00000304543.10	23014	64052	41038
ENST00000304546.6	329	9134	8805
ENST00000304552.5	3018	5068	2050
ENST00000304567.10	60	7801	7741
ENST00000304568.4	1689	17913	16224
ENST00000304581.8	100	9638	9538
ENST00000304593.14	5415	32729	27314
ENST00000304611.13	473	18208	17735
ENST00000304613.8	249	69885	69636
ENST00000304620.5	1309	12674	11365
ENST00000304621.10	71383	141351	69968
ENST00000304623.13	1620	935670	934050
ENST00000304625.3	285	1249	964
ENST00000304636.9	117	41745	41628
ENST00000304639.4	302	1260	958
ENST00000304646.3	16043	17913	1870
ENST00000304658.10	565	116743	116178
ENST00000304661.6	539	2445	1906
ENST00000304672.6	17	10465	10448
ENST00000304677.3	432	1330	898
ENST00000304685.8	106073	292595	186522
ENST00000304698.10	114	71230	71116
ENST00000304710.5	257	4165	3908
ENST00000304716.12	21342	79965	58623
ENST00000304720.3	7545	9409	1864
ENST00000304725.3	254	3311	3057
ENST00000304733.8	1467	5706	4239
ENST00000304734.9	229	7538	7309
ENST00000304735.4	9030	13066	4036
ENST00000304743.7	392	209460	209068
ENST00000304748.5	172	2270	2098
ENST00000304749.7	257	3724	3467
ENST00000304758.5	4067	43034	38967
ENST00000304760.3	4671	24024	19353
ENST00000304771.8	144	83886	83742
ENST00000304773.5	12046	17938	5892
ENST00000304775.12	0	647503	647503
ENST00000304778.11	167	45217	45050
ENST00000304786.12	115	11785	11670
ENST00000304788.4	2993	11755	8762
ENST00000304790.3	124	3005	2881
ENST00000304800.14	89	2493	2404
ENST00000304801.6	277	2777	2500
ENST00000304808.10	0	23925	23925
ENST00000304820.5	0	1942	1942
ENST00000304834.11	13803	19220	5417
ENST00000304842.6	35092	152611	117519
ENST00000304858.7	238	54921	54683
ENST00000304863.6	2231	8618	6387
ENST00000304874.14	263	18466	18203
ENST00000304877.17	303	109929	109626
ENST00000304880.2	3	1867	1864
ENST00000304883.3	3654	135034	131380
ENST00000304886.6	56659	87972	31313
ENST00000304887.6	1825	10807	8982
ENST00000304895.9	216	23440	23224
ENST00000304905.10	419	13837	13418
ENST00000304915.8	1380	6949	5569
ENST00000304916.4	4017	5875	1858
ENST00000304920.3	659	19212	18553
ENST00000304926.7	770	9491	8721
ENST00000304936.4	52	1922	1870
ENST00000304952.11	98	1668	1570
ENST00000304954.4	2223	7402	5179
ENST00000304979.8	24	9515	9491
ENST00000304987.4	115	124440	124325
ENST00000304990.8	0	5067	5067
ENST00000304992.11	176	40905	40729
ENST00000305031.5	365	283966	283601
ENST00000305046.13	2872	17476	14604
ENST00000305051.6	0	1942	1942
ENST00000305089.8	196	3082	2886
ENST00000305097.6	652	2888	2236
ENST00000305103.4	491	1833	1342
ENST00000305105.3	31	6247	6216
ENST00000305107.7	472	17274	16802
ENST00000305108.10	942	99487	98545
ENST00000305119.3	0	4830	4830
ENST00000305123.6	63701	71151	7450
ENST00000305124.11	180	98080	97900
ENST00000305135.10	17366	117019	99653
ENST00000305138.8	1504	45578	44074
ENST00000305139.11	115	81257	81142
ENST00000305141.5	1859	8449	6590
ENST00000305159.3	41	1959	1918
ENST00000305165.3	223	2919	2696
ENST00000305188.13	961	30674	29713
ENST00000305199.9	100	3009	2909
ENST00000305202.9	405	35244	34839
ENST00000305208.10	18	13880	13862
ENST00000305218.9	91	19567	19476
ENST00000305231.12	47	17840	17793
ENST00000305232.10	511	9407	8896
ENST00000305233.6	27	10838	10811
ENST00000305242.10	347	186087	185740
ENST00000305249.10	2972	153687	150715
ENST00000305253.8	241	64653	64412
ENST00000305264.8	590	17178	16588
ENST00000305286.8	2427	37078	34651
ENST00000305321.4	43	1311	1268
ENST00000305344.7	77807	79995	2188
ENST00000305352.7	1966	4256	2290
ENST00000305354.5	181	28594	28413
ENST00000305363.9	50	50597	50547
ENST00000305364.9	2667	27822	25155
ENST00000305366.8	847	9126	8279
ENST00000305386.4	470	3150	2680
ENST00000305392.3	323	2373	2050
ENST00000305409.3	492	4192	3700
ENST00000305414.9	18126	125113	106987
ENST00000305428.8	23812	38790	14978
ENST00000305432.9	785	543594	542809
ENST00000305444.2	3	1873	1870
ENST00000305447.5	3953	546857	542904
ENST00000305454.8	83	23122	23039
ENST00000305476.10	911	10653	9742
ENST00000305479.3	86	4140	4054
ENST00000305494.6	112	284755	284643
ENST00000305510.4	10	18458	18448
ENST00000305513.12	1804	50911	49107
ENST00000305531.3	766	98976	98210
ENST00000305533.10	425	11442	11017
ENST00000305536.11	46	11818	11772
ENST00000305544.9	115	17115	17000
ENST00000305557.9	410	15424	15014
ENST00000305560.11	94	21122	21028
ENST00000305570.10	493	20212	19719
ENST00000305572.12	202	76461	76259
ENST00000305579.7	222	7473	7251
ENST00000305586.11	35440	65401	29961
ENST00000305596.8	2215	4925	2710
ENST00000305620.3	1190	9573	8383
ENST00000305625.2	86	1248	1162
ENST00000305626.6	75	19687	19612
ENST00000305628.7	63	12051	11988
ENST00000305631.7	2807	16596	13789
ENST00000305632.11	2973	12346	9373
ENST00000305641.7	4783	8897	4114
ENST00000305690.12	2523	5311	2788
ENST00000305737.6	88068	95056	6988
ENST00000305738.10	26	2824	2798
ENST00000305747.11	177	314529	314352
ENST00000305748.7	629	12565	11936
ENST00000305762.11	730	61740	61010
ENST00000305766.10	125	217151	217026
ENST00000305768.10	3240	98279	95039
ENST00000305783.13	740	13719	12979
ENST00000305784.7	383	11667	11284
ENST00000305786.7	5048	5776	728
ENST00000305798.8	2158	188655	186497
ENST00000305799.8	65	104555	104490
ENST00000305815.10	377	149396	149019
ENST00000305817.3	2643	3697	1054
ENST00000305850.10	4726	22441	17715
ENST00000305852.11	903	29688	28785
ENST00000305864.7	12860	120976	108116
ENST00000305866.10	102	128931	128829
ENST00000305869.4	67	2233	2166
ENST00000305877.13	452	138800	138348
ENST00000305879.8	3155	15785	12630
ENST00000305883.6	167	10486	10319
ENST00000305885.3	2451	4729	2278
ENST00000305899.5	20	1908	1888
ENST00000305901.7	2505	36224	33719
ENST00000305904.11	84	9846	9762
ENST00000305921.8	222	65165	64943
ENST00000305943.9	107	6594	6487
ENST00000305949.6	52	80604	80552
ENST00000305958.9	26228	40235	14007
ENST00000305963.3	4439	13476	9037
ENST00000305978.7	124	1196	1072
ENST00000305988.6	221	2697	2476
ENST00000305991.3	460	644	184
ENST00000305997.8	5992	152471	146479
ENST00000306006.10	362	3108	2746
ENST00000306010.8	26	300513	300487
ENST00000306011.6	174	2296	2122
ENST00000306014.10	1707	30901	29194
ENST00000306024.4	44	19598	19554
ENST00000306026.6	248	14624	14376
ENST00000306031.5	1133	201677	200544
ENST00000306042.9	79	37241	37162
ENST00000306049.9	1518	7722	6204
ENST00000306051.3	117	8338	8221
ENST00000306052.12	4657	88418	83761
ENST00000306058.9	0	82184	82184
ENST00000306061.10	377	1673	1296
ENST00000306065.9	1142	65131	63989
ENST00000306071.7	67	13151	13084
ENST00000306072.10	351	17052	16701
ENST00000306077.5	142	17928	17786
ENST00000306078.2	1920	52790	50870
ENST00000306084.6	199	3819	3620
ENST00000306085.11	1832	6360	4528
ENST00000306087.3	470	1908	1438
ENST00000306090.12	0	71055	71055
ENST00000306100.10	1853	730025	728172
ENST00000306103.3	349	55137	54788
ENST00000306107.9	500	206761	206261
ENST00000306108.10	381	21880	21499
ENST00000306117.5	2563	8501	5938
ENST00000306120.4	0	4138	4138
ENST00000306121.8	11	99751	99740
ENST00000306125.12	100	11102	11002
ENST00000306145.10	305	1650	1345
ENST00000306149.12	10956	14338	3382
ENST00000306151.9	55	51426	51371
ENST00000306156.8	426	535399	534973
ENST00000306176.5	100	43882	43782
ENST00000306177.10	6185	58437	52252
ENST00000306185.8	670	50184	49514
ENST00000306193.8	2563	23205	20642
ENST00000306200.7	1069	123990	122921
ENST00000306238.3	69	3476	3407
ENST00000306243.7	230	2484	2254
ENST00000306247.11	652	24686	24034
ENST00000306256.13	3948	11746	7798
ENST00000306262.10	14840	42626	27786
ENST00000306268.8	61	3843	3782
ENST00000306270.12	1441	74530	73089
ENST00000306271.5	326	1386	1060
ENST00000306279.4	199	33856	33657
ENST00000306306.8	470	4225	3755
ENST00000306312.8	195	49521	49326
ENST00000306315.9	986	112599	111613
ENST00000306317.7	1333	11348	10015
ENST00000306318.5	681	3777	3096
ENST00000306320.10	1691	145400	143709
ENST00000306322.7	2101	19107	17006
ENST00000306324.4	84	2152	2068
ENST00000306329.16	105	129088	128983
ENST00000306336.6	3694	7224	3530
ENST00000306346.5	1657	8590	6933
ENST00000306349.13	34	38002	37968
ENST00000306353.7	531	3557	3026
ENST00000306357.9	110	326037	325927
ENST00000306368.9	19	2210	2191
ENST00000306376.10	2328	61072	58744
ENST00000306378.11	222	165514	165292
ENST00000306384.5	60	9068	9008
ENST00000306385.10	34	49291	49257
ENST00000306388.10	1884	85400	83516
ENST00000306389.7	67331	74729	7398
ENST00000306390.7	1541	4650	3109
ENST00000306391.10	0	42786	42786
ENST00000306402.10	3289	131681	128392
ENST00000306406.5	50	6151	6101
ENST00000306422.5	1555	10809	9254
ENST00000306433.9	317	6568	6251
ENST00000306434.8	120	5777	5657
ENST00000306442.5	628	14006	13378
ENST00000306448.4	187	1541	1354
ENST00000306450.5	323	8980	8657
ENST00000306465.8	6823	34492	27669
ENST00000306467.10	1630	81044	79414
ENST00000306480.11	9053	42972	33919
ENST00000306481.11	1627	76452	74825
ENST00000306482.2	159	10412	10253
ENST00000306494.11	5390	72847	67457
ENST00000306502.6	2174	9540	7366
ENST00000306503.5	59579	62793	3214
ENST00000306507.7	592	3038	2446
ENST00000306511.5	65	12621	12556
ENST00000306534.8	1203	17107	15904
ENST00000306549.6	97	5003	4906
ENST00000306560.1	1856	9379	7523
ENST00000306562.8	9051	11761	2710
ENST00000306585.9	847	3989	3142
ENST00000306591.11	226	15258	15032
ENST00000306593.2	144	28950	28806
ENST00000306601.9	205	9847	9642
ENST00000306602.3	815	2603	1788
ENST00000306609.5	326	4067	3741
ENST00000306621.8	1114	2583	1469
ENST00000306627.8	1315	85222	83907
ENST00000306645.10	1421	7223	5802
ENST00000306658.8	234	9081	8847
ENST00000306666.10	951	77961	77010
ENST00000306675.5	424	57565	57141
ENST00000306682.6	33	28810	28777
ENST00000306688.8	339	9490	9151
ENST00000306698.6	515	24303	23788
ENST00000306704.10	505	4343	3838
ENST00000306708.11	7094	14786	7692
ENST00000306721.8	92	14129	14037
ENST00000306729.11	97	41693	41596
ENST00000306730.8	389	173899	173510
ENST00000306735.10	62	12740	12678
ENST00000306739.9	18	41333	41315
ENST00000306749.4	808	25598	24790
ENST00000306750.3	155	5278	5123
ENST00000306764.11	2406	236963	234557
ENST00000306773.5	3982	10903	6921
ENST00000306793.4	90979	96325	5346
ENST00000306796.10	612	8959	8347
ENST00000306799.7	2693	268418	265725
ENST00000306801.8	792	423460	422668
ENST00000306802.8	0	41898	41898
ENST00000306821.3	4505	532831	528326
ENST00000306823.10	23	6675	6652
ENST00000306842.3	3	1861	1858
ENST00000306846.8	1112	32005	30893
ENST00000306851.10	3371	63317	59946
ENST00000306858.8	23476	98262	74786
ENST00000306862.7	209	24532	24323
ENST00000306869.7	105	2548	2443
ENST00000306875.10	4414	14955	10541
ENST00000306882.4	378	4119	3741
ENST00000306888.6	1609	100550	98941
ENST00000306897.9	84	2718	2634
ENST00000306901.9	80	139436	139356
ENST00000306904.7	123	2473	2350
ENST00000306908.10	118	19019	18901
ENST00000306910.9	499	10391	9892
ENST00000306917.5	673	15373	14700
ENST00000306928.6	304	13177	12873
ENST00000306932.10	143	83295	83152
ENST00000306938.8	514	55350	54836
ENST00000306954.5	797	4441	3644
ENST00000306960.4	1042	3800	2758
ENST00000306984.8	7035	9075	2040
ENST00000306999.7	985	47107	46122
ENST00000307000.7	854	76850	75996
ENST00000307002.3	3	1993	1990
ENST00000307003.3	160	25160	25000
ENST00000307017.9	534	38652	38118
ENST00000307033.3	0	1906	1906
ENST00000307046.8	330	63471	63141
ENST00000307050.6	7899	182636	174737
ENST00000307063.9	1046	30312	29266
ENST00000307068.5	1070	4803	3733
ENST00000307076.8	86	11812	11726
ENST00000307078.10	1416	32576	31160
ENST00000307089.7	38	12544	12506
ENST00000307098.5	1143	1675	532
ENST00000307102.10	436	104868	104432
ENST00000307106.3	154	4023	3869
ENST00000307114.11	1135	7409	6274
ENST00000307116.6	1008	69254	68246
ENST00000307126.10	1123	10462	9339
ENST00000307128.6	694	51152	50458
ENST00000307138.10	1193	276692	275499
ENST00000307139.4	60	8784	8724
ENST00000307142.9	183	172855	172672
ENST00000307144.6	98	2382	2284
ENST00000307145.4	378	46323	45945
ENST00000307149.10	430	66794	66364
ENST00000307161.5	37	22758	22721
ENST00000307169.4	89	3483	3394
ENST00000307179.9	14669	78015	63346
ENST00000307180.4	17406	144173	126767
ENST00000307194.6	2435	5225	2790
ENST00000307198.11	14732	29459	14727
ENST00000307201.5	2017	7821	5804
ENST00000307216.10	1017	15999	14982
ENST00000307221.5	1519	3371	1852
ENST00000307227.10	1028	281152	280124
ENST00000307236.8	2105	14657	12552
ENST00000307257.10	3167	23463	20296
ENST00000307259.9	355	110621	110266
ENST00000307266.7	3	10535	10532
ENST00000307271.4	16069	29138	13069
ENST00000307275.7	2094	9962	7868
ENST00000307289.10	1104	8002	6898
ENST00000307296.8	99	70478	70379
ENST00000307297.8	78	166274	166196
ENST00000307300.8	3	43060	43057
ENST00000307301.11	98	22867	22769
ENST00000307305.12	41451	158294	116843
ENST00000307331.9	27	78866	78839
ENST00000307333.7	3	96432	96429
ENST00000307340.8	2893	814980	812087
ENST00000307355.12	141	38724	38583
ENST00000307358.7	215	37729	37514
ENST00000307360.6	152	156877	156725
ENST00000307363.10	431	102483	102052
ENST00000307364.10	7363	10024	2661
ENST00000307365.4	293	1955	1662
ENST00000307366.8	655	2627	1972
ENST00000307367.2	425	24942	24517
ENST00000307377.12	319	101981	101662
ENST00000307378.10	4951	72043	67092
ENST00000307388.2	2919	4813	1894
ENST00000307393.3	68	2949	2881
ENST00000307395.5	961	2021	1060
ENST00000307403.6	0	35298	35298
ENST00000307407.8	90	2185	2095
ENST00000307422.9	290	8770	8480
ENST00000307428.7	212	114054	113842
ENST00000307431.12	385	285302	284917
ENST00000307435.10	565	4960	4395
ENST00000307439.10	4688	41246	36558
ENST00000307441.13	5333	48390	43057
ENST00000307450.11	1711	5532	3821
ENST00000307465.9	5340	51190	45850
ENST00000307468.4	97	5889	5792
ENST00000307471.8	13934	46148	32214
ENST00000307486.12	1024	6779	5755
ENST00000307493.8	252	69669	69417
ENST00000307503.4	42	11159	11117
ENST00000307507.3	10898	18207	7309
ENST00000307518.9	209	12294	12085
ENST00000307522.5	868	4094	3226
ENST00000307526.4	293	131799	131506
ENST00000307529.9	467	135070	134603
ENST00000307533.10	762	1474	712
ENST00000307534.10	1421	63279	61858
ENST00000307544.10	23795	98465	74670
ENST00000307546.14	519	297918	297399
ENST00000307552.3	3	1855	1852
ENST00000307564.8	2901	51473	48572
ENST00000307584.6	65	9459	9394
ENST00000307588.8	323	28993	28670
ENST00000307599.5	15	7002	6987
ENST00000307602.9	154	123649	123495
ENST00000307624.8	401	65768	65367
ENST00000307630.5	2781	32748	29967
ENST00000307633.7	354	18733	18379
ENST00000307635.3	87	12355	12268
ENST00000307637.5	1896	4786	2890
ENST00000307641.9	4558	7440	2882
ENST00000307650.9	164	6834	6670
ENST00000307658.12	2455	12306	9851
ENST00000307659.6	41727	102413	60686
ENST00000307662.5	7616	19131	11515
ENST00000307671.12	14	311362	311348
ENST00000307677.5	1494	58457	56963
ENST00000307712.11	1323	66475	65152
ENST00000307719.9	11939	13677	1738
ENST00000307720.4	612	15261	14649
ENST00000307729.12	413	210930	210517
ENST00000307731.2	18	51423	51405
ENST00000307738.5	118	37883	37765
ENST00000307741.11	160	29824	29664
ENST00000307746.9	568	5263	4695
ENST00000307750.5	2419	6479	4060
ENST00000307751.9	93	12171	12078
ENST00000307765.10	95	132423	132328
ENST00000307767.13	111	24989	24878
ENST00000307771.8	12	34190	34178
ENST00000307786.8	21	2467	2446
ENST00000307790.8	405	45966	45561
ENST00000307808.10	420	132320	131900
ENST00000307823.7	3083	11395	8312
ENST00000307826.5	6857	9525	2668
ENST00000307832.3	3	1867	1864
ENST00000307834.9	3829	4624	795
ENST00000307839.10	728	2975	2247
ENST00000307844.4	203	30735	30532
ENST00000307845.8	116854	124490	7636
ENST00000307849.7	479	4853	4374
ENST00000307851.9	1273	24047	22774
ENST00000307859.4	27	11481	11454
ENST00000307864.3	1910	12924	11014
ENST00000307877.7	924	35571	34647
ENST00000307885.4	2265	20588	18323
ENST00000307886.8	18	4896	4878
ENST00000307892.13	65	38343	38278
ENST00000307896.10	38	8602	8564
ENST00000307897.10	13	43105	43092
ENST00000307921.7	217	22294	22077
ENST00000307940.3	297	3271	2974
ENST00000307944.6	256	6414	6158
ENST00000307954.12	2974	158553	155579
ENST00000307959.9	1052	14577	13525
ENST00000307961.11	1395	8046	6651
ENST00000307968.11	2974	158604	155630
ENST00000307971.7	283	6299	6016
ENST00000307972.10	19380	54576	35196
ENST00000307979.7	559	4053	3494
ENST00000307980.7	59	6732	6673
ENST00000307998.11	480	7232	6752
ENST00000308008.10	3	203227	203224
ENST00000308018.9	351	2165	1814
ENST00000308020.6	177	41749	41572
ENST00000308022.7	2907	8060	5153
ENST00000308025.8	716	18470	17754
ENST00000308027.7	368	5218	4850
ENST00000308031.10	3717	19964	16247
ENST00000308059.11	18	88429	88411
ENST00000308062.8	52	2552	2500
ENST00000308064.7	2002	4466	2464
ENST00000308074.4	32	24389	24357
ENST00000308077.9	10	39205	39195
ENST00000308086.3	209	13485	13276
ENST00000308091.8	3398	55801	52403
ENST00000308095.4	1620	3256	1636
ENST00000308099.7	60	13321	13261
ENST00000308105.5	12066	36868	24802
ENST00000308108.9	1411	15198	13787
ENST00000308110.9	321	7253	6932
ENST00000308127.9	96	10317	10221
ENST00000308128.9	135	39919	39784
ENST00000308132.11	1409	30044	28635
ENST00000308153.9	2526	16372	13846
ENST00000308158.10	3453	25417	21964
ENST00000308159.10	18119	116913	98794
ENST00000308161.8	265	144571	144306
ENST00000308162.10	666	3920	3254
ENST00000308167.10	2769	19356	16587
ENST00000308177.5	151	38002	37851
ENST00000308182.10	106	29756	29650
ENST00000308191.11	298	341473	341175
ENST00000308192.14	61	53225	53164
ENST00000308197.10	177	4108	3931
ENST00000308208.10	5968	62164	56196
ENST00000308212.9	2539	6548	4009
ENST00000308214.13	1851	111138	109287
ENST00000308219.13	386	73071	72685
ENST00000308227.2	71	993	922
ENST00000308234.11	1374	25885	24511
ENST00000308243.7	171	2495	2324
ENST00000308249.4	144	227432	227288
ENST00000308251.6	3563	20383	16820
ENST00000308259.10	29897	185185	155288
ENST00000308268.10	89	59292	59203
ENST00000308271.14	1122	107737	106615
ENST00000308275.8	86	30423	30337
ENST00000308278.13	52	9737	9685
ENST00000308284.11	1073	42348	41275
ENST00000308287.2	5003	15367	10364
ENST00000308293.6	22093	24425	2332
ENST00000308298.11	146	9576	9430
ENST00000308302.4	298	16134	15836
ENST00000308304.2	477	4373	3896
ENST00000308317.12	16	22950	22934
ENST00000308330.3	14	79459	79445
ENST00000308342.7	103	20565	20462
ENST00000308344.10	319	6166	5847
ENST00000308354.11	39	16962	16923
ENST00000308360.8	836	19762	18926
ENST00000308361.10	506	51661	51155
ENST00000308366.9	81	6078	5997
ENST00000308370.11	0	37151	37151
ENST00000308375.10	1831	4955	3124
ENST00000308377.8	2054	16201	14147
ENST00000308378.7	197	127796	127599
ENST00000308385.6	888	4373	3485
ENST00000308388.7	1839	4881	3042
ENST00000308394.9	1579	11582	10003
ENST00000308406.9	1180	7949	6769
ENST00000308418.10	2113	3573	1460
ENST00000308423.7	145	7633	7488
ENST00000308436.11	52	19281	19229
ENST00000308440.11	113	598	485
ENST00000308448.11	3178	64161	60983
ENST00000308466.12	23573	32561	8988
ENST00000308475.10	7495	14899	7404
ENST00000308478.10	31646	35892	4246
ENST00000308482.14	58	153838	153780
ENST00000308488.11	6911	165012	158101
ENST00000308497.9	1484	114748	113264
ENST00000308508.5	1231	45389	44158
ENST00000308511.9	1017	17671	16654
ENST00000308521.10	97	12940	12843
ENST00000308527.6	1191	11020	9829
ENST00000308528.9	158	12009	11851
ENST00000308537.4	41	217843	217802
ENST00000308580.12	33232	80201	46969
ENST00000308588.10	275	24037	23762
ENST00000308595.10	227	21020	20793
ENST00000308611.8	2475	54688	52213
ENST00000308618.5	2638	7729	5091
ENST00000308624.10	148	418222	418074
ENST00000308639.13	779	10863	10084
ENST00000308641.6	1406	3606	2200
ENST00000308647.8	101	15767	15666
ENST00000308650.4	168	11730	11562
ENST00000308659.12	2832	43724	40892
ENST00000308660.6	2922	51212	48290
ENST00000308664.10	674	72156	71482
ENST00000308666.4	3882	71792	67910
ENST00000308677.9	1427	26902	25475
ENST00000308682.3	52	1922	1870
ENST00000308683.3	141	15571	15430
ENST00000308696.11	159	116677	116518
ENST00000308700.6	952	20285	19333
ENST00000308710.9	187	65992	65805
ENST00000308713.9	543	30573	30030
ENST00000308721.9	8367	29022	20655
ENST00000308724.9	187	10083	9896
ENST00000308731.8	438	27793	27355
ENST00000308733.9	6	33351	33345
ENST00000308736.7	979	45640	44661
ENST00000308742.9	120	5852	5732
ENST00000308744.12	96592	117066	20474
ENST00000308748.10	484	6573	6089
ENST00000308768.9	1863	22002	20139
ENST00000308769.12	3	263927	263924
ENST00000308774.6	169	1187	1018
ENST00000308775.7	40268	65612	25344
ENST00000308783.9	58819	137199	78380
ENST00000308796.11	67	3989	3922
ENST00000308799.8	219	38440	38221
ENST00000308807.12	652	25305	24653
ENST00000308811.8	8696	15666	6970
ENST00000308824.11	4218	18927	14709
ENST00000308831.7	56	15377	15321
ENST00000308860.11	49	20749	20700
ENST00000308862.10	5242	40119	34877
ENST00000308868.5	10741	13981	3240
ENST00000308873.11	2614	31597	28983
ENST00000308874.12	5367	10178	4811
ENST00000308893.9	3905	17799	13894
ENST00000308906.6	8	1557	1549
ENST00000308910.9	2619	12809	10190
ENST00000308911.9	172	3664	3492
ENST00000308919.12	31	7099	7068
ENST00000308924.9	70	20443	20373
ENST00000308940.8	98	1986	1888
ENST00000308941.9	916	21223	20307
ENST00000308942.4	420	65844	65424
ENST00000308946.3	1200	3171	1971
ENST00000308961.5	70	9452	9382
ENST00000308963.4	86	1314	1228
ENST00000308964.7	1012	5543	4531
ENST00000308973.9	920	5784	4864
ENST00000308979.7	219	4933	4714
ENST00000308982.12	72	34829	34757
ENST00000308987.6	65	4327	4262
ENST00000309007.9	828	18846	18018
ENST00000309017.8	1596	13460	11864
ENST00000309027.4	37	87039	87002
ENST00000309032.8	382	15039	14657
ENST00000309033.5	17852	60172	42320
ENST00000309035.11	5204	46388	41184
ENST00000309041.12	171	99683	99512
ENST00000309042.12	2739	27537	24798
ENST00000309048.8	85	12378	12293
ENST00000309049.8	1116	24635	23519
ENST00000309052.8	12356	194595	182239
ENST00000309060.7	6746	29334	22588
ENST00000309061.12	66	7938	7872
ENST00000309065.7	174	201261	201087
ENST00000309071.9	35	46722	46687
ENST00000309083.8	343	4377	4034
ENST00000309099.7	883	6530	5647
ENST00000309100.8	537	18530	17993
ENST00000309106.3	3	1927	1924
ENST00000309117.11	2125	44755	42630
ENST00000309134.9	1029	9348	8319
ENST00000309137.13	1827	22144	20317
ENST00000309154.3	3	1879	1876
ENST00000309155.3	35	133583	133548
ENST00000309156.9	4364	10538	6174
ENST00000309157.8	194	131743	131549
ENST00000309166.8	2972	24075	21103
ENST00000309170.8	1186	3212	2026
ENST00000309180.6	598	2510	1912
ENST00000309182.9	11577	23806	12229
ENST00000309190.9	19877	70906	51029
ENST00000309195.9	157	35433	35276
ENST00000309212.11	916	7129	6213
ENST00000309234.10	2	7974	7972
ENST00000309235.6	2217	20215	17998
ENST00000309237.8	533	109543	109010
ENST00000309241.10	33	120302	120269
ENST00000309244.9	45	21916	21871
ENST00000309246.9	427	3443	3016
ENST00000309263.7	657	74112	73455
ENST00000309268.11	2063	5655	3592
ENST00000309276.11	168	6808	6640
ENST00000309283.12	2149	14566	12417
ENST00000309285.4	3942	5938	1996
ENST00000309295.9	250	20796	20546
ENST00000309309.11	5911	17602	11691
ENST00000309311.7	501	11883	11382
ENST00000309315.9	7403	21515	14112
ENST00000309318.8	278	2631	2353
ENST00000309324.9	132	2414	2282
ENST00000309328.8	15	1847	1832
ENST00000309334.5	269	46644	46375
ENST00000309340.11	277	14615	14338
ENST00000309352.4	209	7362	7153
ENST00000309357.8	296	8868	8572
ENST00000309366.9	1293	3352	2059
ENST00000309377.9	261	8913	8652
ENST00000309383.6	446	30383	29937
ENST00000309384.3	272	2661	2389
ENST00000309395.7	168	80327	80159
ENST00000309415.8	336	375099	374763
ENST00000309422.7	250	3661	3411
ENST00000309424.8	53	4381	4328
ENST00000309428.10	2301	31198	28897
ENST00000309439.9	218	101492	101274
ENST00000309446.11	7079	92333	85254
ENST00000309447.6	325	207690	207365
ENST00000309451.7	104	8887	8783
ENST00000309469.9	187	10572	10385
ENST00000309481.11	220	13921	13701
ENST00000309502.7	38188	76219	38031
ENST00000309507.9	544	185445	184901
ENST00000309519.8	76	11705	11629
ENST00000309522.8	44	45399	45355
ENST00000309534.10	3532	4532	1000
ENST00000309536.6	345	146935	146590
ENST00000309539.8	1582	14589	13007
ENST00000309546.8	886	3113	2227
ENST00000309558.8	2702	70636	67934
ENST00000309562.3	0	1852	1852
ENST00000309575.5	1046	4224	3178
ENST00000309576.11	91852	147701	55849
ENST00000309579.7	3147	3579	432
ENST00000309585.9	949	4706	3757
ENST00000309594.5	259	869	610
ENST00000309602.5	681	5031	4350
ENST00000309608.7	8350	10778	2428
ENST00000309615.8	794	18042	17248
ENST00000309623.1	0	1858	1858
ENST00000309641.10	116176	794227	678051
ENST00000309657.8	15	3630	3615
ENST00000309660.10	2129	93225	91096
ENST00000309664.10	20	14331	14311
ENST00000309668.3	103	16289	16186
ENST00000309675.3	0	1876	1876
ENST00000309680.4	464	9492	9028
ENST00000309683.11	1286	44662	43376
ENST00000309691.10	0	6918	6918
ENST00000309703.10	259	37371	37112
ENST00000309720.9	2223	53696	51473
ENST00000309731.12	2206	39015	36809
ENST00000309733.6	127	41875	41748
ENST00000309737.11	4645	64034	59389
ENST00000309739.6	854	9313	8459
ENST00000309755.9	4601	119892	115291
ENST00000309758.6	119	3975	3856
ENST00000309765.4	168	95178	95010
ENST00000309777.11	656	6537	5881
ENST00000309784.9	2472	4888	2416
ENST00000309791.8	22735	250549	227814
ENST00000309794.16	63	30770	30707
ENST00000309822.7	80	6059	5979
ENST00000309834.8	97	42547	42450
ENST00000309836.9	137	187190	187053
ENST00000309851.10	57	6121	6064
ENST00000309859.8	4051	48691	44640
ENST00000309863.11	69	63450	63381
ENST00000309868.12	603	118934	118331
ENST00000309877.11	79	6540	6461
ENST00000309879.9	33	134401	134368
ENST00000309880.6	1058	3882	2824
ENST00000309881.11	44591	73398	28807
ENST00000309889.3	11	1256	1245
ENST00000309890.11	1566	43486	41920
ENST00000309894.6	106	2249	2143
ENST00000309902.10	57	178079	178022
ENST00000309909.10	28	110947	110919
ENST00000309922.7	2914	5330	2416
ENST00000309926.4	82	2162	2080
ENST00000309931.3	59	53566	53507
ENST00000309934.4	896	64312	63416
ENST00000309950.8	56	20818	20762
ENST00000309951.8	20864	68112	47248
ENST00000309955.8	13702	49237	35535
ENST00000309957.3	47	24050	24003
ENST00000309958.7	2064	7214	5150
ENST00000309964.8	7515	57400	49885
ENST00000309971.9	87	38526	38439
ENST00000309976.13	395	14203	13808
ENST00000309979.11	538	9108	8570
ENST00000309982.10	173	87803	87630
ENST00000309983.5	2360	21543	19183
ENST00000309988.9	85	28199	28114
ENST00000309989.1	14238	42892	28654
ENST00000309993.3	2233	47925	45692
ENST00000309996.7	3	42503	42500
ENST00000310002.4	87	2983	2896
ENST00000310015.12	9169	66732	57563
ENST00000310018.7	333	67453	67120
ENST00000310032.12	229	11295	11066
ENST00000310045.9	4386	11656	7270
ENST00000310046.9	3629	13156	9527
ENST00000310053.10	2096	59211	57115
ENST00000310054.9	46	14769	14723
ENST00000310074.8	208	12937	12729
ENST00000310078.13	266	84009	83743
ENST00000310085.6	425	3753	3328
ENST00000310092.12	1009	6516	5507
ENST00000310101.9	250	25569	25319
ENST00000310109.5	1619	3875	2256
ENST00000310112.7	730	9967	9237
ENST00000310118.9	26	12349	12323
ENST00000310123.8	683	11769	11086
ENST00000310125.5	383	2811	2428
ENST00000310127.10	956	33533	32577
ENST00000310128.9	2414	3030	616
ENST00000310132.11	213	8670	8457
ENST00000310137.5	91	12039	11948
ENST00000310144.11	60	5741	5681
ENST00000310157.7	536	10200	9664
ENST00000310164.3	1421	3831	2410
ENST00000310169.3	135	20616	20481
ENST00000310190.8	419	13369	12950
ENST00000310193.4	5794	209248	203454
ENST00000310227.3	164	3222	3058
ENST00000310232.11	3227	54719	51492
ENST00000310248.4	3	1903	1900
ENST00000310252.11	0	23073	23073
ENST00000310256.7	12	18974	18962
ENST00000310260.7	8785	50312	41527
ENST00000310271.6	1110	17955	16845
ENST00000310298.8	1723	159925	158202
ENST00000310300.11	1099	14120	13021
ENST00000310301.9	3275	188733	185458
ENST00000310323.12	127	682576	682449
ENST00000310325.10	472	6461	5989
ENST00000310326.8	166	6955	6789
ENST00000310331.3	76	1894	1818
ENST00000310340.9	115	43057	42942
ENST00000310343.13	3850	233377	229527
ENST00000310346.8	1604	51513	49909
ENST00000310351.8	463	49434	48971
ENST00000310357.8	60	39700	39640
ENST00000310366.8	95	21806	21711
ENST00000310373.7	380	26383	26003
ENST00000310380.11	1434	203949	202515
ENST00000310389.6	77	7133	7056
ENST00000310392.5	51	2281	2230
ENST00000310396.10	911	309994	309083
ENST00000310397.13	220	93988	93768
ENST00000310398.7	173	19697	19524
ENST00000310417.9	91	9664	9573
ENST00000310418.9	276	24543	24267
ENST00000310421.5	6017	42134	36117
ENST00000310430.11	28	224775	224747
ENST00000310441.12	1793	29362	27569
ENST00000310442.5	3906	11226	7320
ENST00000310447.10	105	18062	17957
ENST00000310450.8	87	16147	16060
ENST00000310452.6	165	48498	48333
ENST00000310454.10	40665	149639	108974
ENST00000310455.4	4542	6250	1708
ENST00000310463.10	271	6841	6570
ENST00000310473.9	331	4620	4289
ENST00000310483.10	989	4572	3583
ENST00000310496.9	827	4849	4022
ENST00000310512.4	188	5783	5595
ENST00000310513.10	6300	24515	18215
ENST00000310521.6	71	13390	13319
ENST00000310522.5	3	27858	27855
ENST00000310528.9	85	35982	35897
ENST00000310532.7	4141	33497	29356
ENST00000310544.9	883	4124	3241
ENST00000310546.3	14758	96736	81978
ENST00000310564.10	328	9790	9462
ENST00000310571.8	23	51524	51501
ENST00000310574.8	852	9953	9101
ENST00000310581.10	564	45202	44638
ENST00000310585.4	1364	5499	4135
ENST00000310594.7	14299	30266	15967
ENST00000310597.6	42	2458	2416
ENST00000310604.9	1088	12226	11138
ENST00000310611.8	41	2160	2119
ENST00000310613.8	5924	34931	29007
ENST00000310614.12	98	77121	77023
ENST00000310624.7	45	13538	13493
ENST00000310638.9	930	13790	12860
ENST00000310653.10	2263	85613	83350
ENST00000310673.4	129	17107	16978
ENST00000310677.8	70	19509	19439
ENST00000310682.6	59	4885	4826
ENST00000310706.9	1143	19472	18329
ENST00000310715.8	186	104131	103945
ENST00000310754.5	733	2945	2212
ENST00000310758.9	2648	491944	489296
ENST00000310775.12	3669	76424	72755
ENST00000310776.9	7	14060	14053
ENST00000310778.5	2064	13995	11931
ENST00000310786.10	2340	16449	14109
ENST00000310791.4	116	1530	1414
ENST00000310795.8	0	80366	80366
ENST00000310803.10	2454	78899	76445
ENST00000310806.9	922	47476	46554
ENST00000310816.8	85492	178348	92856
ENST00000310823.8	1694	69572	67878
ENST00000310826.10	4067	10461	6394
ENST00000310828.9	29	18000	17971
ENST00000310833.12	6769	31255	24486
ENST00000310836.11	24074	79096	55022
ENST00000310842.9	1482	16634	15152
ENST00000310847.8	461	22897	22436
ENST00000310850.9	2096	11858	9762
ENST00000310858.10	372	45646	45274
ENST00000310862.11	9983	15586	5603
ENST00000310864.11	587	60980	60393
ENST00000310865.7	614	3212	2598
ENST00000310898.5	963	13908	12945
ENST00000310903.10	61	102361	102300
ENST00000310914.10	17	9007	8990
ENST00000310917.6	412	138859	138447
ENST00000310924.7	8519	83494	74975
ENST00000310926.11	2015	99016	97001
ENST00000310931.10	2313	43356	41043
ENST00000310942.9	88	8482	8394
ENST00000310954.7	2875	64435	61560
ENST00000310955.11	235	5632	5397
ENST00000310958.10	4252	36438	32186
ENST00000310961.9	147820	557946	410126
ENST00000310974.8	2700	111023	108323
ENST00000310981.6	32	1320	1288
ENST00000310991.8	294	2296	2002
ENST00000310998.8	368	38168	37800
ENST00000310999.11	935	4250	3315
ENST00000311001.9	18	89324	89306
ENST00000311008.16	374	11090	10716
ENST00000311014.11	7584	41782	34198
ENST00000311015.7	211	18956	18745
ENST00000311027.9	4241	64379	60138
ENST00000311028.4	2769	33662	30893
ENST00000311034.7	145	7349	7204
ENST00000311042.10	34390	35810	1420
ENST00000311044.8	1785	4771	2986
ENST00000311048.11	144	43714	43570
ENST00000311051.7	412	18333	17921
ENST00000311052.10	2220	6819	4599
ENST00000311066.10	15418	121502	106084
ENST00000311069.6	77	2246	2169
ENST00000311083.10	246	8125	7879
ENST00000311085.8	80	184764	184684
ENST00000311086.9	2097	9843	7746
ENST00000311089.7	42325	51158	8833
ENST00000311101.9	211	56434	56223
ENST00000311104.3	1713	4225	2512
ENST00000311106.8	2671	44954	42283
ENST00000311111.11	278	6354	6076
ENST00000311117.8	26748	104674	77926
ENST00000311122.5	10	11256	11246
ENST00000311124.9	3096	27162	24066
ENST00000311127.9	4945	94306	89361
ENST00000311128.10	2763	69368	66605
ENST00000311129.9	60	41438	41378
ENST00000311131.6	15861	18121	2260
ENST00000311141.7	32	17900	17868
ENST00000311148.9	279	7769	7490
ENST00000311151.9	412	79562	79150
ENST00000311160.14	2925	168791	165866
ENST00000311161.11	1746	10143	8397
ENST00000311170.5	87	1891	1804
ENST00000311172.11	2049	181172	179123
ENST00000311177.7	1747	5861	4114
ENST00000311180.9	106	5551	5445
ENST00000311181.5	678	3414	2736
ENST00000311183.8	671	13496	12825
ENST00000311189.8	397	2643	2246
ENST00000311191.10	229	199548	199319
ENST00000311202.7	3	45730	45727
ENST00000311208.13	155	6355	6200
ENST00000311212.9	2953	4915	1962
ENST00000311223.9	2703	8145	5442
ENST00000311224.8	14	32219	32205
ENST00000311227.6	732	20810	20078
ENST00000311234.9	4178	93591	89413
ENST00000311268.8	2078	7140	5062
ENST00000311269.10	392	102835	102443
ENST00000311275.11	1550	142203	140653
ENST00000311277.9	5128	35120	29992
ENST00000311278.10	34	32728	32694
ENST00000311303.8	2836	69590	66754
ENST00000311308.7	108	3037	2929
ENST00000311320.9	2038	8500	6462
ENST00000311328.2	0	4185	4185
ENST00000311330.4	263	4803	4540
ENST00000311331.12	1557	31600	30043
ENST00000311337.11	1361	12225	10864
ENST00000311350.8	1034	62881	61847
ENST00000311351.9	334	13376	13042
ENST00000311352.3	0	1918	1918
ENST00000311364.9	7173	9885	2712
ENST00000311371.9	927	27898	26971
ENST00000311378.5	352	7156	6804
ENST00000311380.8	2224	105784	103560
ENST00000311381.8	11562	23751	12189
ENST00000311388.7	376	18785	18409
ENST00000311403.4	2577	10472	7895
ENST00000311412.10	2886	43938	41052
ENST00000311413.5	596	3192	2596
ENST00000311417.7	7797	51391	43594
ENST00000311420.13	205	16364	16159
ENST00000311437.11	4388	36162	31774
ENST00000311438.12	117	23311	23194
ENST00000311445.7	282	5893	5611
ENST00000311450.9	122	20525	20403
ENST00000311459.12	9164	13992	4828
ENST00000311461.7	479	19044	18565
ENST00000311469.9	376	22344	21968
ENST00000311481.11	41	8193	8152
ENST00000311485.8	645	3805	3160
ENST00000311487.9	3908	8325	4417
ENST00000311489.8	1487	23104	21617
ENST00000311502.12	249	34743	34494
ENST00000311506.10	6	25954	25948
ENST00000311507.9	4642	18215	13573
ENST00000311519.5	3	12329	12326
ENST00000311521.8	515	5553	5038
ENST00000311528.10	278	2985	2707
ENST00000311534.6	367	551	184
ENST00000311549.11	2219	5439	3220
ENST00000311550.10	4244	230820	226576
ENST00000311559.13	7625	57282	49657
ENST00000311565.4	68474	84779	16305
ENST00000311573.9	214	22203	21989
ENST00000311575.6	1612	3158	1546
ENST00000311585.11	370	24573	24203
ENST00000311595.14	121	8630	8509
ENST00000311597.10	2195	26631	24436
ENST00000311601.6	4873	123573	118700
ENST00000311604.8	61	35483	35422
ENST00000311620.7	39	18367	18328
ENST00000311623.9	17	8758	8741
ENST00000311626.8	452	3880	3428
ENST00000311630.7	325	16510	16185
ENST00000311635.12	4304	58365	54061
ENST00000311637.9	4700	174520	169820
ENST00000311638.7	980	13400	12420
ENST00000311652.11	0	20436	20436
ENST00000311659.5	294	4222	3928
ENST00000311661.4	22385	24419	2034
ENST00000311669.12	975	33803	32828
ENST00000311672.10	69	13152	13083
ENST00000311713.11	44	7747	7703
ENST00000311734.6	1117	7258	6141
ENST00000311737.12	13	4281	4268
ENST00000311745.9	252	379233	378981
ENST00000311755.6	259	893	634
ENST00000311762.2	89	33220	33131
ENST00000311764.3	17	6984	6967
ENST00000311765.4	3770	6942	3172
ENST00000311772.10	54	20707	20653
ENST00000311785.11	415	66567	66152
ENST00000311787.6	462	3611	3149
ENST00000311798.5	1414	9818	8404
ENST00000311806.8	340	88914	88574
ENST00000311812.7	979	77931	76952
ENST00000311813.11	57	12576	12519
ENST00000311822.12	2999	36415	33416
ENST00000311832.6	5	230831	230826
ENST00000311841.7	44336	52432	8096
ENST00000311852.11	233	11187	10954
ENST00000311856.9	49	13293	13244
ENST00000311862.10	698	3825	3127
ENST00000311873.9	380	34402	34022
ENST00000311875.11	197	24295	24098
ENST00000311890.14	1554	4441	2887
ENST00000311893.14	27	6813	6786
ENST00000311895.8	12	30927	30915
ENST00000311907.10	23	22044	22021
ENST00000311912.5	3747	18699	14952
ENST00000311915.12	1266	37321	36055
ENST00000311916.8	668	8011	7343
ENST00000311921.8	7237	40340	33103
ENST00000311922.4	545	7223	6678
ENST00000311923.1	3	2077	2074
ENST00000311925.7	252	1859	1607
ENST00000311936.8	4552	40698	36146
ENST00000311943.11	12	21525	21513
ENST00000311946.8	108	13950	13842
ENST00000311955.4	1557	11848	10291
ENST00000311956.9	1960	20332	18372
ENST00000311966.9	538	18954	18416
ENST00000311967.6	45596	144977	99381
ENST00000311981.12	73	15808	15735
ENST00000312006.5	1745	5941	4196
ENST00000312010.10	1540	42831	41291
ENST00000312017.9	0	39044	39044
ENST00000312026.6	2779	12359	9580
ENST00000312033.3	506	24729	24223
ENST00000312037.6	51	3944	3893
ENST00000312046.10	133	95587	95454
ENST00000312049.11	821	8414	7593
ENST00000312053.9	30	55084	55054
ENST00000312055.9	490	83569	83079
ENST00000312060.9	48	10175	10127
ENST00000312087.10	7810	51485	43675
ENST00000312090.10	523	25843	25320
ENST00000312106.6	141	11955	11814
ENST00000312108.12	480	11352	10872
ENST00000312123.13	0	68113	68113
ENST00000312134.3	37	1833	1796
ENST00000312143.11	3800	6664	2864
ENST00000312150.5	259	8592	8333
ENST00000312156.8	266	4254	3988
ENST00000312165.5	0	9399	9399
ENST00000312175.7	748	1531	783
ENST00000312179.10	11999	434986	422987
ENST00000312184.6	87	6200	6113
ENST00000312189.10	102	5771	5669
ENST00000312196.10	27	18389	18362
ENST00000312210.9	741	6614	5873
ENST00000312216.12	3	376297	376294
ENST00000312233.4	385	90517	90132
ENST00000312234.6	2057	4334	2277
ENST00000312239.10	2121	39408	37287
ENST00000312251.8	637	10605	9968
ENST00000312263.10	204	141285	141081
ENST00000312265.9	1417	19840	18423
ENST00000312280.9	1141	31424	30283
ENST00000312283.12	16232	20612	4380
ENST00000312292.6	15	6861	6846
ENST00000312293.9	2616	7383	4767
ENST00000312295.5	30	3368	3338
ENST00000312298.1	0	1870	1870
ENST00000312316.9	3540	8603	5063
ENST00000312319.6	1425	33561	32136
ENST00000312345.4	62	1866	1804
ENST00000312349.5	1267	2609	1342
ENST00000312350.9	645	87518	86873
ENST00000312352.11	128	25376	25248
ENST00000312358.12	135	67700	67565
ENST00000312371.8	20930	34841	13911
ENST00000312377.10	1109	29433	28324
ENST00000312390.9	16	6272	6256
ENST00000312397.10	47	19673	19626
ENST00000312403.10	52	11258	11206
ENST00000312405.10	1731	44814	43083
ENST00000312413.10	167	36643	36476
ENST00000312419.8	1226	2944	1718
ENST00000312423.4	37	1991	1954
ENST00000312428.11	221	343015	342794
ENST00000312431.10	1019	410317	409298
ENST00000312438.8	971	10043	9072
ENST00000312439.10	512	13666	13154
ENST00000312442.2	46	36184	36138
ENST00000312457.2	14	2832	2818
ENST00000312465.12	161	20806	20645
ENST00000312469.8	569	55782	55213
ENST00000312475.5	138	8732	8594
ENST00000312481.11	28123	139351	111228
ENST00000312492.3	73	2103	2030
ENST00000312493.5	5995	78996	73001
ENST00000312499.6	13	5767	5754
ENST00000312504.10	3140	165426	162286
ENST00000312511.4	154	548	394
ENST00000312515.7	76	2614	2538
ENST00000312521.9	293	33859	33566
ENST00000312527.9	3433	10149	6716
ENST00000312541.10	682	12165	11483
ENST00000312547.7	86	3307	3221
ENST00000312553.10	7643	21775	14132
ENST00000312561.9	21541	38355	16814
ENST00000312562.7	840	9099	8259
ENST00000312579.4	111	1321	1210
ENST00000312584.4	2285	29496	27211
ENST00000312600.4	739	3029	2290
ENST00000312629.10	52	8103	8051
ENST00000312635.10	18	75488	75470
ENST00000312637.5	157	51374	51217
ENST00000312648.8	451	3338	2887
ENST00000312655.9	21755	65885	44130
ENST00000312665.7	63	6807	6744
ENST00000312693.4	142	1817	1675
ENST00000312719.10	1664	8285	6621
ENST00000312726.9	24	1117	1093
ENST00000312734.8	164	4202	4038
ENST00000312777.9	2509	17584	15075
ENST00000312783.10	771	20008	19237
ENST00000312793.9	0	19789	19789
ENST00000312814.11	4823	24535	19712
ENST00000312828.4	7788	9004	1216
ENST00000312838.9	1070	10529	9459
ENST00000312841.9	1284	18136	16852
ENST00000312849.4	3826	9345	5519
ENST00000312858.9	2429	51335	48906
ENST00000312865.10	53	20875	20822
ENST00000312891.3	282	7189	6907
ENST00000312912.10	677	54683	54006
ENST00000312916.12	363	34973	34610
ENST00000312917.9	48197	65841	17644
ENST00000312938.5	2280	31173	28893
ENST00000312942.2	50	5821	5771
ENST00000312943.10	1141	8618	7477
ENST00000312957.9	540	76164	75624
ENST00000312960.4	1019	22694	21675
ENST00000312962.12	869	15004	14135
ENST00000312988.9	89	7960	7871
ENST00000312989.11	355	4615	4260
ENST00000312990.10	1589	4318	2729
ENST00000312994.9	17705	51186	33481
ENST00000313005.11	3871	31591	27720
ENST00000313010.8	1973	78945	76972
ENST00000313022.2	77	1941	1864
ENST00000313028.12	329	12265	11936
ENST00000313033.4	0	1930	1930
ENST00000313040.12	5261	26688	21427
ENST00000313049.9	203	22061	21858
ENST00000313050.11	1661	44559	42898
ENST00000313056.10	3191	30223	27032
ENST00000313059.9	0	2646	2646
ENST00000313070.11	1743	571146	569403
ENST00000313071.7	493	3425	2932
ENST00000313074.7	105	4186	4081
ENST00000313080.8	740	13179	12439
ENST00000313084.9	1655	9621	7966
ENST00000313093.7	239	22221	21982
ENST00000313104.9	74	4840	4766
ENST00000313115.11	3506	15930	12424
ENST00000313116.11	1554	23935	22381
ENST00000313117.11	1537	8363	6826
ENST00000313132.8	736	21056	20320
ENST00000313135.5	2560	4892	2332
ENST00000313143.9	259	17508	17249
ENST00000313146.10	1461	6817	5356
ENST00000313164.10	114	74584	74470
ENST00000313173.6	662	2772	2110
ENST00000313182.7	654	30166	29512
ENST00000313213.5	777	8109	7332
ENST00000313219.8	605	15854	15249
ENST00000313221.8	112	218372	218260
ENST00000313234.9	2530	24163	21633
ENST00000313236.10	610	4475	3865
ENST00000313237.10	1927	129967	128040
ENST00000313243.6	1732	69781	68049
ENST00000313244.14	82	13316	13234
ENST00000313250.10	19	15924	15905
ENST00000313253.1	0	1864	1864
ENST00000313269.5	1166	3887	2721
ENST00000313285.12	82	13149	13067
ENST00000313288.9	1901	25988	24087
ENST00000313294.7	9181	40011	30830
ENST00000313311.10	115	72545	72430
ENST00000313324.9	967	2519	1552
ENST00000313334.13	3553	30929	27376
ENST00000313341.4	1144	2774	1630
ENST00000313349.3	4309	6191	1882
ENST00000313350.10	127	44182	44055
ENST00000313352.11	146	7006	6860
ENST00000313367.7	3646	98571	94925
ENST00000313368.8	508	2600	2092
ENST00000313375.8	666	33829	33163
ENST00000313386.9	7106	18185	11079
ENST00000313400.9	2742	995820	993078
ENST00000313401.4	628	2468	1840
ENST00000313408.11	23	10111	10088
ENST00000313421.11	186	49626	49440
ENST00000313431.13	657	43510	42853
ENST00000313433.11	93	23436	23343
ENST00000313434.10	721	11146	10425
ENST00000313447.1	3	1843	1840
ENST00000313455.5	78	104179	104101
ENST00000313465.5	1752	2953	1201
ENST00000313468.10	1471	6533	5062
ENST00000313472.3	0	1870	1870
ENST00000313485.10	0	31764	31764
ENST00000313486.12	3886	45641	41755
ENST00000313503.2	1356	3226	1870
ENST00000313511.8	567	5213	4646
ENST00000313516.5	108	2947	2839
ENST00000313519.9	17949	24655	6706
ENST00000313525.4	74	22961	22887
ENST00000313543.5	5103	6901	1798
ENST00000313546.8	1438	107599	106161
ENST00000313548.5	40	80641	80601
ENST00000313552.11	27	23701	23674
ENST00000313565.10	341	21371	21030
ENST00000313566.11	40435	55550	15115
ENST00000313578.4	40	20231	20191
ENST00000313581.4	64	74477	74413
ENST00000313582.6	64	9922	9858
ENST00000313597.10	1085	9152	8067
ENST00000313599.8	2447	93507	91060
ENST00000313601.11	132	22540	22408
ENST00000313608.13	5005	15794	10789
ENST00000313616.5	2639	35733	33094
ENST00000313624.12	2109	106687	104578
ENST00000313639.8	0	13044	13044
ENST00000313640.11	1865	106994	105129
ENST00000313648.10	118	18492	18374
ENST00000313654.14	231	275116	274885
ENST00000313655.5	920	22989	22069
ENST00000313663.11	167	142216	142049
ENST00000313667.8	3	33418	33415
ENST00000313669.12	158	195962	195804
ENST00000313683.15	2061	5847	3786
ENST00000313695.11	1094	25284	24190
ENST00000313698.9	6657	73574	66917
ENST00000313708.11	3194	405315	402121
ENST00000313726.11	747	60740	59993
ENST00000313728.12	2651	35969	33318
ENST00000313732.9	2171	17361	15190
ENST00000313733.9	17664	56790	39126
ENST00000313735.11	483	45476	44993
ENST00000313766.6	629	69148	68519
ENST00000313777.9	288	7483	7195
ENST00000313778.9	98	3454	3356
ENST00000313806.9	1645	99321	97676
ENST00000313833.5	78970	83234	4264
ENST00000313835.14	146	63400	63254
ENST00000313843.8	248	7123	6875
ENST00000313851.3	2484	7617	5133
ENST00000313860.12	34	339597	339563
ENST00000313863.11	845	15142	14297
ENST00000313871.9	1859	12068	10209
ENST00000313899.12	2839	22237	19398
ENST00000313936.14	0	17893	17893
ENST00000313940.2	47	1911	1864
ENST00000313949.11	389	1857	1468
ENST00000313961.10	5046	61074	56028
ENST00000313965.4	88	2456	2368
ENST00000313984.3	726	40326	39600
ENST00000314011.9	2524	9964	7440
ENST00000314018.2	56	1188	1132
ENST00000314028.11	2117	31950	29833
ENST00000314032.9	1138	7695	6557
ENST00000314045.11	1706	30903	29197
ENST00000314067.11	24	98426	98402
ENST00000314070.9	3212	22626	19414
ENST00000314073.10	39971	86617	46646
ENST00000314088.6	88	866	778
ENST00000314099.10	246	4906	4660
ENST00000314100.10	6537	427480	420943
ENST00000314103.6	745	32635	31890
ENST00000314117.8	40591	96294	55703
ENST00000314124.12	1249	16992	15743
ENST00000314126.4	8739	13061	4322
ENST00000314128.9	1795	17504	15709
ENST00000314133.4	61	1902	1841
ENST00000314134.4	653	7273	6620
ENST00000314138.11	22	3450	3428
ENST00000314140.2	3	5309	5306
ENST00000314144.10	190	35108	34918
ENST00000314146.10	339	28756	28417
ENST00000314151.12	381	13945	13564
ENST00000314163.12	117	65845	65728
ENST00000314167.9	399	86815	86416
ENST00000314174.5	466	6910	6444
ENST00000314177.12	5596	209278	203682
ENST00000314191.7	1065	199313	198248
ENST00000314214.12	6145	10160	4015
ENST00000314218.8	9189	13447	4258
ENST00000314222.5	636	1546	910
ENST00000314228.10	1235	3229	1994
ENST00000314235.9	136	9165	9029
ENST00000314250.11	121	18012	17891
ENST00000314251.8	1559	31884	30325
ENST00000314254.3	420	2350	1930
ENST00000314256.12	15271	46733	31462
ENST00000314259.5	2966	4818	1852
ENST00000314261.11	1673	191786	190113
ENST00000314262.10	892	27930	27038
ENST00000314265.3	49	4969	4920
ENST00000314276.7	195	19158	18963
ENST00000314282.7	2790	22589	19799
ENST00000314289.13	21388	45273	23885
ENST00000314319.7	156	76652	76496
ENST00000314328.14	31401	147125	115724
ENST00000314332.5	8654	9408	754
ENST00000314340.10	73	14525	14452
ENST00000314355.7	98	5461	5363
ENST00000314357.4	30	1372	1342
ENST00000314358.10	111	88271	88160
ENST00000314367.14	410	57770	57360
ENST00000314391.3	168	16634	16466
ENST00000314392.13	626	2969	2343
ENST00000314393.6	169856	174876	5020
ENST00000314397.9	336	4621	4285
ENST00000314399.3	22	2348	2326
ENST00000314400.10	3095	18895	15800
ENST00000314401.3	425	8638	8213
ENST00000314412.7	539	2841	2302
ENST00000314423.12	811	38327	37516
ENST00000314425.9	1295	17717	16422
ENST00000314446.10	874	8462	7588
ENST00000314471.10	14426	43126	28700
ENST00000314475.6	2080	6015	3935
ENST00000314485.12	483	8962	8479
ENST00000314499.11	125419	211854	86435
ENST00000314520.6	109	3149	3040
ENST00000314523.7	474	15176	14702
ENST00000314527.9	291	164450	164159
ENST00000314529.10	314	12083	11769
ENST00000314531.5	274	13253	12979
ENST00000314534.6	7946	8519	573
ENST00000314537.10	225	51673	51448
ENST00000314556.4	221	3047	2826
ENST00000314557.10	136	29888	29752
ENST00000314565.9	374	109279	108905
ENST00000314567.8	1082	4637	3555
ENST00000314574.5	2839	36857	34018
ENST00000314583.8	450	28393	27943
ENST00000314586.11	18	7522	7504
ENST00000314589.11	67	100523	100456
ENST00000314594.6	44828	83196	38368
ENST00000314595.6	90	55586	55496
ENST00000314606.9	272	12728	12456
ENST00000314607.11	338	155579	155241
ENST00000314616.11	11197	44559	33362
ENST00000314622.9	66	64440	64374
ENST00000314636.3	3029	4149	1120
ENST00000314641.10	4270	37828	33558
ENST00000314644.2	0	2218	2218
ENST00000314664.12	83	68827	68744
ENST00000314666.11	4649	23959	19310
ENST00000314668.13	0	53906	53906
ENST00000314669.10	69	25386	25317
ENST00000314672.10	56	25402	25346
ENST00000314673.8	474	91031	90557
ENST00000314674.7	35191	52710	17519
ENST00000314675.11	974	22745	21771
ENST00000314686.9	4824	12801	7977
ENST00000314700.5	1200	17837	16637
ENST00000314721.5	0	1966	1966
ENST00000314727.9	1436	244431	242995
ENST00000314728.10	45754	98799	53045
ENST00000314737.9	84	16208	16124
ENST00000314742.13	2317	16183	13866
ENST00000314744.6	698	2118	1420
ENST00000314748.10	0	16687	16687
ENST00000314752.12	566	4475	3909
ENST00000314754.12	65	39274	39209
ENST00000314756.7	19	54276	54257
ENST00000314759.6	2100	24110	22010
ENST00000314761.9	19	36409	36390
ENST00000314787.8	443	75772	75329
ENST00000314797.10	104	30413	30309
ENST00000314830.13	432	42878	42446
ENST00000314833.10	259718	361108	101390
ENST00000314845.7	1039	155572	154533
ENST00000314852.2	532	1634	1102
ENST00000314867.9	0	150248	150248
ENST00000314888.10	846	36313	35467
ENST00000314890.3	235	1391	1156
ENST00000314891.11	497	10025	9528
ENST00000314915.6	2931	67284	64353
ENST00000314922.3	321	5798	5477
ENST00000314940.7	7501	9329	1828
ENST00000314970.11	7403	46706	39303
ENST00000314980.5	27	2894	2867
ENST00000314992.9	1209	49313	48104
ENST00000315005.8	156	44416	44260
ENST00000315013.9	57	22969	22912
ENST00000315022.2	120	78102	77982
ENST00000315033.5	828	3130	2302
ENST00000315050.11	767	37037	36270
ENST00000315073.10	719	13375	12656
ENST00000315082.9	68	7306	7238
ENST00000315087.12	12224	89808	77584
ENST00000315091.7	12	10408	10396
ENST00000315099.3	23	1785	1762
ENST00000315127.9	2057	46084	44027
ENST00000315141.5	132	35526	35394
ENST00000315144.14	627	11138	10511
ENST00000315150.10	3527	34550	31023
ENST00000315170.13	132	6856	6724
ENST00000315183.11	147	99824	99677
ENST00000315184.9	53	16746	16693
ENST00000315190.4	21059	21699	640
ENST00000315204.5	642	84564	83922
ENST00000315212.4	4358	17680	13322
ENST00000315215.11	363	48793	48430
ENST00000315238.3	125	1017	892
ENST00000315249.11	5981	21646	15665
ENST00000315251.11	5445	13448	8003
ENST00000315264.7	13104	45963	32859
ENST00000315266.9	1121	675713	674592
ENST00000315273.4	340	199415	199075
ENST00000315274.7	496	9570	9074
ENST00000315285.9	276	92768	92492
ENST00000315286.13	1419	12980	11561
ENST00000315289.6	1290	53974	52684
ENST00000315322.10	4223	11345	7122
ENST00000315323.5	205	3593	3388
ENST00000315330.8	1782	30202	28420
ENST00000315357.9	5868	51199	45331
ENST00000315366.8	1993	80345	78352
ENST00000315367.4	20260	21752	1492
ENST00000315368.8	165	43512	43347
ENST00000315377.4	11	3895	3884
ENST00000315392.9	4530	89610	85080
ENST00000315396.7	522	24311	23789
ENST00000315422.9	823	8416	7593
ENST00000315423.12	612	15922	15310
ENST00000315429.11	38973	45214	6241
ENST00000315436.8	1512	29564	28052
ENST00000315453.4	828	2686	1858
ENST00000315456.10	262660	336862	74202
ENST00000315467.9	924	14847	13923
ENST00000315475.7	1696	21379	19683
ENST00000315480.9	17098	47531	30433
ENST00000315489.5	486	12249	11763
ENST00000315491.12	60	13805	13745
ENST00000315506.11	343	50846	50503
ENST00000315519.3	0	1978	1978
ENST00000315520.10	227	3563	3336
ENST00000315544.6	1727	52976	51249
ENST00000315554.15	25770	37888	12118
ENST00000315563.10	395	48089	47694
ENST00000315567.13	19	90740	90721
ENST00000315571.6	37	286361	286324
ENST00000315576.8	3847	46813	42966
ENST00000315579.10	997	41479	40482
ENST00000315580.10	459	2698	2239
ENST00000315585.11	7279	30870	23591
ENST00000315588.11	45	6914	6869
ENST00000315591.12	3	5606	5603
ENST00000315596.15	62321	192904	130583
ENST00000315599.12	3049	8723	5674
ENST00000315601.8	2881	7397	4516
ENST00000315608.7	253	9171	8918
ENST00000315614.11	498	18335	17837
ENST00000315616.12	39	6591	6552
ENST00000315626.6	290	9907	9617
ENST00000315658.11	2396	36855	34459
ENST00000315660.8	1301	62795	61494
ENST00000315677.8	3156	386957	383801
ENST00000315678.10	372	2458	2086
ENST00000315683.1	0	1870	1870
ENST00000315691.8	510	19302	18792
ENST00000315711.12	57	29192	29135
ENST00000315713.5	0	60767	60767
ENST00000315717.10	282	37613	37331
ENST00000315731.4	672	2888	2216
ENST00000315732.3	325	1061	736
ENST00000315741.5	1513	5747	4234
ENST00000315757.9	6530	139068	132538
ENST00000315758.10	55	19306	19251
ENST00000315764.8	313	3219	2906
ENST00000315765.10	15	93994	93979
ENST00000315769.11	1636	295540	293904
ENST00000315781.10	12732	34562	21830
ENST00000315782.6	78	28771	28693
ENST00000315792.5	51	685	634
ENST00000315796.5	17	81445	81428
ENST00000315849.5	8403	16726	8323
ENST00000315869.8	1435	16215	14780
ENST00000315870.10	120	25306	25186
ENST00000315872.11	3681	168508	164827
ENST00000315877.14	918	3778	2860
ENST00000315891.10	37	63356	63319
ENST00000315901.4	53	7165	7112
ENST00000315906.10	74	7553	7479
ENST00000315913.9	266	8518	8252
ENST00000315915.5	0	1936	1936
ENST00000315927.9	5174	8223	3049
ENST00000315930.11	18126	97006	78880
ENST00000315938.5	722	70124	69402
ENST00000315939.11	987	163328	162341
ENST00000315947.1	0	1840	1840
ENST00000315948.11	3196	10579	7383
ENST00000315957.4	81	1957	1876
ENST00000315962.9	140	49095	48955
ENST00000315970.12	30	28760	28730
ENST00000315985.7	31	78555	78524
ENST00000315987.6	271	208875	208604
ENST00000315988.8	493	24519	24026
ENST00000315997.5	464	22984	22520
ENST00000316005.11	359	123386	123027
ENST00000316024.9	2348	18816	16468
ENST00000316027.10	10987	21591	10604
ENST00000316045.10	26026	34922	8896
ENST00000316048.2	1356	2704	1348
ENST00000316052.6	57	2658	2601
ENST00000316059.7	219	40339	40120
ENST00000316068.7	1030	22293	21263
ENST00000316073.3	1152	6644	5492
ENST00000316077.14	2619	37154	34535
ENST00000316081.11	244	20283	20039
ENST00000316082.4	1455	4450	2995
ENST00000316084.10	632	5935	5303
ENST00000316087.12	5645	30630	24985
ENST00000316097.13	9621	19563	9942
ENST00000316099.10	134	29835	29701
ENST00000316105.7	158	4938	4780
ENST00000316144.6	2188	5400	3212
ENST00000316149.8	1792	9008	7216
ENST00000316156.8	453	26683	26230
ENST00000316157.8	3432	78421	74989
ENST00000316161.6	2122	5126	3004
ENST00000316163.9	961	8509	7548
ENST00000316169.2	51	4974	4923
ENST00000316170.9	615	71992	71377
ENST00000316185.9	125	28456	28331
ENST00000316193.13	107	2239	2132
ENST00000316199.10	141	6518	6377
ENST00000316218.12	140	96472	96332
ENST00000316219.9	1358	9519	8161
ENST00000316227.3	4956	67048	62092
ENST00000316249.4	65730	103271	37541
ENST00000316273.11	365	17108	16743
ENST00000316286.13	783	6868	6085
ENST00000316292.13	2063	5655	3592
ENST00000316296.9	105	79985	79880
ENST00000316299.9	624	17470	16846
ENST00000316300.10	250	138813	138563
ENST00000316308.9	956	22183	21227
ENST00000316316.10	1385	121698	120313
ENST00000316333.9	146	5692	5546
ENST00000316334.5	2425	37851	35426
ENST00000316341.8	1369	28310	26941
ENST00000316355.10	1326	9739	8413
ENST00000316356.8	923	66237	65314
ENST00000316358.8	7702	20787	13085
ENST00000316361.10	9706	12698	2992
ENST00000316364.9	41310	56494	15184
ENST00000316368.3	3	1939	1936
ENST00000316375.3	59	6478	6419
ENST00000316386.11	52	23425	23373
ENST00000316398.5	1161	3403	2242
ENST00000316399.10	6363	377208	370845
ENST00000316401.11	6363	11470	5107
ENST00000316403.15	1327	14993	13666
ENST00000316407.9	6562	33223	26661
ENST00000316409.2	321	1815	1494
ENST00000316418.10	21316	114325	93009
ENST00000316423.11	1391	24228	22837
ENST00000316425.9	205	2718	2513
ENST00000316428.10	813	32282	31469
ENST00000316433.9	3572	20360	16788
ENST00000316436.4	27	8600	8573
ENST00000316448.10	71	6543	6472
ENST00000316459.4	53503	61882	8379
ENST00000316461.9	363	10403	10040
ENST00000316470.9	134	8132	7998
ENST00000316491.14	189	46502	46313
ENST00000316495.8	165	5736	5571
ENST00000316509.11	1709	4073	2364
ENST00000316519.11	150	78789	78639
ENST00000316528.12	199	38823	38624
ENST00000316529.3	95	2007	1912
ENST00000316534.8	1483	84836	83353
ENST00000316549.11	1483	585019	583536
ENST00000316554.5	479	1641	1162
ENST00000316562.9	178	36071	35893
ENST00000316577.12	11002	25946	14944
ENST00000316586.9	2995	16632	13637
ENST00000316594.6	3767	6459	2692
ENST00000316603.12	315	22118	21803
ENST00000316606.10	4862	11064	6202
ENST00000316607.5	769	59821	59052
ENST00000316609.9	54	286985	286931
ENST00000316610.7	2961	16918	13957
ENST00000316615.9	2295	76076	73781
ENST00000316623.10	2680	245004	242324
ENST00000316626.6	5469	273399	267930
ENST00000316629.8	1712	16232	14520
ENST00000316634.6	971	4554	3583
ENST00000316637.7	39	25471	25432
ENST00000316649.10	1590	46409	44819
ENST00000316660.7	182	2914	2732
ENST00000316673.9	106	75309	75203
ENST00000316694.8	880	29546	28666
ENST00000316707.10	40525	226654	186129
ENST00000316715.9	1945	46941	44996
ENST00000316721.8	8	6196	6188
ENST00000316724.10	497	60671	60174
ENST00000316731.13	290	28691	28401
ENST00000316737.5	150	31421	31271
ENST00000316738.12	2577	160474	157897
ENST00000316752.11	2175	73237	71062
ENST00000316754.8	427	87215	86788
ENST00000316757.4	257	11207	10950
ENST00000316763.8	2629	41104	38475
ENST00000316770.2	37	1949	1912
ENST00000316788.12	103	72125	72022
ENST00000316793.8	2599	18971	16372
ENST00000316803.8	60	27375	27315
ENST00000316804.10	2295	76198	73903
ENST00000316824.4	42	22226	22184
ENST00000316836.5	798	2914	2116
ENST00000316843.9	48	20353	20305
ENST00000316848.9	204	77405	77201
ENST00000316851.12	193	316518	316325
ENST00000316856.7	73	8247	8174
ENST00000316881.9	3794	27960	24166
ENST00000316891.10	3637	46771	43134
ENST00000316900.9	722	8661	7939
ENST00000316902.12	1885	59213	57328
ENST00000316911.10	722	10043	9321
ENST00000316920.10	10405	27124	16719
ENST00000316924.9	892	11101	10209
ENST00000316937.8	591	5805	5214
ENST00000316939.3	1092	4757	3665
ENST00000316948.9	89	9183	9094
ENST00000316950.11	1443	35818	34375
ENST00000316963.8	1701	56137	54436
ENST00000316981.8	5337	8858	3521
ENST00000316985.7	1542	33680	32138
ENST00000316997.9	14831	38758	23927
ENST00000316999.9	248	193865	193617
ENST00000317011.8	171	10342	10171
ENST00000317012.5	648	1954	1306
ENST00000317020.10	2533	44111	41578
ENST00000317025.13	5940	82755	76815
ENST00000317037.3	11412	13336	1924
ENST00000317040.12	89	5753	5664
ENST00000317058.8	27150	38653	11503
ENST00000317060.4	85	4620	4535
ENST00000317063.10	60	12250	12190
ENST00000317089.10	1670	19437	17767
ENST00000317091.10	120	10171	10051
ENST00000317093.2	29	1971	1942
ENST00000317096.9	330	56702	56372
ENST00000317103.5	91	1114	1023
ENST00000317118.12	649	27062	26413
ENST00000317121.6	69	2011	1942
ENST00000317126.8	83	117106	117023
ENST00000317133.9	908	180037	179129
ENST00000317135.13	2603	125699	123096
ENST00000317147.10	1010	86466	85456
ENST00000317151.7	332	17738	17406
ENST00000317168.11	926	117527	116601
ENST00000317173.9	225	374716	374491
ENST00000317178.10	244	9420	9176
ENST00000317198.10	98	7984	7886
ENST00000317201.7	906	4955	4049
ENST00000317204.11	2671	35943	33272
ENST00000317216.3	2817	6444	3627
ENST00000317221.11	14371	17694	3323
ENST00000317233.8	4221	560854	556633
ENST00000317235.11	977	14785	13808
ENST00000317243.10	204	16590	16386
ENST00000317251.8	979	10234	9255
ENST00000317256.10	70	12969	12899
ENST00000317257.12	342	42402	42060
ENST00000317268.7	173	10340	10167
ENST00000317271.3	1291	3601	2310
ENST00000317276.9	599	14082	13483
ENST00000317287.5	229	9007	8778
ENST00000317296.9	2641	39738	37097
ENST00000317304.10	10	199639	199629
ENST00000317306.8	345	5385	5040
ENST00000317310.5	41	15721	15680
ENST00000317336.11	2099	38823	36724
ENST00000317338.17	1060	53929	52869
ENST00000317350.8	395	26877	26482
ENST00000317357.10	500	147959	147459
ENST00000317361.11	1445	40268	38823
ENST00000317367.9	0	79557	79557
ENST00000317368.11	959	42115	41156
ENST00000317370.13	217	6424	6207
ENST00000317371.8	276	15087	14811
ENST00000317376.8	3728	30554	26826
ENST00000317378.5	1379	2505	1126
ENST00000317391.8	19387	29224	9837
ENST00000317393.10	3	5705	5702
ENST00000317398.10	733	9375	8642
ENST00000317402.11	6086	30789	24703
ENST00000317442.12	158	191109	190951
ENST00000317446.7	71	11638	11567
ENST00000317447.9	6830	62071	55241
ENST00000317449.5	1389	2815	1426
ENST00000317459.11	63	2796	2733
ENST00000317477.8	1301	16579	15278
ENST00000317479.8	84	17677	17593
ENST00000317483.4	1681	22302	20621
ENST00000317501.9	1984	280611	278627
ENST00000317502.11	64	26996	26932
ENST00000317506.8	3361	85312	81951
ENST00000317508.11	579	5088	4509
ENST00000317509.12	1825	50783	48958
ENST00000317516.12	87	22178	22091
ENST00000317534.6	144	3434	3290
ENST00000317538.9	2027	13902	11875
ENST00000317543.12	270	5756	5486
ENST00000317551.12	1259	39174	37915
ENST00000317552.9	3815	123983	120168
ENST00000317555.6	58	8747	8689
ENST00000317560.13	6528	134089	127561
ENST00000317568.10	400	26102	25702
ENST00000317571.8	118	119552	119434
ENST00000317578.7	719	6273	5554
ENST00000317582.10	16955	90223	73268
ENST00000317586.8	53	96887	96834
ENST00000317593.9	25346	28110	2764
ENST00000317605.6	879	3031	2152
ENST00000317610.11	970	79223	78253
ENST00000317613.10	71	79480	79409
ENST00000317615.11	66	23271	23205
ENST00000317620.14	137	17023	16886
ENST00000317623.8	22802	45112	22310
ENST00000317627.5	42	13111	13069
ENST00000317633.14	201	7317	7116
ENST00000317635.6	373	16772	16399
ENST00000317643.10	69	12335	12266
ENST00000317647.12	10	63832	63822
ENST00000317658.5	150	1942	1792
ENST00000317668.8	133	17019	16886
ENST00000317676.3	38	7753	7715
ENST00000317677.9	200	29108	28908
ENST00000317683.4	1058	4674	3616
ENST00000317697.8	1580	6568	4988
ENST00000317702.10	52	19220	19168
ENST00000317716.14	55	72066	72011
ENST00000317734.12	867	10367	9500
ENST00000317735.7	56	17226	17170
ENST00000317744.10	10280	51996	41716
ENST00000317745.11	725	8219	7494
ENST00000317746.3	455	32895	32440
ENST00000317749.9	315	24246	23931
ENST00000317757.8	50205	144570	94365
ENST00000317764.6	1172	33202	32030
ENST00000317775.11	7170	127201	120031
ENST00000317799.10	9316	46418	37102
ENST00000317802.9	1744	4202	2458
ENST00000317811.6	177	2797	2620
ENST00000317814.8	3	3184	3181
ENST00000317827.9	347	63186	62839
ENST00000317829.12	170	105156	104986
ENST00000317834.5	0	1978	1978
ENST00000317861.1	0	1870	1870
ENST00000317868.9	19655	81388	61733
ENST00000317869.7	34	1790	1756
ENST00000317876.8	1106	64240	63134
ENST00000317881.9	72	3501	3429
ENST00000317896.11	160	7705	7545
ENST00000317897.5	537	2377	1840
ENST00000317900.7	296	2725	2429
ENST00000317905.10	571	42657	42086
ENST00000317907.9	243	195394	195151
ENST00000317931.12	1506	358733	357227
ENST00000317932.11	833	47089	46256
ENST00000317935.10	143	477272	477129
ENST00000317943.6	7962	8302	340
ENST00000317945.6	1382	15009	13627
ENST00000317951.6	2191	12892	10701
ENST00000317955.10	3104	36956	33852
ENST00000317961.9	2133	45260	43127
ENST00000317965.3	3	1873	1870
ENST00000317967.11	0	3011	3011
ENST00000317968.9	3347	213898	210551
ENST00000317977.10	8394	71767	63373
ENST00000317987.6	5071	8312	3241
ENST00000317991.10	156	27967	27811
ENST00000317995.5	23376	96597	73221
ENST00000318003.11	241	27015	26774
ENST00000318006.10	2056	52052	49996
ENST00000318007.9	3432	135855	132423
ENST00000318008.11	132	49493	49361
ENST00000318010.13	1281	81653	80372
ENST00000318021.4	84	2002	1918
ENST00000318023.11	306	54566	54260
ENST00000318024.9	467	52042	51575
ENST00000318037.3	3039	36097	33058
ENST00000318041.13	1283	8814	7531
ENST00000318050.4	36	1864	1828
ENST00000318059.8	71	11353	11282
ENST00000318063.10	42	93110	93068
ENST00000318065.9	70	88735	88665
ENST00000318066.7	4358	36652	32294
ENST00000318074.9	3313	13463	10150
ENST00000318080.7	606	17579	16973
ENST00000318083.11	545	7542	6997
ENST00000318094.14	789	126836	126047
ENST00000318100.9	9210	40428	31218
ENST00000318109.12	2369	5182	2813
ENST00000318110.9	168	12805	12637
ENST00000318121.8	4387	41750	37363
ENST00000318124.3	99	1441	1342
ENST00000318129.6	131	12900	12769
ENST00000318130.13	3829	67185	63356
ENST00000318157.3	109	2162	2053
ENST00000318158.11	55	15058	15003
ENST00000318160.5	3399	4405	1006
ENST00000318184.9	3	73489	73486
ENST00000318190.7	56	5316	5260
ENST00000318197.10	53043	54326	1283
ENST00000318201.12	72	35044	34972
ENST00000318203.9	7211	11263	4052
ENST00000318204.5	71	9985	9914
ENST00000318217.10	2240	387346	385106
ENST00000318220.10	4950	26132	21182
ENST00000318222.4	250	44353	44103
ENST00000318225.3	179	4118	3939
ENST00000318227.4	255	23733	23478
ENST00000318238.9	1164	10666	9502
ENST00000318240.8	5105	6731	1626
ENST00000318244.4	8880	10846	1966
ENST00000318247.7	1404	27236	25832
ENST00000318249.10	4950	45131	40181
ENST00000318266.9	90595	166806	76211
ENST00000318282.9	61319	185285	123966
ENST00000318289.14	251	1582	1331
ENST00000318304.12	109191	171679	62488
ENST00000318308.10	328	18260	17932
ENST00000318312.12	25	23161	23136
ENST00000318315.5	4274	14037	9763
ENST00000318317.8	260	16085	15825
ENST00000318325.6	1435	10262	8827
ENST00000318336.10	1083	3235	2152
ENST00000318348.9	1613	30051	28438
ENST00000318351.2	34	8634	8600
ENST00000318357.9	1640	6986	5346
ENST00000318364.13	468	1648	1180
ENST00000318386.8	742	20153	19411
ENST00000318387.6	976	2770	1794
ENST00000318388.11	45	32316	32271
ENST00000318407.5	739	14306	13567
ENST00000318410.12	360	63087	62727
ENST00000318424.9	15359	29613	14254
ENST00000318430.10	818	12501	11683
ENST00000318438.7	165	1829	1664
ENST00000318442.6	3856	23821	19965
ENST00000318443.10	15257	30163	14906
ENST00000318445.11	201	311544	311343
ENST00000318469.2	297	1237	940
ENST00000318471.5	74	91890	91816
ENST00000318473.11	518	23040	22522
ENST00000318493.11	26889	128129	101240
ENST00000318504.12	0	57918	57918
ENST00000318507.7	8774	10932	2158
ENST00000318522.10	259	163771	163512
ENST00000318524.6	28	59675	59647
ENST00000318528.8	102	29881	29779
ENST00000318529.13	264	54063	53799
ENST00000318560.6	193	53805	53612
ENST00000318561.7	174	2969	2795
ENST00000318562.13	3177	22872	19695
ENST00000318565.11	17	2865	2848
ENST00000318579.9	1524	21904	20380
ENST00000318584.10	9394	12362	2968
ENST00000318596.8	32131	47826	15695
ENST00000318602.12	118	52527	52409
ENST00000318607.10	1385	20561	19176
ENST00000318622.8	3075	10013	6938
ENST00000318627.4	415	1679	1264
ENST00000318631.8	1437	10219	8782
ENST00000318636.8	11754	45335	33581
ENST00000318663.5	222	5656	5434
ENST00000318666.6	54	1924	1870
ENST00000318672.7	650	73780	73130
ENST00000318673.6	93408	94317	909
ENST00000318682.11	12113	16021	3908
ENST00000318683.7	12670	18095	5425
ENST00000318698.6	35	331341	331306
ENST00000318709.9	221	90343	90122
ENST00000318724.8	1008	116619	115611
ENST00000318737.8	200	98728	98528
ENST00000318753.13	254	8345	8091
ENST00000318779.7	25	839	814
ENST00000318782.9	327	3413	3086
ENST00000318787.13	17553	26792	9239
ENST00000318789.11	4557	245703	241146
ENST00000318801.8	86	28331	28245
ENST00000318803.6	196	183522	183326
ENST00000318833.4	13038	16048	3010
ENST00000318837.6	95	92737	92642
ENST00000318876.9	1433	57334	55901
ENST00000318881.11	283	216359	216076
ENST00000318887.8	94	7657	7563
ENST00000318906.6	1707	18119	16412
ENST00000318911.5	24	3225	3201
ENST00000318934.9	3737	45230	41493
ENST00000318948.7	3484	10430	6946
ENST00000318950.11	103	87633	87530
ENST00000318962.9	1992	23279	21287
ENST00000318967.7	585	48313	47728
ENST00000318974.14	157	11331	11174
ENST00000318978.6	802	1292	490
ENST00000318988.10	349	8181	7832
ENST00000318999.11	44	17061	17017
ENST00000319004.6	448	10893	10445
ENST00000319006.8	18	18381	18363
ENST00000319010.9	0	7570	7570
ENST00000319017.5	787	42762	41975
ENST00000319018.12	6110	12164	6054
ENST00000319023.7	94	50243	50149
ENST00000319027.9	11	17604	17593
ENST00000319033.7	565	4642	4077
ENST00000319041.6	34	1120	1086
ENST00000319070.3	269	4711	4442
ENST00000319073.5	6121	32499	26378
ENST00000319074.6	2154	2992	838
ENST00000319080.12	98	65793	65695
ENST00000319084.9	609	3228	2619
ENST00000319098.7	3032	6156	3124
ENST00000319104.7	1157	38822	37665
ENST00000319106.12	21684	85471	63787
ENST00000319107.8	47463	155041	107578
ENST00000319119.5	18761	21783	3022
ENST00000319121.4	5225	18974	13749
ENST00000319129.10	882	24694	23812
ENST00000319136.8	885	14188	13303
ENST00000319153.4	113	1503	1390
ENST00000319165.13	292	30622	30330
ENST00000319167.12	1436	12630	11194
ENST00000319170.10	5758	65408	59650
ENST00000319172.10	3035	34581	31546
ENST00000319190.11	318	135250	134932
ENST00000319194.9	1881	42989	41108
ENST00000319211.5	182	18647	18465
ENST00000319212.9	29	42886	42857
ENST00000319217.12	1261	150772	149511
ENST00000319223.8	5647	22860	17213
ENST00000319231.10	5430	144312	138882
ENST00000319234.5	569	4672	4103
ENST00000319242.8	664	5043	4379
ENST00000319248.13	281	8584	8303
ENST00000319264.4	696	47419	46723
ENST00000319273.10	527	8212	7685
ENST00000319283.8	1640	12253	10613
ENST00000319285.5	621	6872	6251
ENST00000319286.6	2346	6145	3799
ENST00000319294.11	44	45257	45213
ENST00000319296.10	448	11707	11259
ENST00000319327.7	841	7366	6525
ENST00000319331.4	45211	49505	4294
ENST00000319332.10	1187	166112	164925
ENST00000319338.6	3671	22616	18945
ENST00000319340.7	178	19440	19262
ENST00000319349.10	676	19211	18535
ENST00000319357.6	136	42966	42830
ENST00000319359.8	499	5461	4962
ENST00000319363.11	92	27402	27310
ENST00000319374.4	2416	9255	6839
ENST00000319380.12	1490	67543	66053
ENST00000319386.7	35661	138137	102476
ENST00000319394.8	26423	73764	47341
ENST00000319397.7	3599	64544	60945
ENST00000319406.8	12370	159872	147502
ENST00000319410.9	424	18815	18391
ENST00000319416.7	80	10018	9938
ENST00000319420.4	1919	7261	5342
ENST00000319423.5	3	1873	1870
ENST00000319432.9	4868	100383	95515
ENST00000319441.6	302	6548	6246
ENST00000319449.9	16	61068	61052
ENST00000319454.10	0	98577	98577
ENST00000319460.2	147	1564	1417
ENST00000319466.9	3592	7732	4140
ENST00000319471.13	325	99681	99356
ENST00000319481.8	1130	218304	217174
ENST00000319500.11	246	4947	4701
ENST00000319511.6	1841	4556	2715
ENST00000319516.8	548	22870	22322
ENST00000319517.10	36588	194935	158347
ENST00000319518.13	140	22519	22379
ENST00000319533.9	34	9968	9934
ENST00000319540.9	1791	169983	168192
ENST00000319545.12	57	8706	8649
ENST00000319550.9	78	144521	144443
ENST00000319551.12	4582	22061	17479
ENST00000319555.8	359	84704	84345
ENST00000319560.7	1350	3588	2238
ENST00000319562.11	70149	308329	238180
ENST00000319580.13	29	46834	46805
ENST00000319584.11	0	287395	287395
ENST00000319590.8	213	6268	6055
ENST00000319595.7	198044	200238	2194
ENST00000319622.10	624	21651	21027
ENST00000319636.10	2167	16216	14049
ENST00000319637.6	1098	5676	4578
ENST00000319651.9	232	47777	47545
ENST00000319653.14	227	387416	387189
ENST00000319669.5	1684	17445	15761
ENST00000319670.14	45260	78163	32903
ENST00000319675.5	2040	4408	2368
ENST00000319688.5	515	72970	72455
ENST00000319694.3	2495	3267	772
ENST00000319715.10	1061	38234	37173
ENST00000319720.11	317	4145	3828
ENST00000319725.10	104	59139	59035
ENST00000319756.7	2024	5625	3601
ENST00000319760.8	53	1941	1888
ENST00000319769.10	509	5923	5414
ENST00000319770.7	1240	14583	13343
ENST00000319778.11	1315	81589	80274
ENST00000319783.5	721	13787	13066
ENST00000319788.11	398	4351	3953
ENST00000319792.7	150	62913	62763
ENST00000319813.3	3	1957	1954
ENST00000319826.8	2194	5414	3220
ENST00000319833.6	7445	8005	560
ENST00000319836.7	3649	79485	75836
ENST00000319838.10	24523	26375	1852
ENST00000319849.7	389	24930	24541
ENST00000319854.7	479	6354	5875
ENST00000319856.5	102	1912	1810
ENST00000319863.13	3678	10892	7214
ENST00000319888.10	1545	30941	29396
ENST00000319908.8	185	38098	37913
ENST00000319921.4	2812	61780	58968
ENST00000319928.9	1939	6247	4308
ENST00000319933.7	17157	18391	1234
ENST00000319942.8	16	9375	9359
ENST00000319945.10	898	97853	96955
ENST00000319974.6	146	15743	15597
ENST00000319977.8	237	21954	21717
ENST00000319980.10	839	126507	125668
ENST00000319988.1	0	1852	1852
ENST00000320002.3	0	1852	1852
ENST00000320005.6	1628	171857	170229
ENST00000320017.10	7282	29770	22488
ENST00000320027.10	2348	29165	26817
ENST00000320031.13	330	35350	35020
ENST00000320033.5	740	1944	1204
ENST00000320048.1	0	1828	1828
ENST00000320054.4	4900	25181	20281
ENST00000320057.9	2146	17180	15034
ENST00000320063.10	764	49411	48647
ENST00000320065.1	0	1900	1900
ENST00000320078.12	2345	19716	17371
ENST00000320081.10	5974	68575	62601
ENST00000320095.12	207	15892	15685
ENST00000320122.10	2801	52868	50067
ENST00000320129.7	1601	26341	24740
ENST00000320139.5	7	30590	30583
ENST00000320152.11	1233	104627	103394
ENST00000320153.10	0	3699	3699
ENST00000320159.2	376	5537	5161
ENST00000320172.11	3968	7735	3767
ENST00000320185.7	223	6517	6294
ENST00000320201.10	2550	55133	52583
ENST00000320203.8	582	175016	174434
ENST00000320211.10	109	21174	21065
ENST00000320216.10	0	12522	12522
ENST00000320220.13	5443	83633	78190
ENST00000320225.10	847	12431	11584
ENST00000320230.9	1443	5491	4048
ENST00000320238.3	1591	2399	808
ENST00000320239.11	5398	50233	44835
ENST00000320241.5	175	2243	2068
ENST00000320246.10	44016	93925	49909
ENST00000320248.4	27516	31252	3736
ENST00000320254.5	3	47675	47672
ENST00000320256.6	571	2123	1552
ENST00000320267.13	131	88791	88660
ENST00000320270.4	118	2306	2188
ENST00000320280.8	0	59673	59673
ENST00000320285.9	6576	103372	96796
ENST00000320295.12	592	4364	3772
ENST00000320301.11	762	848996	848234
ENST00000320307.8	26	2325	2299
ENST00000320316.8	591	5445	4854
ENST00000320330.8	374	4358	3984
ENST00000320334.5	43	3507	3464
ENST00000320339.8	1581	22726	21145
ENST00000320345.10	1069	19834	18765
ENST00000320356.7	266	42149	41883
ENST00000320362.7	461	14725	14264
ENST00000320370.11	112	41449	41337
ENST00000320389.12	3533	88965	85432
ENST00000320393.9	23	238296	238273
ENST00000320394.10	1851	140941	139090
ENST00000320399.10	0	42747	42747
ENST00000320431.8	1125	4147	3022
ENST00000320443.12	29685	73337	43652
ENST00000320451.7	5614	8936	3322
ENST00000320460.8	8	32724	32716
ENST00000320472.9	28	264258	264230
ENST00000320474.10	1879	3863	1984
ENST00000320476.7	246	29306	29060
ENST00000320477.10	23	23558	23535
ENST00000320492.11	82	42491	42409
ENST00000320493.10	114	13249	13135
ENST00000320516.5	204	18751	18547
ENST00000320521.10	257	6247	5990
ENST00000320531.3	36	5503	5467
ENST00000320542.4	275	14232	13957
ENST00000320548.8	1414	6650	5236
ENST00000320552.6	8759	15729	6970
ENST00000320560.13	227	215923	215696
ENST00000320567.6	510	4009	3499
ENST00000320574.10	938	70362	69424
ENST00000320578.3	121	34570	34449
ENST00000320580.9	215	175870	175655
ENST00000320583.9	2154	6189	4035
ENST00000320585.11	1979	23510	21531
ENST00000320591.9	1247	5110	3863
ENST00000320602.11	0	15459	15459
ENST00000320610.14	51	151289	151238
ENST00000320619.10	635	108328	107693
ENST00000320623.10	1578	17854	16276
ENST00000320631.8	2694	28419	25725
ENST00000320634.8	3611	37832	34221
ENST00000320636.5	1288	3848	2560
ENST00000320640.11	1331	308472	307141
ENST00000320650.9	82882	96742	13860
ENST00000320658.9	145781	148575	2794
ENST00000320665.10	468	13391	12923
ENST00000320672.9	7703	339304	331601
ENST00000320676.11	684	7131	6447
ENST00000320683.7	0	1134	1134
ENST00000320694.13	684	10808	10124
ENST00000320699.12	66	7213	7147
ENST00000320700.10	373	2862	2489
ENST00000320701.9	46	3517	3471
ENST00000320704.3	3	1987	1984
ENST00000320717.8	264	84151	83887
ENST00000320740.12	1224	10659	9435
ENST00000320741.7	10349	12721	2372
ENST00000320743.8	420	51418	50998
ENST00000320750.10	696	57936	57240
ENST00000320755.12	860	69014	68154
ENST00000320756.7	2085	9778	7693
ENST00000320767.4	187	1337	1150
ENST00000320776.5	36	1336	1300
ENST00000320785.10	2297	29486	27189
ENST00000320805.9	75	14172	14097
ENST00000320816.11	3345	24940	21595
ENST00000320838.9	181	5253	5072
ENST00000320848.7	1548	2308	760
ENST00000320849.9	3391	20413	17022
ENST00000320857.7	1172	5427	4255
ENST00000320865.4	4757	110628	105871
ENST00000320868.9	37	1151	1114
ENST00000320876.11	350	152790	152440
ENST00000320892.11	79515	123214	43699
ENST00000320895.10	620	28686	28066
ENST00000320901.4	3	1873	1870
ENST00000320912.8	772	1532	760
ENST00000320913.6	173	795	622
ENST00000320930.7	1477	7114	5637
ENST00000320934.8	1663	27847	26184
ENST00000320936.9	1597	3613	2016
ENST00000320954.11	64	29627	29563
ENST00000320955.8	473	56306	55833
ENST00000320963.9	104	18478	18374
ENST00000320982.3	14796	16810	2014
ENST00000320985.14	110	211499	211389
ENST00000320990.9	0	4114	4114
ENST00000320996.14	1946	68326	66380
ENST00000321016.12	3	41743	41740
ENST00000321023.5	27559	28091	532
ENST00000321027.8	1964	50476	48512
ENST00000321030.9	2525	17159	14634
ENST00000321037.5	9595	15004	5409
ENST00000321039.5	638	2754	2116
ENST00000321046.9	19408	63485	44077
ENST00000321063.9	7142	391004	383862
ENST00000321105.10	3377	46334	42957
ENST00000321110.2	928	3776	2848
ENST00000321117.10	6408	88824	82416
ENST00000321130.14	5009	151639	146630
ENST00000321143.8	760	11304	10544
ENST00000321147.10	266	71593	71327
ENST00000321149.7	365	69272	68907
ENST00000321153.9	268	3207	2939
ENST00000321169.10	169	42481	42312
ENST00000321196.8	681	447976	447295
ENST00000321205.9	6674	16972	10298
ENST00000321217.5	178	1286	1108
ENST00000321233.10	154	21047	20893
ENST00000321250.13	105	10840	10735
ENST00000321252.3	3	1939	1936
ENST00000321253.7	81	8071	7990
ENST00000321256.10	1608	7561	5953
ENST00000321264.9	595	34890	34295
ENST00000321265.10	106	25419	25313
ENST00000321276.8	60	135544	135484
ENST00000321280.11	133	75422	75289
ENST00000321287.12	12928	31901	18973
ENST00000321297.10	35	16815	16780
ENST00000321300.10	93	82781	82688
ENST00000321301.7	488	4270	3782
ENST00000321322.6	558	375792	375234
ENST00000321324.11	68	5381	5313
ENST00000321326.11	62	9930	9868
ENST00000321331.12	2366	11621	9255
ENST00000321337.12	1158	11273	10115
ENST00000321339.3	82	1532	1450
ENST00000321341.11	16703	69800	53097
ENST00000321348.9	72	33204	33132
ENST00000321355.3	286	2168	1882
ENST00000321356.9	300	10293	9993
ENST00000321358.12	148	19559	19411
ENST00000321367.8	302	5512	5210
ENST00000321374.9	49	17619	17570
ENST00000321392.4	1	2378	2377
ENST00000321394.12	550	12626	12076
ENST00000321407.3	1389	6877	5488
ENST00000321420.5	6533	11697	5164
ENST00000321424.7	1385	8880	7495
ENST00000321429.8	2034	39585	37551
ENST00000321437.9	19	74623	74604
ENST00000321442.10	13544	49127	35583
ENST00000321448.12	2293	67837	65544
ENST00000321453.12	2208	321323	319115
ENST00000321460.5	97	4094	3997
ENST00000321464.7	73885	81053	7168
ENST00000321489.9	483	162817	162334
ENST00000321505.9	124	131347	131223
ENST00000321510.7	355	8759	8404
ENST00000321521.13	9390	85068	75678
ENST00000321522.2	3	1951	1948
ENST00000321531.10	167	8811	8644
ENST00000321535.5	3654	12533	8879
ENST00000321545.5	382	10586	10204
ENST00000321556.5	91	18965	18874
ENST00000321560.4	1775	6045	4270
ENST00000321562.9	31	11137	11106
ENST00000321582.11	6916	279595	272679
ENST00000321596.6	130	19059	18929
ENST00000321599.9	2831	25064	22233
ENST00000321600.1	46	7610	7564
ENST00000321612.8	553	116067	115514
ENST00000321613.7	1652	9639	7987
ENST00000321617.8	822	17130	16308
ENST00000321639.7	1590	61684	60094
ENST00000321660.2	227	4390	4163
ENST00000321662.11	312	83556	83244
ENST00000321680.11	116	183760	183644
ENST00000321685.7	577	4620	4043
ENST00000321691.3	231	4307	4076
ENST00000321702.2	229	2609	2380
ENST00000321725.10	76	36656	36580
ENST00000321728.12	193	386123	385930
ENST00000321731.8	892	50866	49974
ENST00000321736.5	1939	8178	6239
ENST00000321751.9	72	1618	1546
ENST00000321753.8	3046	4598	1552
ENST00000321757.11	68	13736	13668
ENST00000321760.11	365	2364	1999
ENST00000321762.3	237	979	742
ENST00000321764.4	371	36667	36296
ENST00000321765.10	128	24927	24799
ENST00000321777.5	118	466	348
ENST00000321792.5	3201	5539	2338
ENST00000321797.12	43893	101676	57783
ENST00000321801.11	1679	59998	58319
ENST00000321805.11	183	29707	29524
ENST00000321826.5	29	4162	4133
ENST00000321844.6	504	23474	22970
ENST00000321854.13	458	8787	8329
ENST00000321867.6	380	29858	29478
ENST00000321870.3	426	2710	2284
ENST00000321871.11	190921	359313	168392
ENST00000321878.10	4107	14797	10690
ENST00000321892.8	61	165729	165668
ENST00000321895.7	273	3073	2800
ENST00000321897.9	632	15162	14530
ENST00000321898.10	93538	160400	66862
ENST00000321919.14	2036	45705	43669
ENST00000321925.9	6140	26926	20786
ENST00000321926.4	0	55616	55616
ENST00000321935.10	86	16295	16209
ENST00000321944.8	43756	54273	10517
ENST00000321945.12	2955	26773	23818
ENST00000321949.13	23	95587	95564
ENST00000321955.8	47	59135	59088
ENST00000321990.5	382	68453	68071
ENST00000321998.10	51	11186	11135
ENST00000322002.5	338	2982	2644
ENST00000322008.9	3118	5989	2871
ENST00000322019.14	36	30124	30088
ENST00000322028.5	654	2986	2332
ENST00000322030.13	361	6262	5901
ENST00000322038.5	74788	80978	6190
ENST00000322048.12	495	6453	5958
ENST00000322049.1	0	1960	1960
ENST00000322054.10	470	34148	33678
ENST00000322060.9	675	13889	13214
ENST00000322066.4	46	4061	4015
ENST00000322067.12	1365	23280	21915
ENST00000322088.11	45	37678	37633
ENST00000322090.8	25	35332	35307
ENST00000322099.11	608	4981	4373
ENST00000322101.5	3	1939	1936
ENST00000322107.1	0	1894	1894
ENST00000322110.8	101	2079	1978
ENST00000322122.8	620	12058	11438
ENST00000322128.5	3106	5606	2500
ENST00000322139.4	35407	36893	1486
ENST00000322142.13	474	26536	26062
ENST00000322147.8	278	22895	22617
ENST00000322153.11	650	17394	16744
ENST00000322157.9	193	93543	93350
ENST00000322165.1	10529	24962	14433
ENST00000322166.10	125	13468	13343
ENST00000322175.8	216	4023	3807
ENST00000322176.11	0	3167	3167
ENST00000322177.6	1569	2761	1192
ENST00000322191.10	1421	61672	60251
ENST00000322203.7	34	2991	2957
ENST00000322209.5	179	1263	1084
ENST00000322213.9	5957	52125	46168
ENST00000322217.6	603	12945	12342
ENST00000322224.9	132	8965	8833
ENST00000322238.12	421	60573	60152
ENST00000322241.6	272	2478	2206
ENST00000322244.10	6348	91590	85242
ENST00000322247.7	3136	19543	16407
ENST00000322263.8	456	16437	15981
ENST00000322266.9	2565	10101	7536
ENST00000322269.10	654	7456	6802
ENST00000322272.11	96	4953	4857
ENST00000322275.9	242	20524	20282
ENST00000322285.7	48337	271759	223422
ENST00000322301.5	1044	2956	1912
ENST00000322302.7	79	32217	32138
ENST00000322310.10	51	1589	1538
ENST00000322313.9	5299	73941	68642
ENST00000322329.5	492	1210	718
ENST00000322340.9	49	73285	73236
ENST00000322342.4	6306	15074	8768
ENST00000322343.11	495	22491	21996
ENST00000322344.8	47	7547	7500
ENST00000322347.11	3869	18669	14800
ENST00000322348.5	3333	6049	2716
ENST00000322349.13	5377	162633	157256
ENST00000322350.10	196	208429	208233
ENST00000322354.4	649	1823	1174
ENST00000322357.9	4452	13679	9227
ENST00000322374.10	73	60272	60199
ENST00000322396.7	750	48725	47975
ENST00000322428.10	1223	3406	2183
ENST00000322434.8	1095	26167	25072
ENST00000322444.7	26	16602	16576
ENST00000322446.3	301	18486	18185
ENST00000322475.13	104	60489	60385
ENST00000322507.13	2224	127590	125366
ENST00000322522.8	16533	29021	12488
ENST00000322527.4	87	50804	50717
ENST00000322535.11	21	19041	19020
ENST00000322536.8	85	277958	277873
ENST00000322563.8	743	21139	20396
ENST00000322564.9	238	45193	44955
ENST00000322569.9	1606	8912	7306
ENST00000322583.5	1958	3726	1768
ENST00000322602.9	10730	15801	5071
ENST00000322608.2	365	2247	1882
ENST00000322610.12	19406	29388	9982
ENST00000322611.4	57586	58946	1360
ENST00000322623.10	443	44271	43828
ENST00000322630.3	62	13110	13048
ENST00000322635.7	2517	63521	61004
ENST00000322641.5	22	1928	1906
ENST00000322652.10	240	64194	63954
ENST00000322653.7	3	1885	1882
ENST00000322659.12	111	102085	101974
ENST00000322679.10	23	16224	16201
ENST00000322680.7	2517	63608	61091
ENST00000322684.7	35	375558	375523
ENST00000322712.4	9	5465	5456
ENST00000322716.8	6214	9854	3640
ENST00000322723.9	1663	12938	11275
ENST00000322734.2	9230	11214	1984
ENST00000322748.7	515	17025	16510
ENST00000322753.7	67	29649	29582
ENST00000322764.10	227	11041	10814
ENST00000322776.11	69	6901	6832
ENST00000322810.8	1027	49573	48546
ENST00000322813.10	1107	5764	4657
ENST00000322831.6	5731	66727	60996
ENST00000322834.7	371	8508	8137
ENST00000322843.3	16	14194	14178
ENST00000322861.12	56	3595	3539
ENST00000322875.8	156	42715	42559
ENST00000322886.12	2767	46105	43338
ENST00000322887.8	253	46092	45839
ENST00000322893.12	8047	348675	340628
ENST00000322897.11	76	25114	25038
ENST00000322910.9	141	373	232
ENST00000322912.9	227	10392	10165
ENST00000322914.7	230	16307	16077
ENST00000322918.9	156	42572	42416
ENST00000322927.3	296	26749	26453
ENST00000322937.10	103	15799	15696
ENST00000322940.11	87	5820	5733
ENST00000322941.3	0	4719	4719
ENST00000322945.11	173	5125	4952
ENST00000322953.9	151	285349	285198
ENST00000322954.11	2505	113082	110577
ENST00000322957.7	1023	5323	4300
ENST00000322980.13	769	63065	62296
ENST00000322985.9	183	53798	53615
ENST00000322989.8	1717	8204	6487
ENST00000322995.13	166	4558	4392
ENST00000323011.7	12591	132983	120392
ENST00000323013.7	4569	12275	7706
ENST00000323019.9	2059	5458	3399
ENST00000323022.10	77	34096	34019
ENST00000323030.6	280	4534	4254
ENST00000323037.5	761	78556	77795
ENST00000323039.10	368	8394	8026
ENST00000323040.5	1017	3187	2170
ENST00000323055.10	2437	324760	322323
ENST00000323060.4	1292	57535	56243
ENST00000323061.7	1296	2386	1090
ENST00000323064.12	1281	9929	8648
ENST00000323076.7	1671	35605	33934
ENST00000323078.7	13599	15151	1552
ENST00000323081.12	577	10855	10278
ENST00000323084.9	1893	215616	213723
ENST00000323090.4	375	24907	24532
ENST00000323108.12	436	35292	34856
ENST00000323110.2	1424	8781	7357
ENST00000323115.11	1165	354264	353099
ENST00000323116.10	256	128098	127842
ENST00000323130.8	0	64491	64491
ENST00000323144.12	360	25240	24880
ENST00000323146.8	2342	4284	1942
ENST00000323169.10	7431	10051	2620
ENST00000323180.10	1405	153539	152134
ENST00000323205.10	63	10136	10073
ENST00000323206.2	437	3590	3153
ENST00000323213.9	4769	12738	7969
ENST00000323224.7	0	16082	16082
ENST00000323249.8	8254	10124	1870
ENST00000323250.9	0	15936	15936
ENST00000323267.11	7031	29799	22768
ENST00000323274.15	90	16273	16183
ENST00000323301.8	3015	53528	50513
ENST00000323303.9	21	35244	35223
ENST00000323319.7	1459	2777	1318
ENST00000323322.10	109	2219	2110
ENST00000323327.5	2176	28584	26408
ENST00000323329.3	9184	20095	10911
ENST00000323345.11	26	3935	3909
ENST00000323346.10	318	64837	64519
ENST00000323347.14	439	7615	7176
ENST00000323348.10	452	8801	8349
ENST00000323372.9	85	14323	14238
ENST00000323373.10	56186	97107	40921
ENST00000323374.8	456	4337	3881
ENST00000323404.2	621	2509	1888
ENST00000323418.10	3	96508	96505
ENST00000323434.12	1353	115892	114539
ENST00000323441.10	28	53350	53322
ENST00000323443.6	6266	11326	5060
ENST00000323446.9	1143	24883	23740
ENST00000323456.9	2129	30612	28483
ENST00000323460.10	17262	65256	47994
ENST00000323468.10	2714	27763	25049
ENST00000323469.5	2646	3832	1186
ENST00000323482.9	1528	53918	52390
ENST00000323492.11	5987	27476	21489
ENST00000323523.8	62593	85216	22623
ENST00000323534.5	468	1564	1096
ENST00000323544.5	102	25434	25332
ENST00000323557.12	386	33721	33335
ENST00000323563.8	247	43186	42939
ENST00000323570.8	1261	27075	25814
ENST00000323571.9	37156	60231	23075
ENST00000323578.13	2002	38124	36122
ENST00000323584.10	20	241280	241260
ENST00000323588.9	66	5419	5353
ENST00000323594.8	0	8754	8754
ENST00000323599.10	2984	9351	6367
ENST00000323630.9	108421	145772	37351
ENST00000323646.9	1753	41301	39548
ENST00000323661.10	478	141683	141205
ENST00000323662.9	12	13393	13381
ENST00000323666.10	28	41172	41144
ENST00000323668.11	75	45581	45506
ENST00000323669.10	338	107984	107646
ENST00000323670.14	3778	9897	6119
ENST00000323675.4	61	2202	2141
ENST00000323684.4	79	2627	2548
ENST00000323688.10	18583	55496	36913
ENST00000323699.9	97	10201	10104
ENST00000323701.11	10	34301	34291
ENST00000323702.9	793	10157	9364
ENST00000323703.11	313	4910	4597
ENST00000323716.8	133	24432	24299
ENST00000323735.10	347	12567	12220
ENST00000323744.10	32	8764	8732
ENST00000323760.11	426	47317	46891
ENST00000323770.8	675	2431	1756
ENST00000323776.11	236	25790	25554
ENST00000323777.8	2196	69889	67693
ENST00000323786.10	442	45320	44878
ENST00000323798.8	1161	27177	26016
ENST00000323816.8	6622	130369	123747
ENST00000323817.7	4560	137485	132925
ENST00000323819.8	3305	10322	7017
ENST00000323829.9	39322	62348	23026
ENST00000323830.4	1300	4568	3268
ENST00000323833.12	26	14835	14809
ENST00000323848.14	25	31676	31651
ENST00000323851.13	1706	48303	46597
ENST00000323853.10	677	37462	36785
ENST00000323854.9	11	15520	15509
ENST00000323865.5	2580	5110	2530
ENST00000323871.9	6264	57288	51024
ENST00000323883.11	466	55710	55244
ENST00000323906.9	135	5754	5619
ENST00000323926.10	1104	82639	81535
ENST00000323927.3	161	16201	16040
ENST00000323929.8	4558	79336	74778
ENST00000323938.10	2047	24995	22948
ENST00000323940.9	617	24784	24167
ENST00000323944.10	3258	165989	162731
ENST00000323959.9	506	78871	78365
ENST00000323963.10	34	6899	6865
ENST00000323977.7	252	74947	74695
ENST00000323981.6	6216	10185	3969
ENST00000323984.8	40	278068	278028
ENST00000323997.10	735	7240	6505
ENST00000324000.4	290	8853	8563
ENST00000324001.8	201	18543	18342
ENST00000324015.7	2160	13159	10999
ENST00000324022.14	342	29925	29583
ENST00000324036.7	973	3203	2230
ENST00000324038.6	22690	25761	3071
ENST00000324041.6	586	5144	4558
ENST00000324048.9	3980	12597	8617
ENST00000324068.2	1481	20748	19267
ENST00000324071.10	24	27006	26982
ENST00000324076.5	900	5778	4878
ENST00000324079.11	2456	55363	52907
ENST00000324093.9	1101	57164	56063
ENST00000324096.9	23	18115	18092
ENST00000324103.11	201	16267	16066
ENST00000324106.9	58	28926	28868
ENST00000324109.9	1577	101262	99685
ENST00000324134.11	311	33606	33295
ENST00000324138.7	163	24672	24509
ENST00000324155.8	4360	6622	2262
ENST00000324166.7	12	14425	14413
ENST00000324170.7	1601	30058	28457
ENST00000324172.10	313	32942	32629
ENST00000324189.5	910	4808	3898
ENST00000324194.12	219	35540	35321
ENST00000324196.9	789	160932	160143
ENST00000324198.11	366	159815	159449
ENST00000324210.10	31265	191533	160268
ENST00000324219.9	374	197658	197284
ENST00000324225.9	521	19790	19269
ENST00000324229.11	1126	4227	3101
ENST00000324238.7	1506	43285	41779
ENST00000324262.9	3611	25116	21505
ENST00000324266.10	7930	101958	94028
ENST00000324288.14	129	49469	49340
ENST00000324290.5	113	18661	18548
ENST00000324300.10	4765	62972	58207
ENST00000324301.12	113	21368	21255
ENST00000324306.11	7911	20282	12371
ENST00000324324.12	8279	45388	37109
ENST00000324330.13	42	100327	100285
ENST00000324331.10	107527	511729	404202
ENST00000324333.14	4148	304053	299905
ENST00000324340.13	527	5360	4833
ENST00000324341.2	422	2363	1941
ENST00000324342.7	165	103071	102906
ENST00000324344.9	4964	8523	3559
ENST00000324348.9	2186	3424	1238
ENST00000324350.9	709	52612	51903
ENST00000324364.4	1328	2994	1666
ENST00000324366.13	378	10726	10348
ENST00000324379.10	19	15363	15344
ENST00000324382.7	44	9195	9151
ENST00000324384.4	159	2295	2136
ENST00000324385.9	158	17502	17344
ENST00000324411.8	10007	31067	21060
ENST00000324417.6	1308	15754	14446
ENST00000324432.9	18809	45754	26945
ENST00000324436.5	54	2548	2494
ENST00000324439.10	3508	36027	32519
ENST00000324444.9	33	6578	6545
ENST00000324447.8	6061	25405	19344
ENST00000324450.11	0	14798	14798
ENST00000324453.13	151	22949	22798
ENST00000324460.7	1742	8227	6485
ENST00000324461.9	0	17166	17166
ENST00000324464.8	508	24720	24212
ENST00000324472.9	1602	111732	110130
ENST00000324489.5	96	12035	11939
ENST00000324501.10	11513	84170	72657
ENST00000324537.5	43303	171809	128506
ENST00000324544.6	0	11161	11161
ENST00000324545.9	38184	154742	116558
ENST00000324554.9	8440	15282	6842
ENST00000324557.9	23	9662	9639
ENST00000324559.9	408	89394	88986
ENST00000324570.9	26	52921	52895
ENST00000324581.10	214	79449	79235
ENST00000324589.9	437	229274	228837
ENST00000324593.10	5371	46016	40645
ENST00000324602.12	590	8333	7743
ENST00000324607.8	2605	114022	111417
ENST00000324616.9	154	97008	96854
ENST00000324631.13	313	401263	400950
ENST00000324632.10	52	25164	25112
ENST00000324642.4	97	22566	22469
ENST00000324659.12	3	38706	38703
ENST00000324662.8	33	8649	8616
ENST00000324666.9	5573	110210	104637
ENST00000324675.4	28	4985	4957
ENST00000324677.12	268	88036	87768
ENST00000324679.5	1606	35531	33925
ENST00000324682.5	255	30295	30040
ENST00000324684.8	611	22321	21710
ENST00000324685.11	224	14773	14549
ENST00000324689.8	51	28288	28237
ENST00000324695.9	9165	100524	91359
ENST00000324696.8	201366	220851	19485
ENST00000324698.11	553	62508	61955
ENST00000324723.10	0	20103	20103
ENST00000324727.9	3653	19975	16322
ENST00000324750.5	222	2170	1948
ENST00000324762.10	939	20181	19242
ENST00000324765.13	217	917748	917531
ENST00000324767.11	448	539798	539350
ENST00000324768.6	5376	42773	37397
ENST00000324771.12	7881	21166	13285
ENST00000324774.9	3005	38577	35572
ENST00000324778.5	51369	158927	107558
ENST00000324787.10	3823	8339	4516
ENST00000324794.11	2669	103337	100668
ENST00000324816.11	454	9704	9250
ENST00000324817.6	3504	91438	87934
ENST00000324822.15	661	5261	4600
ENST00000324849.9	287	40646	40359
ENST00000324852.9	552	13881	13329
ENST00000324856.13	389	91573	91184
ENST00000324862.7	3410	33477	30067
ENST00000324863.6	11283	12308	1025
ENST00000324866.11	8225	14673	6448
ENST00000324868.13	663	10756	10093
ENST00000324871.12	528	4434	3906
ENST00000324873.8	5314	6443	1129
ENST00000324894.13	59	5614	5555
ENST00000324907.14	141	50849	50708
ENST00000324913.10	39	4603	4564
ENST00000324915.6	330	12539	12209
ENST00000324932.12	1143	112466	111323
ENST00000324938.9	858	27047	26189
ENST00000324941.5	128	4291	4163
ENST00000324953.9	2336	16389	14053
ENST00000324954.10	199	35790	35591
ENST00000324965.8	0	38120	38120
ENST00000324972.10	32140	326919	294779
ENST00000324978.8	63	4281	4218
ENST00000324987.4	46	5591	5545
ENST00000324989.12	999	74249	73250
ENST00000325006.8	47	203828	203781
ENST00000325017.4	714	5759	5045
ENST00000325064.9	182	177404	177222
ENST00000325083.13	12623	110706	98083
ENST00000325089.7	2774	8520	5746
ENST00000325102.13	515	4628	4113
ENST00000325103.10	1369	29124	27755
ENST00000325106.9	544	234692	234148
ENST00000325110.11	3664	13046	9382
ENST00000325113.9	544	4025	3481
ENST00000325123.5	93	34993	34900
ENST00000325139.9	325	5451	5126
ENST00000325144.5	1409	11062	9653
ENST00000325147.13	2549	4700	2151
ENST00000325157.7	638	146519	145881
ENST00000325167.9	78	7904	7826
ENST00000325180.12	16	25504	25488
ENST00000325192.8	3161	9198	6037
ENST00000325203.9	3453	64762	61309
ENST00000325207.9	325	7418	7093
ENST00000325212.11	5026	76358	71332
ENST00000325214.10	16010	25118	9108
ENST00000325215.10	167	16867	16700
ENST00000325217.10	1528	19088	17560
ENST00000325222.9	31220	103983	72763
ENST00000325223.7	310	10061	9751
ENST00000325233.3	118	166147	166029
ENST00000325234.5	75	19450	19375
ENST00000325239.12	24860	307190	282330
ENST00000325250.2	643	2699	2056
ENST00000325278.7	21	144721	144700
ENST00000325285.8	496	5338	4842
ENST00000325301.7	9005	13415	4410
ENST00000325303.9	1024	9035	8011
ENST00000325307.12	2265	5172	2907
ENST00000325318.10	111	27354	27243
ENST00000325319.9	173	907708	907535
ENST00000325321.8	35	5895	5860
ENST00000325324.11	24517	217448	192931
ENST00000325327.4	2748	30615	27867
ENST00000325333.10	1507	2537	1030
ENST00000325346.6	9783	11618	1835
ENST00000325351.5	1013	4787	3774
ENST00000325366.14	92	21915	21823
ENST00000325385.12	53215	377549	324334
ENST00000325404.3	436	2336	1900
ENST00000325411.9	401	40056	39655
ENST00000325418.5	33	4819	4786
ENST00000325421.7	1180	4550	3370
ENST00000325425.12	150	11595	11445
ENST00000325437.9	4878	16105	11227
ENST00000325438.12	504	82897	82393
ENST00000325455.10	9495	102237	92742
ENST00000325464.6	141	25784	25643
ENST00000325468.9	105	8214	8109
ENST00000325486.9	238	42204	41966
ENST00000325495.9	24	46050	46026
ENST00000325509.5	1104	3234	2130
ENST00000325542.10	201	42244	42043
ENST00000325551.9	195	73048	72853
ENST00000325558.11	50	10339	10289
ENST00000325568.9	515	4613	4098
ENST00000325577.8	3253	6540	3287
ENST00000325589.9	1642	290537	288895
ENST00000325590.9	1117	249586	248469
ENST00000325599.13	1010	100783	99773
ENST00000325602.6	1682	4276	2594
ENST00000325617.10	774	26441	25667
ENST00000325630.3	55	12141	12086
ENST00000325631.10	4270	28203	23933
ENST00000325636.8	125	9327	9202
ENST00000325642.7	96	48086	47990
ENST00000325643.6	15	10276	10261
ENST00000325656.7	70	4121	4051
ENST00000325658.3	33263	37290	4027
ENST00000325674.11	0	29323	29323
ENST00000325680.12	174	78510	78336
ENST00000325686.7	1082	11651	10569
ENST00000325719.4	45	1927	1882
ENST00000325722.8	1405	124126	122721
ENST00000325723.10	399	8100	7701
ENST00000325747.9	1084	68944	67860
ENST00000325748.9	686	20547	19861
ENST00000325752.8	846	32874	32028
ENST00000325795.7	1446	12727	11281
ENST00000325805.13	187499	285300	97801
ENST00000325844.9	10	10844	10834
ENST00000325870.3	242	6594	6352
ENST00000325875.7	20189	23937	3748
ENST00000325881.9	45	3346	3301
ENST00000325885.6	29	53086	53057
ENST00000325888.13	232	36241	36009
ENST00000325897.5	11858	212626	200768
ENST00000325926.4	901	1553	652
ENST00000325935.10	429	7532	7103
ENST00000325942.11	440	394100	393660
ENST00000325945.4	12301	26098	13797
ENST00000325954.9	456	44723	44267
ENST00000325960.11	22	18745	18723
ENST00000325962.9	273	35589	35316
ENST00000325971.12	38466	139556	101090
ENST00000325974.9	67	28382	28315
ENST00000325979.11	12167	52606	40439
ENST00000325980.10	60	3219	3159
ENST00000325995.7	215	9139	8924
ENST00000325997.13	125	12682	12557
ENST00000326000.2	174	2506	2332
ENST00000326003.7	41	5987	5946
ENST00000326004.4	190	2654	2464
ENST00000326005.10	1134	16036	14902
ENST00000326009.9	320	1933	1613
ENST00000326010.10	72	31601	31529
ENST00000326016.10	14307	131593	117286
ENST00000326019.11	26	33003	32977
ENST00000326035.6	53551	89806	36255
ENST00000326039.3	488	31159	30671
ENST00000326043.5	625	7271	6646
ENST00000326044.9	1552	9966	8414
ENST00000326047.9	72	95067	94995
ENST00000326053.10	1243	13628	12385
ENST00000326071.8	174	10200	10026
ENST00000326080.10	1827	20677	18850
ENST00000326092.8	2180	5400	3220
ENST00000326094.4	926	15849	14923
ENST00000326132.11	26913	44971	18058
ENST00000326134.10	15811	118602	102791
ENST00000326139.7	116	16544	16428
ENST00000326151.9	115	11629	11514
ENST00000326152.6	128	7089	6961
ENST00000326153.10	318	15566	15248
ENST00000326165.11	782	19412	18630
ENST00000326172.9	115	11996	11881
ENST00000326181.11	8139	22779	14640
ENST00000326192.5	255	26220	25965
ENST00000326194.11	829	12850	12021
ENST00000326195.13	46	21766	21720
ENST00000326197.11	995	127439	126444
ENST00000326219.5	336	9965	9629
ENST00000326225.3	1711	99018	97307
ENST00000326232.14	1663	50242	48579
ENST00000326233.7	1074	1756	682
ENST00000326245.4	127	9269	9142
ENST00000326258.1	0	1894	1894
ENST00000326266.13	292	4629	4337
ENST00000326270.13	2101	135831	133730
ENST00000326274.6	206	7880	7674
ENST00000326277.5	194	3738	3544
ENST00000326279.11	75	16261	16186
ENST00000326282.5	1333	2297	964
ENST00000326291.11	1337	236037	234700
ENST00000326294.4	226	2725	2499
ENST00000326298.8	7005	26736	19731
ENST00000326303.5	87	5038	4951
ENST00000326306.5	2623	4751	2128
ENST00000326317.11	1179	12535	11356
ENST00000326321.7	33	17641	17608
ENST00000326324.10	899	46891	45992
ENST00000326335.8	10287	56868	46581
ENST00000326361.7	4531	12107	7576
ENST00000326397.10	1804	19873	18069
ENST00000326402.9	4366	55159	50793
ENST00000326407.10	46	13801	13755
ENST00000326413.7	4076	18701	14625
ENST00000326427.11	84	13949	13865
ENST00000326434.9	583	11787	11204
ENST00000326441.15	3596	19330	15734
ENST00000326442.10	233	6072	5839
ENST00000326446.10	5	41891	41886
ENST00000326448.12	1542	129926	128384
ENST00000326470.9	177	37575	37398
ENST00000326474.5	214	1694	1480
ENST00000326495.10	9800	82437	72637
ENST00000326499.11	433	15566	15133
ENST00000326505.4	16546	18812	2266
ENST00000326524.7	2977	22750	19773
ENST00000326529.9	4020	5078	1058
ENST00000326542.11	14	15058	15044
ENST00000326558.9	23	15828	15805
ENST00000326571.7	39341	42105	2764
ENST00000326575.9	134	36262	36128
ENST00000326577.9	30	1838	1808
ENST00000326581.9	2061	32154	30093
ENST00000326587.12	682	10627	9945
ENST00000326595.11	6496	67154	60658
ENST00000326597.6	5927	7843	1916
ENST00000326621.10	64	5637	5573
ENST00000326624.2	2664	6694	4030
ENST00000326625.5	53	1890	1837
ENST00000326631.7	690	3536	2846
ENST00000326637.8	65	311072	311007
ENST00000326639.11	13640	151462	137822
ENST00000326648.5	38842	225026	186184
ENST00000326652.9	61	8928	8867
ENST00000326654.7	82	81350	81268
ENST00000326656.12	24	6435	6411
ENST00000326665.10	2997	109972	106975
ENST00000326669.6	130	698	568
ENST00000326674.10	24	6626	6602
ENST00000326684.8	847	14148	13301
ENST00000326685.11	613	118662	118049
ENST00000326695.10	269	372938	372669
ENST00000326715.4	11359	26658	15299
ENST00000326724.9	1110	52805	51695
ENST00000326729.9	268	9483	9215
ENST00000326735.13	266	29291	29025
ENST00000326737.3	672	14421	13749
ENST00000326739.9	61	6553	6492
ENST00000326742.12	1513	23392	21879
ENST00000326754.7	39	15169	15130
ENST00000326756.4	3227	9669	6442
ENST00000326764.10	2146	14111	11965
ENST00000326765.10	70	62553	62483
ENST00000326771.2	41030	54032	13002
ENST00000326775.10	1383	30095	28712
ENST00000326783.4	1747	2627	880
ENST00000326786.4	938	3633	2695
ENST00000326793.11	4586	170413	165827
ENST00000326799.7	1526	46055	44529
ENST00000326804.8	2378	31540	29162
ENST00000326813.12	9630	73218	63588
ENST00000326828.6	1298	26994	25696
ENST00000326837.6	1880	30072	28192
ENST00000326840.11	3434	107694	104260
ENST00000326842.3	1694	2574	880
ENST00000326848.7	521	11240	10719
ENST00000326853.9	5029	20735	15706
ENST00000326855.3	0	1852	1852
ENST00000326856.8	494	6947	6453
ENST00000326857.9	1592	105894	104302
ENST00000326866.5	7037	8895	1858
ENST00000326873.12	1136	22156	21020
ENST00000326877.8	4525	181499	176974
ENST00000326902.7	182	2666	2484
ENST00000326912.8	1981	3087	1106
ENST00000326916.13	140	45937	45797
ENST00000326925.11	24	1595	1571
ENST00000326932.8	1361	46519	45158
ENST00000326958.5	26	76669	76643
ENST00000326961.6	271	2334	2063
ENST00000326965.7	1362	7962	6600
ENST00000326974.9	2944	7617	4673
ENST00000327028.8	944	28741	27797
ENST00000327031.9	326	17652	17326
ENST00000327035.10	200	107591	107391
ENST00000327040.13	8443	489405	480962
ENST00000327042.5	546	2778	2232
ENST00000327044.7	494	17265	16771
ENST00000327047.6	1372	46834	45462
ENST00000327064.9	150	52009	51859
ENST00000327087.12	651	386479	385828
ENST00000327097.5	107	53866	53759
ENST00000327098.9	57	82113	82056
ENST00000327111.8	1802	11883	10081
ENST00000327134.7	42790	90103	47313
ENST00000327141.9	912	9874	8962
ENST00000327154.10	323	13111	12788
ENST00000327155.10	3524	95582	92058
ENST00000327157.4	88	704	616
ENST00000327158.5	14	4534	4520
ENST00000327171.7	232	173722	173490
ENST00000327179.6	2878	22824	19946
ENST00000327201.10	16764	21876	5112
ENST00000327214.5	15659	26870	11211
ENST00000327216.5	3	1867	1864
ENST00000327220.10	1286	9305	8019
ENST00000327228.5	29	1059	1030
ENST00000327237.7	1363	20289	18926
ENST00000327238.14	369	42825	42456
ENST00000327245.10	2336	129315	126979
ENST00000327247.9	546	8257	7711
ENST00000327259.5	120	5158	5038
ENST00000327268.8	2073	12858	10785
ENST00000327271.11	3181	15474	12293
ENST00000327283.7	348	99814	99466
ENST00000327284.12	598	79041	78443
ENST00000327299.8	205	78635	78430
ENST00000327300.12	128	30073	29945
ENST00000327304.10	968	6151	5183
ENST00000327305.11	5275	125124	119849
ENST00000327307.11	118	32812	32694
ENST00000327320.8	90	34041	33951
ENST00000327325.10	24	6932	6908
ENST00000327331.2	210	16712	16502
ENST00000327335.4	3	1873	1870
ENST00000327337.6	77	76220	76143
ENST00000327347.10	1717	28690	26973
ENST00000327351.6	63	2963	2900
ENST00000327355.6	2011	38685	36674
ENST00000327359.7	276	64206	63930
ENST00000327365.10	313	26811	26498
ENST00000327367.9	553	126197	125644
ENST00000327374.9	15689	44369	28680
ENST00000327381.7	461	424143	423682
ENST00000327397.8	127	3231	3104
ENST00000327407.2	473	4743	4270
ENST00000327419.7	1444	2624	1180
ENST00000327423.11	4183	63958	59775
ENST00000327428.10	196	12791	12595
ENST00000327435.11	1600	22654	21054
ENST00000327441.11	49939	350333	300394
ENST00000327442.7	139	35432	35293
ENST00000327443.9	116	33410	33294
ENST00000327451.11	16447	27671	11224
ENST00000327470.6	2156	4398	2242
ENST00000327473.9	12354	13468	1114
ENST00000327475.11	7499	329107	321608
ENST00000327483.9	2121	28457	26336
ENST00000327490.8	158	5643	5485
ENST00000327492.4	2820	4882	2062
ENST00000327495.10	2343	20020	17677
ENST00000327505.6	55791	79618	23827
ENST00000327520.7	914	33780	32866
ENST00000327532.7	829	44267	43438
ENST00000327535.6	2965	34633	31668
ENST00000327536.5	1286	49451	48165
ENST00000327551.6	120	40892	40772
ENST00000327554.3	448	207619	207171
ENST00000327555.5	578	11005	10427
ENST00000327569.7	5308	109207	103899
ENST00000327570.13	1803	19870	18067
ENST00000327574.4	3478	8613	5135
ENST00000327575.6	731	30875	30144
ENST00000327581.4	51	22228	22177
ENST00000327582.5	182	3282	3100
ENST00000327590.9	12944	240874	227930
ENST00000327606.4	2584	4364	1780
ENST00000327619.10	95168	294886	199718
ENST00000327628.10	113	135220	135107
ENST00000327668.11	3888	23559	19671
ENST00000327669.5	2797	8532	5735
ENST00000327671.10	1756	92061	90305
ENST00000327673.4	1050	8504	7454
ENST00000327674.8	1061	5857	4796
ENST00000327678.10	65	21026	20961
ENST00000327680.7	3706	77832	74126
ENST00000327681.10	3280	80206	76926
ENST00000327697.11	1609	35649	34040
ENST00000327702.12	576	644680	644104
ENST00000327705.14	5224	21188	15964
ENST00000327720.6	253	2839	2586
ENST00000327726.11	26	4325	4299
ENST00000327739.7	286	13457	13171
ENST00000327741.9	345	7058	6713
ENST00000327753.7	8693	21963	13270
ENST00000327757.10	55	151314	151259
ENST00000327761.7	802	8342	7540
ENST00000327772.7	110	32778	32668
ENST00000327773.7	318	45390	45072
ENST00000327783.9	300	405396	405096
ENST00000327787.13	931	15073	14142
ENST00000327790.7	351	10947	10596
ENST00000327791.8	3488	81683	78195
ENST00000327792.6	3	919	916
ENST00000327794.10	0	122124	122124
ENST00000327809.5	431	2505	2074
ENST00000327812.12	0	4436	4436
ENST00000327813.9	13	95451	95438
ENST00000327827.12	401	26086	25685
ENST00000327835.7	12918	194371	181453
ENST00000327857.7	124	1261	1137
ENST00000327858.11	103	99652	99549
ENST00000327876.5	11620	62329	50709
ENST00000327877.10	3697	21550	17853
ENST00000327883.11	133	212263	212130
ENST00000327892.13	155	5370	5215
ENST00000327898.9	9	20485	20476
ENST00000327906.8	2220	13787	11567
ENST00000327908.3	13906	20941	7035
ENST00000327920.12	3744	22717	18973
ENST00000327921.13	77930	169547	91617
ENST00000327928.4	0	8558	8558
ENST00000327930.3	3	1873	1870
ENST00000327939.4	40	5257	5217
ENST00000327946.12	2724	769851	767127
ENST00000327949.15	1453	25480	24027
ENST00000327956.7	2262	91263	89001
ENST00000327968.7	98	3882	3784
ENST00000327979.8	1127	107848	106721
ENST00000327987.9	1785	53089	51304
ENST00000328020.10	0	13024	13024
ENST00000328024.11	57	13844	13787
ENST00000328032.8	26	417459	417433
ENST00000328041.11	201	510410	510209
ENST00000328046.8	4204	24783	20579
ENST00000328051.3	1243	1715	472
ENST00000328064.2	27	1891	1864
ENST00000328070.10	25988	28920	2932
ENST00000328078.3	75	3421	3346
ENST00000328085.10	0	15621	15621
ENST00000328086.12	3818	24020	20202
ENST00000328087.6	13	5191	5178
ENST00000328089.11	62998	75495	12497
ENST00000328090.9	35805	85463	49658
ENST00000328092.9	233	21218	20985
ENST00000328111.6	17939	48052	30113
ENST00000328114.11	66	18632	18566
ENST00000328119.11	243	5122	4879
ENST00000328142.3	1573	62556	60983
ENST00000328159.9	752	26885	26133
ENST00000328178.13	150	28829	28679
ENST00000328188.1	3	1855	1852
ENST00000328189.7	4073	67761	63688
ENST00000328194.8	849	130082	129233
ENST00000328195.8	15	16273	16258
ENST00000328199.6	186	10537	10351
ENST00000328205.9	1347	79689	78342
ENST00000328207.6	0	4002	4002
ENST00000328221.5	644	1956	1312
ENST00000328224.7	990	4906	3916
ENST00000328235.4	974	113616	112642
ENST00000328236.10	1627	81041	79414
ENST00000328248.7	212	6777	6565
ENST00000328252.4	382	247681	247299
ENST00000328257.13	133	83362	83229
ENST00000328268.9	136	9719	9583
ENST00000328270.3	0	8711	8711
ENST00000328273.11	381	9875	9494
ENST00000328278.4	44	5395	5351
ENST00000328299.4	121	554967	554846
ENST00000328300.11	288	261557	261269
ENST00000328306.4	1637	155869	154232
ENST00000328313.10	197	8469	8272
ENST00000328314.3	0	1870	1870
ENST00000328333.12	336	39800	39464
ENST00000328345.8	300	2956	2656
ENST00000328379.6	686	4067	3381
ENST00000328381.10	35	29440	29405
ENST00000328392.10	0	16552	16552
ENST00000328403.10	329600	420298	90698
ENST00000328404.8	53	4880	4827
ENST00000328405.7	210	388891	388681
ENST00000328434.8	439	1372	933
ENST00000328435.3	155	2146	1991
ENST00000328439.6	34410	79335	44925
ENST00000328444.6	19	1313	1294
ENST00000328449.6	5278	7450	2172
ENST00000328458.6	45	2843	2798
ENST00000328459.11	16807	294240	277433
ENST00000328514.11	208	12744	12536
ENST00000328540.8	112	2258	2146
ENST00000328546.5	1427	19940	18513
ENST00000328554.9	5024	7206	2182
ENST00000328556.9	0	27198	27198
ENST00000328557.5	14846	24099	9253
ENST00000328559.11	3304	15340	12036
ENST00000328560.12	322	124375	124053
ENST00000328568.9	1358	15727	14369
ENST00000328570.6	64	1952	1888
ENST00000328596.10	86	3824	3738
ENST00000328599.4	108	2794	2686
ENST00000328600.3	2110	7921	5811
ENST00000328611.5	22	1976	1954
ENST00000328619.10	64	61853	61789
ENST00000328631.10	273	8561	8288
ENST00000328642.11	120	28693	28573
ENST00000328649.11	512	4476	3964
ENST00000328654.10	474	26706	26232
ENST00000328655.8	54	14309	14255
ENST00000328656.8	42521	44769	2248
ENST00000328663.8	202	1784	1582
ENST00000328664.9	39	57653	57614
ENST00000328666.11	480	7382	6902
ENST00000328668.8	874	7735	6861
ENST00000328697.11	312	25795	25483
ENST00000328698.2	0	4576	4576
ENST00000328703.12	95	3899	3804
ENST00000328705.7	94224	113761	19537
ENST00000328709.8	1441	9310	7869
ENST00000328724.9	9	164989	164980
ENST00000328735.10	463	108803	108340
ENST00000328736.7	2362	88143	85781
ENST00000328737.6	852	195264	194412
ENST00000328739.6	80	1670	1590
ENST00000328741.6	349	4180	3831
ENST00000328747.12	143	27771	27628
ENST00000328759.11	1111	28441	27330
ENST00000328766.9	412	4202	3790
ENST00000328767.9	126	65744	65618
ENST00000328771.9	3716	36208	32492
ENST00000328782.3	3	1909	1906
ENST00000328788.5	215	24823	24608
ENST00000328794.10	35	5981	5946
ENST00000328795.6	0	1894	1894
ENST00000328796.5	650	1968	1318
ENST00000328801.6	24	15242	15218
ENST00000328823.13	31	29311	29280
ENST00000328827.9	7731	106379	98648
ENST00000328828.6	24	12298	12274
ENST00000328834.10	273	90633	90360
ENST00000328839.3	128	53369	53241
ENST00000328848.6	252	1544	1292
ENST00000328850.8	542	13499	12957
ENST00000328853.11	412	4015	3603
ENST00000328862.10	36	123193	123157
ENST00000328863.8	3	45503	45500
ENST00000328867.9	663	16109	15446
ENST00000328879.9	557	49588	49031
ENST00000328880.6	902	3078	2176
ENST00000328882.6	2211	4081	1870
ENST00000328886.5	357	16580	16223
ENST00000328890.3	3	1879	1876
ENST00000328895.9	139	8175	8036
ENST00000328902.9	2347	5641	3294
ENST00000328908.9	9620	249680	240060
ENST00000328913.8	1342	253248	251906
ENST00000328914.5	14	82356	82342
ENST00000328916.7	1398	12186	10788
ENST00000328923.8	68	6147	6079
ENST00000328928.11	29	14911	14882
ENST00000328933.10	20	32615	32595
ENST00000328939.9	553	232423	231870
ENST00000328945.7	10259	13180	2921
ENST00000328957.13	738	134629	133891
ENST00000328963.10	95	53695	53600
ENST00000328965.9	248	18922	18674
ENST00000328969.5	491	29413	28922
ENST00000329003.4	103	3806	3703
ENST00000329006.5	288	5415	5127
ENST00000329008.9	8287	499964	491677
ENST00000329016.10	46	346917	346871
ENST00000329021.10	4757	52754	47997
ENST00000329035.2	1128	2488	1360
ENST00000329043.7	933	69681	68748
ENST00000329047.13	809	180830	180021
ENST00000329066.9	946	131791	130845
ENST00000329078.8	167	39693	39526
ENST00000329082.12	9730	55007	45277
ENST00000329099.4	3189	6391	3202
ENST00000329101.8	56	130018	129962
ENST00000329106.3	7224	26282	19058
ENST00000329117.10	3938	19734	15796
ENST00000329122.2	261	685	424
ENST00000329125.6	328	4238	3910
ENST00000329134.9	83	159848	159765
ENST00000329138.9	56	19913	19857
ENST00000329143.4	50	22633	22583
ENST00000329146.9	42	5445	5403
ENST00000329151.5	213	7145	6932
ENST00000329152.7	1840	6562	4722
ENST00000329153.10	8578	58006	49428
ENST00000329196.7	26	4128	4102
ENST00000329197.9	2364	27459	25095
ENST00000329198.5	463	3944	3481
ENST00000329203.5	2512	5066	2554
ENST00000329209.9	3587	6478	2891
ENST00000329214.13	30	6825	6795
ENST00000329231.8	356	33810	33454
ENST00000329235.6	1522	27185	25663
ENST00000329236.8	0	44110	44110
ENST00000329240.10	32	48001	47969
ENST00000329245.9	120	27326	27206
ENST00000329251.5	86	15547	15461
ENST00000329256.2	139	1663	1524
ENST00000329267.9	173	10725	10552
ENST00000329271.8	41	6451	6410
ENST00000329276.10	29	7429	7400
ENST00000329281.6	1553	20403	18850
ENST00000329285.13	964	16528	15564
ENST00000329291.6	7628	13899	6271
ENST00000329293.4	370	25882	25512
ENST00000329305.6	70	8646	8576
ENST00000329309.4	1343	1923	580
ENST00000329312.5	37	27383	27346
ENST00000329314.6	549	16181	15632
ENST00000329319.7	530	11744	11214
ENST00000329321.4	238	230155	229917
ENST00000329322.5	31	1907	1876
ENST00000329331.7	373	56881	56508
ENST00000329342.10	573	2455	1882
ENST00000329357.6	36	3904	3868
ENST00000329363.9	57	2404	2347
ENST00000329366.8	182	17468	17286
ENST00000329378.7	1040	18889	17849
ENST00000329397.6	8823	18137	9314
ENST00000329399.7	356	54323	53967
ENST00000329402.4	3106	3839	733
ENST00000329406.5	196	1803	1607
ENST00000329410.4	1817	3159	1342
ENST00000329411.9	1172	23657	22485
ENST00000329420.12	3	11266	11263
ENST00000329421.8	761	2777	2016
ENST00000329428.10	6	63400	63394
ENST00000329433.11	666	10359	9693
ENST00000329434.3	3	1933	1930
ENST00000329446.5	27	3083	3056
ENST00000329447.5	836	2424	1588
ENST00000329451.8	133	7754	7621
ENST00000329454.2	68	2612	2544
ENST00000329463.9	3	51202	51199
ENST00000329464.9	177	32734	32557
ENST00000329468.5	93	7027	6934
ENST00000329474.7	422	344282	343860
ENST00000329476.4	5304	7588	2284
ENST00000329478.4	6649	8849	2200
ENST00000329492.6	26	12443	12417
ENST00000329493.6	4	5456	5452
ENST00000329494.9	3	50740	50737
ENST00000329509.6	1071	10265	9194
ENST00000329516.8	1812	68494	66682
ENST00000329517.11	5489	39107	33618
ENST00000329524.8	24	131962	131938
ENST00000329542.9	192	71835	71643
ENST00000329548.5	741	3439	2698
ENST00000329553.3	71	12068	11997
ENST00000329559.8	73	1686	1613
ENST00000329563.8	7308	11561	4253
ENST00000329565.6	7605	8131	526
ENST00000329582.9	131	53163	53032
ENST00000329597.12	5937	12024	6087
ENST00000329600.8	6700	9008	2308
ENST00000329608.11	175	15991	15816
ENST00000329615.4	26	17447	17421
ENST00000329620.9	94	29374	29280
ENST00000329621.6	335	711	376
ENST00000329623.11	4015	38497	34482
ENST00000329625.9	6348	24052	17704
ENST00000329627.11	454	11059	10605
ENST00000329629.8	0	79339	79339
ENST00000329630.10	9141	20371	11230
ENST00000329654.8	120801	582353	461552
ENST00000329665.5	7809	13800	5991
ENST00000329673.8	1	10640	10639
ENST00000329687.8	273	4708	4435
ENST00000329697.10	1035	30337	29302
ENST00000329705.11	2941	23887	20946
ENST00000329713.5	1385	5632	4247
ENST00000329715.2	258	3545	3287
ENST00000329722.8	12	15429	15417
ENST00000329734.4	385	4245	3860
ENST00000329753.5	34	2935	2901
ENST00000329758.5	478	8164	7686
ENST00000329759.6	944	3480	2536
ENST00000329773.3	958	2936	1978
ENST00000329783.9	5683	19586	13903
ENST00000329797.8	1602	7163	5561
ENST00000329798.5	312	129782	129470
ENST00000329800.7	189	17323	17134
ENST00000329805.6	253	3767	3514
ENST00000329819.4	1002	3454	2452
ENST00000329841.10	77	36462	36385
ENST00000329858.9	1298	3528	2230
ENST00000329862.7	186	6920	6734
ENST00000329875.13	826	5373	4547
ENST00000329882.8	234	2348	2114
ENST00000329886.11	1248	10143	8895
ENST00000329903.5	3738	11735	7997
ENST00000329905.6	2025	6547	4522
ENST00000329908.12	20098	33324	13226
ENST00000329913.4	97	7034	6937
ENST00000329956.11	48	60519	60471
ENST00000329957.7	718	17898	17180
ENST00000329962.11	305	15387	15082
ENST00000329966.10	469	28818	28349
ENST00000329967.11	55	6856	6801
ENST00000329970.8	64	9714	9650
ENST00000329992.12	0	17661	17661
ENST00000329994.7	701	3750	3049
ENST00000330010.12	27592	56133	28541
ENST00000330014.11	399	816134	815735
ENST00000330020.5	113	18216	18103
ENST00000330022.11	103320	111906	8586
ENST00000330029.6	30	2534	2504
ENST00000330045.12	20	49502	49482
ENST00000330055.7	222	2992	2770
ENST00000330062.8	1224	20690	19466
ENST00000330070.6	416	3322	2906
ENST00000330072.9	229	9031	8802
ENST00000330083.6	330	20980	20650
ENST00000330106.5	1015	1907	892
ENST00000330115.3	640	3733	3093
ENST00000330120.5	355	3167	2812
ENST00000330123.9	7585	15941	8356
ENST00000330125.10	516	52288	51772
ENST00000330133.5	19	5119	5100
ENST00000330137.12	2423	45665	43242
ENST00000330143.8	1585	6500	4915
ENST00000330149.10	2539	22749	20210
ENST00000330154.6	412	4202	3790
ENST00000330163.8	106	88045	87939
ENST00000330168.9	3522	11327	7805
ENST00000330173.6	999	17478	16479
ENST00000330175.9	2856	16161	13305
ENST00000330181.10	210	4407	4197
ENST00000330188.13	1278	27491	26213
ENST00000330194.2	18282	103667	85385
ENST00000330198.8	46	80389	80343
ENST00000330205.10	234	7796	7562
ENST00000330208.6	28730	222946	194216
ENST00000330212.7	902	14051	13149
ENST00000330232.9	2184	21079	18895
ENST00000330233.11	943	2418	1475
ENST00000330236.7	6525	13860	7335
ENST00000330243.9	57	4266	4209
ENST00000330255.9	57	20780	20723
ENST00000330261.5	240	1920	1680
ENST00000330263.5	31	7731	7700
ENST00000330276.4	394	68716	68322
ENST00000330280.11	604	28857	28253
ENST00000330287.10	1812	51012	49200
ENST00000330288.6	105	601	496
ENST00000330289.10	186	30808	30622
ENST00000330295.10	119	11784	11665
ENST00000330298.6	0	126246	126246
ENST00000330317.6	6958	37626	30668
ENST00000330330.10	37	9747	9710
ENST00000330331.9	59	41229	41170
ENST00000330333.11	104	109006	108902
ENST00000330334.7	621	2031	1410
ENST00000330342.8	213	48224	48011
ENST00000330368.3	514	3713	3199
ENST00000330374.7	103	8149	8046
ENST00000330377.3	144	7701	7557
ENST00000330386.7	0	16189	16189
ENST00000330387.11	5500	128274	122774
ENST00000330388.2	98	5135	5037
ENST00000330394.3	451	22812	22361
ENST00000330398.9	152	6252	6100
ENST00000330423.8	57	21666	21609
ENST00000330430.10	2408	105330	102922
ENST00000330432.12	305	80674	80369
ENST00000330436.4	21	8960	8939
ENST00000330439.7	71	1416	1345
ENST00000330452.8	17214	33065	15851
ENST00000330459.8	1398	12435	11037
ENST00000330475.9	996	7323	6327
ENST00000330494.12	212	28753	28541
ENST00000330495.8	495	37837	37342
ENST00000330498.4	14	9411	9397
ENST00000330500.4	82	1952	1870
ENST00000330501.12	1437	6872	5435
ENST00000330503.12	217	7217	7000
ENST00000330513.10	4721	7014	2293
ENST00000330514.4	1596	3970	2374
ENST00000330523.10	182	1558	1376
ENST00000330537.10	515	148350	147835
ENST00000330540.7	128	65149	65021
ENST00000330550.8	120	51842	51722
ENST00000330553.6	467	14448	13981
ENST00000330560.8	1007	51557	50550
ENST00000330574.2	175	9456	9281
ENST00000330575.9	59	43095	43036
ENST00000330579.6	32	9474	9442
ENST00000330590.4	130	1673	1543
ENST00000330597.5	93	1973	1880
ENST00000330619.13	2844	13259	10415
ENST00000330622.9	1022	47260	46238
ENST00000330634.11	11760	32913	21153
ENST00000330636.9	1007	152584	151577
ENST00000330651.11	1238	7659	6421
ENST00000330675.12	16	16470	16454
ENST00000330676.8	4957	8214	3257
ENST00000330677.7	400	38404	38004
ENST00000330684.4	9744	431383	421639
ENST00000330687.8	2530	82472	79942
ENST00000330688.9	469	169686	169217
ENST00000330689.6	2693	4671	1978
ENST00000330701.7	2905	4091	1186
ENST00000330710.10	79	32831	32752
ENST00000330714.8	14880	48335	33455
ENST00000330720.7	721	9414	8693
ENST00000330722.7	547	7695	7148
ENST00000330728.4	68	2256	2188
ENST00000330736.10	23591	49185	25594
ENST00000330752.12	33	4447	4414
ENST00000330753.6	91371	95329	3958
ENST00000330767.4	27	1996	1969
ENST00000330775.9	562	6296	5734
ENST00000330793.2	519	5377	4858
ENST00000330794.9	731	7302	6571
ENST00000330796.9	189	4814	4625
ENST00000330798.3	58	446	388
ENST00000330817.11	3612	14991	11379
ENST00000330828.3	19266	20734	1468
ENST00000330838.10	548	190005	189457
ENST00000330843.9	4280	44666	40386
ENST00000330847.1	44	39041	38997
ENST00000330852.10	837	117082	116245
ENST00000330854.15	3476	43258	39782
ENST00000330862.4	86	1472	1386
ENST00000330871.3	1643	2991	1348
ENST00000330877.7	42	24129	24087
ENST00000330881.6	68	4204	4136
ENST00000330883.9	407	12988	12581
ENST00000330884.9	1495	38718	37223
ENST00000330889.8	70	37053	36983
ENST00000330891.10	1301	46184	44883
ENST00000330899.5	1212	14810	13598
ENST00000330909.12	3554	688619	685065
ENST00000330912.7	250	1664	1414
ENST00000330914.7	1394	3934	2540
ENST00000330915.7	258	17697	17439
ENST00000330927.5	496	3182	2686
ENST00000330938.8	1986	24552	22566
ENST00000330942.9	85	17072	16987
ENST00000330943.9	1780	6842	5062
ENST00000330947.7	57822	70618	12796
ENST00000330949.3	510	2854	2344
ENST00000330953.6	1779	3937	2158
ENST00000330955.5	0	57476	57476
ENST00000330964.10	5786	9404	3618
ENST00000330978.4	43	915	872
ENST00000330992.8	858	124039	123181
ENST00000331001.2	1637	6858	5221
ENST00000331006.12	1741	15879	14138
ENST00000331010.7	83	1623	1540
ENST00000331018.8	3	36984	36981
ENST00000331029.11	46	33706	33660
ENST00000331035.10	4981	46800	41819
ENST00000331040.9	8557	459947	451390
ENST00000331056.10	618	3104	2486
ENST00000331057.8	93	56248	56155
ENST00000331070.8	8081	14316	6235
ENST00000331075.10	49	14455	14406
ENST00000331079.11	31	122271	122240
ENST00000331090.11	22	117541	117519
ENST00000331105.7	1757	15111	13354
ENST00000331113.9	1458	476564	475106
ENST00000331128.6	58	836	778
ENST00000331129.3	110	1240	1130
ENST00000331134.11	2375	81850	79475
ENST00000331148.5	274	3153	2879
ENST00000331161.9	2388	34713	32325
ENST00000331162.8	229	14278	14049
ENST00000331163.11	2367	21321	18954
ENST00000331173.6	2216	5910	3694
ENST00000331200.8	87	11395	11308
ENST00000331203.7	271	50427	50156
ENST00000331220.6	2521	4403	1882
ENST00000331222.6	7266	17631	10365
ENST00000331224.10	160	8908	8748
ENST00000331238.7	1822	91509	89687
ENST00000331239.8	5752	20980	15228
ENST00000331242.12	12489	44948	32459
ENST00000331243.4	1280	3030	1750
ENST00000331244.10	30	43992	43962
ENST00000331256.10	902	27049	26147
ENST00000331264.8	48	2198	2150
ENST00000331268.9	204	25323	25119
ENST00000331272.9	628	86131	85503
ENST00000331285.7	510	5577	5067
ENST00000331289.5	1256	2412	1156
ENST00000331299.6	2740	495316	492576
ENST00000331302.12	1466	116091	114625
ENST00000331314.11	220	24553	24333
ENST00000331320.12	209	52509	52300
ENST00000331327.5	73	2003	1930
ENST00000331334.5	40	9541	9501
ENST00000331335.9	349	86487	86138
ENST00000331340.8	14346	97458	83112
ENST00000331342.5	78	6449	6371
ENST00000331343.11	3526	25207	21681
ENST00000331351.6	459	445652	445193
ENST00000331366.10	1682	255003	253321
ENST00000331373.10	10034	30407	20373
ENST00000331380.4	57	829	772
ENST00000331393.8	5966	92617	86651
ENST00000331397.8	1480	235299	233819
ENST00000331410.10	3567	15866	12299
ENST00000331426.6	2969	14854	11885
ENST00000331427.9	360	10949	10589
ENST00000331428.5	210	26035	25825
ENST00000331433.5	584	13661	13077
ENST00000331434.7	25	2369	2344
ENST00000331436.6	0	916	916
ENST00000331437.4	3097	6563	3466
ENST00000331442.5	60	1414	1354
ENST00000331444.12	55	6021	5966
ENST00000331450.9	4417	134834	130417
ENST00000331454.3	19	38159	38140
ENST00000331456.7	505	29244	28739
ENST00000331457.9	80	35456	35376
ENST00000331462.6	134	2453	2319
ENST00000331469.6	53	47031	46978
ENST00000331471.8	140	55429	55289
ENST00000331479.4	69	2678	2609
ENST00000331483.9	849	18818	17969
ENST00000331491.2	49	863	814
ENST00000331493.7	4399	119653	115254
ENST00000331495.8	240	27982	27742
ENST00000331511.5	370	3548	3178
ENST00000331523.7	298	3890	3592
ENST00000331531.9	120	8644	8524
ENST00000331536.8	3405	54797	51392
ENST00000331552.12	519	2063	1544
ENST00000331555.10	44656	49287	4631
ENST00000331559.9	3356	17157	13801
ENST00000331563.7	84	12735	12651
ENST00000331565.5	16436	50117	33681
ENST00000331569.6	198	4657	4459
ENST00000331573.8	824	9473	8649
ENST00000331581.11	7241	336559	329318
ENST00000331587.9	301	3111	2810
ENST00000331588.4	2470	13644	11174
ENST00000331593.6	356	35358	35002
ENST00000331595.9	9652	14559	4907
ENST00000331597.9	594	46573	45979
ENST00000331628.8	1639	4556	2917
ENST00000331664.6	3177	16428	13251
ENST00000331666.11	223	26765	26542
ENST00000331677.7	28893	69853	40960
ENST00000331683.10	20	1127725	1127705
ENST00000331710.10	3751	51425	47674
ENST00000331715.13	113	28027	27914
ENST00000331718.5	10207	12803	2596
ENST00000331728.9	111	68038	67927
ENST00000331733.5	397	2873	2476
ENST00000331737.10	330	15503	15173
ENST00000331738.12	2076	24691	22615
ENST00000331758.8	52	36613	36561
ENST00000331762.7	551	858913	858362
ENST00000331768.10	934	69827	68893
ENST00000331769.6	216	2105	1889
ENST00000331772.9	1255	300107	298852
ENST00000331780.5	36	8770	8734
ENST00000331782.8	1703	31113	29410
ENST00000331800.9	25180	28106	2926
ENST00000331803.8	6140	20633	14493
ENST00000331808.5	12830	13398	568
ENST00000331817.6	54	16912	16858
ENST00000331821.8	145	10141	9996
ENST00000331825.11	199	1944	1745
ENST00000331826.12	35	126772	126737
ENST00000331830.7	9974	33648	23674
ENST00000331835.10	1032	52156	51124
ENST00000331849.8	1951	32614	30663
ENST00000331858.5	128	3638	3510
ENST00000331860.7	1274	2286	1012
ENST00000331872.11	6310	11752	5442
ENST00000331886.10	5342	24785	19443
ENST00000331889.10	316	90596	90280
ENST00000331890.6	103	4624	4521
ENST00000331898.11	5219	529143	523924
ENST00000331920.11	3935	69699	65764
ENST00000331923.9	1054	40502	39448
ENST00000331952.6	6667	9638	2971
ENST00000331968.11	762	353751	352989
ENST00000331982.6	173	2208	2035
ENST00000332007.7	385	589750	589365
ENST00000332018.5	6424	13181	6757
ENST00000332029.4	429	1693	1264
ENST00000332035.10	11	33616	33605
ENST00000332047.10	9578	77263	67685
ENST00000332050.10	328	33992	33664
ENST00000332065.9	2634	24616	21982
ENST00000332070.7	4306	53101	48795
ENST00000332082.8	64082	118276	54194
ENST00000332102.10	0	228746	228746
ENST00000332112.8	47	5097	5050
ENST00000332118.11	981	7766	6785
ENST00000332127.8	21365	59104	37739
ENST00000332129.6	4708	58831	54123
ENST00000332131.9	1579	25657	24078
ENST00000332132.8	680	18398	17718
ENST00000332142.10	425	470683	470258
ENST00000332145.3	159	4314	4155
ENST00000332149.10	1840	35291	33451
ENST00000332160.5	24	5862	5838
ENST00000332175.12	1037	843702	842665
ENST00000332180.10	70	62683	62613
ENST00000332191.13	56	608475	608419
ENST00000332211.11	363	21063	20700
ENST00000332220.10	126	15467	15341
ENST00000332231.9	213	87611	87398
ENST00000332235.8	1654	4178	2524
ENST00000332238.5	5985	7855	1870
ENST00000332246.10	1622	103262	101640
ENST00000332249.4	52	2024	1972
ENST00000332262.10	2425	7451	5026
ENST00000332271.9	441	46091	45650
ENST00000332272.9	6592	8960	2368
ENST00000332281.6	763	9591	8828
ENST00000332290.4	334	1478	1144
ENST00000332296.7	1831	6015	4184
ENST00000332298.9	675	4351	3676
ENST00000332302.8	0	3631	3631
ENST00000332303.6	3805	5627	1822
ENST00000332305.5	31	20528	20497
ENST00000332307.4	18320	22917	4597
ENST00000332312.4	1309	8966	7657
ENST00000332314.3	3	1735	1732
ENST00000332323.10	61	10047	9986
ENST00000332324.5	254	11246	10992
ENST00000332345.10	71298	96651	25353
ENST00000332349.5	637	3779	3142
ENST00000332351.9	1277	49073	47796
ENST00000332372.6	60	13980	13920
ENST00000332374.5	71	1352	1281
ENST00000332375.4	135	8020	7885
ENST00000332378.6	392	1368	976
ENST00000332386.9	138	30531	30393
ENST00000332395.7	667	3905	3238
ENST00000332397.6	184	13922	13738
ENST00000332408.9	2233	141152	138919
ENST00000332411.2	561	11041	10480
ENST00000332427.6	143	2631	2488
ENST00000332431.5	1165	1763	598
ENST00000332432.9	335	113638	113303
ENST00000332435.10	260	3803	3543
ENST00000332438.4	667	4018	3351
ENST00000332439.5	132	2286	2154
ENST00000332468.5	10796	11142	346
ENST00000332482.8	10657	43184	32527
ENST00000332496.10	16616	46174	29558
ENST00000332499.4	716	2868	2152
ENST00000332503.6	1218	3563	2345
ENST00000332509.8	669	60333	59664
ENST00000332512.8	1468	30012	28544
ENST00000332517.4	118	9326	9208
ENST00000332536.10	651	14335	13684
ENST00000332539.5	1605	3973	2368
ENST00000332549.8	16616	37615	20999
ENST00000332556.5	196	26421	26225
ENST00000332567.6	479	4995	4516
ENST00000332582.5	27833	30069	2236
ENST00000332585.11	36	214196	214160
ENST00000332591.6	162	12601	12439
ENST00000332592.7	2213	18799	16586
ENST00000332598.7	12	3910	3898
ENST00000332624.8	3339	46027	42688
ENST00000332628.11	0	194784	194784
ENST00000332629.7	37	8370	8333
ENST00000332636.5	20240	79641	59401
ENST00000332644.6	1261	20143	18882
ENST00000332647.5	35214	36700	1486
ENST00000332650.5	97	1943	1846
ENST00000332663.3	98	1974	1876
ENST00000332674.9	204	78258	78054
ENST00000332680.8	301	51639	51338
ENST00000332682.9	2777	10501	7724
ENST00000332687.11	8467	14870	6403
ENST00000332690.1	0	1906	1906
ENST00000332695.11	121	12968	12847
ENST00000332700.6	1617	37268	35651
ENST00000332704.5	0	6178	6178
ENST00000332707.10	5644	46598	40954
ENST00000332710.8	2941	11638	8697
ENST00000332715.6	392	11437	11045
ENST00000332725.7	183	5379	5196
ENST00000332728.8	1725	2743	1018
ENST00000332772.4	345	33354	33009
ENST00000332780.4	1172	5257	4085
ENST00000332782.7	357	7259	6902
ENST00000332783.12	9628	46821	37193
ENST00000332793.11	263	22741	22478
ENST00000332800.7	236	2341	2105
ENST00000332810.4	4870	9923	5053
ENST00000332814.6	0	22620	22620
ENST00000332821.8	462	7026	6564
ENST00000332822.6	525	1915	1390
ENST00000332826.7	436	26311	25875
ENST00000332830.9	936	48707	47771
ENST00000332831.5	3	1873	1870
ENST00000332836.7	477	32900	32423
ENST00000332839.9	17986	335919	317933
ENST00000332843.3	35	39766	39731
ENST00000332853.9	5417	102201	96784
ENST00000332854.11	220	9231	9011
ENST00000332857.7	29	10097	10068
ENST00000332859.11	1337	12656	11319
ENST00000332865.10	324	2388	2064
ENST00000332878.8	324	23789	23465
ENST00000332884.11	95	20498	20403
ENST00000332885.7	0	12895	12895
ENST00000332896.8	1400	173488	172088
ENST00000332904.7	111	26841	26730
ENST00000332912.3	104	6300	6196
ENST00000332947.6	401	2373	1972
ENST00000332955.7	59	6048	5989
ENST00000332958.3	34	57026	56992
ENST00000332966.8	232	639038	638806
ENST00000332968.11	1443	9308	7865
ENST00000332972.9	159	18753	18594
ENST00000332981.11	523	230284	229761
ENST00000332987.5	281	11977	11696
ENST00000332990.6	0	21115	21115
ENST00000332995.12	1978	572035	570057
ENST00000333001.10	121	5046	4925
ENST00000333003.10	2003	48951	46948
ENST00000333007.8	4982	15832	10850
ENST00000333010.6	10402	193410	183008
ENST00000333012.5	47	8038	7991
ENST00000333017.7	121	12645	12524
ENST00000333026.4	100	28624	28524
ENST00000333027.7	87891	146121	58230
ENST00000333039.4	4160	26901	22741
ENST00000333046.8	498	10096	9598
ENST00000333047.9	1491	7564	6073
ENST00000333050.7	775	3071	2296
ENST00000333055.8	6855	9523	2668
ENST00000333070.4	198	13186	12988
ENST00000333082.7	5511	52620	47109
ENST00000333083.11	4298	33236	28938
ENST00000333090.5	12261	14377	2116
ENST00000333104.8	152	29145	28993
ENST00000333119.8	49	7596	7547
ENST00000333127.4	52	2241	2189
ENST00000333129.4	6944	134591	127647
ENST00000333130.4	10	4028	4018
ENST00000333137.12	1941	22434	20493
ENST00000333141.7	37	2411	2374
ENST00000333149.7	388	13706	13318
ENST00000333151.5	55	821	766
ENST00000333167.13	335	15580	15245
ENST00000333172.11	67	26791	26724
ENST00000333175.9	1238	12559	11321
ENST00000333188.10	460	34840	34380
ENST00000333190.5	277	581372	581095
ENST00000333194.8	0	218094	218094
ENST00000333201.13	2783	21736	18953
ENST00000333202.8	634	11248	10614
ENST00000333206.10	2391	14769	12378
ENST00000333209.4	2848	7502	4654
ENST00000333213.11	33	9448	9415
ENST00000333219.9	450	7064	6614
ENST00000333229.6	2853	136233	133380
ENST00000333234.5	2275	6611	4336
ENST00000333244.6	813	58362	57549
ENST00000333254.4	564	55673	55109
ENST00000333256.11	1884	3856	1972
ENST00000333274.11	4364	294398	290034
ENST00000333279.3	1812	51875	50063
ENST00000333305.5	2540	2856	316
ENST00000333314.3	37669	47702	10033
ENST00000333323.6	132	2576	2444
ENST00000333337.3	928	2864	1936
ENST00000333360.12	3107	12790	9683
ENST00000333371.8	305	25404	25099
ENST00000333383.8	40	880	840
ENST00000333385.11	2383	9036	6653
ENST00000333395.11	69	23285	23216
ENST00000333396.11	3369	27161	23792
ENST00000333407.11	89	36103	36014
ENST00000333418.4	0	40544	40544
ENST00000333421.7	1638	10789	9151
ENST00000333425.10	62	10812	10750
ENST00000333430.6	1076	3462	2386
ENST00000333432.9	88	5896	5808
ENST00000333437.5	2904	3886	982
ENST00000333447.11	4010	343485	339475
ENST00000333449.9	30	3294	3264
ENST00000333461.6	1754	16183	14429
ENST00000333467.4	107	11233	11126
ENST00000333478.10	694	40446	39752
ENST00000333479.12	2815	105540	102725
ENST00000333480.3	1284	3400	2116
ENST00000333486.4	102	11590	11488
ENST00000333493.9	42	21787	21745
ENST00000333496.14	234	15702	15468
ENST00000333503.8	2138	4145	2007
ENST00000333511.9	39	11125	11086
ENST00000333527.6	113	6447	6334
ENST00000333535.9	2262	91266	89004
ENST00000333538.10	659	581782	581123
ENST00000333552.9	78122	83639	5517
ENST00000333577.8	10649	47948	37299
ENST00000333590.6	2053	13921	11868
ENST00000333598.8	31	2536	2505
ENST00000333602.14	820	28324	27504
ENST00000333610.4	359	5673	5314
ENST00000333611.8	315	31872	31557
ENST00000333617.8	526	636215	635689
ENST00000333625.3	15	2701	2686
ENST00000333628.4	200	5128	4928
ENST00000333634.10	127	60324	60197
ENST00000333640.12	3314	21723	18409
ENST00000333643.4	221	885	664
ENST00000333646.11	159	29985	29826
ENST00000333651.11	366	6516	6150
ENST00000333673.5	134	20971	20837
ENST00000333676.8	135	4459	4324
ENST00000333677.7	16272	52703	36431
ENST00000333681.5	5282	196035	190753
ENST00000333684.9	307	9055	8748
ENST00000333703.8	32471	107239	74768
ENST00000333722.9	2424	127178	124754
ENST00000333725.10	1270	366039	364769
ENST00000333732.11	342	84715	84373
ENST00000333743.10	2044	206928	204884
ENST00000333750.9	41842	67479	25637
ENST00000333751.8	664	2288	1624
ENST00000333756.5	2705	17562	14857
ENST00000333762.6	493	1769	1276
ENST00000333775.9	49	1255	1206
ENST00000333778.10	389	43966	43577
ENST00000333796.4	736	3914	3178
ENST00000333811.5	3	26361	26358
ENST00000333813.4	340	19127	18787
ENST00000333822.5	549	1657	1108
ENST00000333837.8	334	407729	407395
ENST00000333843.9	118	3020	2902
ENST00000333845.11	1571	4229	2658
ENST00000333850.4	142	94306	94164
ENST00000333861.5	293	5385	5092
ENST00000333868.10	1545	34038	32493
ENST00000333870.8	73	3378	3305
ENST00000333877.8	7092	26485	19393
ENST00000333881.3	70	632	562
ENST00000333884.2	1219	25487	24268
ENST00000333891.14	4566	423981	419415
ENST00000333892.3	160	656	496
ENST00000333896.5	385	108123	107738
ENST00000333907.3	0	24423	24423
ENST00000333911.9	644	29315	28671
ENST00000333916.8	1619	53107	51488
ENST00000333924.6	2331	7918	5587
ENST00000333926.6	112	18806	18694
ENST00000333933.3	173	1719	1546
ENST00000333942.10	239	84111	83872
ENST00000333952.8	1590	17914	16324
ENST00000333957.8	1180	98543	97363
ENST00000333972.11	37	8552	8515
ENST00000333976.7	0	1876	1876
ENST00000333987.12	6439	36680	30241
ENST00000333990.10	306	3900	3594
ENST00000333991.5	3060	88185	85125
ENST00000333995.7	2732	8569	5837
ENST00000333999.5	57	2665	2608
ENST00000334011.10	60	40408	40348
ENST00000334018.11	143	54359	54216
ENST00000334019.4	29	22012	21983
ENST00000334025.3	610	103999	103389
ENST00000334029.6	396	19828	19432
ENST00000334035.9	394	68921	68527
ENST00000334036.10	68246	72052	3806
ENST00000334046.5	125	471	346
ENST00000334047.12	1290	13342	12052
ENST00000334049.11	300	193230	192930
ENST00000334055.5	150	460	310
ENST00000334056.10	5181	40037	34856
ENST00000334058.3	35	537	502
ENST00000334060.8	6554	35152	28598
ENST00000334062.8	1567	157184	155617
ENST00000334063.6	253	737	484
ENST00000334067.5	53	873	820
ENST00000334068.4	56	1014	958
ENST00000334075.6	4060	6364	2304
ENST00000334077.6	40	686	646
ENST00000334082.11	3376	141191	137815
ENST00000334095.4	0	108	108
ENST00000334100.10	213	9618	9405
ENST00000334109.3	34	956	922
ENST00000334116.7	3253	5999	2746
ENST00000334121.11	77	36425	36348
ENST00000334122.5	81	2215	2134
ENST00000334126.12	670	165100	164430
ENST00000334128.6	4856	8261	3405
ENST00000334133.9	986	179749	178763
ENST00000334134.4	340	9679	9339
ENST00000334136.11	626	26159	25533
ENST00000334141.7	2910	6002	3092
ENST00000334151.3	218	648	430
ENST00000334160.6	13	401	388
ENST00000334163.4	1577	19805	18228
ENST00000334166.9	107122	140769	33647
ENST00000334176.4	416	1824	1408
ENST00000334179.5	92	1134	1042
ENST00000334181.5	254	12488	12234
ENST00000334186.9	8330	34145	25815
ENST00000334192.8	134	149245	149111
ENST00000334194.4	260	52203	51943
ENST00000334197.12	5376	21325	15949
ENST00000334202.5	424	1052	628
ENST00000334204.6	306	82790	82484
ENST00000334205.9	74	14614	14540
ENST00000334209.9	12973	23510	10537
ENST00000334211.12	592	31696	31104
ENST00000334213.10	1240	10424	9184
ENST00000334218.9	4406	332476	328070
ENST00000334220.9	38	21755	21717
ENST00000334221.5	648	4780	4132
ENST00000334223.6	23788	47308	23520
ENST00000334232.9	159	88999	88840
ENST00000334239.12	67670	130548	62878
ENST00000334241.9	98	14354	14256
ENST00000334256.9	7100	71821	64721
ENST00000334258.9	335	61235	60900
ENST00000334266.1	3	1885	1882
ENST00000334267.11	53	372468	372415
ENST00000334268.9	2265	422582	420317
ENST00000334269.3	732	1438	706
ENST00000334270.3	370	29978	29608
ENST00000334271.7	8300	80700	72400
ENST00000334274.9	4202	34619	30417
ENST00000334287.3	4618	8155	3537
ENST00000334289.7	608	18391	17783
ENST00000334293.10	48387	68796	20409
ENST00000334295.9	2700	35552	32852
ENST00000334304.10	332	132352	132020
ENST00000334306.4	1319	6075	4756
ENST00000334307.10	15602	65339	49737
ENST00000334310.10	88775	262776	174001
ENST00000334318.10	6138	117411	111273
ENST00000334325.2	13031	14169	1138
ENST00000334344.11	131	180853	180722
ENST00000334346.3	68	1356	1288
ENST00000334348.8	101	5471	5370
ENST00000334350.7	100	1382	1282
ENST00000334351.8	1630	2462	832
ENST00000334352.8	3263	31985	28722
ENST00000334356.2	7031	24818	17787
ENST00000334363.14	878	48547	47669
ENST00000334370.8	635	59456	58821
ENST00000334371.4	1232	1938	706
ENST00000334379.11	11	53669	53658
ENST00000334383.9	1120	52102	50982
ENST00000334384.5	2765	19589	16824
ENST00000334391.5	36	2047	2011
ENST00000334398.8	2527	57521	54994
ENST00000334409.10	1177	9813	8636
ENST00000334414.11	5622	128136	122514
ENST00000334418.6	60	18442	18382
ENST00000334421.5	382	2653	2271
ENST00000334425.2	56628	58456	1828
ENST00000334433.7	46	240939	240893
ENST00000334438.1	3	1885	1882
ENST00000334444.11	1369	98740	97371
ENST00000334451.6	4797	19317	14520
ENST00000334454.10	8354	8814	460
ENST00000334456.10	1246	100858	99612
ENST00000334461.7	1792	2240	448
ENST00000334462.10	532	4207	3675
ENST00000334463.4	352	37994	37642
ENST00000334464.7	5997	101410	95413
ENST00000334475.10	566	11481	10915
ENST00000334478.9	26	4256	4230
ENST00000334482.9	319	4845	4526
ENST00000334493.11	461	29587	29126
ENST00000334494.8	1299	17196	15897
ENST00000334497.7	250	4204	3954
ENST00000334504.12	1389	287607	286218
ENST00000334510.9	3	17370	17367
ENST00000334512.10	132667	246960	114293
ENST00000334513.6	11	3822	3811
ENST00000334521.8	1898	40778	38880
ENST00000334527.12	8388	32163	23775
ENST00000334528.13	8767	305909	297142
ENST00000334529.10	2145	36254	34109
ENST00000334530.9	672	3975	3303
ENST00000334534.10	22900	189288	166388
ENST00000334536.12	351	10912	10561
ENST00000334538.13	2296	25074	22778
ENST00000334546.6	335	124002	123667
ENST00000334549.1	0	13956	13956
ENST00000334553.11	25354	73414	48060
ENST00000334554.12	144	15877	15733
ENST00000334557.10	128	22240	22112
ENST00000334564.11	3234	27149	23915
ENST00000334567.9	35	13930	13895
ENST00000334568.8	336	10042	9706
ENST00000334571.7	31	14086	14055
ENST00000334574.12	3989	34263	30274
ENST00000334575.6	490	8556	8066
ENST00000334583.11	103	16638	16535
ENST00000334586.10	83	4695	4612
ENST00000334589.9	118	30196	30078
ENST00000334598.12	281	30112	29831
ENST00000334600.7	639	4841	4202
ENST00000334602.10	3	44453	44450
ENST00000334619.7	91	13038	12947
ENST00000334634.9	118	12605	12487
ENST00000334635.10	90	71293	71203
ENST00000334636.10	685	16263	15578
ENST00000334651.11	1538	282402	280864
ENST00000334654.4	184	12616	12432
ENST00000334660.10	115	48696	48581
ENST00000334661.5	280	24296	24016
ENST00000334662.2	22	1574	1552
ENST00000334664.3	30	364	334
ENST00000334667.6	1377	24968	23591
ENST00000334668.8	124	4095	3971
ENST00000334670.9	45	1831	1786
ENST00000334678.8	402	4049	3647
ENST00000334679.4	1995	3121	1126
ENST00000334680.3	34	320	286
ENST00000334681.9	276	6148	5872
ENST00000334686.6	1089	121429	120340
ENST00000334690.11	4575	56718	52143
ENST00000334696.11	3701	26143	22442
ENST00000334701.11	666	60905	60239
ENST00000334705.12	264	46752	46488
ENST00000334708.4	145	7572	7427
ENST00000334715.7	57	12094	12037
ENST00000334725.8	40529	58380	17851
ENST00000334726.3	0	1912	1912
ENST00000334731.7	96	61667	61571
ENST00000334736.7	1914	109064	107150
ENST00000334743.9	48	116932	116884
ENST00000334744.8	5925	76792	70867
ENST00000334746.10	4726	61887	57161
ENST00000334770.9	2110	11359	9249
ENST00000334773.7	1007	3065	2058
ENST00000334785.12	27483	56215	28732
ENST00000334793.6	92	3060	2968
ENST00000334801.7	4543	20553	16010
ENST00000334805.11	171	27319	27148
ENST00000334808.10	386	18203	17817
ENST00000334815.6	254	2478	2224
ENST00000334816.12	250	38107	37857
ENST00000334828.6	117	7088	6971
ENST00000334830.11	1044	54345	53301
ENST00000334841.10	170	21838	21668
ENST00000334849.2	226	602	376
ENST00000334850.7	0	10088	10088
ENST00000334857.3	3	1855	1852
ENST00000334859.8	5	82311	82306
ENST00000334869.9	513	30263	29750
ENST00000334879.2	120	6305	6185
ENST00000334884.9	26763	95599	68836
ENST00000334888.10	45	6125	6080
ENST00000334889.4	1969	7203	5234
ENST00000334895.10	137	22228	22091
ENST00000334897.4	99	469	370
ENST00000334919.9	10767	323927	313160
ENST00000334920.3	81	1987	1906
ENST00000334928.11	148	4948	4800
ENST00000334933.8	1215	55238	54023
ENST00000334937.8	9322	51410	42088
ENST00000334944.9	786	15686	14900
ENST00000334955.13	11	85236	85225
ENST00000334956.15	77	151454	151377
ENST00000334961.11	272	80832	80560
ENST00000334962.9	238	10466	10228
ENST00000334976.11	38	6528	6490
ENST00000334982.9	35	16350	16315
ENST00000334983.10	54	62918	62864
ENST00000334984.10	73881	145353	71472
ENST00000334988.2	122	47727	47605
ENST00000334994.6	620	4350	3730
ENST00000335005.10	78	13803	13725
ENST00000335007.10	1399	23989	22590
ENST00000335012.3	6172	76733	70561
ENST00000335017.1	312	1840	1528
ENST00000335021.2	91	4116	4025
ENST00000335025.12	91	31018	30927
ENST00000335040.1	0	1918	1918
ENST00000335046.7	61	4606	4545
ENST00000335049.5	385	45612	45227
ENST00000335071.4	31	1943	1912
ENST00000335080.6	23664	26800	3136
ENST00000335090.6	15472	23833	8361
ENST00000335093.5	127	599	472
ENST00000335099.8	338	17637	17299
ENST00000335102.9	0	119503	119503
ENST00000335110.5	0	107480	107480
ENST00000335117.9	117	32270	32153
ENST00000335119.4	115	3641	3526
ENST00000335123.4	0	658	658
ENST00000335125.11	19	16127	16108
ENST00000335135.8	4109	55588	51479
ENST00000335146.11	1260	23486	22226
ENST00000335148.8	290	19664	19374
ENST00000335154.10	9319	73736	64417
ENST00000335171.10	1238	9365	8127
ENST00000335174.6	83	3400	3317
ENST00000335181.10	624	21651	21027
ENST00000335183.11	62	23696	23634
ENST00000335185.10	93	160742	160649
ENST00000335186.3	38	4004	3966
ENST00000335195.10	1047	11552	10505
ENST00000335209.12	213	60993	60780
ENST00000335211.9	2470	48673	46203
ENST00000335214.8	214	16732	16518
ENST00000335223.5	274	23135	22861
ENST00000335230.8	1038	28396	27358
ENST00000335238.4	102	1954	1852
ENST00000335244.9	1848	33927	32079
ENST00000335247.11	3154	20538	17384
ENST00000335251.11	78	86286	86208
ENST00000335255.10	157	83735	83578
ENST00000335263.9	80	84775	84695
ENST00000335271.9	175	40096	39921
ENST00000335272.10	3226	68324	65098
ENST00000335281.8	90265	106481	16216
ENST00000335282.5	48	8804	8756
ENST00000335286.10	171	6416	6245
ENST00000335288.5	573	10206	9633
ENST00000335289.5	14365	40342	25977
ENST00000335290.10	4431	155170	150739
ENST00000335295.4	137	1995	1858
ENST00000335302.5	0	1876	1876
ENST00000335304.6	194	7916	7722
ENST00000335312.8	3254	72194	68940
ENST00000335325.9	648	108189	107541
ENST00000335327.6	84588	129657	45069
ENST00000335350.10	416	89522	89106
ENST00000335351.8	973	22159	21186
ENST00000335356.7	0	7732	7732
ENST00000335360.11	466	5328	4862
ENST00000335367.7	93	9825	9732
ENST00000335385.4	305	9316	9011
ENST00000335387.9	1390	25232	23842
ENST00000335390.6	994	6501	5507
ENST00000335393.8	138	32334	32196
ENST00000335397.3	155564	157422	1858
ENST00000335420.10	110	61525	61415
ENST00000335422.3	3	8852	8849
ENST00000335425.7	4608	63455	58847
ENST00000335426.9	74	5039	4965
ENST00000335430.10	28730	192280	163550
ENST00000335438.7	234	23746	23512
ENST00000335440.10	36	122967	122931
ENST00000335449.11	30	64739	64709
ENST00000335450.7	179	96133	95954
ENST00000335459.9	270	60751	60481
ENST00000335464.10	832	61664	60832
ENST00000335472.12	2513	268744	266231
ENST00000335473.12	18905	293146	274241
ENST00000335475.6	269	388190	387921
ENST00000335479.2	103	4071	3968
ENST00000335486.10	13790	68869	55079
ENST00000335494.5	2133	9797	7664
ENST00000335496.5	125	34124	33999
ENST00000335497.11	423	18808	18385
ENST00000335503.3	164	12842	12678
ENST00000335504.10	205	8556	8351
ENST00000335508.11	2522	49102	46580
ENST00000335509.11	5389	77030	71641
ENST00000335510.7	42	2100	2058
ENST00000335512.8	65	123120	123055
ENST00000335514.10	60	2166	2106
ENST00000335515.10	2528	7326	4798
ENST00000335523.8	590	38787	38197
ENST00000335524.7	246	2716	2470
ENST00000335539.7	668	60171	59503
ENST00000335542.13	212	4861	4649
ENST00000335551.11	3235	483097	479862
ENST00000335552.5	280	7271	6991
ENST00000335556.7	7927	28262	20335
ENST00000335565.6	4597	9665	5068
ENST00000335568.10	26	15912	15886
ENST00000335585.9	2727	62600	59873
ENST00000335605.1	0	1882	1882
ENST00000335606.11	2931	22995	20064
ENST00000335613.10	392	39596	39204
ENST00000335621.11	134	8869	8735
ENST00000335624.5	1073	13174	12101
ENST00000335625.10	2187	82545	80358
ENST00000335626.8	288	60059	59771
ENST00000335633.1	0	568	568
ENST00000335643.12	351	44600	44249
ENST00000335647.9	166	45137	44971
ENST00000335651.6	0	3834	3834
ENST00000335658.7	1847	12278	10431
ENST00000335659.7	1786	9742	7956
ENST00000335661.6	270	10713	10443
ENST00000335666.4	48	6521	6473
ENST00000335670.11	9174	742492	733318
ENST00000335674.1	3	535	532
ENST00000335678.7	168	69823	69655
ENST00000335681.10	84616	177892	93276
ENST00000335693.9	16	726771	726755
ENST00000335694.4	166	2228	2062
ENST00000335698.4	31	20364	20333
ENST00000335712.11	2728	97991	95263
ENST00000335715.9	88	4865	4777
ENST00000335725.9	7188	89022	81834
ENST00000335727.13	194	150444	150250
ENST00000335750.7	72721	1696281	1623560
ENST00000335753.8	545	62110	61565
ENST00000335754.8	1656	16894	15238
ENST00000335756.9	141	7636	7495
ENST00000335757.10	81	19925	19844
ENST00000335760.9	48	9857	9809
ENST00000335762.10	555	644629	644074
ENST00000335765.9	592	6564	5972
ENST00000335766.2	460	2548	2088
ENST00000335769.2	180	20602	20422
ENST00000335783.4	6807	29698	22891
ENST00000335790.8	310	39517	39207
ENST00000335791.10	509	9434	8925
ENST00000335793.4	1809	3943	2134
ENST00000335798.8	5538	329713	324175
ENST00000335815.7	551	19321	18770
ENST00000335841.8	791	5041	4250
ENST00000335847.9	1062	23883	22821
ENST00000335852.6	543	3575	3032
ENST00000335854.8	94	18552	18458
ENST00000335858.11	573	19871	19298
ENST00000335866.7	2892	86154	83262
ENST00000335867.4	24	11456	11432
ENST00000335870.7	128	16241	16113
ENST00000335875.9	488	23906	23418
ENST00000335877.11	172	47281	47109
ENST00000335879.5	0	20771	20771
ENST00000335890.3	49	7668	7619
ENST00000335894.9	111	249017	248906
ENST00000335895.12	726	7308	6582
ENST00000335922.9	900	30060	29160
ENST00000335927.11	322	33340	33018
ENST00000335934.8	149	7884	7735
ENST00000335950.8	7391	7899	508
ENST00000335953.9	3590	192854	189264
ENST00000335965.11	3108	12479	9371
ENST00000335968.8	989	73178	72189
ENST00000335972.11	4974	24246	19272
ENST00000335979.6	3587	34076	30489
ENST00000335987.8	311	9072	8761
ENST00000335997.11	1850	18437	16587
ENST00000335999.7	690	16883	16193
ENST00000336023.9	179	4867	4688
ENST00000336032.4	144	4421	4277
ENST00000336034.8	843	19368	18525
ENST00000336053.10	2204	25915	23711
ENST00000336057.9	1625	43848	42223
ENST00000336066.8	42	21702	21660
ENST00000336067.10	622	4468	3846
ENST00000336070.11	111	11939	11828
ENST00000336077.11	58	15053	14995
ENST00000336078.8	55688	125758	70070
ENST00000336079.8	69	15214	15145
ENST00000336083.8	2263	85613	83350
ENST00000336086.10	757	8688	7931
ENST00000336092.8	1467	9483	8016
ENST00000336095.10	6757	37147	30390
ENST00000336097.7	798	8792	7994
ENST00000336098.8	666	9788	9122
ENST00000336104.6	445	45542	45097
ENST00000336111.9	1750	7148	5398
ENST00000336112.9	4340	144820	140480
ENST00000336119.8	2628	35421	32793
ENST00000336123.5	253	8234	7981
ENST00000336125.6	4603	24094	19491
ENST00000336126.6	2209	58409	56200
ENST00000336128.12	246	11663	11417
ENST00000336133.8	245	61050	60805
ENST00000336138.4	124	8835	8711
ENST00000336139.8	1823	8649	6826
ENST00000336148.10	213	98295	98082
ENST00000336152.8	1662	118281	116619
ENST00000336156.10	4935	49661	44726
ENST00000336164.9	208	7451	7243
ENST00000336169.3	286	12976	12690
ENST00000336174.12	770	26818	26048
ENST00000336180.7	187	39419	39232
ENST00000336184.6	26625	47745	21120
ENST00000336199.9	11513	356319	344806
ENST00000336216.9	37520	59457	21937
ENST00000336219.4	1634	3078	1444
ENST00000336230.10	168	18950	18782
ENST00000336232.7	416	23750	23334
ENST00000336233.10	1259	35264	34005
ENST00000336237.10	27	17689	17662
ENST00000336257.8	622	3086	2464
ENST00000336273.8	323	82217	81894
ENST00000336278.9	3	115370	115367
ENST00000336279.9	24268	105058	80790
ENST00000336283.9	635	8051	7416
ENST00000336292.11	120	32666	32546
ENST00000336294.10	109	31198	31089
ENST00000336300.9	84	1962	1878
ENST00000336307.6	417	4018	3601
ENST00000336308.10	16388	27082	10694
ENST00000336314.9	83	104288	104205
ENST00000336328.10	121	12950	12829
ENST00000336332.5	449	16906	16457
ENST00000336334.8	331	10228	9897
ENST00000336338.10	10212	238188	227976
ENST00000336349.6	3461	29903	26442
ENST00000336356.4	327	5821	5494
ENST00000336374.4	467	31553	31086
ENST00000336375.10	50	40616	40566
ENST00000336387.4	5728	36783	31055
ENST00000336395.6	358	6345	5987
ENST00000336411.7	460	27993	27533
ENST00000336415.8	1288	80308	79020
ENST00000336418.9	4919	63923	59004
ENST00000336425.10	50991	243282	192291
ENST00000336429.6	29326	52718	23392
ENST00000336430.11	226	40775	40549
ENST00000336431.10	611	30066	29455
ENST00000336440.4	931	5345	4414
ENST00000336443.3	302	4316	4014
ENST00000336451.8	31581	31807	226
ENST00000336452.11	48	5185	5137
ENST00000336454.5	449	167537	167088
ENST00000336455.9	55	8360	8305
ENST00000336458.13	2008	4467	2459
ENST00000336464.7	294	11832	11538
ENST00000336470.8	2356	32119	29763
ENST00000336483.10	216	8437	8221
ENST00000336498.8	214	342325	342111
ENST00000336505.11	10202	202629	192427
ENST00000336509.8	652	41982	41330
ENST00000336517.8	27600	45646	18046
ENST00000336520.8	78	1956	1878
ENST00000336553.10	0	112092	112092
ENST00000336557.9	449	3323	2874
ENST00000336564.5	514	3168	2654
ENST00000336576.10	468	6582	6114
ENST00000336577.9	357	14210	13853
ENST00000336578.5	1520	15067	13547
ENST00000336592.11	2152	39466	37314
ENST00000336596.7	128	374810	374682
ENST00000336604.8	958	18177	17219
ENST00000336614.9	2080	6583	4503
ENST00000336615.9	805	7448	6643
ENST00000336617.8	286	47605	47319
ENST00000336625.12	44	7547	7503
ENST00000336640.10	439	467561	467122
ENST00000336642.9	864	2277	1413
ENST00000336643.10	678	60812	60134
ENST00000336648.8	3361	190164	186803
ENST00000336654.9	1019	9007	7988
ENST00000336655.7	3020	7534	4514
ENST00000336665.9	580	632407	631827
ENST00000336685.6	8507	27282	18775
ENST00000336686.9	1228	98493	97265
ENST00000336687.6	7129	7541	412
ENST00000336689.8	1296	58254	56958
ENST00000336693.8	4715	50101	45386
ENST00000336695.4	182	1687	1505
ENST00000336702.7	359	10977	10618
ENST00000336708.11	651	25328	24677
ENST00000336714.8	3316	55499	52183
ENST00000336715.11	3993	12610	8617
ENST00000336726.11	13489	96611	83122
ENST00000336727.8	23150	150984	127834
ENST00000336733.10	22265	157342	135077
ENST00000336735.9	5428	64558	59130
ENST00000336737.8	504	22992	22488
ENST00000336740.10	341	62750	62409
ENST00000336749.3	1087	80392	79305
ENST00000336751.11	610	4036	3426
ENST00000336755.10	5759	238312	232553
ENST00000336761.10	205	27377	27172
ENST00000336767.6	28	10830	10802
ENST00000336769.9	1	361861	361860
ENST00000336775.9	479	34037	33558
ENST00000336777.9	1136	9515	8379
ENST00000336783.9	261	16466	16205
ENST00000336787.6	2544	32626	30082
ENST00000336798.11	3747	8929	5182
ENST00000336803.2	7827	9205	1378
ENST00000336811.10	9388	10268	880
ENST00000336812.5	452	59289	58837
ENST00000336815.10	35186	113627	78441
ENST00000336824.8	71926	360505	288579
ENST00000336825.12	3114	38830	35716
ENST00000336830.9	14	5470	5456
ENST00000336832.7	423	12481	12058
ENST00000336838.10	3872	136815	132943
ENST00000336840.11	113	98716	98603
ENST00000336844.9	520	2099	1579
ENST00000336854.9	3673	7861	4188
ENST00000336861.7	366	5822	5456
ENST00000336865.6	209	12754	12545
ENST00000336866.7	12639	19821	7182
ENST00000336868.8	1642	181665	180023
ENST00000336873.9	1153	31790	30637
ENST00000336890.10	23065	35963	12898
ENST00000336898.8	870	44895	44025
ENST00000336904.7	2532	111983	109451
ENST00000336906.6	92	1978	1886
ENST00000336915.11	3797	297743	293946
ENST00000336916.8	1104	82367	81263
ENST00000336917.9	1260	104023	102763
ENST00000336926.11	4877	208702	203825
ENST00000336930.11	191	582628	582437
ENST00000336934.10	2459	185826	183367
ENST00000336937.8	0	4394	4394
ENST00000336942.9	0	11785	11785
ENST00000336949.7	3492	4588	1096
ENST00000336963.8	33925	110614	76689
ENST00000336967.8	7946	9166	1220
ENST00000336976.10	3482	16006	12524
ENST00000336984.6	1067	4127	3060
ENST00000336985.11	271	36196	35925
ENST00000336990.8	80	22014	21934
ENST00000337000.12	264	11602	11338
ENST00000337002.9	16	27442	27426
ENST00000337003.4	3147	3579	432
ENST00000337004.8	128	33558	33430
ENST00000337006.8	572	199231	198659
ENST00000337014.10	1482	26015	24533
ENST00000337018.10	3476	43415	39939
ENST00000337019.7	1104	588734	587630
ENST00000337049.8	50	208537	208487
ENST00000337057.8	18792	120135	101343
ENST00000337080.8	5625	19889	14264
ENST00000337103.8	1592	381598	380006
ENST00000337107.11	18	13056	13038
ENST00000337109.9	34	11768	11734
ENST00000337110.11	5398	32569	27171
ENST00000337120.9	3291	12662	9371
ENST00000337130.10	290	50842	50552
ENST00000337131.9	1073	3523	2450
ENST00000337132.10	38	18944	18906
ENST00000337137.9	137	412511	412374
ENST00000337138.9	292	54032	53740
ENST00000337147.11	1176	54097	52921
ENST00000337174.7	3103	38437	35334
ENST00000337179.9	440	22031	21591
ENST00000337190.7	3115	15169	12054
ENST00000337195.10	1205	52064	50859
ENST00000337198.10	2262	18678	16416
ENST00000337205.8	223	17399	17176
ENST00000337211.8	1112	49088	47976
ENST00000337221.8	333	44121	43788
ENST00000337225.5	1173	8460	7287
ENST00000337227.9	3227	11180	7953
ENST00000337231.5	412	17829	17417
ENST00000337233.9	36	24569	24533
ENST00000337248.9	1547	45383	43836
ENST00000337273.10	77	91416	91339
ENST00000337288.10	1874	24677	22803
ENST00000337299.7	3	35115	35112
ENST00000337303.8	76	136439	136363
ENST00000337304.2	882	3086	2204
ENST00000337318.8	3953	88683	84730
ENST00000337322.5	205	2885	2680
ENST00000337323.3	1219	11627	10408
ENST00000337331.10	1304	45709	44405
ENST00000337334.7	122	33383	33261
ENST00000337338.9	112037	117183	5146
ENST00000337339.7	61	8842	8781
ENST00000337343.9	126	184167	184041
ENST00000337344.9	665	32281	31616
ENST00000337351.8	998	41336	40338
ENST00000337352.10	1775	63263	61488
ENST00000337354.8	333	19185	18852
ENST00000337363.8	280	39705	39425
ENST00000337385.7	2560	3332	772
ENST00000337386.10	10094	42701	32607
ENST00000337387.4	8678	21230	12552
ENST00000337392.10	16	39507	39491
ENST00000337393.10	1497	71025	69528
ENST00000337400.6	68474	83248	14774
ENST00000337401.8	493	19060	18567
ENST00000337404.8	331	11547	11216
ENST00000337414.9	1322	530193	528871
ENST00000337425.10	373	14749	14376
ENST00000337428.8	172	13996	13824
ENST00000337432.9	42	42736	42694
ENST00000337433.10	4981	14976	9995
ENST00000337435.9	13	38574	38561
ENST00000337451.8	13066	29253	16187
ENST00000337474.5	71	2760	2689
ENST00000337478.3	4711	7991	3280
ENST00000337488.11	198	83569	83371
ENST00000337491.7	511	9487	8976
ENST00000337495.9	995	160861	159866
ENST00000337502.6	1095	9411	8316
ENST00000337508.9	1862	10472	8610
ENST00000337514.11	6636	84962	78326
ENST00000337523.10	65	3042	2977
ENST00000337526.11	970	81678	80708
ENST00000337530.11	87254	175384	88130
ENST00000337532.9	3075	189323	186248
ENST00000337537.8	4648	169709	165061
ENST00000337539.12	5806	15121	9315
ENST00000337540.11	1357	23282	21925
ENST00000337554.8	7680	11933	4253
ENST00000337566.9	444	15779	15335
ENST00000337571.9	5029	7470	2441
ENST00000337573.10	10652	25016	14364
ENST00000337576.7	1840	6562	4722
ENST00000337579.4	225	43561	43336
ENST00000337581.7	631	3280	2649
ENST00000337604.6	15	7531	7516
ENST00000337612.9	17128	88483	71355
ENST00000337619.11	39	6556	6517
ENST00000337620.8	1837	11587	9750
ENST00000337623.7	105	47354	47249
ENST00000337630.10	1344	13019	11675
ENST00000337653.7	153	53235	53082
ENST00000337656.8	0	74449	74449
ENST00000337659.11	126	42319	42193
ENST00000337664.9	709	30730	30021
ENST00000337665.8	20	25088	25068
ENST00000337672.9	911	9043	8132
ENST00000337673.7	292	8533	8241
ENST00000337679.12	378	11667	11289
ENST00000337682.9	2131	18278	16147
ENST00000337685.6	37128	41302	4174
ENST00000337702.5	4572	36224	31652
ENST00000337706.7	3115	22411	19296
ENST00000337714.8	20219	37774	17555
ENST00000337737.8	1694	5362	3668
ENST00000337738.6	188	37111	36923
ENST00000337743.9	969	241931	240962
ENST00000337750.9	258	5127	4869
ENST00000337755.9	451	6189	5738
ENST00000337768.10	2679	12620	9941
ENST00000337774.10	2792	76431	73639
ENST00000337777.7	40852	90490	49638
ENST00000337801.9	48	7368	7320
ENST00000337815.9	38930	40494	1564
ENST00000337817.10	966	63852	62886
ENST00000337827.8	327	93860	93533
ENST00000337836.10	712	63899	63187
ENST00000337841.4	504	36732	36228
ENST00000337843.7	2025	8878	6853
ENST00000337851.9	2413	433085	430672
ENST00000337852.10	266	13276	13010
ENST00000337859.11	123	23738	23615
ENST00000337872.9	9695	33350	23655
ENST00000337881.12	725	8219	7494
ENST00000337894.9	1116	39147	38031
ENST00000337898.10	9758	119971	110213
ENST00000337907.7	2693	308576	305883
ENST00000337908.5	10	28219	28209
ENST00000337910.10	2047	44183	42136
ENST00000337911.8	10584	19145	8561
ENST00000337917.11	0	2147	2147
ENST00000337919.9	1178	4569	3391
ENST00000337920.8	2421	36571	34150
ENST00000337929.8	27898	48712	20814
ENST00000337938.7	202	24554	24352
ENST00000337940.4	48	35909	35861
ENST00000337943.9	499	5370	4871
ENST00000337959.8	1592	43638	42046
ENST00000337963.9	998	30699	29701
ENST00000337970.7	618	3106	2488
ENST00000337975.6	8718	12250	3532
ENST00000337979.9	230	42844	42614
ENST00000337989.11	218	24117	23899
ENST00000337990.2	1404	6189	4785
ENST00000337994.5	129	10906	10777
ENST00000337995.4	10686	52683	41997
ENST00000338005.7	60	12937	12877
ENST00000338008.9	26135	73961	47826
ENST00000338010.9	1119	23254	22135
ENST00000338017.8	470	5490	5020
ENST00000338033.9	29	7517	7488
ENST00000338034.9	1209	28789	27580
ENST00000338037.11	386	753196	752810
ENST00000338040.6	27197	35652	8455
ENST00000338042.11	67136	148307	81171
ENST00000338045.7	263	30335	30072
ENST00000338051.4	9221	10347	1126
ENST00000338056.7	411	203021	202610
ENST00000338074.7	19038	77219	58181
ENST00000338086.9	2897	81841	78944
ENST00000338087.10	1799	24253	22454
ENST00000338099.9	2222	6840	4618
ENST00000338101.8	53	120185	120132
ENST00000338104.10	52	54329	54277
ENST00000338110.11	343	11101	10758
ENST00000338121.10	2202	10384	8182
ENST00000338128.13	528	5255	4727
ENST00000338130.7	6579	20365	13786
ENST00000338134.8	269	10306	10037
ENST00000338144.8	2992	88783	85791
ENST00000338145.7	166	29690	29524
ENST00000338146.7	14	1615	1601
ENST00000338148.8	5020	14996	9976
ENST00000338150.8	71	60536	60465
ENST00000338154.11	2481	109099	106618
ENST00000338163.10	3582	38518	34936
ENST00000338165.9	1980	9409	7429
ENST00000338167.10	84	75787	75703
ENST00000338176.8	4104	117030	112926
ENST00000338179.6	1803	24404	22601
ENST00000338183.8	17249	168387	151138
ENST00000338193.11	138	21965	21827
ENST00000338205.9	1341	128913	127572
ENST00000338206.6	510	25605	25095
ENST00000338222.7	247	3989	3742
ENST00000338230.3	1395	5725	4330
ENST00000338244.6	4617	82139	77522
ENST00000338252.7	60605	111661	51056
ENST00000338264.8	139	32220	32081
ENST00000338270.1	251	1647	1396
ENST00000338272.9	109	3951	3842
ENST00000338302.7	10207	24164	13957
ENST00000338305.7	355	43887	43532
ENST00000338306.8	8994	21981	12987
ENST00000338312.10	24	61178	61154
ENST00000338313.5	187	6025	5838
ENST00000338315.6	12	16866	16854
ENST00000338316.9	159	433978	433819
ENST00000338326.4	51	10352	10301
ENST00000338327.4	35	13230	13195
ENST00000338333.5	200	2202	2002
ENST00000338338.10	68	1614	1546
ENST00000338343.10	2183	25667	23484
ENST00000338350.4	19805	26514	6709
ENST00000338352.3	68	1794	1726
ENST00000338353.4	224	97009	96785
ENST00000338354.10	17	90211	90194
ENST00000338356.7	5260	82978	77718
ENST00000338359.4	146	3217	3071
ENST00000338366.6	386	12175	11789
ENST00000338368.7	441	198597	198156
ENST00000338369.6	56	5579	5523
ENST00000338370.7	74	1620	1546
ENST00000338372.7	139	23651	23512
ENST00000338376.8	657	20294	19637
ENST00000338379.6	61	1301	1240
ENST00000338380.2	179	2696	2517
ENST00000338382.11	31095	316727	285632
ENST00000338387.11	1329	34616	33287
ENST00000338399.9	34	11890	11856
ENST00000338401.8	171	2179	2008
ENST00000338415.8	102	29270	29168
ENST00000338432.12	22819	157094	134275
ENST00000338435.9	264	53817	53553
ENST00000338437.7	74	9866	9792
ENST00000338446.8	2349	25101	22752
ENST00000338448.10	212	39028	38816
ENST00000338450.7	238	7896	7658
ENST00000338458.8	1855	309393	307538
ENST00000338465.5	487	31280	30793
ENST00000338468.8	704059	1377994	673935
ENST00000338469.3	99	5228	5129
ENST00000338482.5	11445	13759	2314
ENST00000338483.7	11860	13371	1511
ENST00000338487.6	367	21699	21332
ENST00000338488.8	6188	13000	6812
ENST00000338492.9	116	19681	19565
ENST00000338498.6	118	3262	3144
ENST00000338502.8	103	7167	7064
ENST00000338508.9	3437	196098	192661
ENST00000338513.1	2284	3920	1636
ENST00000338517.8	196	38020	37824
ENST00000338523.9	54581	81304	26723
ENST00000338525.7	250	1664	1414
ENST00000338530.8	6176	68040	61864
ENST00000338533.9	2540	44134	41594
ENST00000338542.9	52	6974	6922
ENST00000338546.9	387	15053	14666
ENST00000338555.6	3437	12920	9483
ENST00000338560.12	2098	23593	21495
ENST00000338561.9	348	10090	9742
ENST00000338564.9	2972	211660	208688
ENST00000338565.3	28	40917	40889
ENST00000338566.8	6382	9050	2668
ENST00000338581.10	2825	24181	21356
ENST00000338585.6	3	62844	62841
ENST00000338588.8	4386	19504	15118
ENST00000338591.8	110	6518	6408
ENST00000338592.5	113	37844	37731
ENST00000338595.7	5732	30820	25088
ENST00000338602.6	3107	11307	8200
ENST00000338608.7	690	10710	10020
ENST00000338616.6	0	1846	1846
ENST00000338624.10	632	16107	15475
ENST00000338625.9	3616	20950	17334
ENST00000338631.10	584	14805	14221
ENST00000338635.10	27393	276713	249320
ENST00000338637.13	9366	81706	72340
ENST00000338639.10	1075	23901	22826
ENST00000338641.10	366	92935	92569
ENST00000338647.7	6851	11397	4546
ENST00000338660.5	226	2107	1881
ENST00000338662.6	115	7831	7716
ENST00000338663.12	128	9372	9244
ENST00000338682.8	1723	4805	3082
ENST00000338684.9	312	7733	7421
ENST00000338694.7	2037	33630	31593
ENST00000338696.6	125	29234	29109
ENST00000338700.10	88	132821	132733
ENST00000338702.4	43	89777	89734
ENST00000338728.10	108	67892	67784
ENST00000338732.7	0	9397	9397
ENST00000338733.10	5086	19927	14841
ENST00000338745.11	3796	77869	74073
ENST00000338748.9	8321	28006	19685
ENST00000338754.9	6228	20761	14533
ENST00000338758.12	38	145452	145414
ENST00000338779.11	2476	26813	24337
ENST00000338783.7	0	8438	8438
ENST00000338784.9	290	2824	2534
ENST00000338785.8	52818	140489	87671
ENST00000338791.11	733	19404	18671
ENST00000338797.10	25	95636	95611
ENST00000338799.9	3482	296309	292827
ENST00000338806.4	389	72183	71794
ENST00000338820.7	2983	23388	20405
ENST00000338821.6	4700	174968	170268
ENST00000338825.5	40	29749	29709
ENST00000338832.4	649	13053	12404
ENST00000338835.9	7	7542	7535
ENST00000338844.8	234	2352	2118
ENST00000338855.6	67	12482	12415
ENST00000338858.9	755	44915	44160
ENST00000338859.8	8395	24429	16034
ENST00000338862.5	584	7373	6789
ENST00000338863.13	1450	14358	12908
ENST00000338875.5	0	2817	2817
ENST00000338876.8	97	4749	4652
ENST00000338882.5	2009	115425	113416
ENST00000338883.9	693	159112	158419
ENST00000338888.4	2614	66341	63727
ENST00000338891.12	343	121938	121595
ENST00000338895.7	337	27550	27213
ENST00000338896.11	133	8673	8540
ENST00000338897.4	107	3409	3302
ENST00000338901.4	242	1122	880
ENST00000338904.7	362	1590	1228
ENST00000338909.9	1332	11153	9821
ENST00000338910.9	678	81817	81139
ENST00000338911.6	319	4022	3703
ENST00000338912.5	0	786	786
ENST00000338916.8	716	17196	16480
ENST00000338920.8	26533	114706	88173
ENST00000338946.11	2467	108783	106316
ENST00000338947.9	265	149095	148830
ENST00000338948.3	2881	13824	10943
ENST00000338950.9	865	140206	139341
ENST00000338957.5	453976	470883	16907
ENST00000338961.11	455	8148	7693
ENST00000338962.8	249	21168	20919
ENST00000338963.6	2978	93628	90650
ENST00000338965.9	170	22066	21896
ENST00000338969.9	516	118555	118039
ENST00000338970.10	69	5576	5507
ENST00000338971.10	1474	5540	4066
ENST00000338972.8	286	29926	29640
ENST00000338977.5	1710	7174	5464
ENST00000338981.7	8217	165803	157586
ENST00000338983.7	15190	147039	131849
ENST00000338995.10	31	4356	4325
ENST00000339007.4	853	6739	5886
ENST00000339012.7	198	26491	26293
ENST00000339020.8	2246	2688	442
ENST00000339022.6	45	52951	52906
ENST00000339024.8	41091	83057	41966
ENST00000339042.6	112	1250	1138
ENST00000339046.8	103	12253	12150
ENST00000339069.9	265	46825	46560
ENST00000339077.10	242	70257	70015
ENST00000339082.7	365	24861	24496
ENST00000339083.12	412	3243	2831
ENST00000339089.10	29497	142909	113412
ENST00000339091.8	94	25930	25836
ENST00000339093.7	43	5884	5841
ENST00000339098.9	3	120482	120479
ENST00000339105.9	6	285732	285726
ENST00000339113.9	0	7532	7532
ENST00000339121.9	134	5676	5542
ENST00000339123.10	26277	40124	13847
ENST00000339133.6	115	3940	3825
ENST00000339137.7	1426	9620	8194
ENST00000339139.5	417	17559	17142
ENST00000339140.5	312	2176	1864
ENST00000339142.6	19798	24754	4956
ENST00000339144.3	248	13445	13197
ENST00000339145.8	320	3660	3340
ENST00000339154.6	187	5464	5277
ENST00000339157.10	634	91670	91036
ENST00000339162.11	39	16962	16923
ENST00000339174.9	97546	319128	221582
ENST00000339176.8	19	1863	1844
ENST00000339180.9	206	3101	2895
ENST00000339195.10	530	11616	11086
ENST00000339209.9	104	21511	21407
ENST00000339217.8	3248	8129	4881
ENST00000339223.5	28592	30708	2116
ENST00000339231.3	0	33716	33716
ENST00000339235.4	758	29325	28567
ENST00000339241.1	4791	6703	1912
ENST00000339249.5	2323	17827	15504
ENST00000339251.9	23573	32471	8898
ENST00000339252.8	2994	32285	29291
ENST00000339255.2	3734	51365	47631
ENST00000339266.10	125379	223654	98275
ENST00000339269.5	207	39743	39536
ENST00000339275.10	3731	19433	15702
ENST00000339276.6	64	1550	1486
ENST00000339282.12	1076	27614	26538
ENST00000339284.6	430	107240	106810
ENST00000339290.9	199	19547	19348
ENST00000339296.10	881	9440	8559
ENST00000339298.2	15415	18053	2638
ENST00000339307.8	448	19221	18773
ENST00000339310.7	574	9312	8738
ENST00000339313.10	1082	9641	8559
ENST00000339336.9	209	14512	14303
ENST00000339348.9	8	14344	14336
ENST00000339350.7	131	8621	8490
ENST00000339355.3	113	1437	1324
ENST00000339360.9	48	182405	182357
ENST00000339362.9	966	255337	254371
ENST00000339363.7	458	61238	60780
ENST00000339364.10	2265	129477	127212
ENST00000339365.2	2442	29961	27519
ENST00000339374.11	23	8261	8238
ENST00000339375.9	1569	24632	23063
ENST00000339381.6	66	5731	5665
ENST00000339382.3	794	37944	37150
ENST00000339394.7	3748	40441	36693
ENST00000339397.5	58	66427	66369
ENST00000339399.5	215	32833	32618
ENST00000339403.6	0	19576	19576
ENST00000339411.5	21378	37004	15626
ENST00000339413.11	1797	13293	11496
ENST00000339416.7	36636	210437	173801
ENST00000339420.7	2641	45160	42519
ENST00000339423.7	3806	7766	3960
ENST00000339430.9	1640	9210	7570
ENST00000339431.9	20914	32924	12010
ENST00000339437.11	2101	3170	1069
ENST00000339438.10	1259	25261	24002
ENST00000339444.10	183	70821	70638
ENST00000339447.8	91	105111	105020
ENST00000339450.10	2575	51152	48577
ENST00000339452.2	596	172809	172213
ENST00000339463.7	41128	46480	5352
ENST00000339464.9	2493	57431	54938
ENST00000339465.5	69	21439	21370
ENST00000339468.8	3596	13561	9965
ENST00000339471.8	146	3140	2994
ENST00000339474.9	290	66799	66509
ENST00000339475.10	1833	6415	4582
ENST00000339480.3	1515	3109	1594
ENST00000339485.4	19	4772	4753
ENST00000339486.8	153	29533	29380
ENST00000339488.9	21633	214809	193176
ENST00000339490.7	2190	138664	136474
ENST00000339497.7	180	233232	233052
ENST00000339503.7	193	22113	21920
ENST00000339506.7	0	28792	28792
ENST00000339507.9	4846	48146	43300
ENST00000339511.9	306	7825	7519
ENST00000339514.8	31620	181887	150267
ENST00000339524.3	786	37288	36502
ENST00000339526.8	1514	6956	5442
ENST00000339530.8	601	2078	1477
ENST00000339534.4	87	1081	994
ENST00000339553.9	11173	61566	50393
ENST00000339556.8	99	7965	7866
ENST00000339560.10	355	7335	6980
ENST00000339561.12	4635	117833	113198
ENST00000339562.9	1310	7537	6227
ENST00000339566.7	1941	34603	32662
ENST00000339570.9	1614	88370	86756
ENST00000339582.7	524	807320	806796
ENST00000339594.9	1793	85957	84164
ENST00000339598.8	840	24181	23341
ENST00000339600.6	1696	8353	6657
ENST00000339602.3	1929	18304	16375
ENST00000339618.8	221	25994	25773
ENST00000339624.9	30	2018	1988
ENST00000339642.10	124	20320	20196
ENST00000339643.9	116	7145	7029
ENST00000339647.6	71	4179	4108
ENST00000339656.8	180	12000	11820
ENST00000339664.7	306	12670	12364
ENST00000339673.11	6213	14571	8358
ENST00000339677.10	228	30425	30197
ENST00000339686.8	1499	17668	16169
ENST00000339697.5	1696	29735	28039
ENST00000339701.7	1842	475985	474143
ENST00000339708.9	182	158247	158065
ENST00000339711.8	14811	20323	5512
ENST00000339717.11	3357	36435	33078
ENST00000339720.10	52	12284	12232
ENST00000339728.6	2768	4146	1378
ENST00000339732.10	472	54724	54252
ENST00000339733.9	3052	30697	27645
ENST00000339737.6	1670	8558	6888
ENST00000339738.10	329	9958	9629
ENST00000339746.9	133825	200015	66190
ENST00000339754.11	15	14630	14615
ENST00000339757.11	4680	38668	33988
ENST00000339758.7	658	27487	26829
ENST00000339762.10	216	34530	34314
ENST00000339764.6	44	20025	19981
ENST00000339766.8	234	34131	33897
ENST00000339773.9	97	27761	27664
ENST00000339775.10	443	16374	15931
ENST00000339777.5	22	22272	22250
ENST00000339788.10	3344	24286	20942
ENST00000339796.9	554	34393	33839
ENST00000339797.5	7475	57824	50349
ENST00000339809.10	14305	122918	108613
ENST00000339812.3	57	811	754
ENST00000339818.9	1257	11011	9754
ENST00000339824.7	14190	518073	503883
ENST00000339834.10	28	8975	8947
ENST00000339837.9	822	19504	18682
ENST00000339839.9	536	106298	105762
ENST00000339841.7	14036	28356	14320
ENST00000339844.6	119	6817	6698
ENST00000339847.9	38	24705	24667
ENST00000339852.5	19	4608	4589
ENST00000339854.8	1116	16352	15236
ENST00000339859.8	1094	83150	82056
ENST00000339861.8	1618	46866	45248
ENST00000339865.9	763	118583	117820
ENST00000339868.10	2149	35343	33194
ENST00000339872.8	1510	4471	2961
ENST00000339875.9	1630	87195	85565
ENST00000339876.11	115664	191576	75912
ENST00000339877.8	582	163559	162977
ENST00000339882.9	146	42860	42714
ENST00000339901.8	1195	42629	41434
ENST00000339907.8	11	114363	114352
ENST00000339914.6	82	10674	10592
ENST00000339917.10	228	3457	3229
ENST00000339922.5	149	981	832
ENST00000339924.12	89	16152	16063
ENST00000339942.11	1798	6297	4499
ENST00000339944.4	0	15981	15981
ENST00000339946.7	26	10560	10534
ENST00000339948.3	1737	5143	3406
ENST00000339950.5	2819	16276	13457
ENST00000339953.9	378	13991	13613
ENST00000339968.6	0	6731	6731
ENST00000339986.8	1647	24126	22479
ENST00000339987.7	469	11309	10840
ENST00000339992.4	243	2801	2558
ENST00000339994.5	1674	4012	2338
ENST00000339995.11	765	12941	12176
ENST00000339996.4	53	10916	10863
ENST00000339997.8	154	79746	79592
ENST00000339998.10	1167	12782	11615
ENST00000340001.9	1430	81472	80042
ENST00000340004.6	24	2180	2156
ENST00000340006.7	1186	13347	12161
ENST00000340010.10	389	31312	30923
ENST00000340011.9	28257	46460	18203
ENST00000340019.4	32383	221964	189581
ENST00000340020.11	1883	45212	43329
ENST00000340022.6	1326	44914	43588
ENST00000340023.7	7479	9583	2104
ENST00000340026.10	468	43987	43519
ENST00000340027.10	175	4425	4250
ENST00000340030.4	58	5601	5543
ENST00000340042.2	1952	10481	8529
ENST00000340058.6	190	52879	52689
ENST00000340059.11	1089	201213	200124
ENST00000340062.9	129	34826	34697
ENST00000340067.4	2526	4084	1558
ENST00000340073.9	2383	9038	6655
ENST00000340074.9	5900	13664	7764
ENST00000340077.9	95	505807	505712
ENST00000340080.9	5592	42820	37228
ENST00000340083.6	70	31697	31627
ENST00000340087.5	0	502	502
ENST00000340093.8	314	22539	22225
ENST00000340096.11	324	37370	37046
ENST00000340099.10	1458	8555	7097
ENST00000340107.9	642	16373	15731
ENST00000340112.3	56	2310	2254
ENST00000340116.12	408	40103	39695
ENST00000340124.9	354	46190	45836
ENST00000340126.9	96	129368	129272
ENST00000340134.5	2877	18717	15840
ENST00000340139.10	109	18758	18649
ENST00000340147.7	94	12566	12472
ENST00000340149.6	3978	67470	63492
ENST00000340150.10	22	6383	6361
ENST00000340157.9	2026	114396	112370
ENST00000340160.7	141991	165486	23495
ENST00000340169.7	9	18921	18912
ENST00000340170.8	745	103187	102442
ENST00000340171.7	903	44512	43609
ENST00000340177.10	1049	6342	5293
ENST00000340180.5	69	17474	17405
ENST00000340181.9	454	22362	21908
ENST00000340183.10	1444	3832	2388
ENST00000340184.9	152	52874	52722
ENST00000340192.11	64	14571	14507
ENST00000340200.5	134	7252	7118
ENST00000340208.9	4366	106986	102620
ENST00000340217.5	1302	187662	186360
ENST00000340239.8	159	17935	17776
ENST00000340246.10	96	10963	10867
ENST00000340252.8	3	15606	15603
ENST00000340253.10	10819	61729	50910
ENST00000340258.10	10401	34477	24076
ENST00000340273.4	3	12831	12828
ENST00000340281.9	148	34322	34174
ENST00000340291.6	131	5597	5466
ENST00000340296.8	2747	62298	59551
ENST00000340305.9	9	14536	14527
ENST00000340308.7	1514	50092	48578
ENST00000340309.7	1647	34957	33310
ENST00000340313.5	172	3854	3682
ENST00000340329.7	216	102106	101890
ENST00000340334.11	123	62400	62277
ENST00000340339.4	19405	34419	15014
ENST00000340342.11	1482	5974	4492
ENST00000340344.4	66	16071	16005
ENST00000340345.6	862	2384	1522
ENST00000340347.7	0	53153	53153
ENST00000340348.10	73	115028	114955
ENST00000340353.11	202	284780	284578
ENST00000340356.9	587	3084	2497
ENST00000340360.10	2973	103007	100034
ENST00000340363.10	23	20448	20425
ENST00000340368.9	408	11215	10807
ENST00000340369.4	702	11758	11056
ENST00000340370.10	404	239529	239125
ENST00000340381.11	20	26156	26136
ENST00000340384.5	74	3597	3523
ENST00000340385.6	63	11192	11129
ENST00000340391.8	3	58411	58408
ENST00000340394.12	212	16835	16623
ENST00000340398.5	577	1385	808
ENST00000340413.7	2657	23312	20655
ENST00000340415.7	1009	75045	74036
ENST00000340417.8	3502	62476	58974
ENST00000340433.4	180257	182115	1858
ENST00000340434.5	8820	51611	42791
ENST00000340437.8	8305	28722	20417
ENST00000340438.6	185	3951	3766
ENST00000340446.5	364	5312	4948
ENST00000340449.7	0	37938	37938
ENST00000340450.7	18594	32187	13593
ENST00000340457.8	503	6499	5996
ENST00000340465.2	86	75554	75468
ENST00000340473.8	146	163787	163641
ENST00000340477.9	30	6238	6208
ENST00000340480.8	1667	24858	23191
ENST00000340487.5	835	6379	5544
ENST00000340490.7	0	5272	5272
ENST00000340491.8	822	66633	65811
ENST00000340513.4	18206	64138	45932
ENST00000340524.10	1251	15373	14122
ENST00000340533.9	2741	41426	38685
ENST00000340535.11	173	23645	23472
ENST00000340537.9	3343	12426	9083
ENST00000340541.4	195	41021	40826
ENST00000340545.9	3735	208282	204547
ENST00000340550.5	6	7223	7217
ENST00000340552.4	230	30693	30463
ENST00000340553.8	31533	62046	30513
ENST00000340561.8	35756	155022	119266
ENST00000340573.8	705	3151	2446
ENST00000340578.10	1474	63627	62153
ENST00000340581.3	857	81495	80638
ENST00000340587.7	2125	27283	25158
ENST00000340592.10	219	323254	323035
ENST00000340595.4	229	231107	230878
ENST00000340600.6	3084	5954	2870
ENST00000340607.5	1265	15116	13851
ENST00000340611.9	262	19071	18809
ENST00000340612.6	2059	175825	173766
ENST00000340621.9	169	23291	23122
ENST00000340622.8	1594	26668	25074
ENST00000340623.4	18998	19566	568
ENST00000340624.9	2510	6405	3895
ENST00000340625.3	1572	36854	35282
ENST00000340630.9	112	18053	17941
ENST00000340634.6	7621	9881	2260
ENST00000340635.11	5629	926996	921367
ENST00000340645.10	1284	77528	76244
ENST00000340646.9	925	62770	61845
ENST00000340647.8	108	49593	49485
ENST00000340648.6	105	36078	35973
ENST00000340650.6	982	3350	2368
ENST00000340652.5	1798	139516	137718
ENST00000340660.10	229	43366	43137
ENST00000340666.5	1036	49821	48785
ENST00000340677.9	29	23751	23722
ENST00000340684.10	668	16839	16171
ENST00000340687.10	588	18277	17689
ENST00000340692.10	2190	32144	29954
ENST00000340694.8	2477	385942	383465
ENST00000340699.7	416	233838	233422
ENST00000340700.9	5435	147959	142524
ENST00000340717.4	888	8772	7884
ENST00000340722.8	42	5273	5231
ENST00000340726.8	1910	159232	157322
ENST00000340729.9	67	143100	143033
ENST00000340736.10	3133	40258	37125
ENST00000340738.9	2282	38892	36610
ENST00000340748.8	324	66361	66037
ENST00000340749.9	1807	58849	57042
ENST00000340750.1	0	1876	1876
ENST00000340758.7	2300	8782	6482
ENST00000340766.9	229	23802	23573
ENST00000340780.7	42	4479	4437
ENST00000340781.8	1847	25412	23565
ENST00000340783.11	301	7275	6974
ENST00000340790.9	241	7805	7564
ENST00000340800.7	2695	44268	41573
ENST00000340802.12	1451	42311	40860
ENST00000340806.7	9052	26433	17381
ENST00000340807.3	148	2132	1984
ENST00000340811.9	1672	108474	106802
ENST00000340825.7	300	203045	202745
ENST00000340827.4	32	22591	22559
ENST00000340828.7	1662	5847	4185
ENST00000340829.10	521	149198	148677
ENST00000340830.9	284	17495	17211
ENST00000340833.4	101	10129	10028
ENST00000340834.10	756	91305	90549
ENST00000340840.6	199	44815	44616
ENST00000340844.6	234	21133	20899
ENST00000340848.11	2954	14060	11106
ENST00000340849.8	8190	59273	51083
ENST00000340850.10	444	13447	13003
ENST00000340852.9	124	55907	55783
ENST00000340855.11	5761	29790	24029
ENST00000340857.4	316	1478	1162
ENST00000340866.10	813	20314	19501
ENST00000340871.8	175	79662	79487
ENST00000340879.8	704	2132	1428
ENST00000340880.5	21	12449	12428
ENST00000340881.2	174	7383	7209
ENST00000340882.2	3	55011	55008
ENST00000340888.8	727	4362	3635
ENST00000340892.9	2924	35049	32125
ENST00000340900.3	255	1189	934
ENST00000340908.9	987	164084	163097
ENST00000340911.8	19485	40609	21124
ENST00000340912.6	21221	22491	1270
ENST00000340913.11	82	4690	4608
ENST00000340918.11	452	62400	61948
ENST00000340923.9	10	56778	56768
ENST00000340930.7	1064	235496	234432
ENST00000340932.7	8508	11819	3311
ENST00000340934.10	3136	21368	18232
ENST00000340940.5	900	32174	31274
ENST00000340941.11	86	71189	71103
ENST00000340951.9	57	91068	91011
ENST00000340954.11	1358	41987	40629
ENST00000340957.9	5811	9869	4058
ENST00000340958.4	206	1458	1252
ENST00000340963.9	1526	13679	12153
ENST00000340965.4	131	44852	44721
ENST00000340967.3	76	42443	42367
ENST00000340970.8	859	3932	3073
ENST00000340972.8	1930	166954	165024
ENST00000340978.7	45	218163	218118
ENST00000340990.10	744	11356	10612
ENST00000340992.4	39	2020	1981
ENST00000340993.10	312	32176	31864
ENST00000340994.4	1140	374212	373072
ENST00000341010.6	4769	7843	3074
ENST00000341012.13	3259	22203	18944
ENST00000341016.5	61	761	700
ENST00000341023.2	70	848	778
ENST00000341029.9	64690	102408	37718
ENST00000341037.8	600	76490	75890
ENST00000341039.6	557	2933	2376
ENST00000341040.11	1881	4991	3110
ENST00000341041.8	296	26703	26407
ENST00000341048.9	506	135064	134558
ENST00000341049.7	27	34779	34752
ENST00000341060.3	812	17122	16310
ENST00000341062.6	648	3472	2824
ENST00000341065.8	0	15592	15592
ENST00000341068.8	1654	118970	117316
ENST00000341071.11	3165	30655	27490
ENST00000341074.10	463	7481	7018
ENST00000341083.7	538	62829	62291
ENST00000341084.7	1492	33612	32120
ENST00000341099.6	4823	56250	51427
ENST00000341105.7	1595	9039	7444
ENST00000341114.7	19	13823	13804
ENST00000341115.8	218	27932	27714
ENST00000341116.7	4448	10632	6184
ENST00000341119.10	2684	26163	23479
ENST00000341124.9	6107	19466	13359
ENST00000341130.6	952	13823	12871
ENST00000341142.8	1061	9128	8067
ENST00000341148.7	19887	28767	8880
ENST00000341156.9	3338	10312	6974
ENST00000341162.8	54	22369	22315
ENST00000341164.9	1228	26613	25385
ENST00000341165.10	5319	42468	37149
ENST00000341166.3	3221	105396	102175
ENST00000341170.5	2392	29021	26629
ENST00000341179.11	92	52271	52179
ENST00000341181.11	1179	6696	5517
ENST00000341183.9	1170	24122	22952
ENST00000341184.7	30336	33532	3196
ENST00000341189.8	2183	4455	2272
ENST00000341191.11	439	19380	18941
ENST00000341193.9	2064	13790	11726
ENST00000341197.9	40	155340	155300
ENST00000341199.10	142	108437	108295
ENST00000341206.9	648	4950	4302
ENST00000341209.9	1026	16092	15066
ENST00000341211.5	18840	134605	115765
ENST00000341217.7	3783	10769	6986
ENST00000341222.10	13699	25921	12222
ENST00000341223.8	2486	3788	1302
ENST00000341228.2	23	12352	12329
ENST00000341247.9	1279	75230	73951
ENST00000341249.11	2872	7410	4538
ENST00000341255.4	4257	5689	1432
ENST00000341259.7	12223	44094	31871
ENST00000341267.9	177	9145	8968
ENST00000341276.11	68	34028	33960
ENST00000341285.8	1345	52968	51623
ENST00000341287.9	463	22210	21747
ENST00000341290.6	971	7986	7015
ENST00000341294.4	1066	1892	826
ENST00000341298.3	74	624	550
ENST00000341305.7	68	1980	1912
ENST00000341307.6	191	77543	77352
ENST00000341310.10	5038	178361	173323
ENST00000341316.6	7	29953	29946
ENST00000341318.9	16	8551	8535
ENST00000341319.8	4379	69958	65579
ENST00000341322.4	1984	17409	15425
ENST00000341329.7	28758	160522	131764
ENST00000341333.10	3053	33696	30643
ENST00000341349.6	180	12442	12262
ENST00000341355.9	37817	46822	9005
ENST00000341356.10	2869	8575	5706
ENST00000341360.7	56374	116225	59851
ENST00000341369.11	191	4660	4469
ENST00000341372.8	16784	26861	10077
ENST00000341376.11	6116	25465	19349
ENST00000341394.9	690	49742	49052
ENST00000341396.2	590	5446	4856
ENST00000341400.11	0	14419	14419
ENST00000341403.9	1	22882	22881
ENST00000341408.6	116	1480	1364
ENST00000341413.8	552	3071	2519
ENST00000341415.3	266	4953	4687
ENST00000341418.10	0	16718	16718
ENST00000341420.5	2575	6467	3892
ENST00000341421.7	193	52130	51937
ENST00000341423.10	4656	7617	2961
ENST00000341426.9	1675	15501	13826
ENST00000341435.9	228	139388	139160
ENST00000341441.9	9198	19849	10651
ENST00000341446.9	146	32532	32386
ENST00000341455.10	24	10205	10181
ENST00000341458.10	698	20304	19606
ENST00000341459.8	55	22849	22794
ENST00000341460.6	1864	47682	45818
ENST00000341462.9	1249	48770	47521
ENST00000341463.5	456	5436	4980
ENST00000341464.9	11416	17498	6082
ENST00000341469.7	3120	36155	33035
ENST00000341470.8	316	13608	13292
ENST00000341472.9	56157	108658	52501
ENST00000341484.11	115	192438	192323
ENST00000341485.10	2592	27472	24880
ENST00000341491.9	6261	11331	5070
ENST00000341495.7	79	8825	8746
ENST00000341500.9	4804	185725	180921
ENST00000341502.9	214	121992	121778
ENST00000341505.4	63	23846	23783
ENST00000341509.9	1314	19874	18560
ENST00000341511.11	698	28165	27467
ENST00000341514.11	60949	140352	79403
ENST00000341516.10	2979	104914	101935
ENST00000341517.9	120420	581972	461552
ENST00000341524.6	47816	106948	59132
ENST00000341529.8	12647	38816	26169
ENST00000341533.8	3656	30175	26519
ENST00000341541.8	159	5268	5109
ENST00000341547.8	1260	241523	240263
ENST00000341550.9	897	13536	12639
ENST00000341552.10	94	41944	41850
ENST00000341558.3	0	6898	6898
ENST00000341567.8	20641	35230	14589
ENST00000341582.10	13659	49091	35432
ENST00000341584.4	173	11611	11438
ENST00000341590.8	1107	95321	94214
ENST00000341595.7	1016	11249	10233
ENST00000341617.7	170732	806007	635275
ENST00000341618.8	8228	97975	89747
ENST00000341627.5	39	1743	1704
ENST00000341633.9	56	36539	36483
ENST00000341640.6	775	6248	5473
ENST00000341642.9	737	17094	16357
ENST00000341653.6	33	96410	96377
ENST00000341656.5	144	6132	5988
ENST00000341657.9	3961	103602	99641
ENST00000341671.12	142	35149	35007
ENST00000341676.9	30	29227	29197
ENST00000341681.9	1338	190290	188952
ENST00000341685.8	899	13838	12939
ENST00000341689.4	22	10399	10377
ENST00000341690.10	1092	8175	7083
ENST00000341694.6	531	7435	6904
ENST00000341695.10	651	105963	105312
ENST00000341697.7	780	13687	12907
ENST00000341698.2	1647	73615	71968
ENST00000341700.7	903	225772	224869
ENST00000341702.3	84	2452	2368
ENST00000341712.8	0	140839	140839
ENST00000341723.8	684	32249	31565
ENST00000341734.8	365	227704	227339
ENST00000341735.5	26	3188	3162
ENST00000341744.8	3660	62043	58383
ENST00000341747.8	7453	9671	2218
ENST00000341749.7	103	87321	87218
ENST00000341750.5	2687	4917	2230
ENST00000341752.11	879	95327	94448
ENST00000341753.10	285	8321	8036
ENST00000341754.8	596	7561	6965
ENST00000341757.9	210	80653	80443
ENST00000341761.8	3530	19889	16359
ENST00000341772.5	914	358992	358078
ENST00000341773.10	2872	19524	16652
ENST00000341776.7	471	277899	277428
ENST00000341785.5	69807	71394	1587
ENST00000341795.7	471	15282	14811
ENST00000341809.8	1542	15533	13991
ENST00000341832.11	542	24587	24045
ENST00000341840.7	1845	28608	26763
ENST00000341843.8	1520	35685	34165
ENST00000341846.10	1131	28500	27369
ENST00000341852.10	554	400530	399976
ENST00000341861.9	4424	75903	71479
ENST00000341863.10	34879	64250	29371
ENST00000341864.6	1865	10609	8744
ENST00000341865.9	2645	44884	42239
ENST00000341871.8	2161	17030	14869
ENST00000341872.10	2632	25661	23029
ENST00000341885.6	84	50547	50463
ENST00000341893.8	63	43518	43455
ENST00000341900.6	142	2925	2783
ENST00000341901.5	24867	29662	4795
ENST00000341911.10	206	38936	38730
ENST00000341918.4	4536	14482	9946
ENST00000341919.7	88	97492	97404
ENST00000341923.10	0	103203	103203
ENST00000341926.7	26893	77987	51094
ENST00000341928.7	2300	100037	97737
ENST00000341935.10	13039	15376	2337
ENST00000341937.9	691	194200	193509
ENST00000341942.10	55	5336	5281
ENST00000341947.7	987	34688	33701
ENST00000341948.6	205	4991	4786
ENST00000341949.9	103	4693	4590
ENST00000341952.8	143	53972	53829
ENST00000341958.4	116	3591	3475
ENST00000341959.2	34	1946	1912
ENST00000341976.5	5121	7795	2674
ENST00000341980.10	278	26694	26416
ENST00000341983.8	981	12168	11187
ENST00000341989.9	1251	16921	15670
ENST00000341990.8	180	193252	193072
ENST00000341991.7	1675	15501	13826
ENST00000341998.7	8701	281384	272683
ENST00000342002.6	2000	146408	144408
ENST00000342014.6	1036	50833	49797
ENST00000342016.8	478	48940	48462
ENST00000342018.12	8	28333	28325
ENST00000342020.6	1485	5730	4245
ENST00000342022.8	1596	121470	119874
ENST00000342032.8	5227	20526	15299
ENST00000342043.3	3118	36153	33035
ENST00000342045.6	3765	448856	445091
ENST00000342048.9	1	85543	85542
ENST00000342055.9	0	58055	58055
ENST00000342056.6	398	576457	576059
ENST00000342058.9	816	79151	78335
ENST00000342063.5	1052	7716	6664
ENST00000342066.8	211	20449	20238
ENST00000342071.5	117	6765	6648
ENST00000342075.8	7321	33857	26536
ENST00000342081.7	3093	48451	45358
ENST00000342084.8	256	151527	151271
ENST00000342085.9	92	61397	61305
ENST00000342101.7	11787	33374	21587
ENST00000342104.9	4923	45068	40145
ENST00000342105.7	110	36936	36826
ENST00000342108.2	358	1790	1432
ENST00000342111.9	3897	15024	11127
ENST00000342112.9	355	36633	36278
ENST00000342114.8	42	3624	3582
ENST00000342115.8	432	13688	13256
ENST00000342136.9	11985	35096	23111
ENST00000342144.3	87	1149	1062
ENST00000342159.6	8	22225	22217
ENST00000342160.7	1216	135052	133836
ENST00000342166.10	282	15844	15562
ENST00000342173.11	187	36064	35877
ENST00000342175.11	3	358793	358790
ENST00000342179.9	2129	78242	76113
ENST00000342183.9	1184	427506	426322
ENST00000342187.9	1043	6820	5777
ENST00000342190.11	57	16622	16565
ENST00000342192.9	31	54410	54379
ENST00000342193.8	1184	159915	158731
ENST00000342202.8	491	3670	3179
ENST00000342203.8	3730	29342	25612
ENST00000342206.10	499	33540	33041
ENST00000342213.3	553	3491	2938
ENST00000342216.8	31	34343	34312
ENST00000342219.9	1204	26105	24901
ENST00000342220.9	0	24158	24158
ENST00000342222.6	767	34387	33620
ENST00000342228.7	1331	57861	56530
ENST00000342232.5	2526	88565	86039
ENST00000342234.3	2394	4648	2254
ENST00000342245.9	125	6017	5892
ENST00000342247.10	324	187809	187485
ENST00000342251.7	390	494429	494039
ENST00000342260.9	0	112788	112788
ENST00000342266.4	409	31805	31396
ENST00000342272.3	1148	10273	9125
ENST00000342274.8	864	31830	30966
ENST00000342280.5	1215	3211	1996
ENST00000342287.9	109	216756	216647
ENST00000342291.3	6151	10506	4355
ENST00000342295.6	1121	112857	111736
ENST00000342301.8	1907	44801	42894
ENST00000342308.10	944	13722	12778
ENST00000342310.7	2016	154830	152814
ENST00000342312.9	56	21279	21223
ENST00000342314.9	2428	12498	10070
ENST00000342315.8	214	34232	34018
ENST00000342316.8	22727	109162	86435
ENST00000342320.8	176	70015	69839
ENST00000342331.5	515	1545	1030
ENST00000342343.8	0	218199	218199
ENST00000342348.9	436	7292	6856
ENST00000342350.10	1098	12236	11138
ENST00000342355.8	322343	385883	63540
ENST00000342358.9	256	107560	107304
ENST00000342364.8	109	1936	1827
ENST00000342374.5	2858	25919	23061
ENST00000342376.4	33	15018	14985
ENST00000342380.3	1035	16902	15867
ENST00000342386.10	57	33672	33615
ENST00000342392.3	16887	18376	1489
ENST00000342404.8	9741	65353	55612
ENST00000342407.5	397	5427	5030
ENST00000342412.10	214	4553	4339
ENST00000342415.6	60	19680	19620
ENST00000342421.9	54	162274	162220
ENST00000342422.3	130	6824	6694
ENST00000342427.6	365	62383	62018
ENST00000342435.9	868	22318	21450
ENST00000342437.8	39318	358107	318789
ENST00000342443.10	250	153997	153747
ENST00000342444.8	5851	117966	112115
ENST00000342449.8	10780	134775	123995
ENST00000342454.12	292	9864	9572
ENST00000342456.11	4971	19004	14033
ENST00000342462.5	2415	5131	2716
ENST00000342473.8	215	2666	2451
ENST00000342474.4	0	976	976
ENST00000342480.7	35	45099	45064
ENST00000342482.8	15	7213	7198
ENST00000342483.5	406	22301	21895
ENST00000342494.8	5918	60323	54405
ENST00000342502.6	183	32343	32160
ENST00000342503.8	771	35146	34375
ENST00000342505.5	1336	56473	55137
ENST00000342506.4	3029	5217	2188
ENST00000342512.4	4912	65339	60427
ENST00000342526.8	971	362850	361879
ENST00000342537.8	97	2627	2530
ENST00000342550.6	50188	131312	81124
ENST00000342555.10	1448	21060	19612
ENST00000342556.6	178	7001	6823
ENST00000342558.3	823	53585	52762
ENST00000342560.10	27	33084	33057
ENST00000342572.12	1418	2115	697
ENST00000342579.8	0	164796	164796
ENST00000342595.3	471	28888	28417
ENST00000342607.10	144	63972	63828
ENST00000342619.10	375	17591	17216
ENST00000342620.9	29486	32496	3010
ENST00000342623.5	50	1914	1864
ENST00000342624.10	1372	68999	67627
ENST00000342628.6	958	19189	18231
ENST00000342640.9	456	15352	14896
ENST00000342644.9	68	8780	8712
ENST00000342645.7	204	136211	136007
ENST00000342648.9	9338	16016	6678
ENST00000342649.9	16017	70391	54374
ENST00000342651.9	402	16696	16294
ENST00000342652.6	0	170678	170678
ENST00000342665.5	373	2261	1888
ENST00000342666.9	1653	308442	306789
ENST00000342669.8	96	4779	4683
ENST00000342677.10	149699	322372	172673
ENST00000342679.9	210	30545	30335
ENST00000342680.5	2509	5773	3264
ENST00000342683.6	118	5880	5762
ENST00000342690.4	129	1189	1060
ENST00000342694.7	818	20970	20152
ENST00000342695.9	3688	159390	155702
ENST00000342697.5	4510	15686	11176
ENST00000342702.8	27	71684	71657
ENST00000342704.11	172	156321	156149
ENST00000342711.6	1424	26133	24709
ENST00000342740.6	145	21468	21323
ENST00000342741.6	1282	13813	12531
ENST00000342743.6	644	2052	1408
ENST00000342745.5	46997	100284	53287
ENST00000342751.8	25	48601	48576
ENST00000342752.9	337	2762	2425
ENST00000342753.8	918	6829	5911
ENST00000342754.5	0	26499	26499
ENST00000342771.10	1179	1196276	1195097
ENST00000342782.4	751	4248	3497
ENST00000342783.5	13	14711	14698
ENST00000342784.7	33	8756	8723
ENST00000342785.8	11845	113670	101825
ENST00000342788.9	7901	1166709	1158808
ENST00000342790.8	79	33815	33736
ENST00000342795.9	13627	38848	25221
ENST00000342818.4	236	68587	68351
ENST00000342820.10	35777	52964	17187
ENST00000342833.4	85	2585	2500
ENST00000342836.9	44108	49259	5151
ENST00000342854.10	226	32761	32535
ENST00000342868.7	183	18413	18230
ENST00000342873.7	433	869	436
ENST00000342878.3	22	1651	1629
ENST00000342879.7	778	15365	14587
ENST00000342895.8	314	20782	20468
ENST00000342905.10	21	33390	33369
ENST00000342907.3	5715	23597	17882
ENST00000342916.7	246	151362	151116
ENST00000342922.8	4539	64503	59964
ENST00000342929.4	3	39484	39481
ENST00000342932.8	4729	26249	21520
ENST00000342933.7	2305	99536	97231
ENST00000342935.7	29062	54241	25179
ENST00000342945.9	3190	135077	131887
ENST00000342947.9	674	52898	52224
ENST00000342951.11	2355	19662	17307
ENST00000342970.6	5432	7493	2061
ENST00000342972.3	248	1560	1312
ENST00000342981.8	631	24508	23877
ENST00000342983.6	11146	14790	3644
ENST00000342988.8	16834	49896	33062
ENST00000342992.11	1026	378611	377585
ENST00000342995.4	69	3085	3016
ENST00000343002.7	6324	105876	99552
ENST00000343003.10	8014	33861	25847
ENST00000343004.10	2576	27430	24854
ENST00000343010.8	2587	9074	6487
ENST00000343017.11	88	3854	3766
ENST00000343023.10	155	9672	9517
ENST00000343028.9	2389	44287	41898
ENST00000343035.3	82	4797	4715
ENST00000343036.6	48	163236	163188
ENST00000343043.7	20697	50338	29641
ENST00000343053.6	39	19469	19430
ENST00000343055.5	72	2841	2769
ENST00000343063.8	80	34395	34315
ENST00000343067.9	72869	203798	130929
ENST00000343070.7	46298	80404	34106
ENST00000343075.7	20	5377	5357
ENST00000343079.1	3	817	814
ENST00000343090.11	713	150873	150160
ENST00000343105.9	2717	18643	15926
ENST00000343106.9	2798	30811	28013
ENST00000343110.3	7379	12216	4837
ENST00000343111.10	2924	48102	45178
ENST00000343114.7	183	336230	336047
ENST00000343118.6	18175	20033	1858
ENST00000343122.7	926	79878	78952
ENST00000343125.8	1445	11521	10076
ENST00000343131.7	148	11722	11574
ENST00000343137.8	23755	41549	17794
ENST00000343139.11	53	6116	6063
ENST00000343141.8	150	22679	22529
ENST00000343150.10	1485	5977	4492
ENST00000343161.8	56	45040	44984
ENST00000343164.9	329	41222	40893
ENST00000343187.8	75	57198	57123
ENST00000343195.8	3	16867	16864
ENST00000343200.9	11845	115971	104126
ENST00000343202.8	1759	61145	59386
ENST00000343210.11	125	78974	78849
ENST00000343213.2	42	6750	6708
ENST00000343216.3	28	5256	5228
ENST00000343217.6	631	1936	1305
ENST00000343218.10	3230	121088	117858
ENST00000343225.4	107	106342	106235
ENST00000343231.10	661	55050	54389
ENST00000343242.9	8491	10136	1645
ENST00000343245.7	2067	132550	130483
ENST00000343246.6	301	1385	1084
ENST00000343253.11	3443	102889	99446
ENST00000343255.9	2062	11949	9887
ENST00000343256.9	15	7322	7307
ENST00000343257.7	102	38792	38690
ENST00000343262.9	43	3440	3397
ENST00000343267.8	198	11319	11121
ENST00000343276.4	9608	28258	18650
ENST00000343279.8	1105	95339	94234
ENST00000343280.8	3691	9185	5494
ENST00000343281.9	18096	25780	7684
ENST00000343289.9	1657	88606	86949
ENST00000343290.5	0	20998	20998
ENST00000343300.8	479	12971	12492
ENST00000343304.10	467	27347	26880
ENST00000343307.5	110	131169	131059
ENST00000343315.9	250	33471	33221
ENST00000343317.11	624	8655	8031
ENST00000343318.9	1170	17875	16705
ENST00000343320.10	94	11506	11412
ENST00000343325.9	160	20061	19901
ENST00000343327.6	1193	76532	75339
ENST00000343338.11	1193	17342	16149
ENST00000343344.8	0	100253	100253
ENST00000343348.11	3061	64461	61400
ENST00000343358.11	0	6520	6520
ENST00000343366.8	568	2174	1606
ENST00000343373.10	720	14463	13743
ENST00000343380.6	1258	12091	10833
ENST00000343381.10	386	5596	5210
ENST00000343388.11	1976	135546	133570
ENST00000343399.5	2679	4549	1870
ENST00000343410.7	340	27943	27603
ENST00000343411.8	689	51154	50465
ENST00000343420.6	0	15967	15967
ENST00000343431.6	123	5579	5456
ENST00000343433.7	885	102665	101780
ENST00000343450.2	899	9438	8539
ENST00000343455.8	4273	52970	48697
ENST00000343457.3	680	26547	25867
ENST00000343459.8	155	8801	8646
ENST00000343470.9	191	17170	16979
ENST00000343478.7	0	137988	137988
ENST00000343483.7	1168	3833	2665
ENST00000343484.10	115	9866	9751
ENST00000343499.8	15292	19712	4420
ENST00000343505.10	2041	82057	80016
ENST00000343508.7	1846	1164797	1162951
ENST00000343516.8	1373	23525	22152
ENST00000343518.11	52	31373	31321
ENST00000343523.7	2694	391936	389242
ENST00000343524.9	17	59138	59121
ENST00000343526.9	290	127820	127530
ENST00000343529.9	1031	527882	526851
ENST00000343533.10	12353	140335	127982
ENST00000343534.9	2237	4788	2551
ENST00000343537.12	963	69171	68208
ENST00000343542.9	0	132186	132186
ENST00000343544.8	2753	16498	13745
ENST00000343546.8	368	18695	18327
ENST00000343550.9	124	11103	10979
ENST00000343575.11	1569	8202	6633
ENST00000343587.9	355	6708	6353
ENST00000343597.4	2389	21262	18873
ENST00000343599.5	3195	19983	16788
ENST00000343600.9	53912	170199	116287
ENST00000343605.5	670	12295	11625
ENST00000343619.9	2017	64729	62712
ENST00000343625.12	174	15750	15576
ENST00000343629.11	3561	23092	19531
ENST00000343631.4	11890	150602	138712
ENST00000343632.9	27	25774	25747
ENST00000343638.9	2212	15358	13146
ENST00000343666.6	925	1739	814
ENST00000343674.10	371	49843	49472
ENST00000343677.4	50	1326	1276
ENST00000343684.4	75	2485	2410
ENST00000343687.7	151	78584	78433
ENST00000343694.8	83	11655	11572
ENST00000343702.9	1282	134376	133094
ENST00000343705.3	0	2016	2016
ENST00000343706.8	12	213463	213451
ENST00000343709.7	17	116921	116904
ENST00000343727.9	1391	166815	165424
ENST00000343730.10	3196	8946	5750
ENST00000343735.8	134	33181	33047
ENST00000343736.9	3142	32229	29087
ENST00000343737.6	160	20851	20691
ENST00000343742.6	121	82945	82824
ENST00000343744.7	82	62647	62565
ENST00000343761.4	0	58921	58921
ENST00000343762.5	2093	65291	63198
ENST00000343765.6	944	28887	27943
ENST00000343769.6	143	35725	35582
ENST00000343776.10	87436	93842	6406
ENST00000343788.10	82	36074	35992
ENST00000343789.7	202	17079	16877
ENST00000343796.6	3961	125231	121270
ENST00000343805.10	100	89332	89232
ENST00000343810.9	347	9804	9457
ENST00000343811.10	1464	81356	79892
ENST00000343813.10	3890	15565	11675
ENST00000343815.10	4945	45895	40950
ENST00000343817.9	150	98258	98108
ENST00000343818.11	580	5185	4605
ENST00000343820.10	318	8578	8260
ENST00000343823.11	22	35407	35385
ENST00000343827.7	56	64642	64586
ENST00000343837.8	13	11854	11841
ENST00000343846.7	1376	144068	142692
ENST00000343848.10	92	59163	59071
ENST00000343849.3	75	12513	12438
ENST00000343854.10	23	211610	211587
ENST00000343876.6	1113	51864	50751
ENST00000343882.10	1374	107034	105660
ENST00000343894.8	227	4912	4685
ENST00000343898.9	1056	3448	2392
ENST00000343905.5	80	1968	1888
ENST00000343932.5	894	7782	6888
ENST00000343933.9	3802	38249	34447
ENST00000343938.9	2109	3598	1489
ENST00000343941.4	4356	61452	57096
ENST00000343945.5	0	2592	2592
ENST00000343948.8	0	4633	4633
ENST00000343949.9	155	15239	15084
ENST00000343958.9	4774	144760	139986
ENST00000343959.5	31	4641	4610
ENST00000343968.8	20	11786	11766
ENST00000343969.10	50	43024	42974
ENST00000343975.9	5374	25594	20220
ENST00000343979.6	108	26518	26410
ENST00000343984.5	1126	76758	75632
ENST00000343985.8	87	8626	8539
ENST00000343986.9	236	1604	1368
ENST00000343998.8	1729	23737	22008
ENST00000344001.3	2098	3416	1318
ENST00000344008.5	587	50161	49574
ENST00000344013.10	3115	7525	4410
ENST00000344022.7	664	13148	12484
ENST00000344029.6	40	129375	129335
ENST00000344034.5	403	29851	29448
ENST00000344036.8	514	10903	10389
ENST00000344041.10	4118	193896	189778
ENST00000344042.5	31	48016	47985
ENST00000344051.8	537	14531	13994
ENST00000344063.7	426	2804	2378
ENST00000344079.9	1371	20722	19351
ENST00000344085.9	27	4893	4866
ENST00000344086.8	407	61025	60618
ENST00000344087.4	0	1950	1950
ENST00000344095.8	170	9147	8977
ENST00000344096.4	389	11765	11376
ENST00000344099.4	883	24408	23525
ENST00000344100.7	0	644123	644123
ENST00000344102.9	1050	29350	28300
ENST00000344103.8	1075	29069	27994
ENST00000344111.4	4529	10924	6395
ENST00000344113.8	56166	393081	336915
ENST00000344114.8	98	11830	11732
ENST00000344119.6	553	5287	4734
ENST00000344120.4	3785	10302	6517
ENST00000344129.2	775	15352	14577
ENST00000344138.9	46023	70980	24957
ENST00000344140.6	112	21915	21803
ENST00000344147.10	13067	67874	54807
ENST00000344150.8	0	51791	51791
ENST00000344157.9	3715	41530	37815
ENST00000344158.4	3	7602	7599
ENST00000344175.10	881	5020	4139
ENST00000344191.8	172	140582	140410
ENST00000344201.7	44648	62379	17731
ENST00000344204.9	384	374311	373927
ENST00000344206.8	145	20478	20333
ENST00000344209.10	1047	36384	35337
ENST00000344213.9	460	26522	26062
ENST00000344222.5	4342	6372	2030
ENST00000344227.6	2931	32826	29895
ENST00000344229.7	33257	149465	116208
ENST00000344233.6	0	4369	4369
ENST00000344248.4	188	2058	1870
ENST00000344255.8	201	6462	6261
ENST00000344256.10	360	19718	19358
ENST00000344257.9	1680	26356	24676
ENST00000344265.8	493	18003	17510
ENST00000344271.5	11089	26326	15237
ENST00000344275.11	90	41316	41226
ENST00000344277.10	0	107369	107369
ENST00000344279.11	1432	6161	4729
ENST00000344280.8	31	71135	71104
ENST00000344288.10	22157	56443	34286
ENST00000344290.10	67778	131806	64028
ENST00000344293.6	205	199023	198818
ENST00000344300.3	190	2651	2461
ENST00000344302.9	3164	26221	23057
ENST00000344304.3	157	371396	371239
ENST00000344318.4	272	18093	17821
ENST00000344320.8	516	1564	1048
ENST00000344321.8	110	21257	21147
ENST00000344327.8	1394	134719	133325
ENST00000344330.9	356	19043	18687
ENST00000344337.11	5086	76264	71178
ENST00000344338.7	106	89887	89781
ENST00000344347.6	618	7086	6468
ENST00000344351.5	10992	15761	4769
ENST00000344356.5	3	2688	2685
ENST00000344357.9	421	67598	67177
ENST00000344359.7	122	95375	95253
ENST00000344363.7	437	1437	1000
ENST00000344366.7	1600	58051	56451
ENST00000344373.8	319	57438	57119
ENST00000344376.9	0	2573	2573
ENST00000344384.8	1189	33066	31877
ENST00000344386.3	4102	32837	28735
ENST00000344387.9	4119	22263	18144
ENST00000344404.10	3745	18508	14763
ENST00000344408.10	412	149976	149564
ENST00000344413.6	106158	116817	10659
ENST00000344414.9	3160	6543	3383
ENST00000344415.9	31	31134	31103
ENST00000344417.10	263	19478	19215
ENST00000344419.8	20	30084	30064
ENST00000344420.10	66	15331	15265
ENST00000344423.10	3132	17064	13932
ENST00000344425.8	70	39956	39886
ENST00000344429.9	349	127856	127507
ENST00000344442.10	7527	21915	14388
ENST00000344450.9	443	59312	58869
ENST00000344458.6	1065	7264	6199
ENST00000344461.7	213	6608	6395
ENST00000344462.8	181	68504	68323
ENST00000344484.8	856	173497	172641
ENST00000344493.9	75	98484	98409
ENST00000344514.1	3	1861	1858
ENST00000344517.5	1600	44271	42671
ENST00000344519.10	144	32730	32586
ENST00000344523.8	241	250079	249838
ENST00000344526.10	139	8010	7871
ENST00000344528.8	56300	77995	21695
ENST00000344529.5	275	2055	1780
ENST00000344532.8	1151	34617	33466
ENST00000344537.10	171	141105	140934
ENST00000344545.6	221	1059	838
ENST00000344546.8	72	4194	4122
ENST00000344548.8	25852	39455	13603
ENST00000344550.4	54	14900	14846
ENST00000344575.5	230	3774	3544
ENST00000344576.7	261	153623	153362
ENST00000344578.8	3150	19486	16336
ENST00000344579.5	23	4185	4162
ENST00000344581.4	41	3460	3419
ENST00000344586.9	190	3866	3676
ENST00000344591.8	0	12847	12847
ENST00000344592.9	0	17047	17047
ENST00000344595.10	11611	20933	9322
ENST00000344604.10	1003	29639	28636
ENST00000344606.6	0	39113	39113
ENST00000344610.12	39877	103178	63301
ENST00000344616.4	633	1912	1279
ENST00000344622.8	2977	22672	19695
ENST00000344624.8	941	132654	131713
ENST00000344626.10	23122	105690	82568
ENST00000344627.10	36	10211	10175
ENST00000344629.12	335	8223	7888
ENST00000344636.6	3643	69260	65617
ENST00000344641.8	6010	58512	52502
ENST00000344642.7	187	10758	10571
ENST00000344644.10	75	137693	137618
ENST00000344646.10	939	50397	49458
ENST00000344651.5	17	10319	10302
ENST00000344657.5	1763	206643	204880
ENST00000344680.8	417	12937	12520
ENST00000344683.10	41	238910	238869
ENST00000344686.8	1520	30452	28932
ENST00000344691.8	4337	100664	96327
ENST00000344692.7	39	5675	5636
ENST00000344697.3	458	3936	3478
ENST00000344698.6	1821	75507	73686
ENST00000344700.8	384	8278	7894
ENST00000344710.9	524	51776	51252
ENST00000344720.9	4357	277660	273303
ENST00000344721.8	2585	361042	358457
ENST00000344722.5	345	37165	36820
ENST00000344726.10	446	33606	33160
ENST00000344730.8	8391	46893	38502
ENST00000344731.10	1325	11183	9858
ENST00000344733.9	2024	129858	127834
ENST00000344743.8	1012	16622	15610
ENST00000344746.8	148	3115	2967
ENST00000344754.6	1593	25264	23671
ENST00000344756.8	510	11108	10598
ENST00000344762.6	531	89344	88813
ENST00000344768.10	37927	77969	40042
ENST00000344770.6	454	18585	18131
ENST00000344773.6	3828	437935	434107
ENST00000344774.6	104	5060	4956
ENST00000344777.11	2492	9818	7326
ENST00000344785.10	14	8677	8663
ENST00000344788.7	202	10547	10345
ENST00000344791.6	1721	5393	3672
ENST00000344795.8	173	6652	6479
ENST00000344803.3	47	11150	11103
ENST00000344823.9	761	4440	3679
ENST00000344824.11	6925	22309	15384
ENST00000344825.10	128	5721	5593
ENST00000344836.9	1904	74463	72559
ENST00000344838.8	158	58922	58764
ENST00000344839.3	8669	24426	15757
ENST00000344843.12	177	5751	5574
ENST00000344846.7	1476	12646	11170
ENST00000344849.4	903	41199	40296
ENST00000344850.8	1039	264130	263091
ENST00000344861.9	1886	17186	15300
ENST00000344862.10	11387	38348	26961
ENST00000344865.10	45	5198	5153
ENST00000344870.4	215	2938	2723
ENST00000344876.9	2114	16571	14457
ENST00000344877.10	2755	8589	5834
ENST00000344884.4	332	42785	42453
ENST00000344887.10	70	6444	6374
ENST00000344895.4	178	4831	4653
ENST00000344908.9	178	37566	37388
ENST00000344911.8	1282	131369	130087
ENST00000344920.9	6016	104458	98442
ENST00000344921.11	207	48387	48180
ENST00000344922.10	14	53212	53198
ENST00000344924.8	14655	32950	18295
ENST00000344930.7	25744	44802	19058
ENST00000344931.9	120	45398	45278
ENST00000344935.8	48	13900	13852
ENST00000344936.7	2263	105977	103714
ENST00000344937.11	421	17910	17489
ENST00000344941.3	1186	90928	89742
ENST00000344949.9	18	64698	64680
ENST00000344951.8	4098	116950	112852
ENST00000344954.10	71782	125221	53439
ENST00000344956.8	299	19095	18796
ENST00000344962.9	20	22849	22829
ENST00000344979.7	325	16610	16285
ENST00000344980.11	132	22838	22706
ENST00000344987.11	380	14310	13930
ENST00000344989.10	2862	15994	13132
ENST00000344995.9	6580	16061	9481
ENST00000345003.9	101	36432	36331
ENST00000345005.8	10825	22966	12141
ENST00000345008.6	261	22911	22650
ENST00000345009.8	747	110115	109368
ENST00000345016.9	1188	53775	52587
ENST00000345030.6	0	28581	28581
ENST00000345034.2	156	3856	3700
ENST00000345042.6	463	13970	13507
ENST00000345043.2	0	2008	2008
ENST00000345044.10	268	29619	29351
ENST00000345046.12	448	23483	23035
ENST00000345057.9	467	3407	2940
ENST00000345060.5	1231	4701	3470
ENST00000345063.8	35414	149666	114252
ENST00000345068.9	973	8065	7092
ENST00000345080.5	144	122419	122275
ENST00000345084.11	15470	37145	21675
ENST00000345088.3	138	6114	5976
ENST00000345093.9	4271	12814	8543
ENST00000345094.7	2017	23145	21128
ENST00000345096.8	1459	6969	5510
ENST00000345097.8	6245	257768	251523
ENST00000345108.6	111	9113	9002
ENST00000345114.9	3232	33012	29780
ENST00000345117.2	1573	6575	5002
ENST00000345122.8	13366	82141	68775
ENST00000345125.8	788	10122	9334
ENST00000345127.9	3055	18245	15190
ENST00000345133.9	4728	7021	2293
ENST00000345136.8	1027	37917	36890
ENST00000345146.7	853	16556	15703
ENST00000345165.10	99	5181	5082
ENST00000345167.10	250	78424	78174
ENST00000345201.6	147	87607	87460
ENST00000345239.6	452	44713	44261
ENST00000345249.8	40315	62377	22062
ENST00000345253.9	29	21890	21861
ENST00000345254.9	2461	29980	27519
ENST00000345264.10	2786	227293	224507
ENST00000345306.10	2367	46441	44074
ENST00000345317.7	3035	198426	195391
ENST00000345330.9	1899	74387	72488
ENST00000345348.9	132	5330	5198
ENST00000345356.10	79	121968	121889
ENST00000345358.12	54	7328	7274
ENST00000345363.8	4150	6260	2110
ENST00000345365.11	8735	28366	19631
ENST00000345366.8	117	1965	1848
ENST00000345378.7	864	16233	15369
ENST00000345382.7	1561	31721	30160
ENST00000345392.2	60	8688	8628
ENST00000345415.11	155	30719	30564
ENST00000345425.6	657	6207	5550
ENST00000345429.10	53881	170071	116190
ENST00000345436.8	147	13796	13649
ENST00000345451.8	0	66681	66681
ENST00000345491.7	10376	85233	74857
ENST00000345496.7	2800	33657	30857
ENST00000345506.8	1865	25483	23618
ENST00000345512.7	129	93449	93320
ENST00000345514.2	4867	104397	99530
ENST00000345517.8	8304	27684	19380
ENST00000345519.10	136	21499	21363
ENST00000345530.8	3298	83267	79969
ENST00000345535.8	181	4037	3856
ENST00000345540.10	42	11517	11475
ENST00000345589.4	1202	23960	22758
ENST00000345598.9	62	75082	75020
ENST00000345617.7	4932	307757	302825
ENST00000345633.8	17825	50771	32946
ENST00000345635.8	5572	16645	11073
ENST00000345664.10	601	12477	11876
ENST00000345714.8	123	67436	67313
ENST00000345716.9	38	41366	41328
ENST00000345721.6	377	83084	82707
ENST00000345724.7	112	78730	78618
ENST00000345728.10	644	18743	18099
ENST00000345732.9	6528	13503	6975
ENST00000345734.7	159	63037	62878
ENST00000345739.9	2362	59243	56881
ENST00000345745.9	5466	11558	6092
ENST00000345770.9	309	33440	33131
ENST00000345781.10	2203	43854	41651
ENST00000345795.6	270	125774	125504
ENST00000345807.7	276	24490	24214
ENST00000345813.7	879	31910	31031
ENST00000345843.8	86472	112680	26208
ENST00000345847.5	440	1668	1228
ENST00000345851.8	418	19303	18885
ENST00000345865.6	855	20302	19447
ENST00000345866.10	322	8187	7865
ENST00000345868.8	55	14706	14651
ENST00000345877.6	388	120878	120490
ENST00000345901.7	626	23943	23317
ENST00000345913.8	948	131793	130845
ENST00000345937.8	5	16144	16139
ENST00000345941.2	253	2315	2062
ENST00000345957.9	1917	41428	39511
ENST00000345985.7	1308	120989	119681
ENST00000345988.7	880	59784	58904
ENST00000345990.9	33487	103568	70081
ENST00000345999.9	26	14922	14896
ENST00000346027.10	2301	135966	133665
ENST00000346042.7	45	218015	217970
ENST00000346049.10	72033	135951	63918
ENST00000346085.10	1661	438844	437183
ENST00000346128.10	2231	127877	125646
ENST00000346134.11	4649	53481	48832
ENST00000346141.10	835	32105	31270
ENST00000346144.8	46	9389	9343
ENST00000346145.8	414	68556	68142
ENST00000346166.7	1065	8939	7874
ENST00000346169.7	1191	25065	23874
ENST00000346177.6	212	36123	35911
ENST00000346178.8	992	24646	23654
ENST00000346183.8	312	144313	144001
ENST00000346192.7	1559	182638	181079
ENST00000346193.5	154	4898	4744
ENST00000346198.5	0	191060	191060
ENST00000346199.3	126	1710	1584
ENST00000346208.4	846	20534	19688
ENST00000346213.9	807	6166	5359
ENST00000346219.7	21	88695	88674
ENST00000346226.7	502	60454	59952
ENST00000346234.7	179	58856	58677
ENST00000346243.7	3	99623	99620
ENST00000346246.10	2717	56223	53506
ENST00000346248.7	2484	40220	37736
ENST00000346249.9	96	25283	25187
ENST00000346279.4	93	4934	4841
ENST00000346299.10	2413	92988	90575
ENST00000346301.8	52	54163	54111
ENST00000346322.10	65	185151	185086
ENST00000346329.7	8894	38279	29385
ENST00000346330.6	176	9157	8981
ENST00000346341.6	88	11606	11518
ENST00000346342.8	51	14538	14487
ENST00000346348.7	474	90875	90401
ENST00000346365.8	9534	14370	4836
ENST00000346387.8	29801	82120	52319
ENST00000346401.10	212	8007	7795
ENST00000346403.10	19519	24219	4700
ENST00000346416.7	207	39973	39766
ENST00000346424.6	198	37264	37066
ENST00000346432.3	114399	182355	67956
ENST00000346436.11	72	36613	36541
ENST00000346446.9	3115	7525	4410
ENST00000346452.8	167	59214	59047
ENST00000346454.7	1115	16272	15157
ENST00000346473.8	219	1318	1099
ENST00000346477.7	560	13427	12867
ENST00000346495.6	808	25602	24794
ENST00000346498.6	148	55940	55792
ENST00000346501.8	3108	20036	16928
ENST00000346528.9	956	11820	10864
ENST00000346530.9	920	33400	32480
ENST00000346541.7	11836	84079	72243
ENST00000346562.6	74	864555	864481
ENST00000346569.6	103	6593	6490
ENST00000346587.8	0	11191	11191
ENST00000346595.6	26121	39036	12915
ENST00000346606.10	107	1217	1110
ENST00000346617.8	871	42234	41363
ENST00000346618.8	354	89936	89582
ENST00000346623.6	33	36100	36067
ENST00000346652.10	45	96169	96124
ENST00000346664.9	420	11937	11517
ENST00000346667.8	14280	96587	82307
ENST00000346691.9	113	21098	20985
ENST00000346693.8	62963	132683	69720
ENST00000346714.7	8	6183	6175
ENST00000346736.6	450	24441	23991
ENST00000346752.8	241	18168	17927
ENST00000346753.9	647	40370	39723
ENST00000346785.9	53	63265	63212
ENST00000346786.2	3388	8101	4713
ENST00000346798.8	1123	292362	291239
ENST00000346806.2	33	28813	28780
ENST00000346807.7	801	4497	3696
ENST00000346817.10	2643	36033	33390
ENST00000346832.10	1678	115444	113766
ENST00000346833.8	53	5163	5110
ENST00000346834.8	5227	102165	96938
ENST00000346855.7	1305	85162	83857
ENST00000346867.4	529	8170	7641
ENST00000346872.8	8075	107927	99852
ENST00000346874.9	1611	709367	707756
ENST00000346878.3	146	14971	14825
ENST00000346916.9	9124	11787	2663
ENST00000346918.7	373	165877	165504
ENST00000346932.9	543	30271	29728
ENST00000346956.7	1	130715	130714
ENST00000346964.6	2066	257397	255331
ENST00000346968.2	0	19947	19947
ENST00000346990.8	635	107323	106688
ENST00000346991.9	8912	75165	66253
ENST00000346997.6	3	116400	116397
ENST00000347004.2	1716	31013	29297
ENST00000347025.6	1683	13134	11451
ENST00000347027.10	489	26478	25989
ENST00000347034.6	3005	38449	35444
ENST00000347048.8	192	36360	36168
ENST00000347053.8	1964	364744	362780
ENST00000347055.4	582	2134	1552
ENST00000347063.9	212	50677	50465
ENST00000347067.9	43	6650	6607
ENST00000347077.9	1267	21221	19954
ENST00000347088.9	214	23231	23017
ENST00000347108.7	4034	66407	62373
ENST00000347132.10	307	56804	56497
ENST00000347136.11	27	82850	82823
ENST00000347140.7	1012	59570	58558
ENST00000347147.9	854	46811	45957
ENST00000347159.6	68	32904	32836
ENST00000347162.10	1705	16880	15175
ENST00000347193.8	635	107448	106813
ENST00000347197.9	238	46301	46063
ENST00000347206.8	15591	65108	49517
ENST00000347215.8	3664	62823	59159
ENST00000347230.9	1917	77017	75100
ENST00000347255.6	95	290099	290004
ENST00000347262.8	84	5459	5375
ENST00000347275.9	1497	67339	65842
ENST00000347300.6	206	83654	83448
ENST00000347302.7	179	10699	10520
ENST00000347310.10	1667	94548	92881
ENST00000347328.9	26	76820	76794
ENST00000347343.6	771	20008	19237
ENST00000347359.3	435	29783	29348
ENST00000347364.7	4241	14211	9970
ENST00000347370.6	1292	10063	8771
ENST00000347397.5	583	5622	5039
ENST00000347401.8	758	22547	21789
ENST00000347404.10	12406	88212	75806
ENST00000347454.9	51	7518	7467
ENST00000347458.9	1358	41987	40629
ENST00000347464.9	257	44094	43837
ENST00000347466.10	210	7776	7566
ENST00000347470.8	200	45382	45182
ENST00000347471.8	362	29492	29130
ENST00000347476.10	0	31664	31664
ENST00000347486.8	11204	44566	33362
ENST00000347512.8	213	1635	1422
ENST00000347519.12	265	4484	4219
ENST00000347528.8	2510	149919	147409
ENST00000347529.7	100266	230932	130666
ENST00000347545.8	4858	26169	21311
ENST00000347546.8	1585	9684	8099
ENST00000347547.7	3	83256	83253
ENST00000347557.6	1940	25876	23936
ENST00000347580.8	1128	96579	95451
ENST00000347587.7	1769	113647	111878
ENST00000347596.2	177	332930	332753
ENST00000347598.9	576	644718	644142
ENST00000347606.8	1667	14506	12839
ENST00000347609.8	0	20741	20741
ENST00000347612.4	208	13668	13460
ENST00000347613.9	15351	102069	86718
ENST00000347615.6	119	82815	82696
ENST00000347616.5	79	164709	164630
ENST00000347617.10	3908	8292	4384
ENST00000347619.8	53	5512	5459
ENST00000347624.4	4052	7536	3484
ENST00000347630.6	1495	25037	23542
ENST00000347631.8	28727	223796	195069
ENST00000347635.9	4253	22124	17871
ENST00000347642.7	4703	20316	15613
ENST00000347644.8	982	25233	24251
ENST00000347652.6	106	20458	20352
ENST00000347667.5	463	109216	108753
ENST00000347691.9	2541	22668	20127
ENST00000347697.6	45743	98618	52875
ENST00000347699.8	0	196852	196852
ENST00000347703.7	144	13945	13801
ENST00000347708.5	62	2939	2877
ENST00000347735.10	36666	422002	385336
ENST00000347739.3	363	47806	47443
ENST00000347755.10	126	7919	7793
ENST00000347757.6	1414	9696	8282
ENST00000347758.6	292	9623	9331
ENST00000347770.8	747	17163	16416
ENST00000347776.9	2162	75258	73096
ENST00000347785.8	72	24822	24750
ENST00000347800.6	79	82286	82207
ENST00000347831.9	523	5765	5242
ENST00000347839.10	25328	66247	40919
ENST00000347842.8	243	25112	24869
ENST00000347849.7	63	18224	18161
ENST00000347869.8	1516	31955	30439
ENST00000347898.7	12803	67699	54896
ENST00000347900.10	210	11357	11147
ENST00000347901.9	2064	13840	11776
ENST00000347925.9	542	59535	58993
ENST00000347934.8	267	87909	87642
ENST00000347936.6	3625	26735	23110
ENST00000347941.4	34	3877	3843
ENST00000347950.9	132	8613	8481
ENST00000347968.7	2657	12778	10121
ENST00000347970.7	636	11173	10537
ENST00000347978.2	8	6216	6208
ENST00000347982.9	1748	168420	166672
ENST00000347992.11	184	67761	67577
ENST00000348007.7	46	85107	85061
ENST00000348022.6	44	37116	37072
ENST00000348031.6	2536	17250	14714
ENST00000348035.9	209	28486	28277
ENST00000348036.8	44	9661	9617
ENST00000348039.9	207	43560	43353
ENST00000348066.8	762	21809	21047
ENST00000348069.7	748	33201	32453
ENST00000348108.8	46	2745	2699
ENST00000348120.6	25135	581519	556384
ENST00000348124.5	668	13902	13234
ENST00000348126.7	110874	276314	165440
ENST00000348127.11	733	19298	18565
ENST00000348141.9	265	37102	36837
ENST00000348159.9	3921	21117	17196
ENST00000348160.9	41805	111644	69839
ENST00000348161.8	11869	61002	49133
ENST00000348165.10	347	132052	131705
ENST00000348208.9	96	83202	83106
ENST00000348222.3	85	32469	32384
ENST00000348225.7	682	28132	27450
ENST00000348227.4	424	4961	4537
ENST00000348231.8	596	10930	10334
ENST00000348257.9	76	25204	25128
ENST00000348259.9	84	1962	1878
ENST00000348261.11	632	74910	74278
ENST00000348262.7	518	41646	41128
ENST00000348264.6	15	16871	16856
ENST00000348286.6	17900	47767	29867
ENST00000348295.7	157	48507	48350
ENST00000348328.9	179	95903	95724
ENST00000348332.8	167424	281438	114014
ENST00000348333.7	3	5780	5777
ENST00000348335.7	1899	26872	24973
ENST00000348340.6	46	202792	202746
ENST00000348343.11	7547	57344	49797
ENST00000348354.7	443	16243	15800
ENST00000348367.9	3688	34383	30695
ENST00000348370.9	43160	110179	67019
ENST00000348403.10	3983	64516	60533
ENST00000348405.8	416	66794	66378
ENST00000348411.3	1849	7792	5943
ENST00000348417.7	107	83731	83624
ENST00000348419.7	52	12091	12039
ENST00000348423.8	3	132982	132979
ENST00000348427.7	12647	99457	86810
ENST00000348433.10	433	45167	44734
ENST00000348438.8	216	48087	47871
ENST00000348459.10	134	58323	58189
ENST00000348462.6	38	4394	4356
ENST00000348476.7	1351	77024	75673
ENST00000348495.10	313	15979	15666
ENST00000348499.9	18	11971	11953
ENST00000348502.10	2695	44022	41327
ENST00000348513.12	3826	22063	18237
ENST00000348518.4	365	69272	68907
ENST00000348520.10	25388	73252	47864
ENST00000348544.4	3	50031	50028
ENST00000348547.7	20	16559	16539
ENST00000348549.9	676	32723	32047
ENST00000348564.11	301	120616	120315
ENST00000348579.6	250	14801	14551
ENST00000348581.9	1695	43391	41696
ENST00000348603.2	628	68030	67402
ENST00000348610.3	79	171121	171042
ENST00000348616.9	304	56782	56478
ENST00000348628.11	3222	71550	68328
ENST00000348639.7	62	29203	29141
ENST00000348655.11	93	4222	4129
ENST00000348657.6	2073	32304	30231
ENST00000348658.4	81	6618	6537
ENST00000348706.9	485	105711	105226
ENST00000348715.9	4098	63581	59483
ENST00000348721.4	1121	5932	4811
ENST00000348729.8	4813	17837	13024
ENST00000348749.9	535	18164	17629
ENST00000348750.8	502	60130	59628
ENST00000348761.2	74	164672	164598
ENST00000348787.6	0	64086	64086
ENST00000348795.8	68	4382	4314
ENST00000348800.9	0	4352	4352
ENST00000348801.7	0	31413	31413
ENST00000348811.6	265	19053	18788
ENST00000348817.7	365	8306	7941
ENST00000348824.11	118	129689	129571
ENST00000348831.9	97077	149708	52631
ENST00000348849.8	3489	222417	218928
ENST00000348850.9	1382	14533	13151
ENST00000348904.4	766	25603	24837
ENST00000348911.11	339	33595	33256
ENST00000348912.4	1376	7717	6341
ENST00000348925.2	28	40373	40345
ENST00000348931.9	153	9610	9457
ENST00000348943.7	232	46140	45908
ENST00000348946.8	3055	7012	3957
ENST00000348956.7	200	3962	3762
ENST00000348962.7	174	276024	275850
ENST00000348968.8	14913	50431	35518
ENST00000348974.5	1116	102630	101514
ENST00000348986.3	0	11823	11823
ENST00000348990.9	1123	292139	291016
ENST00000348997.9	45693	157559	111866
ENST00000349004.6	1752	71074	69322
ENST00000349014.8	1059	16950	15891
ENST00000349015.7	1055	5919	4864
ENST00000349033.10	336	99645	99309
ENST00000349036.9	0	60614	60614
ENST00000349038.8	73	14977	14904
ENST00000349048.9	53	29124	29071
ENST00000349051.9	3907	21224	17317
ENST00000349062.7	1763	30414	28651
ENST00000349064.10	355	5700	5345
ENST00000349077.9	9229	49810	40581
ENST00000349112.7	2	122856	122854
ENST00000349114.8	36	35593	35557
ENST00000349124.3	6163	15477	9314
ENST00000349129.7	29307	107851	78544
ENST00000349139.6	3581	32508	28927
ENST00000349155.7	1589	15107	13518
ENST00000349157.10	146	14541	14395
ENST00000349184.9	1807	18617	16810
ENST00000349213.7	1633	163680	162047
ENST00000349215.8	1209	42547	41338
ENST00000349223.9	224	139011	138787
ENST00000349225.2	1325	7728	6403
ENST00000349228.8	564	3051	2487
ENST00000349238.7	4241	64264	60023
ENST00000349241.6	147	87339	87192
ENST00000349243.8	43133	45285	2152
ENST00000349258.8	247	27827	27580
ENST00000349264.10	30	4311	4281
ENST00000349299.7	276	14009	13733
ENST00000349305.8	22024	32369	10345
ENST00000349310.7	995	24721	23726
ENST00000349311.12	154	29678	29524
ENST00000349314.6	873	21764	20891
ENST00000349320.7	218	50320	50102
ENST00000349321.7	1180	38930	37750
ENST00000349334.7	34	5988	5954
ENST00000349339.5	156	63742	63586
ENST00000349379.5	147	49332	49185
ENST00000349384.10	73881	145986	72105
ENST00000349394.6	176	9872	9696
ENST00000349431.11	1294	14851	13557
ENST00000349438.8	8067	59409	51342
ENST00000349441.6	87	83384	83297
ENST00000349451.3	7705	14887	7182
ENST00000349455.7	160	47049	46889
ENST00000349456.9	84	26303	26219
ENST00000349457.8	19451	34465	15014
ENST00000349459.10	1384	10748	9364
ENST00000349460.9	72837	203698	130861
ENST00000349466.6	18572	66259	47687
ENST00000349485.10	1550	25214	23664
ENST00000349496.11	24564	42163	17599
ENST00000349499.3	395	49537	49142
ENST00000349505.4	3	7453	7450
ENST00000349511.8	710	26953	26243
ENST00000349527.8	21	6921	6900
ENST00000349533.11	144898	219821	74923
ENST00000349552.1	0	13740	13740
ENST00000349553.9	80	27474	27394
ENST00000349555.7	144	10681	10537
ENST00000349556.5	239	41926	41687
ENST00000349570.11	98	9585	9487
ENST00000349598.6	4585	53373	48788
ENST00000349606.4	13928	18365	4437
ENST00000349607.8	414	68404	67990
ENST00000349618.8	20	8444	8424
ENST00000349655.8	1433	5600	4167
ENST00000349693.3	5498	43485	37987
ENST00000349697.2	136	24766	24630
ENST00000349703.7	1308	82201	80893
ENST00000349714.9	1372	110204	108832
ENST00000349716.9	1604	49383	47779
ENST00000349718.8	209	62975	62766
ENST00000349721.8	13676	182126	168450
ENST00000349736.10	2854	17385	14531
ENST00000349748.8	308	54438	54130
ENST00000349752.10	437	229260	228823
ENST00000349767.6	32002	33968	1966
ENST00000349777.5	16541	36637	20096
ENST00000349780.9	364	196744	196380
ENST00000349792.9	446	50047	49601
ENST00000349806.7	42	6303	6261
ENST00000349807.3	0	27822	27822
ENST00000349817.2	3	3405	3402
ENST00000349820.10	354	60351	59997
ENST00000349830.8	19474	137338	117864
ENST00000349841.10	900	15102	14202
ENST00000349847.4	20170	110597	90427
ENST00000349874.10	122	121583	121461
ENST00000349880.9	859	412667	411808
ENST00000349893.8	165	20590	20425
ENST00000349901.11	5390	32546	27156
ENST00000349926.9	4874	11757	6883
ENST00000349937.8	400	36882	36482
ENST00000349938.8	7693	148520	140827
ENST00000349945.7	336	134035	133699
ENST00000349953.7	0	1073100	1073100
ENST00000349959.3	249	4279	4030
ENST00000349984.6	13364	15701	2337
ENST00000349995.10	98	72250	72152
ENST00000349996.6	0	45766	45766
ENST00000349999.8	160	7717	7557
ENST00000350009.6	992	16370	15378
ENST00000350021.2	228	19745	19517
ENST00000350025.2	0	8941	8941
ENST00000350026.11	0	437145	437145
ENST00000350027.8	761	32001	31240
ENST00000350028.5	136	42330	42194
ENST00000350030.8	106	36446	36340
ENST00000350033.8	2126	21983	19857
ENST00000350034.4	226	48265	48039
ENST00000350048.9	0	4483	4483
ENST00000350051.8	64	9720	9656
ENST00000350057.9	0	32023	32023
ENST00000350060.10	354	21640	21286
ENST00000350061.11	556	323227	322671
ENST00000350082.10	3873	41861	37988
ENST00000350092.8	4206	12985	8779
ENST00000350110.2	55348	313816	258468
ENST00000350119.9	675	5898	5223
ENST00000350148.10	609	32904	32295
ENST00000350199.8	3351	40922	37571
ENST00000350210.6	580	9379	8799
ENST00000350221.4	852	178225	177373
ENST00000350228.6	2199	169537	167338
ENST00000350249.7	140	116908	116768
ENST00000350259.8	250	25553	25303
ENST00000350274.9	260	7411	7151
ENST00000350302.8	6122	62908	56786
ENST00000350303.9	122	7111	6989
ENST00000350320.11	153	104530	104377
ENST00000350339.3	10	7418	7408
ENST00000350356.7	1418	17558	16140
ENST00000350375.7	493	17925	17432
ENST00000350427.5	365	2889	2524
ENST00000350435.11	171	28912	28741
ENST00000350437.8	4496	32478	27982
ENST00000350459.8	561	240903	240342
ENST00000350481.9	5151	24577	19426
ENST00000350485.8	529	8161	7632
ENST00000350490.11	414	72252	71838
ENST00000350494.10	14	47160	47146
ENST00000350498.8	2012	14412	12400
ENST00000350499.6	5050	11567	6517
ENST00000350501.9	127	46805	46678
ENST00000350513.3	3	1861	1858
ENST00000350526.9	214	98331	98117
ENST00000350527.7	543	30401	29858
ENST00000350532.7	3	99739	99736
ENST00000350537.9	1611	709340	707729
ENST00000350549.8	98	5449	5351
ENST00000350573.2	129	27060	26931
ENST00000350592.7	736	14338	13602
ENST00000350605.4	102	1730	1628
ENST00000350608.7	189	3400	3211
ENST00000350612.11	363	44490	44127
ENST00000350623.7	5	6165	6160
ENST00000350638.10	23	275024	275001
ENST00000350657.9	370	39958	39588
ENST00000350667.4	0	14117	14117
ENST00000350669.5	203	20324	20121
ENST00000350690.10	143	8640	8497
ENST00000350696.9	0	140262	140262
ENST00000350697.8	333	21078	20745
ENST00000350710.3	242	6826	6584
ENST00000350721.9	197	137354	137157
ENST00000350761.9	13759	21118	7359
ENST00000350763.9	1585	78019	76434
ENST00000350766.7	1496	236628	235132
ENST00000350771.7	276	14045	13769
ENST00000350773.9	596	45899	45303
ENST00000350777.7	5365	14457	9092
ENST00000350790.9	7	7308	7301
ENST00000350792.7	836	7609	6773
ENST00000350796.8	3168	111912	108744
ENST00000350811.7	2915	109877	106962
ENST00000350849.10	197	16842	16645
ENST00000350878.9	337	197290	196953
ENST00000350881.6	190	50651	50461
ENST00000350887.5	1035	2509	1474
ENST00000350889.9	1541	9057	7516
ENST00000350896.3	2210	71266	69056
ENST00000350902.9	312	20317	20005
ENST00000350908.9	11697	277237	265540
ENST00000350941.7	16713	478204	461491
ENST00000350995.6	264	42016	41752
ENST00000350997.12	2787	18793	16006
ENST00000351004.8	784	84167	83383
ENST00000351008.4	216	230071	229855
ENST00000351010.6	939	24064	23125
ENST00000351017.9	172	148386	148214
ENST00000351018.5	588	1732	1144
ENST00000351030.8	86	46961	46875
ENST00000351035.8	28719	223949	195230
ENST00000351050.8	103	10670	10567
ENST00000351071.11	99	68965	68866
ENST00000351079.8	109	20537	20428
ENST00000351097.9	369	149786	149417
ENST00000351111.7	936	9017	8081
ENST00000351136.7	65	26028	25963
ENST00000351137.8	147	13733	13586
ENST00000351153.5	0	1073196	1073196
ENST00000351193.7	703	31090	30387
ENST00000351200.6	131	16885	16754
ENST00000351205.8	0	27758	27758
ENST00000351217.10	1899	74040	72141
ENST00000351218.6	3975	18366	14391
ENST00000351222.8	0	4280	4280
ENST00000351223.7	82	35406	35324
ENST00000351231.7	1802	32239	30437
ENST00000351233.9	72	54055	53983
ENST00000351266.8	731	18658	17927
ENST00000351270.4	69	36980	36911
ENST00000351273.12	50	51655	51605
ENST00000351288.10	1150	32685	31535
ENST00000351293.7	2517	63427	60910
ENST00000351298.9	2677	140843	138166
ENST00000351325.9	1256	4185	2929
ENST00000351328.8	1388	29889	28501
ENST00000351354.3	573	9768	9195
ENST00000351365.7	47291	48615	1324
ENST00000351388.8	112	2103	1991
ENST00000351393.10	43	47126	47083
ENST00000351424.8	72	25267	25195
ENST00000351429.7	4197	13707	9510
ENST00000351436.8	23	15751	15728
ENST00000351439.10	363	260286	259923
ENST00000351450.10	79831	104648	24817
ENST00000351486.10	15	20065	20050
ENST00000351487.5	12	24606	24594
ENST00000351488.7	87847	146051	58204
ENST00000351500.7	43	4140	4097
ENST00000351513.7	1770	89037	87267
ENST00000351546.7	3299	22964	19665
ENST00000351554.8	133	12830	12697
ENST00000351556.7	3462	53811	50349
ENST00000351559.10	67784	130926	63142
ENST00000351578.12	2194	100040	97846
ENST00000351581.4	181	4037	3856
ENST00000351606.10	326	19643	19317
ENST00000351625.10	7	34684	34677
ENST00000351659.7	502	60418	59916
ENST00000351660.9	119	7002	6883
ENST00000351677.7	165	87578	87413
ENST00000351680.7	3	99739	99736
ENST00000351691.10	92587	129786	37199
ENST00000351698.5	1033	12134	11101
ENST00000351718.8	2251	95926	93675
ENST00000351747.6	85	258389	258304
ENST00000351748.7	3	5370	5367
ENST00000351760.11	0	3995	3995
ENST00000351773.7	2282	26177	23895
ENST00000351797.9	2831	46307	43476
ENST00000351806.8	554	6874	6320
ENST00000351808.10	7229	126462	119233
ENST00000351817.5	549	3094	2545
ENST00000351829.9	10969	20094	9125
ENST00000351839.7	1156	11429	10273
ENST00000351841.2	12	8060	8048
ENST00000351842.8	465	64920	64455
ENST00000351870.8	2668	10349	7681
ENST00000351898.10	49250	382680	333430
ENST00000351933.8	1085	21712	20627
ENST00000351936.11	1513	117910	116397
ENST00000351937.9	710	13632	12922
ENST00000351948.8	1690	85381	83691
ENST00000351959.9	233	6034	5801
ENST00000351960.10	666	35993	35327
ENST00000351986.10	120	23518	23398
ENST00000351989.8	5723	32170	26447
ENST00000352009.9	0	49241	49241
ENST00000352011.7	90	42107	42017
ENST00000352035.7	895	50230	49335
ENST00000352040.7	10	369180	369170
ENST00000352041.7	759	19484	18725
ENST00000352065.10	97	212285	212188
ENST00000352066.8	1417	4547	3130
ENST00000352068.5	0	13012	13012
ENST00000352077.6	3	29256	29253
ENST00000352078.8	2765	15455	12690
ENST00000352105.11	32448	77997	45549
ENST00000352115.10	0	400878	400878
ENST00000352127.11	1184	14501	13317
ENST00000352131.7	610	23834	23224
ENST00000352133.3	4603	68085	63482
ENST00000352151.9	865	65130	64265
ENST00000352171.12	29	92827	92798
ENST00000352178.9	692	20640	19948
ENST00000352179.7	42	6422	6380
ENST00000352187.5	839	20677	19838
ENST00000352189.8	3	154047	154044
ENST00000352203.8	314	13093	12779
ENST00000352210.9	438	6182	5744
ENST00000352222.7	17	4069	4052
ENST00000352231.6	7806	30960	23154
ENST00000352241.9	134	227349	227215
ENST00000352251.8	1503	30196	28693
ENST00000352260.11	339	10835	10496
ENST00000352268.10	1124	23017	21893
ENST00000352297.11	1204	33257	32053
ENST00000352301.8	1503	20845	19342
ENST00000352303.9	24	16606	16582
ENST00000352312.6	1092	43309	42217
ENST00000352319.8	810	37984	37174
ENST00000352327.5	179	5086	4907
ENST00000352331.8	162	36046	35884
ENST00000352371.5	1949	13956	12007
ENST00000352385.3	2528	45108	42580
ENST00000352392.8	160	7167	7007
ENST00000352393.8	213	8488	8275
ENST00000352397.10	1936	32369	30433
ENST00000352410.9	32	8946	8914
ENST00000352418.8	0	4340	4340
ENST00000352431.6	323	149687	149364
ENST00000352432.9	5955	127007	121052
ENST00000352433.10	458	7424	6966
ENST00000352435.8	34	4011	3977
ENST00000352445.10	43	16808	16765
ENST00000352451.4	899	25468	24569
ENST00000352456.7	5732	46350	40618
ENST00000352480.10	7268	57279	50011
ENST00000352482.8	76	25304	25228
ENST00000352483.3	1472	30159	28687
ENST00000352508.7	214	12253	12039
ENST00000352511.5	433	30964	30531
ENST00000352523.10	9	20086	20077
ENST00000352527.6	14406	73453	59047
ENST00000352529.1	590	20463	19873
ENST00000352536.7	206	7359	7153
ENST00000352551.9	22	4535	4513
ENST00000352580.7	1313	6804	5491
ENST00000352591.9	1808	22352	20544
ENST00000352594.10	4835	7543	2708
ENST00000352618.9	50	21096	21046
ENST00000352620.9	0	15012	15012
ENST00000352632.7	6381	116982	110601
ENST00000352634.8	5474	11760	6286
ENST00000352645.5	19136	58810	39674
ENST00000352665.10	54	68399	68345
ENST00000352681.8	120	3489	3369
ENST00000352684.2	24550	62859	38309
ENST00000352689.11	24	162036	162012
ENST00000352690.9	52	109299	109247
ENST00000352732.10	27872	108230	80358
ENST00000352766.11	0	162029	162029
ENST00000352767.7	1302	25196	23894
ENST00000352793.6	336	9933	9597
ENST00000352800.10	735	41739	41004
ENST00000352818.8	0	91038	91038
ENST00000352832.9	372	72376	72004
ENST00000352845.3	0	47357	47357
ENST00000352848.8	497	60258	59761
ENST00000352855.9	18	51347	51329
ENST00000352861.9	161	5536	5375
ENST00000352867.6	720	11077	10357
ENST00000352879.8	41	12216	12175
ENST00000352886.10	893	20767	19874
ENST00000352896.9	276	67679	67403
ENST00000352903.6	24	64175	64151
ENST00000352904.6	39	15430	15391
ENST00000352909.8	307	9335	9028
ENST00000352931.6	147	87559	87412
ENST00000352937.6	248	17159	16911
ENST00000352940.8	52	17442	17390
ENST00000352957.9	54	22823	22769
ENST00000352966.9	82030	85689	3659
ENST00000352967.9	351	31591	31240
ENST00000352980.8	250	8530	8280
ENST00000352981.7	711	15381	14670
ENST00000352983.7	805	4108	3303
ENST00000352993.7	1386	81943	80557
ENST00000352998.7	3990	18618	14628
ENST00000353004.7	0	27989	27989
ENST00000353047.11	2604	11938	9334
ENST00000353065.7	1071	13717	12646
ENST00000353068.7	3	16888	16885
ENST00000353088.6	1590	25671	24081
ENST00000353107.8	720	2848	2128
ENST00000353126.8	28722	223499	194777
ENST00000353130.5	15	33047	33032
ENST00000353147.9	160	7442	7282
ENST00000353151.4	1097	6411	5314
ENST00000353159.6	1226	14482	13256
ENST00000353170.9	542	59458	58916
ENST00000353172.6	881	8297	7416
ENST00000353176.9	732	20918	20186
ENST00000353185.7	11610	107075	95465
ENST00000353187.6	702	30723	30021
ENST00000353196.5	882	50188	49306
ENST00000353205.5	6107	25370	19263
ENST00000353214.6	7161	15262	8101
ENST00000353224.10	2095	109107	107012
ENST00000353225.7	42	6365	6323
ENST00000353231.9	1684	13903	12219
ENST00000353234.5	4513	67080	62567
ENST00000353245.7	2010	30933	28923
ENST00000353258.8	1780	21258	19478
ENST00000353265.8	2542	91241	88699
ENST00000353267.8	25674	68067	42393
ENST00000353275.9	7873	51548	43675
ENST00000353278.8	3531	42624	39093
ENST00000353317.9	373	49041	48668
ENST00000353319.8	343	99708	99365
ENST00000353331.8	4250	25600	21350
ENST00000353332.9	151	54313	54162
ENST00000353334.11	573	11767	11194
ENST00000353339.8	4495	32880	28385
ENST00000353341.8	1508	20760	19252
ENST00000353364.7	77	146869	146792
ENST00000353379.12	22	10067	10045
ENST00000353383.6	111491	134234	22743
ENST00000353411.11	8801	25571	16770
ENST00000353414.8	1554	236945	235391
ENST00000353437.10	220	254192	253972
ENST00000353442.10	6290	216655	210365
ENST00000353468.4	2355	3290	935
ENST00000353487.7	2492	142498	140006
ENST00000353492.4	101	67221	67120
ENST00000353507.9	947	80570	79623
ENST00000353533.10	10	121566	121556
ENST00000353546.7	2716	16234	13518
ENST00000353548.11	715	18925	18210
ENST00000353555.9	39	10778	10739
ENST00000353578.9	473	81384	80911
ENST00000353598.6	0	10736	10736
ENST00000353609.8	591	6023	5432
ENST00000353617.7	49680	131373	81693
ENST00000353625.8	714	107490	106776
ENST00000353632.6	137	29032	28895
ENST00000353656.10	0	52302	52302
ENST00000353660.7	568	23649	23081
ENST00000353662.4	3	11952	11949
ENST00000353665.10	7219	10937	3718
ENST00000353676.9	0	3016	3016
ENST00000353689.8	185	5983	5798
ENST00000353703.9	15829	21463	5634
ENST00000353704.3	107	5161	5054
ENST00000353706.6	8280	18362	10082
ENST00000353739.8	3359	65096	61737
ENST00000353758.8	0	16101	16101
ENST00000353772.7	501	57427	56926
ENST00000353777.7	11602	33393	21791
ENST00000353782.9	367	69015	68648
ENST00000353788.8	1919	41344	39425
ENST00000353796.7	2256	21915	19659
ENST00000353801.7	1543	8669	7126
ENST00000353809.9	516	329419	328903
ENST00000353836.9	1081	9356	8275
ENST00000353841.6	102	5355	5253
ENST00000353855.6	17900	47954	30054
ENST00000353866.7	327	32905	32578
ENST00000353868.5	27274	126655	99381
ENST00000353887.8	252	80812	80560
ENST00000353903.9	230	4897	4667
ENST00000353909.7	2663	12805	10142
ENST00000353917.10	325	13627	13302
ENST00000353963.7	4813	17849	13036
ENST00000353979.7	5472	11689	6217
ENST00000353999.6	28	21627	21599
ENST00000354024.7	394	17767	17373
ENST00000354026.10	96	43567	43471
ENST00000354042.8	329	48121	47792
ENST00000354050.8	323	14140	13817
ENST00000354056.4	178	5577	5399
ENST00000354064.11	600	4023	3423
ENST00000354069.6	58	207224	207166
ENST00000354078.7	0	27947	27947
ENST00000354082.8	41	13347	13306
ENST00000354098.7	225	28775	28550
ENST00000354105.10	932	36895	35963
ENST00000354106.7	3	129060	129057
ENST00000354115.6	122	15443	15321
ENST00000354124.7	21035	25991	4956
ENST00000354147.7	163	104983	104820
ENST00000354161.8	1485	16618	15133
ENST00000354171.13	50	3159	3109
ENST00000354177.9	0	17071	17071
ENST00000354179.9	2898	169570	166672
ENST00000354181.8	4100	110321	106221
ENST00000354185.9	56	28973	28917
ENST00000354186.8	0	500282	500282
ENST00000354189.9	339	88696	88357
ENST00000354190.10	28	15739	15711
ENST00000354191.8	35162	46900	11738
ENST00000354192.7	1123	291972	290849
ENST00000354193.5	4195	11048	6853
ENST00000354194.4	360	1275	915
ENST00000354200.5	3109	28126	25017
ENST00000354202.9	491	6360	5869
ENST00000354204.10	38373	44179	5806
ENST00000354209.7	11	37131	37120
ENST00000354212.9	2263	1440608	1438345
ENST00000354216.11	150	18172	18022
ENST00000354219.5	603	15220	14617
ENST00000354221.5	187	17555	17368
ENST00000354224.10	873	15397	14524
ENST00000354227.9	255	13548	13293
ENST00000354228.8	24	77670	77646
ENST00000354232.8	45	10502	10457
ENST00000354234.8	7520	49615	42095
ENST00000354241.5	968	19111	18143
ENST00000354249.8	138	3364	3226
ENST00000354250.7	25	17124	17099
ENST00000354258.5	373	10660	10287
ENST00000354266.7	28509	83943	55434
ENST00000354267.3	24	22734	22710
ENST00000354268.9	530	84721	84191
ENST00000354269.9	732	19374	18642
ENST00000354273.5	89	53206	53117
ENST00000354275.2	234	7863	7629
ENST00000354276.7	5152	60251	55099
ENST00000354280.9	1521	7126	5605
ENST00000354283.8	135	72969	72834
ENST00000354284.8	603	15990	15387
ENST00000354285.8	738	160662	159924
ENST00000354286.8	3675	10782	7107
ENST00000354287.5	310	6835	6525
ENST00000354289.9	83	24490	24407
ENST00000354291.8	19	8460	8441
ENST00000354293.10	133	42596	42463
ENST00000354297.9	1716	7289	5573
ENST00000354300.5	3795	50692	46897
ENST00000354308.8	2291	8995	6704
ENST00000354309.4	12534	15496	2962
ENST00000354310.4	271	17137	16866
ENST00000354312.7	2384	46458	44074
ENST00000354313.7	1572	179181	177609
ENST00000354321.11	246	8593	8347
ENST00000354323.3	86	774	688
ENST00000354325.2	199	44779	44580
ENST00000354332.8	149	1482	1333
ENST00000354334.7	1122	39900	38778
ENST00000354336.8	528	33341	32813
ENST00000354340.9	881	16702	15821
ENST00000354352.9	121	4891	4770
ENST00000354353.9	2391	522204	519813
ENST00000354359.12	306	20577	20271
ENST00000354361.3	304	10099	9795
ENST00000354363.11	20923	45190	24267
ENST00000354366.8	10479	67522	57043
ENST00000354370.5	135798	157272	21474
ENST00000354371.7	76	12469	12393
ENST00000354373.2	209	4485	4276
ENST00000354377.8	2377	10442	8065
ENST00000354379.8	1198	97515	96317
ENST00000354381.3	736	45113	44377
ENST00000354383.10	67	6814	6747
ENST00000354384.5	329	20776	20447
ENST00000354386.10	244	125486	125242
ENST00000354393.7	606	107449	106843
ENST00000354396.6	1165	68047	66882
ENST00000354397.10	3	5659	5656
ENST00000354402.9	316	7439	7123
ENST00000354410.9	67420	148556	81136
ENST00000354411.8	451	73964	73513
ENST00000354412.7	453	83428	82975
ENST00000354416.7	3094	77443	74349
ENST00000354420.7	179	9021	8842
ENST00000354421.8	5722	20950	15228
ENST00000354422.4	945	97730	96785
ENST00000354429.7	750	8773	8023
ENST00000354431.9	801	159534	158733
ENST00000354433.7	590	10949	10359
ENST00000354434.8	0	10716	10716
ENST00000354436.6	318	133964	133646
ENST00000354437.8	29801	81679	51878
ENST00000354441.10	48	53491	53443
ENST00000354445.2	0	8345	8345
ENST00000354446.7	9530	90511	80981
ENST00000354449.7	26280	284515	258235
ENST00000354452.8	6043	366926	360883
ENST00000354454.7	16896	57025	40129
ENST00000354464.11	226	11781	11555
ENST00000354470.7	0	7128	7128
ENST00000354473.4	185	14778	14593
ENST00000354475.5	2315	29889	27574
ENST00000354479.5	50	7787	7737
ENST00000354480.2	287	1722	1435
ENST00000354484.8	4549	45532	40983
ENST00000354488.8	306	15210	14904
ENST00000354489.7	1732	69855	68123
ENST00000354497.4	64	77453	77389
ENST00000354498.9	183	258963	258780
ENST00000354503.10	5416	32513	27097
ENST00000354504.7	532	84563	84031
ENST00000354506.10	97	17815	17718
ENST00000354513.9	2138	21319	19181
ENST00000354514.6	78	766	688
ENST00000354532.8	4899	26308	21409
ENST00000354534.11	71585	222107	150522
ENST00000354536.9	220	226642	226422
ENST00000354537.1	82	56151	56069
ENST00000354542.4	103	36898	36795
ENST00000354545.8	3991	93169	89178
ENST00000354546.10	745	49189	48444
ENST00000354547.7	492	157157	156665
ENST00000354550.4	200	100477	100277
ENST00000354552.7	94	101276	101182
ENST00000354556.8	17494	53134	35640
ENST00000354558.7	486	83565	83079
ENST00000354560.10	108	8847	8739
ENST00000354567.7	295	278320	278025
ENST00000354570.8	1497	209903	208406
ENST00000354571.5	3669	4473	804
ENST00000354577.8	13743	58148	44405
ENST00000354582.12	23144	361064	337920
ENST00000354586.5	309	41595	41286
ENST00000354588.8	315	7997	7682
ENST00000354589.7	1027	42346	41319
ENST00000354590.7	527	5674	5147
ENST00000354593.6	1176	28172	26996
ENST00000354599.10	1194	22780	21586
ENST00000354600.10	142	106586	106444
ENST00000354611.9	4157	27494	23337
ENST00000354613.5	674	33774	33100
ENST00000354618.10	58121	82426	24305
ENST00000354619.10	3418	68067	64649
ENST00000354620.4	0	11726	11726
ENST00000354624.6	104	49155	49051
ENST00000354625.6	3063	19224	16161
ENST00000354629.9	184	18474	18290
ENST00000354631.7	27253	59584	32331
ENST00000354636.7	811	90981	90170
ENST00000354638.8	516	329490	328974
ENST00000354639.7	1792	125002	123210
ENST00000354646.6	5502	146225	140723
ENST00000354649.7	715	12752	12037
ENST00000354650.7	1410	61319	59909
ENST00000354655.9	20831	55268	34437
ENST00000354656.3	1090	19903	18813
ENST00000354662.5	2852	52919	50067
ENST00000354665.8	784	8289	7505
ENST00000354666.4	3025	64351	61326
ENST00000354667.8	2592	11698	9106
ENST00000354670.9	3900	18745	14845
ENST00000354673.6	1887	205839	203952
ENST00000354674.5	752	49424	48672
ENST00000354675.10	173	33099	32926
ENST00000354678.3	0	2439	2439
ENST00000354679.3	25	1505	1480
ENST00000354685.7	915	24591	23676
ENST00000354689.6	0	586	586
ENST00000354691.9	9327	21572	12245
ENST00000354694.12	424	16957	16533
ENST00000354695.5	5100	10913	5813
ENST00000354698.8	68	28767	28699
ENST00000354700.10	1176	17902	16726
ENST00000354719.10	316	52020	51704
ENST00000354724.8	1181	4560	3379
ENST00000354725.8	180	442567	442387
ENST00000354728.5	37	102243	102206
ENST00000354744.8	41310	56327	15017
ENST00000354749.6	1468	121811	120343
ENST00000354753.7	24	28341	28317
ENST00000354755.5	428	49648	49220
ENST00000354757.5	148	4928	4780
ENST00000354759.7	10674	84970	74296
ENST00000354760.4	634	9104	8470
ENST00000354764.9	8233	96351	88118
ENST00000354765.6	1125	9221	8096
ENST00000354772.10	333	8306	7973
ENST00000354775.5	837	37885	37048
ENST00000354777.6	162	135443	135281
ENST00000354785.11	693	82322	81629
ENST00000354791.7	1558	82196	80638
ENST00000354807.7	184	22978	22794
ENST00000354811.5	155	2402	2247
ENST00000354817.8	26098	61637	35539
ENST00000354822.7	884	4932	4048
ENST00000354828.7	7029	36012	28983
ENST00000354829.7	103	39481	39378
ENST00000354831.11	48	93048	93000
ENST00000354833.7	183	16794	16611
ENST00000354839.8	189	348842	348653
ENST00000354841.4	131	29172	29041
ENST00000354842.5	3115	13477	10362
ENST00000354848.5	156	42671	42515
ENST00000354852.5	173	49493	49320
ENST00000354853.2	305	9219	8914
ENST00000354855.7	64	17133	17069
ENST00000354858.11	4292	28522	24230
ENST00000354862.4	204	3734	3530
ENST00000354866.7	684	62053	61369
ENST00000354868.10	2391	46465	44074
ENST00000354869.8	1273	15467	14194
ENST00000354870.5	266	13620	13354
ENST00000354880.9	247	8501	8254
ENST00000354882.10	40	3405	3365
ENST00000354883.11	94	157615	157521
ENST00000354884.8	1464	7812	6348
ENST00000354886.6	164	104141	103977
ENST00000354891.7	346	208602	208256
ENST00000354895.4	398	4161	3763
ENST00000354897.3	19	165057	165038
ENST00000354900.7	251	20821	20570
ENST00000354901.8	1645	178309	176664
ENST00000354903.9	532	14858	14326
ENST00000354905.3	943	21587	20644
ENST00000354906.7	0	29219	29219
ENST00000354910.10	887	5418	4531
ENST00000354911.9	462	88412	87950
ENST00000354914.8	2054	119209	117155
ENST00000354919.11	23	24867	24844
ENST00000354922.3	1932	2782	850
ENST00000354924.2	0	1924	1924
ENST00000354925.6	702	16519	15817
ENST00000354926.9	368	63609	63241
ENST00000354932.6	987	13138	12151
ENST00000354947.10	98	11664	11566
ENST00000354952.7	2079	30715	28636
ENST00000354955.5	1718	8768	7050
ENST00000354956.9	26280	284435	258155
ENST00000354957.8	1386	12383	10997
ENST00000354958.6	1027	52161	51134
ENST00000354959.9	2664	33515	30851
ENST00000354960.8	4201	136872	132671
ENST00000354961.8	248	71085	70837
ENST00000354968.5	361	14562	14201
ENST00000354980.7	3082	7771	4689
ENST00000354981.7	1152	305096	303944
ENST00000354982.2	127	6563	6436
ENST00000354983.8	392	72673	72281
ENST00000354989.9	172	31288	31116
ENST00000354991.9	14	79637	79623
ENST00000354992.7	1353	490653	489300
ENST00000355007.7	187	36881	36694
ENST00000355011.7	13354	13436	82
ENST00000355014.6	4560	29244	24684
ENST00000355016.8	39	1347	1308
ENST00000355020.9	522	202293	201771
ENST00000355022.8	23629	126567	102938
ENST00000355025.7	278	6964	6686
ENST00000355028.4	16901	88501	71600
ENST00000355029.9	136	46210	46074
ENST00000355035.9	256	13843	13587
ENST00000355040.8	288	3545	3257
ENST00000355044.8	386	855519	855133
ENST00000355053.8	314	113631	113317
ENST00000355057.3	33	649	616
ENST00000355058.7	1371	82484	81113
ENST00000355059.9	1867	9153	7286
ENST00000355070.6	16713	478308	461595
ENST00000355072.11	145	174734	174589
ENST00000355076.6	983	4565	3582
ENST00000355080.9	705	16385	15680
ENST00000355081.3	218	33865	33647
ENST00000355082.10	9	7571	7562
ENST00000355083.11	3764	61591	57827
ENST00000355085.4	35	12014	11979
ENST00000355086.8	117	301202	301085
ENST00000355091.9	97	5339	5242
ENST00000355095.8	1343	37613	36270
ENST00000355097.7	553	7366	6813
ENST00000355105.8	955	33195	32240
ENST00000355112.8	30047	102160	72113
ENST00000355114.9	175	64848	64673
ENST00000355119.9	858	37611	36753
ENST00000355123.9	765	130270	129505
ENST00000355125.3	24123	56452	32329
ENST00000355133.7	0	150400	150400
ENST00000355135.6	593	43857	43264
ENST00000355143.8	104	3297	3193
ENST00000355147.9	454	13827	13373
ENST00000355149.8	670	130783	130113
ENST00000355151.9	30	4799	4769
ENST00000355153.8	418	27121	26703
ENST00000355155.6	478	498601	498123
ENST00000355162.6	114399	182355	67956
ENST00000355166.9	361	12461	12100
ENST00000355167.8	33404	289181	255777
ENST00000355173.7	825	32550	31725
ENST00000355178.8	15546	175695	160149
ENST00000355182.8	2728	36180	33452
ENST00000355190.7	163	38628	38465
ENST00000355192.8	126	185246	185120
ENST00000355194.9	0	576023	576023
ENST00000355196.6	66	66559	66493
ENST00000355202.9	1672	17331	15659
ENST00000355203.6	349	2148	1799
ENST00000355209.9	3487	18908	15421
ENST00000355216.5	1695	9828	8133
ENST00000355219.4	0	1983	1983
ENST00000355220.6	1100	5996	4896
ENST00000355221.7	410	127516	127106
ENST00000355228.8	1024	16092	15068
ENST00000355231.9	72552	161421	88869
ENST00000355233.9	3630	424083	420453
ENST00000355235.8	1380	49428	48048
ENST00000355237.6	11953	62934	50981
ENST00000355238.11	4550	34779	30229
ENST00000355243.8	679	83206	82527
ENST00000355260.8	1132	112234	111102
ENST00000355264.9	3558	19370	15812
ENST00000355265.7	141	23269	23128
ENST00000355273.3	398	2250	1852
ENST00000355279.2	0	23902	23902
ENST00000355280.11	244	67908	67664
ENST00000355281.2	8288	10158	1870
ENST00000355282.6	3	69059	69056
ENST00000355283.1	1244	23664	22420
ENST00000355285.10	347	34937	34590
ENST00000355286.12	33424	289343	255919
ENST00000355288.6	13004	113660	100656
ENST00000355289.8	235	407403	407168
ENST00000355295.5	16370	87062	70692
ENST00000355296.8	22	31053	31031
ENST00000355299.8	832	7388	6556
ENST00000355300.7	1020	21146	20126
ENST00000355301.8	86	83084	82998
ENST00000355303.10	290	112616	112326
ENST00000355305.9	157	568924	568767
ENST00000355311.10	1132	128740	127608
ENST00000355312.8	3177	68677	65500
ENST00000355315.8	2825	5895	3070
ENST00000355327.7	44576	683456	638880
ENST00000355329.7	3995	21456	17461
ENST00000355338.6	1060	36770	35710
ENST00000355341.8	501	8536	8035
ENST00000355346.9	3362	15816	12454
ENST00000355349.4	117	26759	26642
ENST00000355354.13	4196	48723	44527
ENST00000355356.3	149	56177	56028
ENST00000355360.8	11142	13186	2044
ENST00000355371.9	4870	125478	120608
ENST00000355372.6	1590	30094	28504
ENST00000355377.7	407	100247	99840
ENST00000355379.3	295	7125	6830
ENST00000355380.8	131	30259	30128
ENST00000355385.7	37275	77655	40380
ENST00000355387.6	6904	247262	240358
ENST00000355395.9	2338	82696	80358
ENST00000355396.7	1119	136501	135382
ENST00000355415.7	514	14634	14120
ENST00000355417.7	2388	43797	41409
ENST00000355422.11	7476	216489	209013
ENST00000355423.7	27	40038	40011
ENST00000355426.8	1109	57942	56833
ENST00000355431.8	1300	77179	75879
ENST00000355432.8	13859	41863	28004
ENST00000355443.9	274	4709	4435
ENST00000355445.7	326	74869	74543
ENST00000355446.9	132	456355	456223
ENST00000355451.8	6895	112558	105663
ENST00000355452.5	0	13305	13305
ENST00000355459.4	56	1086	1030
ENST00000355460.6	31726	191959	160233
ENST00000355467.6	71	40103	40032
ENST00000355468.7	1013	11271	10258
ENST00000355472.10	170	16823	16653
ENST00000355476.8	15	111440	111425
ENST00000355477.10	3	15399	15396
ENST00000355478.6	23387	101325	77938
ENST00000355480.10	9	61389	61380
ENST00000355481.8	131	168712	168581
ENST00000355485.7	9444	50971	41527
ENST00000355491.5	3247	15137	11890
ENST00000355496.9	952	32257	31305
ENST00000355497.10	522	83730	83208
ENST00000355498.6	67	6811	6744
ENST00000355499.9	206	23223	23017
ENST00000355502.7	2971	27351	24380
ENST00000355504.4	25911	29785	3874
ENST00000355508.3	0	11388	11388
ENST00000355512.10	0	574101	574101
ENST00000355520.6	6083	393059	386976
ENST00000355522.5	637	2849	2212
ENST00000355524.8	55	16481	16426
ENST00000355526.10	1060	14285	13225
ENST00000355527.8	967	11959	10992
ENST00000355528.9	129	193932	193803
ENST00000355530.7	28	55475	55447
ENST00000355537.4	71179	188673	117494
ENST00000355540.7	2661	145282	142621
ENST00000355547.10	20	5518	5498
ENST00000355552.8	2292	10023	7731
ENST00000355556.6	233	16225	15992
ENST00000355557.7	398	27092	26694
ENST00000355560.4	347	9582	9235
ENST00000355568.8	654	64830	64176
ENST00000355572.6	254	6925	6671
ENST00000355574.6	382	79077	78695
ENST00000355577.9	216	104370	104154
ENST00000355585.9	99	118959	118860
ENST00000355586.4	0	1800	1800
ENST00000355591.8	123	607	484
ENST00000355594.9	769	22184	21415
ENST00000355602.3	23	13517	13494
ENST00000355609.8	273	3962	3689
ENST00000355610.9	744	62025	61281
ENST00000355612.7	187	9905	9718
ENST00000355619.10	1888	17880	15992
ENST00000355621.8	4208	122365	118157
ENST00000355622.8	70	12756	12686
ENST00000355624.8	4085	42778	38693
ENST00000355628.9	181	64951	64770
ENST00000355630.10	1104	145137	144033
ENST00000355631.8	12525	19707	7182
ENST00000355632.8	1416	17611	16195
ENST00000355633.5	1986	3008	1022
ENST00000355634.9	308	106828	106520
ENST00000355636.10	241	34337	34096
ENST00000355637.9	157	377456	377299
ENST00000355638.8	21	14440	14419
ENST00000355640.3	25391	48391	23000
ENST00000355648.8	66451	172008	105557
ENST00000355650.4	25569	28105	2536
ENST00000355653.8	1457	8888	7431
ENST00000355654.6	1608	8176	6568
ENST00000355661.7	1606	230257	228651
ENST00000355665.7	781	38543	37762
ENST00000355667.11	164	115554	115390
ENST00000355673.8	1480	9405	7925
ENST00000355674.9	0	14828	14828
ENST00000355680.8	1278	29939	28661
ENST00000355681.3	9	148923	148914
ENST00000355683.9	1615	134509	132894
ENST00000355684.6	602	24727	24125
ENST00000355689.6	3708	7696	3988
ENST00000355690.8	31	34525	34494
ENST00000355693.5	451	971	520
ENST00000355697.7	478	25877	25399
ENST00000355699.7	77	40894	40817
ENST00000355700.9	135	185149	185014
ENST00000355703.4	536	27266	26730
ENST00000355704.7	106	412248	412142
ENST00000355705.4	6082	11844	5762
ENST00000355710.8	190	54519	54329
ENST00000355716.5	294	7740	7446
ENST00000355717.9	171	216499	216328
ENST00000355721.7	3	15330	15327
ENST00000355722.8	7596	13632	6036
ENST00000355725.8	741	127565	126824
ENST00000355727.3	289	43374	43085
ENST00000355731.8	0	4047	4047
ENST00000355733.7	9422	44840	35418
ENST00000355740.8	50	23122	23072
ENST00000355749.7	5125	21141	16016
ENST00000355754.7	4113	19599	15486
ENST00000355758.9	723	34648	33925
ENST00000355765.11	11124	32788	21664
ENST00000355771.7	12	36349	36337
ENST00000355772.8	979	14158	13179
ENST00000355773.6	1701	61981	60280
ENST00000355774.7	3310	40227	36917
ENST00000355779.6	41	148966	148925
ENST00000355780.9	2405	190124	187719
ENST00000355784.3	3	1933	1930
ENST00000355790.8	2384	78108	75724
ENST00000355797.7	5040	39003	33963
ENST00000355801.4	156	11658	11502
ENST00000355803.8	5151	16378	11227
ENST00000355805.7	13859	37346	23487
ENST00000355808.10	111	16903	16792
ENST00000355809.4	1068	12427	11359
ENST00000355810.9	1181	38963	37782
ENST00000355814.8	1705	7740	6035
ENST00000355815.8	552	28255	27703
ENST00000355819.6	22006	35664	13658
ENST00000355824.7	2207	14994	12787
ENST00000355826.10	7953	17874	9921
ENST00000355830.11	183	69934	69751
ENST00000355832.10	4348	82953	78605
ENST00000355836.9	299	6930	6631
ENST00000355839.10	369	42989	42620
ENST00000355841.7	253	14477	14224
ENST00000355842.7	31766	84494	52728
ENST00000355843.2	1083	15335	14252
ENST00000355848.7	1762	6599	4837
ENST00000355849.10	411	190654	190243
ENST00000355852.6	610	4983	4373
ENST00000355854.8	2167	75263	73096
ENST00000355857.8	75	5595	5520
ENST00000355860.7	100	179535	179435
ENST00000355867.9	912	104327	103415
ENST00000355868.4	56	44860	44804
ENST00000355870.8	67	125177	125110
ENST00000355893.11	107	34802	34695
ENST00000355897.10	45978	48004	2026
ENST00000355898.6	7221	40324	33103
ENST00000355899.8	49077	90259	41182
ENST00000355904.9	606	76146	75540
ENST00000355905.6	98374	319956	221582
ENST00000355906.10	148	7593	7445
ENST00000355917.7	168	141052	140884
ENST00000355937.9	1865	10161	8296
ENST00000355938.9	653	3405	2752
ENST00000355943.8	113	24018	23905
ENST00000355946.7	7792	264540	256748
ENST00000355947.6	1753	30481	28728
ENST00000355951.2	3403	25662	22259
ENST00000355954.7	852	42028	41176
ENST00000355956.6	101	13708	13607
ENST00000355957.9	735	25931	25196
ENST00000355958.9	3	16068	16065
ENST00000355961.8	819	12826	12007
ENST00000355962.5	2487	12106	9619
ENST00000355968.10	2791	5050	2259
ENST00000355969.11	542	29404	28862
ENST00000355972.8	1550	142286	140736
ENST00000355973.7	47917	74676	26759
ENST00000355977.10	33173	62674	29501
ENST00000355991.9	400	25935	25535
ENST00000355992.7	104	35718	35614
ENST00000355994.7	1597	127332	125735
ENST00000355995.9	510	217564	217054
ENST00000355997.7	41310	53829	12519
ENST00000355999.5	1477	295030	293553
ENST00000356000.7	187	77505	77318
ENST00000356003.6	1397	103442	102045
ENST00000356005.8	692	81780	81088
ENST00000356010.9	147	66587	66440
ENST00000356016.7	116103	124260	8157
ENST00000356017.8	4069	17352	13283
ENST00000356018.6	149	31914	31765
ENST00000356025.7	665	44286	43621
ENST00000356026.10	46	3611	3565
ENST00000356031.8	135	202116	201981
ENST00000356033.8	698	19629	18931
ENST00000356046.6	11981	36572	24591
ENST00000356053.7	1023	3511	2488
ENST00000356056.10	4292	231875	227583
ENST00000356057.9	628	20576	19948
ENST00000356063.9	6194	53114	46920
ENST00000356064.3	49649	131247	81598
ENST00000356073.8	5894	366765	360871
ENST00000356079.9	45	59260	59215
ENST00000356080.9	92670	127735	35065
ENST00000356082.9	404	39568	39164
ENST00000356083.8	414	160674	160260
ENST00000356087.8	141	66135	65994
ENST00000356090.8	399	10048	9649
ENST00000356091.11	101	24080	23979
ENST00000356098.9	130	4280	4150
ENST00000356099.11	33953	111305	77352
ENST00000356100.6	8130	1121300	1113170
ENST00000356107.11	1363	274158	272795
ENST00000356109.10	602	24870	24268
ENST00000356113.10	21464	159743	138279
ENST00000356116.6	105	53346	53241
ENST00000356120.9	138	3367	3229
ENST00000356124.8	5042	9476	4434
ENST00000356126.8	2930	29960	27030
ENST00000356128.4	1968	5954	3986
ENST00000356130.7	3	1855	1852
ENST00000356132.9	2072	58821	56749
ENST00000356134.9	648	386476	385828
ENST00000356135.9	171	68663	68492
ENST00000356136.8	198	328282	328084
ENST00000356140.10	67	64239	64172
ENST00000356141.9	438	865014	864576
ENST00000356142.4	197	28530	28333
ENST00000356143.5	6752	22365	15613
ENST00000356147.3	41071	117282	76211
ENST00000356150.10	670	46856	46186
ENST00000356151.7	97	93781	93684
ENST00000356156.7	7957	8021	64
ENST00000356157.12	38	155765	155727
ENST00000356166.11	1088	14133	13045
ENST00000356173.8	22	21689	21667
ENST00000356175.7	383	287622	287239
ENST00000356178.8	3018	9267	6249
ENST00000356183.9	740	95567	94827
ENST00000356185.7	218	44171	43953
ENST00000356187.9	133	8975	8842
ENST00000356189.6	3058	13513	10455
ENST00000356195.9	1425	17167	15742
ENST00000356198.6	901	12914	12013
ENST00000356200.7	180	22085	21905
ENST00000356205.9	991	4574	3583
ENST00000356206.10	148	65818	65670
ENST00000356207.9	901	46899	45998
ENST00000356208.10	186	17160	16974
ENST00000356218.8	200700	240718	40018
ENST00000356220.8	1821	111621	109800
ENST00000356221.8	188	39385	39197
ENST00000356226.8	788	116842	116054
ENST00000356231.4	950	17211	16261
ENST00000356232.10	209	17394	17185
ENST00000356239.8	238	180965	180727
ENST00000356244.8	1827	38011	36184
ENST00000356245.8	14667	33521	18854
ENST00000356249.9	94509	173605	79096
ENST00000356260.10	838	42965	42127
ENST00000356261.4	2227	27534	25307
ENST00000356264.7	1117	249711	248594
ENST00000356271.7	434	37404	36970
ENST00000356275.10	0	52618	52618
ENST00000356284.7	187	226576	226389
ENST00000356286.10	459	23646	23187
ENST00000356289.10	603	22314	21711
ENST00000356291.3	714	77926	77212
ENST00000356296.8	1365	82335	80970
ENST00000356297.5	317	494133	493816
ENST00000356300.9	1599	11294	9695
ENST00000356303.7	298	3890	3592
ENST00000356306.9	30	10746	10716
ENST00000356309.8	500	74132	73632
ENST00000356311.10	5050	10373	5323
ENST00000356317.8	3130	30385	27255
ENST00000356321.4	3021	7165	4144
ENST00000356322.10	375	13569	13194
ENST00000356327.9	2676	140729	138053
ENST00000356331.9	1804	16688	14884
ENST00000356338.11	6416	227041	220625
ENST00000356341.8	1260	72124	70864
ENST00000356346.7	1027	71886	70859
ENST00000356348.6	124	52712	52588
ENST00000356352.6	1279	119196	117917
ENST00000356357.9	2467	26810	24343
ENST00000356360.9	62	111670	111608
ENST00000356362.6	1282	53969	52687
ENST00000356385.8	1018	6739	5721
ENST00000356386.6	2952	10128	7176
ENST00000356387.6	5427	14279	8852
ENST00000356388.9	2653	122384	119731
ENST00000356392.9	233	16183	15950
ENST00000356396.8	2966	42778	39812
ENST00000356401.9	8717	65890	57173
ENST00000356404.8	268	16121	15853
ENST00000356406.10	682	52322	51640
ENST00000356407.3	68	19216	19148
ENST00000356408.3	0	11147	11147
ENST00000356413.5	501	33542	33041
ENST00000356415.5	149143	167560	18417
ENST00000356427.2	26	53687	53661
ENST00000356432.8	85	8424	8339
ENST00000356433.10	28	11059	11031
ENST00000356435.9	3630	425297	421667
ENST00000356436.8	153	22819	22666
ENST00000356438.7	15755	17547	1792
ENST00000356442.4	1597	2273	676
ENST00000356443.9	458	153434	152976
ENST00000356444.6	1470	30791	29321
ENST00000356447.9	4673	112120	107447
ENST00000356448.8	990	137066	136076
ENST00000356450.3	144	1126	982
ENST00000356454.5	126	3274	3148
ENST00000356455.9	52	4651	4599
ENST00000356456.9	847	25497	24650
ENST00000356457.9	2566	91586	89020
ENST00000356458.8	1400	252263	250863
ENST00000356462.10	294	354603	354309
ENST00000356463.7	166	4528	4362
ENST00000356464.10	816	3141	2325
ENST00000356467.5	7047	68686	61639
ENST00000356476.3	59	873	814
ENST00000356483.8	0	6391	6391
ENST00000356487.11	71	36493	36422
ENST00000356488.8	83	10875	10792
ENST00000356489.9	47	238320	238273
ENST00000356493.10	260	4374	4114
ENST00000356495.5	1799	14291	12492
ENST00000356501.8	885	23427	22542
ENST00000356504.5	744	140483	139739
ENST00000356508.9	17784	30929	13145
ENST00000356509.7	2316	11486	9170
ENST00000356511.6	16	25732	25716
ENST00000356517.4	109	24862	24753
ENST00000356518.7	991	16446	15455
ENST00000356521.9	633	59302	58669
ENST00000356522.4	1568	25517	23949
ENST00000356524.9	624	3951	3327
ENST00000356527.9	2019	6265	4246
ENST00000356530.6	43	797	754
ENST00000356532.7	554	6917	6363
ENST00000356534.7	246	1267	1021
ENST00000356535.4	36	2080	2044
ENST00000356537.9	2903	39839	36936
ENST00000356539.9	2977	221458	218481
ENST00000356542.5	422	16361	15939
ENST00000356545.7	1408	19095	17687
ENST00000356554.7	735	157415	156680
ENST00000356562.6	159	2295	2136
ENST00000356575.9	2580	127903	125323
ENST00000356576.8	3	3868	3865
ENST00000356577.10	55	40649	40594
ENST00000356578.8	15077	29030	13953
ENST00000356583.9	151	54441	54290
ENST00000356584.8	3691	9063	5372
ENST00000356588.8	374	17385	17011
ENST00000356589.6	120	40844	40724
ENST00000356591.5	33	2732	2699
ENST00000356592.8	0	86742	86742
ENST00000356595.8	478	96395	95917
ENST00000356599.9	203502	275562	72060
ENST00000356606.8	1552	82502	80950
ENST00000356607.9	17	156156	156139
ENST00000356608.7	1504	70265	68761
ENST00000356609.2	13609	15601	1992
ENST00000356613.4	2035	4409	2374
ENST00000356628.4	1956	2638	682
ENST00000356632.7	3	15348	15345
ENST00000356634.7	149	66450	66301
ENST00000356637.9	232	33615	33383
ENST00000356638.8	989	24578	23589
ENST00000356640.7	1382	18394	17012
ENST00000356641.7	330	152695	152365
ENST00000356644.7	1105	24484	23379
ENST00000356648.5	170	2645	2475
ENST00000356654.8	9539	20875	11336
ENST00000356657.10	874	12937	12063
ENST00000356660.9	2931	4411	1480
ENST00000356661.7	3106	4958	1852
ENST00000356663.8	700	13192	12492
ENST00000356667.8	0	7147	7147
ENST00000356674.8	2577	11683	9106
ENST00000356683.7	812	7829	7017
ENST00000356686.2	2236	15049	12813
ENST00000356688.8	1143	72465	71322
ENST00000356692.10	227	70150	69923
ENST00000356696.7	123	63912	63789
ENST00000356698.9	522	78144	77622
ENST00000356708.12	31	19685	19654
ENST00000356709.9	714	11418	10704
ENST00000356711.7	69772	616221	546449
ENST00000356713.5	32	64999	64967
ENST00000356714.6	2349	9237	6888
ENST00000356716.8	869	15071	14202
ENST00000356719.6	25	66005	65980
ENST00000356721.3	1052	5883	4831
ENST00000356725.9	1008	10095	9087
ENST00000356728.11	1404	21346	19942
ENST00000356729.5	0	9825	9825
ENST00000356731.9	1370	10289	8919
ENST00000356736.5	1381	84368	82987
ENST00000356738.6	316	7434	7118
ENST00000356740.5	3	53036	53033
ENST00000356742.9	616	35261	34645
ENST00000356751.8	274	3311	3037
ENST00000356752.8	106	12522	12416
ENST00000356757.7	788	7480	6692
ENST00000356762.7	419	3101	2682
ENST00000356763.8	384	70339	69955
ENST00000356764.6	124	90258	90134
ENST00000356766.11	4071	83083	79012
ENST00000356767.8	163	69781	69618
ENST00000356768.8	246	86244	85998
ENST00000356769.7	108	12726	12618
ENST00000356770.8	2714	139137	136423
ENST00000356783.9	124	15104	14980
ENST00000356784.2	939	20402	19463
ENST00000356785.4	53902	63262	9360
ENST00000356786.10	63	21288	21225
ENST00000356790.2	13317	15397	2080
ENST00000356792.9	99	47449	47350
ENST00000356797.7	1347	2545	1198
ENST00000356798.11	96	52399	52303
ENST00000356799.6	13490	19436	5946
ENST00000356800.6	130	37573	37443
ENST00000356805.9	70092	219296	149204
ENST00000356810.5	1043	16793	15750
ENST00000356815.4	20	1147	1127
ENST00000356818.7	4729	11981	7252
ENST00000356819.7	460	218031	217571
ENST00000356824.9	412	4202	3790
ENST00000356825.8	8734	64962	56228
ENST00000356828.7	245	74280	74035
ENST00000356834.7	1385	49483	48098
ENST00000356836.10	1284	11678	10394
ENST00000356838.7	1022	49750	48728
ENST00000356839.10	47	7101	7054
ENST00000356840.8	237	18990	18753
ENST00000356842.9	1432	104438	103006
ENST00000356847.8	299	129554	129255
ENST00000356853.10	7027	89895	82868
ENST00000356858.7	163	81264	81101
ENST00000356860.8	3951	500249	496298
ENST00000356861.9	2148	24414	22266
ENST00000356864.4	201	14879	14678
ENST00000356865.11	2071	190299	188228
ENST00000356872.7	151	5800	5649
ENST00000356876.8	651	6562	5911
ENST00000356878.5	136	4868	4732
ENST00000356884.11	3794	55939	52145
ENST00000356887.12	34080	40268	6188
ENST00000356889.8	1138	5180	4042
ENST00000356891.4	113	13851	13738
ENST00000356892.4	149	15012	14863
ENST00000356896.8	947	18169	17222
ENST00000356897.1	292	8173	7881
ENST00000356909.7	1930	11260	9330
ENST00000356916.7	137	63036	62899
ENST00000356917.9	43	16569	16526
ENST00000356918.8	111	146576	146465
ENST00000356920.9	336	49823	49487
ENST00000356921.7	1735	126964	125229
ENST00000356924.9	1195	19442	18247
ENST00000356928.2	5808	10828	5020
ENST00000356929.3	2117	39737	37620
ENST00000356936.6	3	11349	11346
ENST00000356940.11	66	34355	34289
ENST00000356942.9	593	43738	43145
ENST00000356948.11	46	15027	14981
ENST00000356950.2	60	814	754
ENST00000356955.7	71	13749	13678
ENST00000356956.6	165	143424	143259
ENST00000356957.7	115	66589	66474
ENST00000356958.8	4154	10963	6809
ENST00000356962.2	58	11662	11604
ENST00000356970.6	5165	22572	17407
ENST00000356971.3	3841	41808	37967
ENST00000356972.2	1187	7136	5949
ENST00000356976.8	406	18958	18552
ENST00000356978.9	202	8126	7924
ENST00000356983.7	220	3835	3615
ENST00000356986.8	90	20550	20460
ENST00000356990.9	837	29983	29146
ENST00000356994.7	241	29375	29134
ENST00000356998.8	903	18069	17166
ENST00000357001.3	219	2364	2145
ENST00000357002.5	121	42763	42642
ENST00000357003.8	2678	9451	6773
ENST00000357006.8	1842	5572	3730
ENST00000357008.7	597	41958	41361
ENST00000357028.6	434	220555	220121
ENST00000357033.9	2700	2103066	2100366
ENST00000357036.9	18	42628	42610
ENST00000357037.6	2241	21816	19575
ENST00000357039.9	3006	4834	1828
ENST00000357041.8	48	142219	142171
ENST00000357043.6	796	12043	11247
ENST00000357048.8	41	12604	12563
ENST00000357052.8	129	9345	9216
ENST00000357055.7	60	56152	56092
ENST00000357058.7	3351	40922	37571
ENST00000357060.8	254	107315	107061
ENST00000357063.7	1305	242478	241173
ENST00000357065.8	1023	3511	2488
ENST00000357066.8	2362	8172	5810
ENST00000357067.7	1298	27770	26472
ENST00000357068.11	397	25292	24895
ENST00000357071.8	1374	63107	61733
ENST00000357077.9	76	343640	343564
ENST00000357080.8	111685	189623	77938
ENST00000357081.8	573	169647	169074
ENST00000357082.8	287	41975	41688
ENST00000357083.8	12	96109	96097
ENST00000357084.7	267	28778	28511
ENST00000357085.5	3721	22271	18550
ENST00000357086.10	23147	360950	337803
ENST00000357089.8	18	22047	22029
ENST00000357096.5	4261	46096	41835
ENST00000357103.5	63274	96150	32876
ENST00000357115.9	1290	758739	757449
ENST00000357116.4	8119	10175	2056
ENST00000357118.8	31	95950	95919
ENST00000357119.8	528	29363	28835
ENST00000357121.5	165	52648	52483
ENST00000357122.8	631	158904	158273
ENST00000357123.8	3	9207	9204
ENST00000357134.10	138	907843	907705
ENST00000357137.9	34	70795	70761
ENST00000357146.4	1043	28014	26971
ENST00000357147.4	30	4932	4902
ENST00000357154.7	1540	502086	500546
ENST00000357155.2	1877	15680	13803
ENST00000357156.7	37	24483	24446
ENST00000357157.10	9	194658	194649
ENST00000357162.7	515	874319	873804
ENST00000357164.4	32	14838	14806
ENST00000357166.11	3085	39740	36655
ENST00000357167.8	257	78973	78716
ENST00000357172.9	7492	45324	37832
ENST00000357175.6	37128	41302	4174
ENST00000357179.10	92	21253	21161
ENST00000357182.9	942	48434	47492
ENST00000357183.9	5322	8507	3185
ENST00000357186.10	421	15310	14889
ENST00000357194.10	61	71827	71766
ENST00000357195.8	4867	104609	99742
ENST00000357197.8	287	37020	36733
ENST00000357198.9	236	7105	6869
ENST00000357199.8	876	28811	27935
ENST00000357203.8	1635	8156	6521
ENST00000357206.6	90833	207926	117093
ENST00000357207.8	4601	56580	51979
ENST00000357214.6	1523	12224	10701
ENST00000357219.4	783	1993	1210
ENST00000357223.2	65	25598	25533
ENST00000357227.9	4877	11557	6680
ENST00000357231.8	74	20110	20036
ENST00000357232.10	2797	269706	266909
ENST00000357234.10	4155	12422	8267
ENST00000357235.6	3265	4979	1714
ENST00000357236.8	1031	67306	66275
ENST00000357242.10	181	74628	74447
ENST00000357244.7	5074	56506	51432
ENST00000357246.4	676	3955	3279
ENST00000357248.8	13837	182234	168397
ENST00000357249.6	410	42723	42313
ENST00000357250.11	774	89523	88749
ENST00000357254.8	499	8404	7905
ENST00000357258.8	24507	39359	14852
ENST00000357260.6	4907	18067	13160
ENST00000357266.9	2248	70595	68347
ENST00000357271.9	375	141371	140996
ENST00000357275.6	2284	4433	2149
ENST00000357276.9	2221	73336	71115
ENST00000357277.8	204	202782	202578
ENST00000357296.7	56	13726	13670
ENST00000357302.8	419	7174	6755
ENST00000357303.3	0	1644	1644
ENST00000357308.9	6412	69368	62956
ENST00000357310.5	3060	90853	87793
ENST00000357311.7	1464	154515	153051
ENST00000357321.9	3911	21493	17582
ENST00000357324.11	227	22054	21827
ENST00000357325.10	1343	10034	8691
ENST00000357327.9	3	400143	400140
ENST00000357328.8	2853	29278	26425
ENST00000357330.7	1101	9602	8501
ENST00000357332.8	9	11641	11632
ENST00000357337.11	724	296248	295524
ENST00000357338.3	188	5615	5427
ENST00000357339.7	318	24822	24504
ENST00000357344.9	14	24275	24261
ENST00000357345.7	6108	101991	95883
ENST00000357348.10	71	50544	50473
ENST00000357355.7	89	29022	28933
ENST00000357360.5	172	1566	1394
ENST00000357362.7	149	292127	291978
ENST00000357365.8	869	9770	8901
ENST00000357367.7	70	4206	4136
ENST00000357374.2	350	1482	1132
ENST00000357376.7	970	58242	57272
ENST00000357377.3	4	1886	1882
ENST00000357383.4	20	1594	1574
ENST00000357384.8	3268	78447	75179
ENST00000357385.7	2739	8943	6204
ENST00000357387.8	4387	141543	137156
ENST00000357388.8	1177	37997	36820
ENST00000357390.8	1117	30721	29604
ENST00000357392.4	113	2619	2506
ENST00000357393.6	0	12344	12344
ENST00000357394.8	60	16613	16553
ENST00000357396.8	91	15396	15305
ENST00000357397.5	0	7266	7266
ENST00000357402.10	10088	30189	20101
ENST00000357410.7	95387	294870	199483
ENST00000357419.9	1622	2949	1327
ENST00000357422.2	101555	103683	2128
ENST00000357424.2	156	9132	8976
ENST00000357428.5	1329	52273	50944
ENST00000357429.10	642	130977	130335
ENST00000357430.8	47737	82761	35024
ENST00000357440.7	918	10426	9508
ENST00000357443.2	168	28748	28580
ENST00000357444.10	59748	390444	330696
ENST00000357447.7	8202	689490	681288
ENST00000357450.9	496	73184	72688
ENST00000357457.9	17532	31096	13564
ENST00000357460.7	3156	15178	12022
ENST00000357461.7	3154	4154	1000
ENST00000357464.4	0	11956	11956
ENST00000357466.6	38	34356	34318
ENST00000357472.7	789	160913	160124
ENST00000357474.9	119	18614	18495
ENST00000357475.9	1701	181662	179961
ENST00000357479.10	1610	134754	133144
ENST00000357480.9	2749	13490	10741
ENST00000357481.6	584	14317	13733
ENST00000357484.10	6792	18501	11709
ENST00000357485.8	75	17333	17258
ENST00000357489.7	224	81461	81237
ENST00000357490.6	2135	2457	322
ENST00000357491.10	2661	49435	46774
ENST00000357494.8	12	11437	11425
ENST00000357495.5	62	1980	1918
ENST00000357496.6	523	49404	48881
ENST00000357500.5	557	3082	2525
ENST00000357501.6	2274	9223	6949
ENST00000357502.5	124	12123	11999
ENST00000357503.3	964	3500	2536
ENST00000357504.7	391	64038	63647
ENST00000357505.10	3896	97224	93328
ENST00000357512.3	199	27732	27533
ENST00000357519.9	237	5739	5502
ENST00000357520.8	13193	41830	28637
ENST00000357525.6	10626	10936	310
ENST00000357529.7	15945	77012	61067
ENST00000357533.6	12	915999	915987
ENST00000357537.4	9944	23396	13452
ENST00000357540.8	1357	23121	21764
ENST00000357542.8	0	57644	57644
ENST00000357544.7	1553	82456	80903
ENST00000357545.9	1540	502078	500538
ENST00000357546.6	14547	29682	15135
ENST00000357552.8	743	63389	62646
ENST00000357555.9	1250	117588	116338
ENST00000357558.9	134	27384	27250
ENST00000357559.9	16	65465	65449
ENST00000357560.9	320	7422	7102
ENST00000357563.4	47561	54467	6906
ENST00000357568.8	221	54607	54386
ENST00000357573.10	525	22330	21805
ENST00000357574.7	21155	380188	359033
ENST00000357575.8	1559	49261	47702
ENST00000357578.8	28	40335	40307
ENST00000357582.3	210	15248	15038
ENST00000357585.4	4310	6522	2212
ENST00000357586.7	1144	42388	41244
ENST00000357590.9	562	6361	5799
ENST00000357596.7	10266	33137	22871
ENST00000357599.8	1064	55612	54548
ENST00000357602.7	16448	64835	48387
ENST00000357604.10	1279	119196	117917
ENST00000357605.2	76	2018	1942
ENST00000357606.7	1020	9798	8778
ENST00000357607.6	44108	93905	49797
ENST00000357613.8	4507	21906	17399
ENST00000357616.7	2625	6197	3572
ENST00000357618.10	12	7832	7820
ENST00000357628.8	1579	76674	75095
ENST00000357631.6	2381	77938	75557
ENST00000357632.7	8391	16457	8066
ENST00000357635.10	2630	7397	4767
ENST00000357637.10	1626	119885	118259
ENST00000357639.8	83	112251	112168
ENST00000357640.9	1639	15891	14252
ENST00000357641.10	3579	37465	33886
ENST00000357649.6	1027	40983	39956
ENST00000357650.9	173	79881	79708
ENST00000357654.9	1386	85368	83982
ENST00000357666.8	443	8660	8217
ENST00000357668.2	2627	312937	310310
ENST00000357674.9	2013	257246	255233
ENST00000357681.10	56374	116614	60240
ENST00000357685.11	90	44084	43994
ENST00000357692.6	3947	61514	57567
ENST00000357700.11	1839	28512	26673
ENST00000357701.6	62	36705	36643
ENST00000357702.9	792	89174	88382
ENST00000357703.6	11	155397	155386
ENST00000357710.8	11573	84218	72645
ENST00000357714.5	156	42627	42471
ENST00000357716.9	274	882023	881749
ENST00000357717.6	31667	46039	14372
ENST00000357720.9	31	13453	13422
ENST00000357721.3	2266	9082	6816
ENST00000357724.6	181	381872	381691
ENST00000357726.5	1130	5304	4174
ENST00000357727.7	397	408271	407874
ENST00000357730.6	20	21548	21528
ENST00000357731.10	11506	887606	876100
ENST00000357732.8	970	79279	78309
ENST00000357733.7	29801	82165	52364
ENST00000357736.9	4338	5399	1061
ENST00000357742.10	66705	250082	183377
ENST00000357743.9	273	16928	16655
ENST00000357749.7	3453	188296	184843
ENST00000357750.9	324	4097	3773
ENST00000357758.3	2803	111734	108931
ENST00000357759.9	49329	76024	26695
ENST00000357760.6	29	22255	22226
ENST00000357763.8	27	7579	7552
ENST00000357765.7	1171	10484	9313
ENST00000357769.4	174	232097	231923
ENST00000357771.5	485	3573	3088
ENST00000357774.9	500	32917	32417
ENST00000357775.6	708	3622	2914
ENST00000357776.6	1283	3793	2510
ENST00000357780.5	170	3676	3506
ENST00000357783.6	237	56777	56540
ENST00000357785.10	790	115315	114525
ENST00000357790.5	135	2954	2819
ENST00000357796.8	686	22254	21568
ENST00000357797.9	320	34420	34100
ENST00000357798.9	0	864537	864537
ENST00000357799.9	6769	61041	54272
ENST00000357806.11	228	15473	15245
ENST00000357811.8	544	157177	156633
ENST00000357814.8	1198	5784	4586
ENST00000357816.2	7923	11589	3666
ENST00000357821.2	31	1877	1846
ENST00000357836.5	610	2959	2349
ENST00000357847.9	37	279492	279455
ENST00000357849.9	157	19911	19754
ENST00000357854.7	1044	18973	17929
ENST00000357857.14	239	13208	12969
ENST00000357864.6	2138	5962	3824
ENST00000357865.6	424	4524	4100
ENST00000357866.4	0	2071	2071
ENST00000357867.8	1104	81832	80728
ENST00000357869.8	2400	20723	18323
ENST00000357872.9	143	66590	66447
ENST00000357874.3	8283	22967	14684
ENST00000357877.7	130	28255	28125
ENST00000357878.7	81	2827	2746
ENST00000357881.8	140	162543	162403
ENST00000357884.8	11121	20900	9779
ENST00000357886.8	207	40014	39807
ENST00000357890.9	224	14475	14251
ENST00000357895.9	203	249803	249600
ENST00000357896.7	398	4097	3699
ENST00000357898.3	4461	16958	12497
ENST00000357899.9	6682	36900	30218
ENST00000357901.5	194	16978	16784
ENST00000357903.7	1123	292306	291183
ENST00000357916.8	2383	4265	1882
ENST00000357917.4	2047	44183	42136
ENST00000357922.8	594	6071	5477
ENST00000357927.7	0	23677	23677
ENST00000357936.9	4798	87076	82278
ENST00000357943.9	57	12161	12104
ENST00000357947.4	3483	152101	148618
ENST00000357948.7	1059	480474	479415
ENST00000357949.5	1250	2664	1414
ENST00000357955.6	396	32009	31613
ENST00000357967.9	1387	12154	10767
ENST00000357970.7	502	60548	60046
ENST00000357971.7	415	10472	10057
ENST00000357977.5	9	51708	51699
ENST00000357980.9	83	29390	29307
ENST00000357984.7	2061	4776	2715
ENST00000357985.7	79	41090	41011
ENST00000357988.9	2485	111372	108887
ENST00000357991.7	1553	82535	80982
ENST00000357992.9	8606	17228	8622
ENST00000357996.4	0	36017	36017
ENST00000357997.10	1742	39096	37354
ENST00000357998.10	16902	78504	61602
ENST00000358005.7	875	10468	9593
ENST00000358007.7	22	17558	17536
ENST00000358008.7	9314	32923	23609
ENST00000358010.5	46	235380	235334
ENST00000358011.8	1556	8915	7359
ENST00000358015.8	351	47591	47240
ENST00000358022.6	717	1969	1252
ENST00000358024.8	619	46297	45678
ENST00000358025.7	56166	393146	336980
ENST00000358028.8	3735	38952	35217
ENST00000358029.8	128	25364	25236
ENST00000358030.6	11010	44756	33746
ENST00000358038.7	1381	18340	16959
ENST00000358039.9	2502	97309	94807
ENST00000358043.5	318	6083	5765
ENST00000358047.5	45	6253	6208
ENST00000358049.8	16	5611	5595
ENST00000358053.3	17664	56754	39090
ENST00000358055.8	363	17769	17406
ENST00000358056.8	3606	14861	11255
ENST00000358062.7	2615	1249612	1246997
ENST00000358064.3	2777	3393	616
ENST00000358065.5	2	15923	15921
ENST00000358066.8	41310	56310	15000
ENST00000358067.5	1551	4795	3244
ENST00000358070.10	7911	118385	110474
ENST00000358071.8	3385	9443	6058
ENST00000358075.11	2859	70041	67182
ENST00000358077.9	1850	214398	212548
ENST00000358078.5	243	25168	24925
ENST00000358079.8	34613	41193	6580
ENST00000358082.7	3	331641	331638
ENST00000358087.9	52	21043	20991
ENST00000358094.7	146	36441	36295
ENST00000358095.4	464	38065	37601
ENST00000358097.8	77	5745	5668
ENST00000358102.8	2583	361040	358457
ENST00000358105.8	39	628572	628533
ENST00000358110.7	38	14336	14298
ENST00000358117.10	1247	171025	169778
ENST00000358120.4	4192	6062	1870
ENST00000358127.9	7294	201925	194631
ENST00000358129.8	2517	26138	23621
ENST00000358130.7	953	8690	7737
ENST00000358131.5	208	124434	124226
ENST00000358139.6	363	75517	75154
ENST00000358141.6	2381	77956	75575
ENST00000358144.6	1712	157240	155528
ENST00000358146.7	1257	8593	7336
ENST00000358147.8	238	48417	48179
ENST00000358149.8	43	42775	42732
ENST00000358151.8	2237	52015	49778
ENST00000358152.6	4533	14101	9568
ENST00000358154.8	157	56801	56644
ENST00000358156.7	2049	3685	1636
ENST00000358157.3	9733	11999	2266
ENST00000358160.9	122	108655	108533
ENST00000358161.9	14148	88040	73892
ENST00000358164.9	109	52162	52053
ENST00000358170.6	156	39407	39251
ENST00000358171.8	4097	11077	6980
ENST00000358173.8	899	27409	26510
ENST00000358178.4	11	14821	14810
ENST00000358181.8	210	28650	28440
ENST00000358184.7	922	15706	14784
ENST00000358186.6	2115	37683	35568
ENST00000358187.2	2267	5547	3280
ENST00000358193.7	54	36842	36788
ENST00000358196.8	1705	44758	43053
ENST00000358201.9	525	22436	21911
ENST00000358204.9	169	48196	48027
ENST00000358207.9	1962	73077	71115
ENST00000358208.9	4	20872	20868
ENST00000358214.9	72	66232	66160
ENST00000358215.8	1075	9142	8067
ENST00000358220.5	22618	81272	58654
ENST00000358227.5	2076	3568	1492
ENST00000358229.6	83	102056	101973
ENST00000358230.8	2117	34812	32695
ENST00000358232.11	35	47195	47160
ENST00000358239.8	107	4203	4096
ENST00000358241.1	242	4542	4300
ENST00000358242.6	10062	25846	15784
ENST00000358244.9	0	71766	71766
ENST00000358246.5	4657	15953	11296
ENST00000358252.8	901	27420	26519
ENST00000358268.6	25	24636	24611
ENST00000358273.9	333	287634	287301
ENST00000358278.7	145	29327	29182
ENST00000358290.9	764	55448	54684
ENST00000358292.7	1628	26589	24961
ENST00000358293.7	10180	12476	2296
ENST00000358295.9	175	173909	173734
ENST00000358296.11	3915	46279	42364
ENST00000358298.6	0	21532	21532
ENST00000358299.7	6360	57267	50907
ENST00000358301.7	43752	54539	10787
ENST00000358303.9	375	34570	34195
ENST00000358307.6	204089	330730	126641
ENST00000358308.7	3949	71835	67886
ENST00000358309.3	1950	19359	17409
ENST00000358314.12	9736	116431	106695
ENST00000358316.7	72	36297	36225
ENST00000358321.4	33	9397	9364
ENST00000358334.9	536	181855	181319
ENST00000358335.9	0	23012	23012
ENST00000358337.10	9	5889	5880
ENST00000358344.8	305	7076	6771
ENST00000358350.9	2068	146031	143963
ENST00000358353.8	777	10827	10050
ENST00000358355.5	17078	47511	30433
ENST00000358356.9	392	66578	66186
ENST00000358358.9	290	26214	25924
ENST00000358359.8	9289	85029	75740
ENST00000358361.7	485	346965	346480
ENST00000358365.7	227	84316	84089
ENST00000358367.8	999	41278	40279
ENST00000358368.5	64	12548	12484
ENST00000358369.8	3661	35280	31619
ENST00000358371.9	368	63799	63431
ENST00000358372.8	10681	31204	20523
ENST00000358373.8	7481	807321	799840
ENST00000358375.9	556	6908	6352
ENST00000358377.7	11515	33810	22295
ENST00000358380.10	1534	49480	47946
ENST00000358385.12	121	73851	73730
ENST00000358387.9	57	26386	26329
ENST00000358389.7	1583	16250	14667
ENST00000358392.6	1555	237098	235543
ENST00000358394.7	9	20645	20636
ENST00000358395.11	6755	37145	30390
ENST00000358397.9	145	57765	57620
ENST00000358399.8	120	100247	100127
ENST00000358402.8	1355	27664	26309
ENST00000358406.10	73	6063	5990
ENST00000358409.7	35437	82308	46871
ENST00000358410.8	978	60959	59981
ENST00000358413.6	3	2213	2210
ENST00000358415.9	119	48832	48713
ENST00000358430.8	2468	50881	48413
ENST00000358431.8	75284	243469	168185
ENST00000358432.8	881	34506	33625
ENST00000358433.3	303	2185	1882
ENST00000358435.9	199	9967	9768
ENST00000358438.6	1563	6704	5141
ENST00000358441.6	1186	59047	57861
ENST00000358450.8	1341	478423	477082
ENST00000358460.8	680	18395	17715
ENST00000358461.6	5053	115537	110484
ENST00000358465.7	4861	121647	116786
ENST00000358470.8	267	120848	120581
ENST00000358472.3	19626	22408	2782
ENST00000358473.2	3350	16973	13623
ENST00000358477.6	41	149136	149095
ENST00000358485.8	196	30160	29964
ENST00000358487.10	1528	117931	116403
ENST00000358491.9	170	34491	34321
ENST00000358495.8	1658	22565	20907
ENST00000358502.10	1198	7961	6763
ENST00000358505.2	27	115473	115446
ENST00000358510.6	146	103223	103077
ENST00000358511.11	43188	164970	121782
ENST00000358514.9	57	3054	2997
ENST00000358517.6	12594	123945	111351
ENST00000358522.7	3	197697	197694
ENST00000358523.9	341	20011	19670
ENST00000358524.8	1272	2995	1723
ENST00000358525.9	3532	42735	39203
ENST00000358526.7	186	12668	12482
ENST00000358527.6	5804	8040	2236
ENST00000358528.9	1256	25350	24094
ENST00000358531.9	3946	71918	67972
ENST00000358536.8	633	27124	26491
ENST00000358537.7	165	170048	169883
ENST00000358540.7	1009	45711	44702
ENST00000358543.9	4409	31602	27193
ENST00000358544.7	515	874394	873879
ENST00000358545.6	18390	44907	26517
ENST00000358548.4	72	25241	25169
ENST00000358550.6	1592	158203	156611
ENST00000358552.8	109	71129	71020
ENST00000358556.8	4765	62647	57882
ENST00000358571.3	57	877	820
ENST00000358572.10	112	25423	25311
ENST00000358575.9	194	83547	83353
ENST00000358577.7	132	13054	12922
ENST00000358580.9	2135	6982	4847
ENST00000358585.3	132	2975	2843
ENST00000358590.8	497	74758	74261
ENST00000358595.10	2311	69199	66888
ENST00000358597.7	3949	22176	18227
ENST00000358598.6	3368	19547	16179
ENST00000358599.9	109	57035	56926
ENST00000358600.7	368	29170	28802
ENST00000358602.9	2858	193067	190209
ENST00000358604.7	78	1420	1342
ENST00000358607.11	4	3977	3973
ENST00000358615.9	5894	34874	28980
ENST00000358625.4	3796	22897	19101
ENST00000358632.8	216	8517	8301
ENST00000358635.7	1131	27927	26796
ENST00000358637.4	2635	41433	38798
ENST00000358642.2	0	1852	1852
ENST00000358647.5	3467	6561	3094
ENST00000358649.8	272	40708	40436
ENST00000358654.2	31334	75388	44054
ENST00000358655.8	1076	29376	28300
ENST00000358656.9	5630	11157	5527
ENST00000358657.7	59588	119215	59627
ENST00000358658.8	456	15905	15449
ENST00000358660.3	41	23108	23067
ENST00000358662.9	3941	53791	49850
ENST00000358664.9	1352	27687	26335
ENST00000358666.7	446	2328	1882
ENST00000358671.10	99	15329	15230
ENST00000358677.9	83259	173705	90446
ENST00000358678.7	1768	3201	1433
ENST00000358679.3	1267	21022	19755
ENST00000358681.8	11996	150737	138741
ENST00000358683.8	36	96623	96587
ENST00000358689.9	3767	22574	18807
ENST00000358691.10	7811	154156	146345
ENST00000358694.10	29682	57290	27608
ENST00000358697.6	2594	7386	4792
ENST00000358700.7	2990	9530	6540
ENST00000358701.10	2398	41552	39154
ENST00000358704.4	149	5675	5526
ENST00000358707.7	719	107566	106847
ENST00000358711.7	848	17779	16931
ENST00000358713.7	6880	48893	42013
ENST00000358715.3	36	32658	32622
ENST00000358716.8	780	126420	125640
ENST00000358724.4	0	200	200
ENST00000358726.6	509	8058	7549
ENST00000358729.9	0	12320	12320
ENST00000358730.6	842	150658	149816
ENST00000358731.9	227	117064	116837
ENST00000358738.3	16931	29250	12319
ENST00000358739.5	37	815	778
ENST00000358741.4	2909	27790	24881
ENST00000358743.5	1940	25944	24004
ENST00000358744.3	32	23931	23899
ENST00000358746.7	716	87908	87192
ENST00000358747.10	264	10064	9800
ENST00000358749.3	89218	109692	20474
ENST00000358752.4	213	3391	3178
ENST00000358755.5	1210	34720	33510
ENST00000358757.5	51137	190608	139471
ENST00000358758.12	862	3459	2597
ENST00000358763.7	5875	500569	494694
ENST00000358767.7	0	124665	124665
ENST00000358768.6	0	1073217	1073217
ENST00000358769.7	1520	25039	23519
ENST00000358771.5	41	43662	43621
ENST00000358776.7	24	46041	46017
ENST00000358777.10	450	12894	12444
ENST00000358779.9	29	22228	22199
ENST00000358780.10	2611	21532	18921
ENST00000358781.7	336	22280	21944
ENST00000358784.11	554	58721	58167
ENST00000358788.10	14	33538	33524
ENST00000358789.8	2064	7214	5150
ENST00000358791.9	100	82265	82165
ENST00000358792.11	57	5709	5652
ENST00000358794.9	553	20607	20054
ENST00000358807.8	132	13311	13179
ENST00000358808.6	1444	113275	111831
ENST00000358812.9	8905	30249	21344
ENST00000358813.5	70	3522	3452
ENST00000358821.8	168	51568	51400
ENST00000358823.7	935	123580	122645
ENST00000358825.9	2610	64717	62107
ENST00000358830.3	22	8621	8599
ENST00000358834.9	171	19543	19372
ENST00000358835.7	967	193194	192227
ENST00000358842.5	181	3497	3316
ENST00000358849.9	66	19034	18968
ENST00000358855.8	480	27668	27188
ENST00000358859.3	1310	3744	2434
ENST00000358864.2	49	107473	107424
ENST00000358866.10	1031	84223	83192
ENST00000358867.11	15	8318	8303
ENST00000358869.5	10273	77424	67151
ENST00000358871.6	624	53648	53024
ENST00000358872.7	642	66578	65936
ENST00000358883.8	1247	99029	97782
ENST00000358892.7	24518	49389	24871
ENST00000358894.11	1922	40287	38365
ENST00000358896.10	14771	57194	42423
ENST00000358897.8	4513	154344	149831
ENST00000358901.11	1056	18690	17634
ENST00000358906.3	9380	35872	26492
ENST00000358907.6	1011	59569	58558
ENST00000358912.5	2053	16906	14853
ENST00000358913.10	11951	104905	92954
ENST00000358918.7	63	291249	291186
ENST00000358919.6	625	51050	50425
ENST00000358923.10	895	66612	65717
ENST00000358931.9	928	15955	15027
ENST00000358932.9	183	5981	5798
ENST00000358933.10	210	15267	15057
ENST00000358935.3	328	60865	60537
ENST00000358939.8	270	68265	67995
ENST00000358944.8	6606	12676	6070
ENST00000358950.4	64	13562	13498
ENST00000358951.7	2961	128188	125227
ENST00000358954.6	6577	59600	53023
ENST00000358965.10	666	39358	38692
ENST00000358966.6	6827	15228	8401
ENST00000358970.10	4562	37422	32860
ENST00000358971.7	36768	38447	1679
ENST00000358984.9	180	108377	108197
ENST00000358987.8	169	15244	15075
ENST00000358990.3	0	7758	7758
ENST00000358991.4	0	304014	304014
ENST00000358993.3	57	1283	1226
ENST00000358994.9	62	37619	37557
ENST00000359003.7	551	73757	73206
ENST00000359005.8	30	5168	5138
ENST00000359008.8	4074	30490	26416
ENST00000359013.4	283	86763	86480
ENST00000359015.5	715	239203	238488
ENST00000359028.7	0	180798	180798
ENST00000359031.8	141	24953	24812
ENST00000359032.10	133	42661	42528
ENST00000359033.4	21	5565	5544
ENST00000359035.4	3	3787	3784
ENST00000359039.5	3344	7044	3700
ENST00000359040.10	65	72950	72885
ENST00000359042.6	2861	16539	13678
ENST00000359044.5	2441	7815	5374
ENST00000359047.2	953	62001	61048
ENST00000359051.7	418	3930	3512
ENST00000359052.8	784	84981	84197
ENST00000359059.10	57	6882	6825
ENST00000359060.5	3690	14166	10476
ENST00000359062.4	748	315138	314390
ENST00000359073.9	140	19063	18923
ENST00000359079.8	2316	18402	16086
ENST00000359082.3	3	61388	61385
ENST00000359085.8	41	10899	10858
ENST00000359086.4	138	974	836
ENST00000359087.8	137	29615	29478
ENST00000359088.9	1144	20281	19137
ENST00000359092.7	158	43302	43144
ENST00000359094.7	151	104697	104546
ENST00000359100.6	793	2447	1654
ENST00000359106.10	745	73126	72381
ENST00000359107.10	21	16567	16546
ENST00000359114.9	50	5623	5573
ENST00000359117.9	21278	34738	13460
ENST00000359120.9	1351	128298	126947
ENST00000359125.7	6439	74854	68415
ENST00000359128.10	2795	29181	26386
ENST00000359130.1	903	66853	65950
ENST00000359135.7	184931	302138	117207
ENST00000359139.7	50605	103686	53081
ENST00000359140.8	143	18414	18271
ENST00000359142.8	3224	71344	68120
ENST00000359149.9	18606	65856	47250
ENST00000359151.8	526	5821	5295
ENST00000359152.10	969	70194	69225
ENST00000359154.7	24679	180192	155513
ENST00000359156.8	9059	36329	27270
ENST00000359158.7	0	23002	23002
ENST00000359161.7	1321	56131	54810
ENST00000359162.6	3688	175523	171835
ENST00000359171.8	1151	112525	111374
ENST00000359172.3	4924	18979	14055
ENST00000359173.7	54272	100910	46638
ENST00000359175.9	1295	1749	454
ENST00000359187.5	2346	12416	10070
ENST00000359188.8	1980	115699	113719
ENST00000359191.10	247	33973	33726
ENST00000359193.4	29	807	778
ENST00000359195.3	2083	43201	41118
ENST00000359197.9	14280	97267	82987
ENST00000359201.6	2761	6795	4034
ENST00000359202.5	172	1268	1096
ENST00000359203.3	3061	16102	13041
ENST00000359204.5	1946	33155	31209
ENST00000359205.9	214	22263	22049
ENST00000359206.8	40	77216	77176
ENST00000359208.6	2399	11149	8750
ENST00000359209.11	32	103728	103696
ENST00000359210.8	5536	38243	32707
ENST00000359213.7	810	19383	18573
ENST00000359218.10	3	358592	358589
ENST00000359221.8	884	144082	143198
ENST00000359226.6	1372	110047	108675
ENST00000359227.8	3203	30376	27173
ENST00000359228.4	136	2673	2537
ENST00000359232.8	1170	16021	14851
ENST00000359236.10	3049	41689	38640
ENST00000359237.9	209	1479	1270
ENST00000359238.7	4278	14543	10265
ENST00000359240.7	57168	62086	4918
ENST00000359242.7	5370	42094	36724
ENST00000359246.9	190	104355	104165
ENST00000359247.8	0	485933	485933
ENST00000359253.2	836	6418	5582
ENST00000359263.9	537	181894	181357
ENST00000359265.8	3403	5075	1672
ENST00000359271.4	88	25800	25712
ENST00000359272.8	0	16391	16391
ENST00000359273.8	1305	4950	3645
ENST00000359274.5	490	4545	4055
ENST00000359276.9	2797	116644	113847
ENST00000359280.8	101	13705	13604
ENST00000359282.9	2699	28317	25618
ENST00000359285.10	2252	11466	9214
ENST00000359286.4	89	5938	5849
ENST00000359293.5	153	1953	1800
ENST00000359297.6	3578	22950	19372
ENST00000359299.8	164	95854	95690
ENST00000359303.4	70	884	814
ENST00000359308.8	655	44277	43622
ENST00000359314.5	456	148334	147878
ENST00000359315.6	10	12791	12781
ENST00000359316.6	263	36436	36173
ENST00000359318.8	67	11100	11033
ENST00000359320.7	444	3139	2695
ENST00000359321.2	3869	32140	28271
ENST00000359322.5	321	9297	8976
ENST00000359326.9	5866	60481	54615
ENST00000359331.8	11	14752	14741
ENST00000359332.7	75	59854	59779
ENST00000359333.8	1000	2514	1514
ENST00000359337.9	728	21084	20356
ENST00000359342.7	206	1814	1608
ENST00000359345.5	512	6280	5768
ENST00000359350.5	37	1907	1870
ENST00000359353.9	18358	46646	28288
ENST00000359354.6	431	56607	56176
ENST00000359357.7	11393	320648	309255
ENST00000359358.9	1987	99794	97807
ENST00000359359.6	30480	52285	21805
ENST00000359361.2	1268	47480	46212
ENST00000359362.6	217	87842	87625
ENST00000359365.9	796	12031	11235
ENST00000359366.10	30530	43999	13469
ENST00000359369.8	215	67085	66870
ENST00000359370.10	3115	22411	19296
ENST00000359373.9	598	46344	45746
ENST00000359374.8	266	3809	3543
ENST00000359388.8	32132	326801	294669
ENST00000359393.6	1605	27330	25725
ENST00000359396.9	502	16708	16206
ENST00000359415.8	1234	29933	28699
ENST00000359421.9	86	7180	7094
ENST00000359426.7	101	85018	84917
ENST00000359428.10	119	114132	114013
ENST00000359429.11	24	17828	17804
ENST00000359435.8	1421	12638	11217
ENST00000359440.6	1334	46267	44933
ENST00000359441.4	109	6069	5960
ENST00000359445.8	170	134762	134592
ENST00000359446.11	168963	427807	258844
ENST00000359451.6	706	29451	28745
ENST00000359452.9	12	14435	14423
ENST00000359454.10	132	5790	5658
ENST00000359461.10	60	5121	5061
ENST00000359462.9	2672	28394	25722
ENST00000359466.10	491	19547	19056
ENST00000359467.8	3507	50149	46642
ENST00000359470.6	3439	10876	7437
ENST00000359478.7	2151	16671	14520
ENST00000359479.7	1687	29112	27425
ENST00000359481.9	67	5828	5761
ENST00000359486.8	8643	61168	52525
ENST00000359492.6	60	2434	2374
ENST00000359499.8	1312	11688	10376
ENST00000359500.7	2941	27424	24483
ENST00000359511.5	5744	17263	11519
ENST00000359512.8	0	5834	5834
ENST00000359513.8	26696	56268	29572
ENST00000359518.7	414	19299	18885
ENST00000359520.12	13781	139527	125746
ENST00000359523.7	170	66737	66567
ENST00000359524.7	92	126331	126239
ENST00000359525.2	0	10238	10238
ENST00000359526.9	324	66408	66084
ENST00000359527.11	584	22836	22252
ENST00000359530.7	424	127583	127159
ENST00000359534.4	1922	41632	39710
ENST00000359540.7	596	138813	138217
ENST00000359541.6	829	20420	19591
ENST00000359543.8	4486	19692	15206
ENST00000359544.2	476	32590	32114
ENST00000359546.8	82430	84131	1701
ENST00000359548.8	216	12777	12561
ENST00000359551.6	302	6087	5785
ENST00000359560.7	1371	82452	81081
ENST00000359562.4	1189	3847	2658
ENST00000359564.3	28201	65470	37269
ENST00000359568.10	73	131129	131056
ENST00000359570.9	512	148288	147776
ENST00000359574.7	0	10096	10096
ENST00000359576.9	2385	226258	223873
ENST00000359579.5	345	14457	14112
ENST00000359591.9	564	7916	7352
ENST00000359593.9	72	6580	6508
ENST00000359594.3	0	1906	1906
ENST00000359595.8	679	11080	10401
ENST00000359596.8	139	168734	168595
ENST00000359597.8	123	11528	11405
ENST00000359600.6	2058	193492	191434
ENST00000359606.3	39	46138	46099
ENST00000359610.3	3	1945	1942
ENST00000359611.4	61	839	778
ENST00000359614.9	22	8519	8497
ENST00000359617.8	16222	25814	9592
ENST00000359621.5	22	16071	16049
ENST00000359623.9	13507	15059	1552
ENST00000359624.7	692	20640	19948
ENST00000359626.10	146	243873	243727
ENST00000359629.10	1401	102827	101426
ENST00000359634.10	22817	80296	57479
ENST00000359637.3	364	50720	50356
ENST00000359644.7	129	124422	124293
ENST00000359645.7	663	37793	37130
ENST00000359646.1	2385	7975	5590
ENST00000359649.8	1011	6975	5964
ENST00000359650.10	650	18923	18273
ENST00000359651.7	3192	8480	5288
ENST00000359653.4	371	44981	44610
ENST00000359655.9	58	31141	31083
ENST00000359671.5	1100	82457	81357
ENST00000359674.8	994	21737	20743
ENST00000359675.6	1757	71044	69287
ENST00000359676.9	4540	32951	28411
ENST00000359678.10	1200	116974	115774
ENST00000359680.9	2166	8135	5969
ENST00000359683.8	2637	15331	12694
ENST00000359685.7	111704	203747	92043
ENST00000359692.10	150	115529	115379
ENST00000359697.8	129	35112	34983
ENST00000359704.2	25909	100344	74435
ENST00000359707.9	2647	20674	18027
ENST00000359709.7	4671	47065	42394
ENST00000359712.7	767	12583	11816
ENST00000359726.7	1122	233512	232390
ENST00000359727.8	13074	29205	16131
ENST00000359735.7	181	37391	37210
ENST00000359740.6	3	7994	7991
ENST00000359741.10	37433	53885	16452
ENST00000359742.9	1591	334832	333241
ENST00000359744.8	6503	7947	1444
ENST00000359747.4	29	39871	39842
ENST00000359750.8	3	9261	9258
ENST00000359751.8	87	5946	5859
ENST00000359755.5	97	17080	16983
ENST00000359758.9	265	16070	15805
ENST00000359759.8	0	62085	62085
ENST00000359761.7	346	24871	24525
ENST00000359766.7	89537	168618	79081
ENST00000359774.9	238	48689	48451
ENST00000359775.10	832	293384	292552
ENST00000359782.8	9517	38137	28620
ENST00000359783.8	2137	9816	7679
ENST00000359785.10	1097	60212	59115
ENST00000359787.5	536	10952	10416
ENST00000359788.9	428	35932	35504
ENST00000359791.5	128	221018	220890
ENST00000359793.7	15918	35033	19115
ENST00000359794.11	3411	28659	25248
ENST00000359798.9	15617	30663	15046
ENST00000359801.8	1592	17802	16210
ENST00000359803.7	990	2848	1858
ENST00000359822.10	14	2295	2281
ENST00000359827.7	7141	391003	383862
ENST00000359831.8	468	34830	34362
ENST00000359832.8	135	8108	7973
ENST00000359836.5	2608	658556	655948
ENST00000359842.10	344	45350	45006
ENST00000359843.8	961	19079	18118
ENST00000359846.6	567	28056	27489
ENST00000359847.4	2198	143444	141246
ENST00000359856.11	6689	15262	8573
ENST00000359858.9	14603	39288	24685
ENST00000359860.7	217	68955	68738
ENST00000359862.8	714	4448	3734
ENST00000359863.8	2661	145368	142707
ENST00000359864.8	35370	82369	46999
ENST00000359865.7	1080	116316	115236
ENST00000359866.9	92	10391	10299
ENST00000359867.7	2599	24705	22106
ENST00000359872.6	881	1144971	1144090
ENST00000359874.7	73	76264	76191
ENST00000359878.8	1145	19330	18185
ENST00000359882.8	859	12863	12004
ENST00000359883.6	934	10988	10054
ENST00000359887.4	430	2111	1681
ENST00000359889.9	655	10294	9639
ENST00000359890.8	8529	19493	10964
ENST00000359893.4	0	4248	4248
ENST00000359894.6	85	11303	11218
ENST00000359895.6	253	14375	14122
ENST00000359901.9	14382	101038	86656
ENST00000359902.2	150	10776	10626
ENST00000359904.8	2145	9997	7852
ENST00000359918.8	227	4217	3990
ENST00000359920.11	415	33945	33530
ENST00000359926.7	0	271273	271273
ENST00000359927.3	22864	37910	15046
ENST00000359928.8	69	41012	40943
ENST00000359929.7	137215	295562	158347
ENST00000359930.8	1453	103041	101588
ENST00000359933.6	6563	89973	83410
ENST00000359935.8	40	17787	17747
ENST00000359942.8	97	53824	53727
ENST00000359943.8	1586	34763	33177
ENST00000359944.10	5	10266	10261
ENST00000359947.9	14193	96806	82613
ENST00000359949.11	100	24680	24580
ENST00000359957.8	546	5624	5078
ENST00000359959.4	13846	15716	1870
ENST00000359962.9	338	50949	50611
ENST00000359963.4	129	3469	3340
ENST00000359971.4	4002	10951	6949
ENST00000359972.6	3060	90820	87760
ENST00000359978.10	3	10384	10381
ENST00000359979.8	42467	47015	4548
ENST00000359980.5	1338	23358	22020
ENST00000359982.8	498	13078	12580
ENST00000359983.7	134	42133	41999
ENST00000359984.12	247	15786	15539
ENST00000359988.4	264	80316	80052
ENST00000359995.10	2049	3706	1657
ENST00000359999.7	91	21407	21316
ENST00000360000.8	634	1334	700
ENST00000360001.12	584	12900	12316
ENST00000360003.7	2073	45090	43017
ENST00000360004.6	319	11759	11440
ENST00000360009.6	591	37767	37176
ENST00000360010.9	17182	26894	9712
ENST00000360011.5	370	3548	3178
ENST00000360012.7	3688	175523	171835
ENST00000360013.7	127	633654	633527
ENST00000360016.9	568	22478	21910
ENST00000360019.8	240	15708	15468
ENST00000360025.7	567	87223	86656
ENST00000360027.5	227	25343	25116
ENST00000360028.4	1037	3813	2776
ENST00000360029.4	890	276037	275147
ENST00000360031.6	10836	31328	20492
ENST00000360032.4	17175	23782	6607
ENST00000360039.9	687	9306	8619
ENST00000360046.10	703	3166	2463
ENST00000360047.9	979	614691	613712
ENST00000360051.7	8944	35954	27010
ENST00000360057.7	1607	384382	382775
ENST00000360059.5	3876	9018	5142
ENST00000360060.7	1276	93737	92461
ENST00000360066.6	18569	28183	9614
ENST00000360067.8	438	11587	11149
ENST00000360079.8	710	44332	43622
ENST00000360085.6	221	1033	812
ENST00000360089.8	82971	103611	20640
ENST00000360090.4	476	1182	706
ENST00000360091.3	0	8913	8913
ENST00000360096.3	6123	19030	12907
ENST00000360104.8	3865	70042	66177
ENST00000360105.8	65	66988	66923
ENST00000360108.7	7	321928	321921
ENST00000360110.9	2661	30077	27416
ENST00000360115.8	0	33569	33569
ENST00000360117.8	102	13177	13075
ENST00000360121.4	510	2908	2398
ENST00000360124.9	1406	3946	2540
ENST00000360127.7	18	5054	5036
ENST00000360128.11	25	14334	14309
ENST00000360131.5	1291	21236	19945
ENST00000360134.10	406	8551	8145
ENST00000360135.8	1215	55232	54017
ENST00000360141.8	70	18379	18309
ENST00000360144.7	340	114006	113666
ENST00000360149.9	47071	78000	30929
ENST00000360150.9	3807	35399	31592
ENST00000360151.9	34	15708	15674
ENST00000360156.11	9655	78652	68997
ENST00000360160.8	829	15974	15145
ENST00000360162.7	94850	129820	34970
ENST00000360165.7	299	5759	5460
ENST00000360167.4	128	6463	6335
ENST00000360168.7	1033	30289	29256
ENST00000360171.11	49	58771	58722
ENST00000360184.10	119	99847	99728
ENST00000360187.9	7070	29249	22179
ENST00000360190.8	363	196507	196144
ENST00000360194.8	23229	51400	28171
ENST00000360202.10	209	11687	11478
ENST00000360203.11	1091	41409	40318
ENST00000360204.5	16271	17754	1483
ENST00000360212.6	98	42528	42430
ENST00000360213.1	0	1900	1900
ENST00000360214.8	4852	19101	14249
ENST00000360215.3	319	14746	14427
ENST00000360218.3	922	15721	14799
ENST00000360221.8	70	30650	30580
ENST00000360228.11	874	307253	306379
ENST00000360232.8	12	228826	228814
ENST00000360238.6	3504	23737	20233
ENST00000360240.10	1167	150430	149263
ENST00000360242.9	38684	257586	218902
ENST00000360243.6	5438	7338	1900
ENST00000360244.8	1119	4139	3020
ENST00000360252.8	396	44349	43953
ENST00000360256.9	1808	193787	191979
ENST00000360258.8	627	24416	23789
ENST00000360260.6	30	1433	1403
ENST00000360264.7	20	437552	437532
ENST00000360265.9	5054	115538	110484
ENST00000360270.7	188	73954	73766
ENST00000360271.3	236	5730	5494
ENST00000360273.7	4794	129227	124433
ENST00000360274.8	683	162888	162205
ENST00000360279.8	1553	82480	80927
ENST00000360280.8	171	247919	247748
ENST00000360283.11	131	136125	135994
ENST00000360284.7	19061	37935	18874
ENST00000360290.7	204	75989	75785
ENST00000360295.13	1051	53930	52879
ENST00000360299.10	12883	18771	5888
ENST00000360301.8	1215	55238	54023
ENST00000360304.8	4059	189503	185444
ENST00000360310.6	780	126515	125735
ENST00000360311.5	7330	11120	3790
ENST00000360314.7	347	48984	48637
ENST00000360315.7	79513	121526	42013
ENST00000360317.7	220	13959	13739
ENST00000360319.9	323	30587	30264
ENST00000360321.7	347	20825	20478
ENST00000360323.11	20	3562	3542
ENST00000360325.11	474	2769	2295
ENST00000360332.7	49	34194	34145
ENST00000360338.4	322	13425	13103
ENST00000360342.7	1840	6423	4583
ENST00000360345.8	216	18598	18382
ENST00000360348.6	458	59244	58786
ENST00000360351.8	73750	156442	82692
ENST00000360356.6	408	34213	33805
ENST00000360357.8	509	28175	27666
ENST00000360358.3	0	1882	1882
ENST00000360359.5	148	202729	202581
ENST00000360366.8	52	133096	133044
ENST00000360370.9	662	63313	62651
ENST00000360372.8	204	14996	14792
ENST00000360374.3	372	2224	1852
ENST00000360375.8	58	41347	41289
ENST00000360379.4	399	829	430
ENST00000360380.7	1000	64025	63025
ENST00000360382.4	1	18896	18895
ENST00000360383.7	198	39395	39197
ENST00000360384.9	444	10717	10273
ENST00000360385.7	15620	22717	7097
ENST00000360388.9	463	408201	407738
ENST00000360392.4	1939	100518	98579
ENST00000360403.7	432	131991	131559
ENST00000360409.7	791	115331	114540
ENST00000360413.7	4928	271560	266632
ENST00000360415.7	359	15726	15367
ENST00000360416.8	1583	155001	153418
ENST00000360418.4	0	10597	10597
ENST00000360421.9	200	9733	9533
ENST00000360422.8	257	54208	53951
ENST00000360423.12	1473	5537	4064
ENST00000360426.8	1358	41987	40629
ENST00000360428.9	4813	55967	51154
ENST00000360430.6	0	31518	31518
ENST00000360439.8	1049	63241	62192
ENST00000360442.8	43768	54555	10787
ENST00000360448.8	13255	116402	103147
ENST00000360449.3	51	255182	255131
ENST00000360453.8	45	120198	120153
ENST00000360454.6	4	3367	3363
ENST00000360458.5	668	2394	1726
ENST00000360461.9	2535	14847	12312
ENST00000360463.7	827	7600	6773
ENST00000360464.6	68	6750	6682
ENST00000360465.8	4165	20767	16602
ENST00000360466.6	42	13599	13557
ENST00000360467.7	620	209993	209373
ENST00000360468.7	18	19022	19004
ENST00000360472.9	6161	8486	2325
ENST00000360473.8	240	5654	5414
ENST00000360476.8	245	3380	3135
ENST00000360478.7	153	80101	79948
ENST00000360480.7	201	68534	68333
ENST00000360482.7	184	28544	28360
ENST00000360488.7	544	14340	13796
ENST00000360490.7	3849	102365	98516
ENST00000360495.9	76	46605	46529
ENST00000360496.5	0	72928	72928
ENST00000360497.4	3	133164	133161
ENST00000360500.5	0	14994	14994
ENST00000360505.9	6804	136652	129848
ENST00000360506.6	2862	17280	14418
ENST00000360507.10	692	6153	5461
ENST00000360509.10	3961	222695	218734
ENST00000360515.7	95419	127262	31843
ENST00000360521.7	361	31524	31163
ENST00000360524.12	76	87464	87388
ENST00000360525.9	211	7539	7328
ENST00000360526.8	201	31894	31693
ENST00000360529.9	534	55189	54655
ENST00000360534.8	1041	84008	82967
ENST00000360535.9	1501	19325	17824
ENST00000360537.6	1127	9223	8096
ENST00000360538.7	846	15024	14178
ENST00000360540.9	2774	44637	41863
ENST00000360541.10	2213	38124	35911
ENST00000360542.5	282	1540	1258
ENST00000360547.9	42540	110536	67996
ENST00000360561.7	499	93599	93100
ENST00000360564.5	102	24677	24575
ENST00000360565.8	2818	20113	17295
ENST00000360566.6	291	8392	8101
ENST00000360568.8	2866	30064	27198
ENST00000360570.8	10956	24903	13947
ENST00000360578.7	5243	18852	13609
ENST00000360579.11	485	11081	10596
ENST00000360581.6	195	192538	192343
ENST00000360584.6	20	21709	21689
ENST00000360586.8	2544	91200	88656
ENST00000360587.2	40	5069	5029
ENST00000360589.4	16	8251	8235
ENST00000360591.7	133	34830	34697
ENST00000360594.9	2148	34273	32125
ENST00000360595.7	1438	18614	17176
ENST00000360596.7	34	52684	52650
ENST00000360605.8	48	93359	93311
ENST00000360607.10	320	13744	13424
ENST00000360612.5	176	3324	3148
ENST00000360614.8	201	31157	30956
ENST00000360617.7	0	5366	5366
ENST00000360620.7	899	27254	26355
ENST00000360631.8	5886	359689	353803
ENST00000360632.8	3573	141265	137692
ENST00000360635.7	3362	15816	12454
ENST00000360639.6	7157	15360	8203
ENST00000360642.7	15400	101827	86427
ENST00000360647.9	6675	90347	83672
ENST00000360648.8	27	99091	99064
ENST00000360652.7	151	5953	5802
ENST00000360655.8	229	774588	774359
ENST00000360657.7	285	24537	24252
ENST00000360658.3	140	7543	7403
ENST00000360663.10	1812	61014	59202
ENST00000360666.6	17544	132002	114458
ENST00000360668.8	151	1536	1385
ENST00000360669.11	13047	38485	25438
ENST00000360672.2	1453	29439	27986
ENST00000360674.8	101	13364	13263
ENST00000360675.7	1427	5329	3902
ENST00000360683.6	30	70111	70081
ENST00000360689.9	150972	333531	182559
ENST00000360693.7	1659	156744	155085
ENST00000360694.8	68530	84835	16305
ENST00000360697.4	15	52765	52750
ENST00000360700.4	2808	29473	26665
ENST00000360708.9	375	34358	33983
ENST00000360716.8	3144	39054	35910
ENST00000360718.5	520	15166	14646
ENST00000360719.6	3	10875	10872
ENST00000360726.3	40768	42890	2122
ENST00000360729.8	23070	33110	10040
ENST00000360731.7	0	49195	49195
ENST00000360742.9	222	15176	14954
ENST00000360743.8	2498	97213	94715
ENST00000360760.9	82721	172961	90240
ENST00000360761.8	392	72428	72036
ENST00000360768.5	298	81748	81450
ENST00000360770.3	260	1134	874
ENST00000360771.8	2093	31774	29681
ENST00000360772.7	4059	189351	185292
ENST00000360774.6	2121	171388	169267
ENST00000360779.4	535	11375	10840
ENST00000360785.6	45	1342	1297
ENST00000360786.3	103	3191	3088
ENST00000360787.8	2394	11500	9106
ENST00000360790.9	2102	94175	92073
ENST00000360793.8	2101	5991	3890
ENST00000360796.10	95	18295	18200
ENST00000360798.7	258	20682	20424
ENST00000360802.6	799	98612	97813
ENST00000360803.9	46	30675	30629
ENST00000360804.4	1182	8035	6853
ENST00000360807.8	507	49736	49229
ENST00000360814.9	424	31699	31275
ENST00000360816.8	3555	5851	2296
ENST00000360817.10	1195	11983	10788
ENST00000360820.7	15794	74762	58968
ENST00000360822.8	3	195696	195693
ENST00000360823.6	904	332542	331638
ENST00000360827.6	9239	13218	3979
ENST00000360830.9	39	3966	3927
ENST00000360831.9	369	11521	11152
ENST00000360833.6	216	6853	6637
ENST00000360835.9	6720	148923	142203
ENST00000360839.7	135	145174	145039
ENST00000360840.9	77	19341	19264
ENST00000360843.7	2960	171944	168984
ENST00000360844.7	3880	8462	4582
ENST00000360845.3	2348	32111	29763
ENST00000360851.4	178	123455	123277
ENST00000360862.9	21563	27386	5823
ENST00000360863.11	1506	148750	147244
ENST00000360864.9	33220	37029	3809
ENST00000360868.7	25682	26802	1120
ENST00000360870.10	1183	77004	75821
ENST00000360871.8	2605	64701	62096
ENST00000360872.9	78	5445	5367
ENST00000360876.9	95	27091	26996
ENST00000360880.6	1198	12879	11681
ENST00000360890.6	24857	53230	28373
ENST00000360900.11	1828	26139	24311
ENST00000360902.2	0	46175	46175
ENST00000360905.9	36681	502334	465653
ENST00000360906.9	23	35386	35363
ENST00000360909.8	74811	183369	108558
ENST00000360911.7	1550	150839	149289
ENST00000360916.9	4069	27581	23512
ENST00000360929.7	156	213610	213454
ENST00000360937.9	3954	10938	6984
ENST00000360938.8	4106	18355	14249
ENST00000360943.10	97	19779	19682
ENST00000360945.7	28	13100	13072
ENST00000360947.8	462	5676	5214
ENST00000360951.8	305	21334	21029
ENST00000360954.3	438	45730	45292
ENST00000360957.10	555	21152	20597
ENST00000360961.11	513	18279	17766
ENST00000360963.7	1867	116587	114720
ENST00000360966.9	386	19217	18831
ENST00000360981.8	1849	3998	2149
ENST00000360982.2	828	116592	115764
ENST00000360986.9	69	28794	28725
ENST00000360995.8	124	79030	78906
ENST00000360997.7	2474	6172	3698
ENST00000360998.3	561	56107	55546
ENST00000361005.10	47274	48912	1638
ENST00000361006.9	3177	68588	65411
ENST00000361007.7	1517	23114	21597
ENST00000361017.9	20	6657	6637
ENST00000361024.6	0	27691	27691
ENST00000361028.5	3537	21258	17721
ENST00000361029.9	1466	74649	73183
ENST00000361033.1	33	1291	1258
ENST00000361034.7	39	52203	52164
ENST00000361035.8	11884	26112	14228
ENST00000361036.11	142	5205	5063
ENST00000361040.9	459	93920	93461
ENST00000361042.8	84568	129628	45060
ENST00000361046.4	1988	8056	6068
ENST00000361048.6	3968	25633	21665
ENST00000361050.4	2208	6502	4294
ENST00000361053.8	80	43857	43777
ENST00000361054.7	1219	55958	54739
ENST00000361055.9	710	26994	26284
ENST00000361056.4	1746	15046	13300
ENST00000361059.7	33313	57816	24503
ENST00000361060.5	6412	69315	62903
ENST00000361066.7	3137	7017	3880
ENST00000361069.9	41	87307	87266
ENST00000361070.9	2532	42360	39828
ENST00000361078.7	2851	81795	78944
ENST00000361082.7	5970	10153	4183
ENST00000361084.10	241	9758	9517
ENST00000361085.9	2271	26166	23895
ENST00000361092.9	974	23127	22153
ENST00000361093.9	759	16595	15836
ENST00000361099.8	1557	43081	41524
ENST00000361110.6	258	20027	19769
ENST00000361111.6	265	15993	15728
ENST00000361113.10	145	21782	21637
ENST00000361114.10	858	200870	200012
ENST00000361115.4	2670	33501	30831
ENST00000361121.6	91	39442	39351
ENST00000361124.5	385	3761	3376
ENST00000361125.1	3146	118591	115445
ENST00000361127.6	209	54077	53868
ENST00000361128.9	502	72369	71867
ENST00000361131.5	149	106264	106115
ENST00000361132.9	709	38642	37933
ENST00000361134.2	770	7265	6495
ENST00000361138.7	101	96628	96527
ENST00000361140.8	13198	21480	8282
ENST00000361143.10	914	3782	2868
ENST00000361144.9	235	142901	142666
ENST00000361147.8	553	153556	153003
ENST00000361148.6	278	3775	3497
ENST00000361150.6	234	101835	101601
ENST00000361156.7	4034	66351	62317
ENST00000361157.11	320	3636	3316
ENST00000361162.10	874	38820	37946
ENST00000361163.8	88	15193	15105
ENST00000361166.10	366	92801	92435
ENST00000361168.9	353	9591	9238
ENST00000361170.7	1084	51979	50895
ENST00000361171.8	101	177378	177277
ENST00000361175.8	369	88184	87815
ENST00000361183.8	25	56125	56100
ENST00000361188.9	1057	30144	29087
ENST00000361189.7	2512	50826	48314
ENST00000361193.8	1134	34088	32954
ENST00000361195.6	24	156528	156504
ENST00000361198.9	536	5008	4472
ENST00000361200.7	775	37999	37224
ENST00000361203.7	40	406462	406422
ENST00000361204.9	166	75956	75790
ENST00000361209.6	626	993552	992926
ENST00000361210.6	9930	196336	186406
ENST00000361211.9	683	5055	4372
ENST00000361216.8	103	28597	28494
ENST00000361217.9	799	19334	18535
ENST00000361219.11	5400	23661	18261
ENST00000361221.8	40898	161488	120590
ENST00000361226.8	56411	75805	19394
ENST00000361227.2	0	690	690
ENST00000361228.5	4002	36801	32799
ENST00000361229.8	28270	31550	3280
ENST00000361232.7	3510	13518	10008
ENST00000361234.10	95	24565	24470
ENST00000361236.7	2538	56854	54316
ENST00000361242.9	1070	11147	10077
ENST00000361243.6	104992	372360	267368
ENST00000361246.7	1335	129889	128554
ENST00000361247.9	1091	34509	33418
ENST00000361248.8	17993	75295	57302
ENST00000361249.4	105	64657	64552
ENST00000361254.8	1445	11656	10211
ENST00000361255.7	2121	170765	168644
ENST00000361256.10	3117	11245	8128
ENST00000361264.9	1966	41394	39428
ENST00000361271.8	1335	29164	27829
ENST00000361272.9	5757	21035	15278
ENST00000361277.9	0	10128	10128
ENST00000361278.7	228	10692	10464
ENST00000361283.4	9340	14210	4870
ENST00000361288.9	1131	11123	9992
ENST00000361291.8	106085	336186	230101
ENST00000361293.10	23	55042	55019
ENST00000361297.7	284	237816	237532
ENST00000361298.9	984	1588	604
ENST00000361300.4	21902	127250	105348
ENST00000361301.6	49	15036	14987
ENST00000361302.7	68	1909	1841
ENST00000361306.6	261	65138	64877
ENST00000361308.9	668	26832	26164
ENST00000361309.6	4200	48775	44575
ENST00000361310.7	330	34881	34551
ENST00000361311.4	1483	97600	96117
ENST00000361314.5	39	6609	6570
ENST00000361317.6	9192	15691	6499
ENST00000361319.3	57	18570	18513
ENST00000361320.5	548	173497	172949
ENST00000361321.5	616	66458	65842
ENST00000361322.3	11270	30575	19305
ENST00000361328.7	6644	25950	19306
ENST00000361332.8	29682	57376	27694
ENST00000361335.1	0	586	586
ENST00000361337.3	246	96746	96500
ENST00000361339.9	520	18306	17786
ENST00000361346.6	3165	136399	133234
ENST00000361351.8	116	14020	13904
ENST00000361352.9	2108	10149	8041
ENST00000361354.9	16590	132337	115747
ENST00000361355.8	16903	26320	9417
ENST00000361357.7	318	73286	72968
ENST00000361360.4	1396	4394	2998
ENST00000361361.7	580	9664	9084
ENST00000361362.7	35401	38165	2764
ENST00000361365.7	96	16992	16896
ENST00000361367.7	167	31350	31183
ENST00000361368.7	3147	118515	115368
ENST00000361371.10	2307	69929	67622
ENST00000361373.9	181	66630	66449
ENST00000361377.8	11419	14311	2892
ENST00000361379.9	6547	14563	8016
ENST00000361381.2	0	2754	2754
ENST00000361383.11	93	179653	179560
ENST00000361384.7	430	21568	21138
ENST00000361387.6	549	109551	109002
ENST00000361389.8	6506	10673	4167
ENST00000361390.2	0	1910	1910
ENST00000361391.10	29682	57314	27632
ENST00000361392.9	28725	223839	195114
ENST00000361395.6	3688	175523	171835
ENST00000361396.6	4035	66352	62317
ENST00000361400.9	28730	223752	195022
ENST00000361409.2	479	113332	112853
ENST00000361413.8	1603	59839	58236
ENST00000361417.6	7397	54489	47092
ENST00000361418.10	1199	154726	153527
ENST00000361419.9	0	2764	2764
ENST00000361420.8	293	17157	16864
ENST00000361421.2	2338	315144	312806
ENST00000361424.6	919	5783	4864
ENST00000361427.6	173	2969	2796
ENST00000361428.3	1091	40122	39031
ENST00000361432.3	30	33593	33563
ENST00000361433.6	17136	52814	35678
ENST00000361434.8	3133	40244	37111
ENST00000361436.10	50	4131	4081
ENST00000361439.9	166	33367	33201
ENST00000361441.5	106	4693	4587
ENST00000361443.4	6	2944	2938
ENST00000361444.3	0	4778	4778
ENST00000361445.9	953	160464	159511
ENST00000361446.5	0	38	38
ENST00000361452.8	382	81067	80685
ENST00000361453.3	0	2082	2082
ENST00000361462.7	232	116667	116435
ENST00000361464.8	2004	36304	34300
ENST00000361466.7	100	92913	92813
ENST00000361470.4	221	5961	5740
ENST00000361471.8	280	147123	146843
ENST00000361473.9	242	162036	161794
ENST00000361474.6	1139	198828	197689
ENST00000361475.7	2837	39861	37024
ENST00000361477.8	3	993222	993219
ENST00000361478.1	448	4304	3856
ENST00000361479.10	90	40779	40689
ENST00000361483.4	2030	5699	3669
ENST00000361484.5	1444	3104	1660
ENST00000361487.7	230	15608	15378
ENST00000361488.7	151677	153895	2218
ENST00000361490.9	1369	29124	27755
ENST00000361492.9	61453	259498	198045
ENST00000361493.10	0	6709	6709
ENST00000361496.3	231	67680	67449
ENST00000361499.7	14765	150278	135513
ENST00000361503.8	3	31693	31690
ENST00000361505.10	119	8053	7934
ENST00000361507.5	3982	204445	200463
ENST00000361509.7	309	19884	19575
ENST00000361510.8	170	101931	101761
ENST00000361511.9	24799	146445	121646
ENST00000361516.8	1006	32852	31846
ENST00000361518.10	30	4699	4669
ENST00000361521.9	328	130228	129900
ENST00000361523.8	629	15082	14453
ENST00000361524.8	791	292948	292157
ENST00000361525.7	3696	175531	171835
ENST00000361528.8	3	77353	77350
ENST00000361529.5	76	7221	7145
ENST00000361530.11	57	14172	14115
ENST00000361531.6	98	2044	1946
ENST00000361532.9	406	7011	6605
ENST00000361534.6	1225	47701	46476
ENST00000361538.6	171	19048	18877
ENST00000361539.5	58919	112909	53990
ENST00000361543.3	14057	17557	3500
ENST00000361544.11	488	148763	148275
ENST00000361545.9	28072	117388	89316
ENST00000361546.6	42	48445	48403
ENST00000361547.7	38	17279	17241
ENST00000361548.9	195	36918	36723
ENST00000361549.2	1657	3580	1923
ENST00000361556.9	160	59829	59669
ENST00000361557.4	2521	50835	48314
ENST00000361559.8	73740	152367	78627
ENST00000361560.6	100	8452	8352
ENST00000361564.9	57	17106	17049
ENST00000361565.9	53	49993	49940
ENST00000361566.7	129	5824	5695
ENST00000361567.2	0	3616	3616
ENST00000361568.6	104	10339	10235
ENST00000361569.8	12744	179126	166382
ENST00000361571.9	762	22542	21780
ENST00000361572.10	194	111930	111736
ENST00000361573.3	95	76832	76737
ENST00000361574.10	937	17450	16513
ENST00000361575.4	183	5222	5039
ENST00000361577.7	214	116491	116277
ENST00000361580.7	350	155494	155144
ENST00000361581.9	691	194085	193394
ENST00000361582.8	15685	104765	89080
ENST00000361584.5	486	14707	14221
ENST00000361587.3	0	11533	11533
ENST00000361588.5	3812	12726	8914
ENST00000361589.8	20044	699209	679165
ENST00000361599.8	210	45088	44878
ENST00000361600.9	2548	10916	8368
ENST00000361603.7	202	261455	261253
ENST00000361605.4	830	11778	10948
ENST00000361609.4	938	2626	1688
ENST00000361611.11	236	9811	9575
ENST00000361618.4	4779	20500	15721
ENST00000361619.9	84	8313	8229
ENST00000361624.2	0	3082	3082
ENST00000361627.8	708	25395	24687
ENST00000361631.9	303	6955	6652
ENST00000361640.5	161	7122	6961
ENST00000361641.6	80	21688	21608
ENST00000361644.4	5268	7342	2074
ENST00000361648.6	2554	109168	106614
ENST00000361654.8	1446	112945	111499
ENST00000361655.6	0	787414	787414
ENST00000361658.6	5522	99668	94146
ENST00000361660.8	126	71624	71498
ENST00000361661.6	1179	6147	4968
ENST00000361664.7	3275	12386	9111
ENST00000361665.7	2346	13143	10797
ENST00000361669.7	121237	223075	101838
ENST00000361670.3	3218	9094	5876
ENST00000361671.10	1014	82964	81950
ENST00000361672.6	2761	18024	15263
ENST00000361673.4	579	137048	136469
ENST00000361675.7	88100	191074	102974
ENST00000361676.8	0	80682	80682
ENST00000361677.6	12	12982	12970
ENST00000361678.8	190	80051	79861
ENST00000361680.6	78	43392	43314
ENST00000361681.2	0	1048	1048
ENST00000361682.11	20755	27770	7015
ENST00000361684.8	2148	29850	27702
ENST00000361685.6	100	92835	92735
ENST00000361686.8	5081	43959	38878
ENST00000361687.8	493	265347	264854
ENST00000361689.7	2802	420571	417769
ENST00000361690.7	2273	90010	87737
ENST00000361692.4	89	12198	12109
ENST00000361696.10	157	5759	5602
ENST00000361699.8	118	17020	16902
ENST00000361703.10	285	24537	24252
ENST00000361704.6	3764	420445	416681
ENST00000361710.6	873	2083	1210
ENST00000361711.7	8605	18363	9758
ENST00000361713.2	190	110024	109834
ENST00000361715.6	234	101888	101654
ENST00000361716.8	2642	8641	5999
ENST00000361717.4	3328	4430	1102
ENST00000361719.6	1736	410585	408849
ENST00000361720.10	525	11522	10997
ENST00000361722.7	849	17195	16346
ENST00000361723.7	4094	10553	6459
ENST00000361725.5	171	3509	3338
ENST00000361726.7	484	2180	1696
ENST00000361727.8	76	2302781	2302705
ENST00000361729.3	3445	25659	22214
ENST00000361731.4	492	23222	22730
ENST00000361732.6	2912	46986	44074
ENST00000361733.8	343	73219	72876
ENST00000361735.4	308	17182	16874
ENST00000361737.9	1681	194953	193272
ENST00000361738.12	455	7180	6725
ENST00000361739.1	0	1360	1360
ENST00000361740.9	1936	32500	30564
ENST00000361742.7	3381	7849	4468
ENST00000361745.10	299	8551	8252
ENST00000361746.9	28616	223777	195161
ENST00000361752.8	476	157004	156528
ENST00000361756.8	16	68238	68222
ENST00000361757.8	585	50705	50120
ENST00000361758.8	1194	152918	151724
ENST00000361762.3	1008	13575	12567
ENST00000361763.9	223	11422	11199
ENST00000361771.7	26387	73725	47338
ENST00000361773.7	1271	6687	5416
ENST00000361776.5	3168	136301	133133
ENST00000361778.7	406	8881	8475
ENST00000361779.7	9834	15400	5566
ENST00000361781.7	1545	39748	38203
ENST00000361785.10	23446	89808	66362
ENST00000361786.7	7451	17251	9800
ENST00000361789.2	0	2280	2280
ENST00000361790.7	303	20929	20626
ENST00000361791.7	41	82565	82524
ENST00000361794.7	24119	123488	99369
ENST00000361795.9	8846	322113	313267
ENST00000361796.9	29682	57307	27625
ENST00000361799.7	6843	247201	240358
ENST00000361802.6	145	79290	79145
ENST00000361803.3	5073	28752	23679
ENST00000361804.5	122	40226	40104
ENST00000361807.8	613	12247	11634
ENST00000361812.9	0	194440	194440
ENST00000361813.5	1366	36482	35116
ENST00000361815.9	293	7138	6845
ENST00000361818.9	10415	27134	16719
ENST00000361820.6	3825	171963	168138
ENST00000361822.8	22	137369	137347
ENST00000361823.9	244	79735	79491
ENST00000361824.7	597	22613	22016
ENST00000361828.7	234	101832	101598
ENST00000361831.9	214	22263	22049
ENST00000361833.7	3220	307468	304248
ENST00000361835.8	2301	41899	39598
ENST00000361837.9	36	5845	5809
ENST00000361840.8	2364	24116	21752
ENST00000361842.8	33	18016	17983
ENST00000361846.7	17319	97245	79926
ENST00000361847.7	456	77377	76921
ENST00000361849.7	751	848990	848239
ENST00000361851.1	0	406	406
ENST00000361852.8	314	13340	13026
ENST00000361866.8	81	25289	25208
ENST00000361871.8	886	5271	4385
ENST00000361872.8	14835	47672	32837
ENST00000361874.8	348	22671	22323
ENST00000361875.8	1053	52671	51618
ENST00000361883.6	608	1650	1042
ENST00000361886.4	3329	8127	4798
ENST00000361887.5	1431	4117	2686
ENST00000361891.9	611	10290	9679
ENST00000361895.6	10185	56004	45819
ENST00000361897.10	487	299281	298794
ENST00000361899.2	0	1354	1354
ENST00000361900.10	16242	24081	7839
ENST00000361901.6	88056	190266	102210
ENST00000361902.5	999	13105	12106
ENST00000361904.7	3419	21637	18218
ENST00000361906.8	2181	29883	27702
ENST00000361908.8	192	101900	101708
ENST00000361909.8	530	8899	8369
ENST00000361910.9	596	2394	1798
ENST00000361911.9	124	10317	10193
ENST00000361915.8	682	75850	75168
ENST00000361917.6	0	7718	7718
ENST00000361921.8	24	16552	16528
ENST00000361922.8	3275	21913	18638
ENST00000361923.2	175	61631	61456
ENST00000361924.7	280	124665	124385
ENST00000361925.9	126	87002	86876
ENST00000361926.8	1799	13257	11458
ENST00000361927.9	2930	103389	100459
ENST00000361933.7	29	17753	17724
ENST00000361936.9	455	7180	6725
ENST00000361941.7	37	129955	129918
ENST00000361946.8	22	80388	80366
ENST00000361948.8	3046	44922	41876
ENST00000361952.5	27	2257	2230
ENST00000361953.7	958	19032	18074
ENST00000361956.8	263	152132	151869
ENST00000361959.7	987	14512	13525
ENST00000361961.7	1198	154687	153489
ENST00000361963.3	281	3519	3238
ENST00000361965.9	314	13430	13116
ENST00000361970.10	2304	43714	41410
ENST00000361971.10	1287	20479	19192
ENST00000361972.8	5149	225936	220787
ENST00000361980.9	0	33624	33624
ENST00000361981.7	1152	18040	16888
ENST00000361983.7	30	29466	29436
ENST00000361987.6	88	2452	2364
ENST00000361988.7	781	12771	11990
ENST00000361991.6	30	70088	70058
ENST00000361999.7	765	130190	129425
ENST00000362000.10	145	18154	18009
ENST00000362002.3	144	2408	2264
ENST00000362003.10	27849	60962	33113
ENST00000362005.7	13384	67723	54339
ENST00000362006.11	5503	129733	124230
ENST00000362007.6	359	4169	3810
ENST00000362010.7	1395	238093	236698
ENST00000362011.7	97	3531	3434
ENST00000362012.7	61	23303	23242
ENST00000362018.2	172	1007	835
ENST00000362019.7	2163	16903	14740
ENST00000362020.4	318	3646	3328
ENST00000362021.9	1505	7874	6369
ENST00000362025.9	447	74842	74395
ENST00000362026.7	6505	49282	42777
ENST00000362031.10	2032	70227	68195
ENST00000362032.6	6250	8902	2652
ENST00000362034.7	56	13140	13084
ENST00000362042.8	2760	13590	10830
ENST00000362049.10	105	15942	15837
ENST00000362052.7	281	2729	2448
ENST00000362057.4	677	105430	104753
ENST00000362061.4	322	78402	78080
ENST00000362063.6	3851	24973	21122
ENST00000362065.9	749	36376	35627
ENST00000362066.7	1286	9560	8274
ENST00000362072.8	1125	16368	15243
ENST00000362074.8	7291	41176	33885
ENST00000362076.8	736	14285	13549
ENST00000362079.2	0	1566	1566
ENST00000362089.10	1044	88309	87265
ENST00000362091.9	103	50142	50039
ENST00000362093.4	147	13638	13491
ENST00000362094.6	5136	5516	380
ENST00000362095.9	734	51409	50675
ENST00000362096.8	265	185919	185654
ENST00000362097.2	1155	7578	6423
ENST00000365779.2	81	31027	30946
ENST00000366089.2	286	734	448
ENST00000366090.6	3768	6572	2804
ENST00000366093.6	1428	6793	5365
ENST00000366118.2	0	20690	20690
ENST00000366137.6	0	434	434
ENST00000366139.3	539	1161	622
ENST00000366170.6	130	23285	23155
ENST00000366175.7	3842	21149	17307
ENST00000366197.9	250	11632	11382
ENST00000366212.8	1007	1888	881
ENST00000366216.6	1360	2950	1590
ENST00000366254.2	3572	3680	108
ENST00000366272.6	758	5538	4780
ENST00000366285.5	8144	10901	2757
ENST00000366329.7	20229	24078	3849
ENST00000366353.8	9263	231694	222431
ENST00000366382.8	7	11207	11200
ENST00000366391.6	0	11251	11251
ENST00000366394.7	0	13035	13035
ENST00000366401.8	90	238100	238010
ENST00000366425.4	31	1538	1507
ENST00000366429.2	12271	45954	33683
ENST00000366442.2	0	2103	2103
ENST00000366466.5	346	19815	19469
ENST00000366471.7	205	9713	9508
ENST00000366472.6	1457	15662	14205
ENST00000366473.4	0	1918	1918
ENST00000366476.1	0	1870	1870
ENST00000366479.4	96	1966	1870
ENST00000366480.5	144	2062	1918
ENST00000366481.4	60	20751	20691
ENST00000366485.2	145	2027	1882
ENST00000366487.4	6875	8793	1918
ENST00000366488.5	58	25645	25587
ENST00000366489.5	42072	67600	25528
ENST00000366491.6	42077	67605	25528
ENST00000366496.7	748	33371	32623
ENST00000366500.5	186	3358	3172
ENST00000366501.1	879	3523	2644
ENST00000366503.3	2815	45122	42307
ENST00000366504.6	22239	62753	40514
ENST00000366508.5	1711	98995	97284
ENST00000366510.4	14	44163	44149
ENST00000366511.1	25049	67818	42769
ENST00000366512.7	25102	83428	58326
ENST00000366513.9	25107	101611	76504
ENST00000366514.5	473	26757	26284
ENST00000366518.4	104	196770	196666
ENST00000366523.6	737	118154	117417
ENST00000366528.3	99	7942	7843
ENST00000366531.7	57245	181092	123847
ENST00000366533.8	42	176582	176540
ENST00000366534.9	157	181636	181479
ENST00000366535.4	1095	44678	43583
ENST00000366537.5	12066	36772	24706
ENST00000366539.6	3456	342730	339274
ENST00000366540.5	27	344833	344806
ENST00000366541.8	133	245862	245729
ENST00000366542.6	2024	105585	103561
ENST00000366543.5	2024	105214	103190
ENST00000366544.5	2024	105292	103268
ENST00000366545.5	259135	435631	176496
ENST00000366548.8	2222	43918	41696
ENST00000366552.6	207	152150	151943
ENST00000366553.3	4948	8882	3934
ENST00000366554.3	1307	48332	47025
ENST00000366555.5	0	25296	25296
ENST00000366557.8	40	61087	61047
ENST00000366558.7	311	61420	61109
ENST00000366559.9	67	61215	61148
ENST00000366560.4	228	23639	23411
ENST00000366563.5	25135	581676	556541
ENST00000366564.5	651	581652	581001
ENST00000366565.5	651	581705	581054
ENST00000366570.5	21	9839	9818
ENST00000366574.7	338	805256	804918
ENST00000366576.3	0	64462	64462
ENST00000366577.10	412	106111	105699
ENST00000366578.6	175	78778	78603
ENST00000366579.1	334	1628	1294
ENST00000366581.6	234	59570	59336
ENST00000366582.8	1900	61478	59578
ENST00000366584.9	2089	25118	23029
ENST00000366592.8	84	66806	66722
ENST00000366595.7	2040	92574	90534
ENST00000366597.5	1280	33229	31949
ENST00000366598.8	1280	33229	31949
ENST00000366600.8	3019	58550	55531
ENST00000366601.8	12620	82707	70087
ENST00000366603.6	1633	163937	162304
ENST00000366607.5	2726	19804	17078
ENST00000366609.4	2871	6984	4113
ENST00000366610.7	2871	6936	4065
ENST00000366612.1	545	10349	9804
ENST00000366613.1	36	10504	10468
ENST00000366615.10	11	10821	10810
ENST00000366617.3	228	110225	109997
ENST00000366618.8	402	420026	419624
ENST00000366621.8	66	58426	58360
ENST00000366622.1	120	8367	8247
ENST00000366623.7	261	46131	45870
ENST00000366624.8	305	58082	57777
ENST00000366627.4	71	26560	26489
ENST00000366628.10	100	28182	28082
ENST00000366630.5	1165	122519	121354
ENST00000366632.6	53	141495	141442
ENST00000366633.7	53	230462	230409
ENST00000366636.8	53	241784	241731
ENST00000366637.8	53	412496	412443
ENST00000366639.9	142	37097	36955
ENST00000366641.4	2658	59405	56747
ENST00000366644.3	5279	13894	8615
ENST00000366645.1	2818	7166	4348
ENST00000366647.9	167	38351	38184
ENST00000366649.7	517	18248	17731
ENST00000366651.7	519	18247	17728
ENST00000366653.6	912	55718	54806
ENST00000366654.5	908	21803	20895
ENST00000366658.6	12	18855	18843
ENST00000366661.9	665	75144	74479
ENST00000366662.8	665	74984	74319
ENST00000366663.10	2736	32370	29634
ENST00000366666.6	113	56072	55959
ENST00000366667.6	621	9724	9103
ENST00000366668.7	40	53016	52976
ENST00000366669.9	126	53105	52979
ENST00000366671.7	2934	7315	4381
ENST00000366672.5	43	213914	213871
ENST00000366674.1	74	576	502
ENST00000366675.3	2998	16260	13262
ENST00000366683.4	257	2917	2660
ENST00000366684.7	257	2995	2738
ENST00000366686.1	3723	19375	15652
ENST00000366687.5	4227	22261	18034
ENST00000366690.5	229	32510	32281
ENST00000366691.4	264	9029	8765
ENST00000366695.3	449	1227	778
ENST00000366696.2	73	887	814
ENST00000366697.6	264	8557	8293
ENST00000366698.7	269	8562	8293
ENST00000366699.3	1117	12177	11060
ENST00000366704.2	0	81009	81009
ENST00000366706.7	0	9180	9180
ENST00000366711.4	13	10771	10758
ENST00000366714.3	7829	10461	2632
ENST00000366721.5	0	8985	8985
ENST00000366722.5	0	6810	6810
ENST00000366723.5	1	9088	9087
ENST00000366726.5	14	6852	6838
ENST00000366728.6	13	9275	9262
ENST00000366730.5	5551	9316	3765
ENST00000366731.9	84	1160	1076
ENST00000366732.5	84	1160	1076
ENST00000366733.5	84	1962	1878
ENST00000366734.5	84	1962	1878
ENST00000366735.5	84	1962	1878
ENST00000366736.5	84	1962	1878
ENST00000366738.5	84	2069	1985
ENST00000366739.5	84	1962	1878
ENST00000366740.5	84	1962	1878
ENST00000366741.5	84	1962	1878
ENST00000366742.5	84	1962	1878
ENST00000366744.5	84	1962	1878
ENST00000366746.7	84	1962	1878
ENST00000366747.7	84	1962	1878
ENST00000366756.4	671	10091	9420
ENST00000366757.4	42	31503	31461
ENST00000366759.9	12741	46927	34186
ENST00000366760.5	30432	52676	22244
ENST00000366764.8	34	328006	327972
ENST00000366766.8	4406	332542	328136
ENST00000366767.7	4406	332196	327790
ENST00000366769.7	4406	332438	328032
ENST00000366772.6	36	31763	31727
ENST00000366773.8	36	31904	31868
ENST00000366774.4	79	11939	11860
ENST00000366777.4	21092	48367	27275
ENST00000366778.5	21256	48219	26963
ENST00000366779.6	11724	26726	15002
ENST00000366780.8	101	21502	21401
ENST00000366782.6	10640	25642	15002
ENST00000366783.8	11292	26294	15002
ENST00000366784.1	28337	32199	3862
ENST00000366787.7	2045	38499	36454
ENST00000366788.8	141	53692	53551
ENST00000366789.6	105	53648	53543
ENST00000366794.10	772	50257	49485
ENST00000366795.4	531	15047	14516
ENST00000366796.7	1067	27637	26570
ENST00000366806.6	36937	147608	110671
ENST00000366808.6	1347	68021	66674
ENST00000366810.6	18	2839	2821
ENST00000366812.6	1934	43572	41638
ENST00000366813.1	375	7904	7529
ENST00000366814.3	1638	3549	1911
ENST00000366815.10	1636	9165	7529
ENST00000366816.5	2501	10030	7529
ENST00000366820.10	841	5631	4790
ENST00000366829.2	26	25223	25197
ENST00000366834.2	1628	3540	1912
ENST00000366835.8	1507	34443	32936
ENST00000366837.5	3376	21347	17971
ENST00000366838.1	6	11350	11344
ENST00000366839.8	104	9372	9268
ENST00000366843.7	10949	167557	156608
ENST00000366844.7	10943	167613	156670
ENST00000366847.9	16	41762	41746
ENST00000366848.5	33	15720	15687
ENST00000366849.5	23021	95464	72443
ENST00000366850.7	23042	38729	15687
ENST00000366855.10	87	23662	23575
ENST00000366856.3	32	22600	22568
ENST00000366857.9	54	19220	19166
ENST00000366858.7	67	22495	22428
ENST00000366862.10	19	44731	44712
ENST00000366866.8	32	4439	4407
ENST00000366871.7	662	11059	10397
ENST00000366872.10	223	126118	125895
ENST00000366873.6	1376	49881	48505
ENST00000366875.5	61	3797	3736
ENST00000366876.7	662	11235	10573
ENST00000366878.9	1364	144056	142692
ENST00000366882.7	5714	102848	97134
ENST00000366888.7	262	587776	587514
ENST00000366889.6	1104	588618	587514
ENST00000366890.5	761	22919	22158
ENST00000366892.5	305	1183650	1183345
ENST00000366894.6	851040	1377851	526811
ENST00000366896.5	1463	1379968	1378505
ENST00000366897.5	1463	1380329	1378866
ENST00000366898.6	2685	1381634	1378949
ENST00000366899.4	991	39763	38772
ENST00000366903.8	415	6718	6303
ENST00000366905.3	281	66850	66569
ENST00000366910.10	32	27506	27474
ENST00000366911.9	23507	102585	79078
ENST00000366913.8	210	34574	34364
ENST00000366917.6	687	136394	135707
ENST00000366918.8	597	136195	135598
ENST00000366919.6	205	129788	129583
ENST00000366920.6	118	129838	129720
ENST00000366922.3	85	56513	56428
ENST00000366923.8	209	82292	82083
ENST00000366924.6	67	9358	9291
ENST00000366926.4	5007	19446	14439
ENST00000366927.3	16	38508	38492
ENST00000366928.10	13	38553	38540
ENST00000366929.4	467	96442	95975
ENST00000366930.9	1366	97258	95892
ENST00000366932.4	24	46636	46612
ENST00000366933.5	35	232580	232545
ENST00000366934.3	1979	23909	21930
ENST00000366935.8	4156	205553	201397
ENST00000366937.5	3688	205578	201890
ENST00000366938.6	3688	175523	171835
ENST00000366940.6	3691	175526	171835
ENST00000366942.3	1295	253008	251713
ENST00000366952.1	1253	15505	14252
ENST00000366953.8	680	43656	42976
ENST00000366955.8	10560	69919	59359
ENST00000366956.10	9225	119646	110421
ENST00000366957.10	96	56909	56813
ENST00000366958.9	8563	50065	41502
ENST00000366959.4	150	224524	224374
ENST00000366960.8	164	224573	224409
ENST00000366962.8	2862	25112	22250
ENST00000366963.9	121	38415	38294
ENST00000366964.7	925	17007	16082
ENST00000366965.6	908	38874	37966
ENST00000366966.6	1218	38924	37706
ENST00000366967.6	10535	38661	28126
ENST00000366968.8	1144	38850	37706
ENST00000366971.9	178	38667	38489
ENST00000366973.8	38	24078	24040
ENST00000366974.9	28	24071	24043
ENST00000366976.3	187	53791	53604
ENST00000366977.8	12258	66447	54189
ENST00000366978.5	992	61630	60638
ENST00000366981.8	49688	54724	5036
ENST00000366983.5	0	4482	4482
ENST00000366985.5	0	11089	11089
ENST00000366987.6	49688	54758	5070
ENST00000366988.5	24	13595	13571
ENST00000366991.5	143	69364	69221
ENST00000366992.7	471	96887	96416
ENST00000366993.7	479	96913	96434
ENST00000366994.8	1424	97900	96476
ENST00000366996.1	109	80606	80497
ENST00000366997.9	6445	86942	80497
ENST00000366998.4	635	10194	9559
ENST00000366999.9	657	14034	13377
ENST00000367001.5	3823	8563	4740
ENST00000367002.5	2517	5476	2959
ENST00000367004.3	6876	27996	21120
ENST00000367005.8	141	55264	55123
ENST00000367006.8	282	55674	55392
ENST00000367007.5	522	459849	459327
ENST00000367009.2	24996	235337	210341
ENST00000367010.5	19676	346544	326868
ENST00000367012.4	5165	10603	5438
ENST00000367015.5	60962	209860	148898
ENST00000367019.6	48	224535	224487
ENST00000367021.8	2806	17190	14384
ENST00000367023.5	6879	11453	4574
ENST00000367024.5	1542	25285	23743
ENST00000367025.8	3987	27730	23743
ENST00000367026.7	3861	27544	23683
ENST00000367027.5	97	30542	30445
ENST00000367028.6	18763	49208	30445
ENST00000367029.5	273	889	616
ENST00000367030.7	297	39461	39164
ENST00000367033.4	5004	201331	196327
ENST00000367034.5	121	8189	8068
ENST00000367036.7	1202	3974	2772
ENST00000367041.5	156	39319	39163
ENST00000367042.6	159	39366	39207
ENST00000367047.5	156	42527	42371
ENST00000367048.5	43	17963	17920
ENST00000367049.9	111	150669	150558
ENST00000367051.6	25	149241	149216
ENST00000367052.6	25	149241	149216
ENST00000367053.6	25	149241	149216
ENST00000367054.6	3380	14596	11216
ENST00000367055.8	3432	14764	11332
ENST00000367057.8	91	34480	34389
ENST00000367058.7	189	34402	34213
ENST00000367059.3	189	34217	34028
ENST00000367063.6	234	20431	20197
ENST00000367064.9	88	39062	38974
ENST00000367066.8	1349	11849	10500
ENST00000367069.7	4670	27925	23255
ENST00000367070.8	8793	42261	33468
ENST00000367071.4	492	3732	3240
ENST00000367075.4	1169	54090	52921
ENST00000367076.7	293	11434	11141
ENST00000367078.8	672	11816	11144
ENST00000367079.3	1407	27104	25697
ENST00000367080.8	1443	20594	19151
ENST00000367081.7	13255	116200	102945
ENST00000367084.1	5174	9295	4121
ENST00000367089.8	356	8568	8212
ENST00000367090.4	299	96980	96681
ENST00000367091.8	1705	19699	17994
ENST00000367093.3	389	6069	5680
ENST00000367094.6	1357	195958	194601
ENST00000367095.7	389	4245	3856
ENST00000367096.7	44	3275	3231
ENST00000367097.8	1552	198841	197289
ENST00000367098.6	230	3461	3231
ENST00000367101.5	193	45210	45017
ENST00000367103.4	325	49000	48675
ENST00000367106.1	1123	14834	13711
ENST00000367108.7	1373	15084	13711
ENST00000367109.8	168	15187	15019
ENST00000367113.5	0	47390	47390
ENST00000367114.7	136	22067	21931
ENST00000367122.6	1505	28737	27232
ENST00000367123.8	2472	204245	201773
ENST00000367126.5	3256	11224	7968
ENST00000367128.8	1103	16289	15186
ENST00000367129.6	159	17315	17156
ENST00000367134.2	1841	25406	23565
ENST00000367135.8	2308	25121	22813
ENST00000367136.5	598	23540	22942
ENST00000367137.4	2441	22875	20434
ENST00000367139.8	2359	7574	5215
ENST00000367142.5	5461	37873	32412
ENST00000367144.4	544	5699	5155
ENST00000367145.4	1386	8460	7074
ENST00000367147.9	56	32976	32920
ENST00000367149.6	357	39354	38997
ENST00000367151.4	280	39693	39413
ENST00000367152.5	283	39574	39291
ENST00000367153.9	283	39696	39413
ENST00000367154.5	360	39479	39119
ENST00000367155.8	1341	8588	7247
ENST00000367156.7	1310	8557	7247
ENST00000367157.6	1390	21442	20052
ENST00000367161.7	5056	71670	66614
ENST00000367162.8	5056	71804	66748
ENST00000367164.1	2648	37217	34569
ENST00000367165.3	11707	13019	1312
ENST00000367166.5	1705	59325	57620
ENST00000367167.4	427	1955	1528
ENST00000367173.7	0	69077	69077
ENST00000367175.1	684	4960	4276
ENST00000367176.7	684	4960	4276
ENST00000367177.4	684	4960	4276
ENST00000367178.8	485	103769	103284
ENST00000367179.7	57	11971	11914
ENST00000367180.5	29	7716	7687
ENST00000367182.8	9113	34733	25620
ENST00000367183.7	9140	33790	24650
ENST00000367184.2	0	3103	3103
ENST00000367186.7	45	104003	103958
ENST00000367187.7	2227	52044	49817
ENST00000367188.5	2714	10167	7453
ENST00000367194.5	146	2947	2801
ENST00000367196.4	751	9799	9048
ENST00000367197.5	231	5408	5177
ENST00000367201.7	3465	21965	18500
ENST00000367202.9	1125	21940	20815
ENST00000367204.6	39801	54869	15068
ENST00000367206.7	6786	415861	409075
ENST00000367208.1	77	6457	6380
ENST00000367210.3	21448	59187	37739
ENST00000367212.7	21372	59111	37739
ENST00000367214.5	21400	59139	37739
ENST00000367217.5	166	10642	10476
ENST00000367220.9	5335	112755	107420
ENST00000367222.7	1853	10554	8701
ENST00000367225.6	7118	40185	33067
ENST00000367229.6	813	14944	14131
ENST00000367230.5	2726	16022	13296
ENST00000367231.9	2726	16130	13404
ENST00000367233.10	2536	16456	13920
ENST00000367235.1	536	37156	36620
ENST00000367236.8	1777	39808	38031
ENST00000367240.6	12511	53419	40908
ENST00000367241.3	637	6256	5619
ENST00000367242.4	92	16783	16691
ENST00000367243.7	1380	6842	5462
ENST00000367244.8	1381	6846	5465
ENST00000367245.6	6	25056	25050
ENST00000367248.7	2397	199074	196677
ENST00000367249.9	657	6238	5581
ENST00000367251.7	875	108999	108124
ENST00000367253.8	14	205866	205852
ENST00000367254.7	2291	10089	7798
ENST00000367255.10	752	532891	532139
ENST00000367257.8	957	100738	99781
ENST00000367258.1	0	20479	20479
ENST00000367259.1	1524	18530	17006
ENST00000367261.8	1416	35735	34319
ENST00000367262.4	2699	11183	8484
ENST00000367264.7	1604	85582	83978
ENST00000367265.9	4544	88415	83871
ENST00000367267.5	6164	16425	10261
ENST00000367268.5	6164	16425	10261
ENST00000367278.8	191	128288	128097
ENST00000367279.8	1596	13694	12098
ENST00000367282.6	47	7077	7030
ENST00000367283.7	550	5838	5288
ENST00000367284.10	550	5838	5288
ENST00000367286.7	15	24884	24869
ENST00000367287.5	24	14555	14531
ENST00000367288.5	1919	51681	49762
ENST00000367294.4	80	17959	17879
ENST00000367295.5	156	84483	84327
ENST00000367296.8	420	177281	176861
ENST00000367302.5	6577	202463	195886
ENST00000367306.5	1186	13347	12161
ENST00000367307.8	107	34005	33898
ENST00000367308.8	0	61194	61194
ENST00000367309.1	2448	3208	760
ENST00000367311.5	4128	4888	760
ENST00000367312.5	474	8490	8016
ENST00000367313.4	684	19865	19181
ENST00000367317.8	204	15077	14873
ENST00000367318.10	199	15089	14890
ENST00000367320.6	189	14981	14792
ENST00000367321.8	121	229758	229637
ENST00000367322.6	199	15078	14879
ENST00000367324.8	197	47492	47295
ENST00000367326.1	133799	134077	278
ENST00000367330.6	894	19695	18801
ENST00000367332.5	893	19703	18810
ENST00000367333.6	894	19695	18801
ENST00000367334.9	894	19695	18801
ENST00000367335.7	79	27230	27151
ENST00000367338.7	322	78346	78024
ENST00000367339.7	3557	8741	5184
ENST00000367341.6	1799	7871	6072
ENST00000367342.8	158	24306	24148
ENST00000367350.5	1891	72138	70247
ENST00000367351.4	59	6146	6087
ENST00000367352.3	291	5550	5259
ENST00000367353.2	2070	7438	5368
ENST00000367357.3	0	15077	15077
ENST00000367360.7	37	7129	7092
ENST00000367361.6	1364	6732	5368
ENST00000367362.8	138	148112	147974
ENST00000367363.3	3	3080	3077
ENST00000367364.5	172	53390	53218
ENST00000367367.8	174	98341	98167
ENST00000367368.3	2177	24553	22376
ENST00000367375.8	137	3928	3791
ENST00000367378.6	458	53606	53148
ENST00000367379.6	812	70140	69328
ENST00000367380.9	33	53425	53392
ENST00000367382.6	172	17779	17607
ENST00000367383.5	75460	99719	24259
ENST00000367384.8	161	61560	61399
ENST00000367385.9	75583	163418	87835
ENST00000367387.6	452	13070	12618
ENST00000367388.4	526	1165	639
ENST00000367390.7	27	17909	17882
ENST00000367391.5	41	20438	20397
ENST00000367393.8	20	5019	4999
ENST00000367396.7	729	224162	223433
ENST00000367397.1	7857	26864	19007
ENST00000367399.6	0	213335	213335
ENST00000367400.8	161	213830	213669
ENST00000367402.6	4999	15486	10487
ENST00000367404.8	204	20573	20369
ENST00000367405.5	5680	49508	43828
ENST00000367409.9	200	72713	72513
ENST00000367411.7	166	45137	44971
ENST00000367412.2	640	30453	29813
ENST00000367415.8	143	16144	16001
ENST00000367416.6	137	32110	31973
ENST00000367419.10	40	25442	25402
ENST00000367421.5	125	16380	16255
ENST00000367424.4	64	13023	12959
ENST00000367425.9	47	19654	19607
ENST00000367427.7	74	14705	14631
ENST00000367429.9	75	98938	98863
ENST00000367433.9	2448	385836	383388
ENST00000367434.5	1567	4097	2530
ENST00000367435.5	170	130254	130084
ENST00000367439.8	158	9400	9242
ENST00000367440.3	160	9661	9501
ENST00000367441.1	39	17318	17279
ENST00000367443.5	8998	26487	17489
ENST00000367444.7	8998	33191	24193
ENST00000367445.7	8998	33204	24206
ENST00000367446.7	9021	26300	17279
ENST00000367448.5	1941	41822	39881
ENST00000367449.5	410	41792	41382
ENST00000367450.7	251	44285	44034
ENST00000367451.8	192	44151	43959
ENST00000367454.6	4100	47979	43879
ENST00000367455.8	4104	47986	43882
ENST00000367456.5	48946	90737	41791
ENST00000367459.8	20	4168	4148
ENST00000367460.4	176	26789	26613
ENST00000367462.5	363	359523	359160
ENST00000367463.5	401	328293	327892
ENST00000367466.4	25406	161786	136380
ENST00000367467.8	230	209438	209208
ENST00000367468.10	2565	10301	7736
ENST00000367470.8	3948	44516	40568
ENST00000367474.2	239	56280	56041
ENST00000367475.7	0	183597	183597
ENST00000367478.9	2322	70414	68092
ENST00000367480.7	0	183488	183488
ENST00000367481.7	108	183646	183538
ENST00000367482.8	597	14961	14364
ENST00000367483.8	597	21574	20977
ENST00000367485.4	597	21419	20822
ENST00000367490.5	0	80559	80559
ENST00000367495.4	39	11441	11402
ENST00000367497.1	290	2214	1924
ENST00000367498.8	1650	15018	13368
ENST00000367500.9	3675	136315	132640
ENST00000367501.7	3762	136402	132640
ENST00000367505.6	1887	75535	73648
ENST00000367506.10	1921	40795	38874
ENST00000367509.8	42028	55559	13531
ENST00000367510.8	41996	55742	13746
ENST00000367511.4	3948	186094	182146
ENST00000367512.8	3573	66976	63403
ENST00000367519.9	2114	111182	109068
ENST00000367520.3	799	27180	26381
ENST00000367521.5	2927	10385	7458
ENST00000367524.8	286	270724	270438
ENST00000367525.3	381	18904	18523
ENST00000367526.8	247	270723	270476
ENST00000367534.5	194	12794	12600
ENST00000367535.8	559	36330	35771
ENST00000367536.5	558	36329	35771
ENST00000367537.7	29798	82937	53139
ENST00000367545.8	6494	575884	569390
ENST00000367547.8	121	55217	55096
ENST00000367549.4	3220	51867	48647
ENST00000367552.6	22	36037	36015
ENST00000367553.6	4599	40081	35482
ENST00000367554.7	16910	40350	23440
ENST00000367555.5	4603	40618	36015
ENST00000367556.5	3	23449	23446
ENST00000367557.8	52	23498	23446
ENST00000367558.6	1672	6237	4565
ENST00000367559.7	1761	15389	13628
ENST00000367565.2	1550	3186	1636
ENST00000367568.5	36111	37831	1720
ENST00000367569.4	356	870	514
ENST00000367570.6	891	322740	321849
ENST00000367571.3	143	8239	8096
ENST00000367572.3	1089	3553	2464
ENST00000367573.7	228	322205	321977
ENST00000367574.9	359	12349	11990
ENST00000367576.6	140	21600	21460
ENST00000367577.7	203	2163	1960
ENST00000367579.7	5	22141	22136
ENST00000367580.6	25	22296	22271
ENST00000367582.7	181	147386	147205
ENST00000367584.8	146	288695	288549
ENST00000367587.1	359	19865	19506
ENST00000367588.9	347	36249	35902
ENST00000367589.3	170	253910	253740
ENST00000367590.9	180	254114	253934
ENST00000367591.5	238	39525	39287
ENST00000367592.5	236	21995	21759
ENST00000367595.4	136	214874	214738
ENST00000367596.5	25	305	280
ENST00000367600.5	11	44240	44229
ENST00000367601.8	149	273432	273283
ENST00000367602.8	39	44394	44355
ENST00000367603.8	1641	30601	28960
ENST00000367604.6	1632	30592	28960
ENST00000367607.8	31372	165662	134290
ENST00000367608.6	471	145295	144824
ENST00000367609.8	323	145230	144907
ENST00000367612.7	6107	14104	7997
ENST00000367614.5	1003	102254	101251
ENST00000367615.9	637	26466	25829
ENST00000367616.4	637	26263	25626
ENST00000367618.8	539	191556	191017
ENST00000367619.8	8888	61476	52588
ENST00000367621.1	110	72123	72013
ENST00000367623.8	3	125151	125148
ENST00000367625.8	59	4242	4183
ENST00000367627.8	59	14330	14271
ENST00000367629.1	508	16621	16113
ENST00000367630.9	25	72290	72265
ENST00000367632.2	0	21164	21164
ENST00000367634.7	51546	192790	141244
ENST00000367635.8	51521	192842	141321
ENST00000367639.1	45	10828	10783
ENST00000367641.7	59	8400	8341
ENST00000367642.3	71	7739	7668
ENST00000367643.7	77	9236	9159
ENST00000367649.8	389	382954	382565
ENST00000367651.4	1328	2946	1618
ENST00000367652.4	0	7612	7612
ENST00000367657.7	312	311035	310723
ENST00000367658.3	317	43647	43330
ENST00000367660.4	5416	14396	8980
ENST00000367661.7	93152	229786	136634
ENST00000367662.5	93148	384627	291479
ENST00000367663.8	207	85110	84903
ENST00000367666.5	324	241512	241188
ENST00000367667.5	204185	262193	58008
ENST00000367669.8	325	264320	263995
ENST00000367674.7	8166	95573	87407
ENST00000367677.3	4289	9341	5052
ENST00000367679.7	234	10807	10573
ENST00000367682.6	17164	109205	92041
ENST00000367685.5	148	2312	2164
ENST00000367687.5	123	290098	289975
ENST00000367688.3	179	25982	25803
ENST00000367690.5	739	270598	269859
ENST00000367694.2	313	57930	57617
ENST00000367696.7	7640	65281	57641
ENST00000367697.7	249	9023	8774
ENST00000367698.4	92	14844	14752
ENST00000367701.10	1846	19247	17401
ENST00000367702.1	1832	6313	4481
ENST00000367704.5	2144	18476	16332
ENST00000367710.7	601	12477	11876
ENST00000367714.4	637	104661	104024
ENST00000367718.5	2785	21975	19190
ENST00000367721.3	99	7749	7650
ENST00000367723.8	124	82099	81975
ENST00000367725.4	129	16212	16083
ENST00000367727.9	201	48448	48247
ENST00000367728.1	275	2055	1780
ENST00000367731.5	157	568895	568738
ENST00000367733.6	159	293046	292887
ENST00000367734.4	1156	2786	1630
ENST00000367737.9	272	16678	16406
ENST00000367739.9	549	23302	22753
ENST00000367740.2	559	34877	34318
ENST00000367742.7	26538	114717	88179
ENST00000367746.3	381	36463	36082
ENST00000367748.4	1590	18387	16797
ENST00000367749.4	5643	29319	23676
ENST00000367750.7	9589	38630	29041
ENST00000367755.9	1754	28122	26368
ENST00000367756.8	87	7816	7729
ENST00000367758.7	10031	64576	54545
ENST00000367759.9	10023	131365	121342
ENST00000367760.7	1085	67841	66756
ENST00000367762.2	93	13374	13281
ENST00000367763.8	58	21395	21337
ENST00000367765.5	353	136259	135906
ENST00000367767.5	353	155366	155013
ENST00000367770.5	642	37979	37337
ENST00000367771.11	4085	41261	37176
ENST00000367772.8	642	37979	37337
ENST00000367774.1	18	9325	9307
ENST00000367775.5	3106	12416	9310
ENST00000367776.5	3106	12601	9495
ENST00000367777.5	3106	12601	9495
ENST00000367784.6	16462	18199	1737
ENST00000367786.6	637	42849	42212
ENST00000367788.6	4	42216	42212
ENST00000367795.2	0	28373	28373
ENST00000367796.3	150	78882	78732
ENST00000367797.9	2365	81082	78717
ENST00000367799.7	1857	143608	141751
ENST00000367800.8	6891	212268	205377
ENST00000367804.4	1923	22720	20797
ENST00000367805.7	180	31576	31396
ENST00000367806.8	180	31579	31399
ENST00000367807.7	1553	9583	8030
ENST00000367808.8	1328	20178	18850
ENST00000367811.8	257	236295	236038
ENST00000367812.6	199	23928	23729
ENST00000367814.8	186	38554	38368
ENST00000367815.9	140	25765	25625
ENST00000367816.5	1133	26758	25625
ENST00000367817.4	1084	34305	33221
ENST00000367818.4	33	4951	4918
ENST00000367819.3	187	3535	3348
ENST00000367820.6	88	18431	18343
ENST00000367821.8	214	33458	33244
ENST00000367822.9	704	20725	20021
ENST00000367826.6	649	91967	91318
ENST00000367829.5	130	11132	11002
ENST00000367830.3	23	13699	13676
ENST00000367833.7	116	21890	21774
ENST00000367835.1	256	21154	20898
ENST00000367836.5	265	13128	12863
ENST00000367837.10	4904	96347	91443
ENST00000367838.5	775	21673	20898
ENST00000367840.4	229	141580	141351
ENST00000367843.7	251	141391	141140
ENST00000367845.6	1022	33950	32928
ENST00000367846.8	1597	19488	17891
ENST00000367847.2	245	33185	32940
ENST00000367848.1	3	96668	96665
ENST00000367851.9	295	100552	100257
ENST00000367853.3	0	22816	22816
ENST00000367854.8	192	75702	75510
ENST00000367857.9	918	6531	5613
ENST00000367858.10	1015	149768	148753
ENST00000367862.9	235	89012	88777
ENST00000367866.7	12	197203	197191
ENST00000367868.4	1501	38401	36900
ENST00000367869.1	26902	29919	3017
ENST00000367870.6	264	33961	33697
ENST00000367871.5	26931	31968	5037
ENST00000367872.9	73	33862	33789
ENST00000367874.5	1060	20720	19660
ENST00000367875.1	868	12140	11272
ENST00000367876.9	1482	12754	11272
ENST00000367879.9	220	80982	80762
ENST00000367881.11	1231	42513	41282
ENST00000367882.5	285	3221	2936
ENST00000367883.3	177	23930	23753
ENST00000367884.6	18593	24697	6104
ENST00000367885.5	1000	24753	23753
ENST00000367888.8	18635	30662	12027
ENST00000367889.8	18614	24718	6104
ENST00000367893.4	9	152823	152814
ENST00000367897.5	0	262791	262791
ENST00000367900.7	4117	34910	30793
ENST00000367903.7	289	71135	70846
ENST00000367906.7	361	3070	2709
ENST00000367908.8	124	5302	5178
ENST00000367909.11	124	5806	5682
ENST00000367910.5	471	6252	5781
ENST00000367911.3	471	6252	5781
ENST00000367912.7	3748	9526	5778
ENST00000367915.1	78	2402	2324
ENST00000367921.8	86600	150328	63728
ENST00000367922.7	86599	150327	63728
ENST00000367925.6	4347	39194	34847
ENST00000367926.9	4347	39144	34797
ENST00000367928.5	2294	34718	32424
ENST00000367929.3	2015	17140	15125
ENST00000367931.1	3	8176	8173
ENST00000367932.3	0	14730	14730
ENST00000367935.10	848	4367	3519
ENST00000367937.4	123	42524	42401
ENST00000367938.1	125	2047	1922
ENST00000367940.2	222	42219	41997
ENST00000367941.7	14894	58437	43543
ENST00000367942.4	41	194325	194284
ENST00000367943.5	16	8172	8156
ENST00000367944.3	14	5450	5436
ENST00000367945.5	14	5749	5735
ENST00000367946.7	14	5769	5755
ENST00000367948.7	1129	7387	6258
ENST00000367949.6	242	6978	6736
ENST00000367950.2	0	6574	6574
ENST00000367953.7	0	7201	7201
ENST00000367957.7	56	6822	6766
ENST00000367959.6	242	7545	7303
ENST00000367961.8	81	15291	15210
ENST00000367963.8	1101	107198	106097
ENST00000367964.6	1322	8592	7270
ENST00000367967.8	1247	8725	7478
ENST00000367972.8	38	13656	13618
ENST00000367974.2	235	3661	3426
ENST00000367975.7	25	48550	48525
ENST00000367976.4	1091	4038	2947
ENST00000367979.6	3	7831	7828
ENST00000367980.6	129	7957	7828
ENST00000367981.7	63	9287	9224
ENST00000367982.8	110	7923	7813
ENST00000367983.9	131	7932	7801
ENST00000367984.8	28	7713	7685
ENST00000367985.7	28	7728	7700
ENST00000367987.1	186	3703	3517
ENST00000367988.8	430	3947	3517
ENST00000367990.7	116	1406	1290
ENST00000367992.7	43	5579	5536
ENST00000367993.7	3071	16250	13179
ENST00000367995.3	518	3663	3145
ENST00000367996.6	6839	16827	9988
ENST00000367998.5	507	5921	5414
ENST00000367999.9	422	6166	5744
ENST00000368001.1	1104	7548	6444
ENST00000368002.8	1141	7627	6486
ENST00000368003.6	20	5006	4986
ENST00000368005.5	125	3477	3352
ENST00000368006.8	1176	4438	3262
ENST00000368007.8	382	3575	3193
ENST00000368008.5	59	6756	6697
ENST00000368009.7	72	3631	3559
ENST00000368010.4	125	17923	17798
ENST00000368011.9	175	2903	2728
ENST00000368012.4	1666	19819	18153
ENST00000368013.8	772	25969	25197
ENST00000368015.1	769	25439	24670
ENST00000368016.7	770	25333	24563
ENST00000368018.2	6796	16436	9640
ENST00000368019.5	68	4256	4188
ENST00000368020.5	672	4944	4272
ENST00000368021.7	672	4944	4272
ENST00000368023.7	147	1620	1473
ENST00000368024.5	147	1477	1330
ENST00000368026.11	3663	26749	23086
ENST00000368029.4	118	10683	10565
ENST00000368033.7	167	32595	32428
ENST00000368034.9	1190	33603	32413
ENST00000368035.1	0	14305	14305
ENST00000368037.9	114	33652	33538
ENST00000368039.2	1	6303	6302
ENST00000368042.7	34	14584	14550
ENST00000368043.8	55	14925	14870
ENST00000368045.3	1246	28749	27503
ENST00000368046.8	309	33742	33433
ENST00000368048.7	14	32201	32187
ENST00000368051.3	1677	32001	30324
ENST00000368053.8	3	32435	32432
ENST00000368054.8	7161	39316	32155
ENST00000368055.1	17	37155	37138
ENST00000368057.8	1674	39144	37470
ENST00000368058.5	437	44896	44459
ENST00000368059.7	1680	39147	37467
ENST00000368060.7	174	45362	45188
ENST00000368061.3	15274	26367	11093
ENST00000368063.6	81	1486	1405
ENST00000368068.8	950	45392	44442
ENST00000368069.7	887	57563	56676
ENST00000368072.10	2747	9206	6459
ENST00000368073.7	1880	30072	28192
ENST00000368074.6	1875	30067	28192
ENST00000368076.1	3184	8511	5327
ENST00000368077.5	6165	8424	2259
ENST00000368078.8	177	11975	11798
ENST00000368081.9	438	38158	37720
ENST00000368086.5	486	8965	8479
ENST00000368087.8	57	11637	11580
ENST00000368088.4	2493	7453	4960
ENST00000368090.5	5518	8054	2536
ENST00000368092.7	172	3236	3064
ENST00000368093.4	172	3508	3336
ENST00000368094.6	307	19930	19623
ENST00000368096.5	696	6018	5322
ENST00000368097.9	692	2991	2299
ENST00000368099.9	124	29375	29251
ENST00000368100.1	440	9440	9000
ENST00000368104.4	88	8970	8882
ENST00000368106.4	65	14590	14525
ENST00000368107.2	139	1821	1682
ENST00000368108.7	141	1823	1682
ENST00000368109.5	169	1851	1682
ENST00000368110.1	965	2225	1260
ENST00000368111.5	1024	2284	1260
ENST00000368112.5	1118	2345	1227
ENST00000368114.1	29	6260	6231
ENST00000368115.5	12651	18981	6330
ENST00000368121.6	559	2585	2026
ENST00000368122.4	85	2578	2493
ENST00000368124.8	157	30596	30439
ENST00000368125.9	151	30489	30338
ENST00000368128.6	18787	120130	101343
ENST00000368129.3	0	3234	3234
ENST00000368130.9	211	12039	11828
ENST00000368131.8	4789	47183	42394
ENST00000368132.7	4763	47157	42394
ENST00000368134.6	208	72508	72300
ENST00000368135.4	5343	8721	3378
ENST00000368136.3	22143	121512	99369
ENST00000368138.7	5352	43646	38294
ENST00000368139.6	22209	121504	99295
ENST00000368140.6	5359	43680	38321
ENST00000368141.5	10803	19098	8295
ENST00000368143.6	78	30323	30245
ENST00000368145.2	844	2732	1888
ENST00000368146.1	3	1987	1984
ENST00000368149.3	2384	135978	133594
ENST00000368154.5	0	3332	3332
ENST00000368155.7	0	3592	3592
ENST00000368156.5	0	3757	3757
ENST00000368157.5	0	3296	3296
ENST00000368160.7	0	4026	4026
ENST00000368161.7	0	3443	3443
ENST00000368162.2	0	849	849
ENST00000368163.7	79	3940	3861
ENST00000368164.7	73	2951	2878
ENST00000368165.7	106	3899	3793
ENST00000368166.7	104	3565	3461
ENST00000368167.8	95	4157	4062
ENST00000368168.4	284	4461	4177
ENST00000368170.8	142	4543	4401
ENST00000368171.5	3072	7116	4044
ENST00000368172.2	0	12650	12650
ENST00000368173.7	404	103802	103398
ENST00000368174.5	1056	11825	10769
ENST00000368176.8	1699	26910	25211
ENST00000368181.4	1004	31936	30932
ENST00000368184.8	2232	26196	23964
ENST00000368186.9	234	26219	25985
ENST00000368189.3	2555	22166	19611
ENST00000368190.7	430	30818	30388
ENST00000368192.9	3653	16693	13040
ENST00000368194.8	1163	114135	112972
ENST00000368195.4	813	22427	21614
ENST00000368196.7	120	23178	23058
ENST00000368198.7	938	11547	10609
ENST00000368199.8	938	11624	10686
ENST00000368206.5	107	9780	9673
ENST00000368207.7	117	554627	554510
ENST00000368209.9	1342	10686	9344
ENST00000368210.7	393	554863	554470
ENST00000368211.8	96	2042	1946
ENST00000368213.9	1253	555688	554435
ENST00000368215.7	334	554749	554415
ENST00000368216.9	636	9698	9062
ENST00000368218.8	663	9023	8360
ENST00000368219.2	1457	6813	5356
ENST00000368220.1	0	4817	4817
ENST00000368221.1	273	6100	5827
ENST00000368222.8	423	6250	5827
ENST00000368223.4	562	13360	12798
ENST00000368226.9	1445	555863	554418
ENST00000368232.9	686	6077	5391
ENST00000368233.3	27	2578	2551
ENST00000368234.7	43	3065	3022
ENST00000368235.8	29	3163	3134
ENST00000368236.8	1642	8560	6918
ENST00000368248.5	1788	194649	192861
ENST00000368250.5	1916	194777	192861
ENST00000368251.1	856	8449	7593
ENST00000368252.5	1064	8657	7593
ENST00000368253.6	1255	8848	7593
ENST00000368254.6	1232	8825	7593
ENST00000368255.7	2444	10037	7593
ENST00000368258.7	25769	29332	3563
ENST00000368259.6	233	30724	30491
ENST00000368262.7	28096	29330	1234
ENST00000368270.2	709	3760	3051
ENST00000368272.5	48	1271	1223
ENST00000368273.8	10	27208	27198
ENST00000368276.8	9	30726	30717
ENST00000368277.3	9	27201	27192
ENST00000368279.7	23	27126	27103
ENST00000368282.1	208	24892	24684
ENST00000368284.5	2994	25291	22297
ENST00000368285.8	994	25678	24684
ENST00000368289.6	24948	41583	16635
ENST00000368291.6	25191	41826	16635
ENST00000368292.10	25986	41453	15467
ENST00000368295.8	26127	42638	16511
ENST00000368297.5	614	13035	12421
ENST00000368299.7	197	26211	26014
ENST00000368300.9	208	26372	26164
ENST00000368301.6	32341	56889	24548
ENST00000368302.3	40	4002	3962
ENST00000368304.9	98	3858	3760
ENST00000368305.9	108	3957	3849
ENST00000368309.4	1682	20194	18512
ENST00000368314.6	13475	21901	8426
ENST00000368317.3	155	79338	79183
ENST00000368318.5	72	2314	2242
ENST00000368319.3	3	14130	14127
ENST00000368320.7	2781	23007	20226
ENST00000368321.8	1079	23156	22077
ENST00000368322.7	117	11313	11196
ENST00000368323.8	2583	13605	11022
ENST00000368324.5	195	23227	23032
ENST00000368325.5	100	8621	8521
ENST00000368326.5	100	8490	8390
ENST00000368328.5	159	8635	8476
ENST00000368330.6	214	23231	23017
ENST00000368331.6	928	110813	109885
ENST00000368332.7	72	53715	53643
ENST00000368336.10	20689	50330	29641
ENST00000368339.9	217	31675	31458
ENST00000368340.9	214	31612	31398
ENST00000368341.8	8	5588	5580
ENST00000368346.7	2395	195131	192736
ENST00000368347.8	481	8098	7617
ENST00000368349.8	382	7346	6964
ENST00000368352.10	880	12371	11491
ENST00000368354.7	878	12051	11173
ENST00000368356.9	924	12987	12063
ENST00000368357.7	34194	150418	116224
ENST00000368358.4	128	13311	13183
ENST00000368361.9	353	9594	9241
ENST00000368364.4	145	11173	11028
ENST00000368365.5	4192	13004	8812
ENST00000368368.7	568	9599	9031
ENST00000368373.8	546	8257	7711
ENST00000368376.8	110	6390	6280
ENST00000368378.7	256	15133	14877
ENST00000368382.5	1483	12477	10994
ENST00000368383.7	67	10218	10151
ENST00000368385.8	89	8265	8176
ENST00000368388.6	187	109463	109276
ENST00000368389.6	15	7219	7204
ENST00000368390.7	15	7477	7462
ENST00000368392.7	190	7679	7489
ENST00000368393.7	1308	7483	6175
ENST00000368396.8	15	7192	7177
ENST00000368398.7	15	7403	7388
ENST00000368399.1	74	804	730
ENST00000368400.5	74	624	550
ENST00000368401.6	141	2959	2818
ENST00000368402.9	219	109533	109314
ENST00000368404.9	60	3083	3023
ENST00000368405.7	53	2288	2235
ENST00000368406.2	102	6733	6631
ENST00000368407.8	102	6798	6696
ENST00000368408.4	105	8412	8307
ENST00000368409.8	84	5845	5761
ENST00000368412.7	101	13435	13334
ENST00000368413.5	71	12729	12658
ENST00000368414.6	93326	99879	6553
ENST00000368416.5	60	854895	854835
ENST00000368417.6	336	1019978	1019642
ENST00000368419.2	67	17122	17055
ENST00000368424.4	20	17478	17458
ENST00000368426.3	12004	15640	3636
ENST00000368427.3	22	386	364
ENST00000368428.1	1811	4874	3063
ENST00000368431.7	4663	6425	1762
ENST00000368432.5	621	10754	10133
ENST00000368433.5	343	8273	7930
ENST00000368436.1	63	3644	3581
ENST00000368438.1	14345	67608	53263
ENST00000368439.5	249	4307	4058
ENST00000368440.5	89	21498	21409
ENST00000368444.8	79	4440	4361
ENST00000368445.9	1508	9965	8457
ENST00000368446.1	206	7889	7683
ENST00000368448.5	107563	115192	7629
ENST00000368449.8	1508	7312	5804
ENST00000368450.5	1508	9305	7797
ENST00000368452.7	107390	115019	7629
ENST00000368453.8	1508	9308	7800
ENST00000368455.9	86	34160	34074
ENST00000368456.1	42	3383	3341
ENST00000368457.3	1756	5765	4009
ENST00000368460.7	151	7560	7409
ENST00000368463.8	947	11824	10877
ENST00000368465.5	951	9906	8955
ENST00000368467.4	392	12516	12124
ENST00000368468.4	2617	173807	171190
ENST00000368471.8	2742	22468	19726
ENST00000368472.6	184	15093	14909
ENST00000368474.9	2752	29612	26860
ENST00000368475.8	273	67572	67299
ENST00000368476.4	267	9651	9384
ENST00000368480.3	3932	45669	41737
ENST00000368482.8	4685	46529	41844
ENST00000368485.8	287	61428	61141
ENST00000368487.7	2589	13268	10679
ENST00000368488.9	4627	194411	189784
ENST00000368489.6	2617	27133	24516
ENST00000368491.8	4636	192899	188263
ENST00000368494.4	202	32417	32215
ENST00000368498.7	2988	43396	40408
ENST00000368504.6	4302	14981	10679
ENST00000368507.8	1142	145282	144140
ENST00000368508.7	195	144354	144159
ENST00000368516.1	186	8734	8548
ENST00000368517.7	392	7051	6659
ENST00000368518.5	585	9234	8649
ENST00000368519.5	280	13930	13650
ENST00000368521.10	736	14439	13703
ENST00000368525.4	345	7521	7176
ENST00000368530.7	198	25121	24923
ENST00000368531.6	363	25243	24880
ENST00000368533.8	2334	28547	26213
ENST00000368547.4	386	11710	11324
ENST00000368549.7	33	39461	39428
ENST00000368551.1	170	2324	2154
ENST00000368552.7	342	3243	2901
ENST00000368553.5	148	66154	66006
ENST00000368554.8	0	43971	43971
ENST00000368555.3	250	2034	1784
ENST00000368557.6	403	13861	13458
ENST00000368558.1	337	3425	3088
ENST00000368559.8	148	167978	167830
ENST00000368564.7	124	52712	52588
ENST00000368571.3	0	46408	46408
ENST00000368573.5	141	16024	15883
ENST00000368575.5	452	5187	4735
ENST00000368576.8	217	33299	33082
ENST00000368580.4	0	17216	17216
ENST00000368581.8	145	17542	17397
ENST00000368585.3	271	14505	14234
ENST00000368586.10	32	142179	142147
ENST00000368589.5	170	2645	2475
ENST00000368590.9	17451	19040	1589
ENST00000368592.8	1738	3595	1857
ENST00000368593.7	248	241153	240905
ENST00000368594.8	310	245372	245062
ENST00000368596.4	43	5397	5354
ENST00000368597.6	28793	29559	766
ENST00000368599.4	58	5272	5214
ENST00000368600.7	283	6935	6652
ENST00000368601.5	289	5261	4972
ENST00000368602.4	1968	51063	49095
ENST00000368603.5	289	7001	6712
ENST00000368604.2	0	1707	1707
ENST00000368605.3	555	3270	2715
ENST00000368606.7	51	2759	2708
ENST00000368607.8	624	7336	6712
ENST00000368608.4	3662	6282	2620
ENST00000368612.3	1697	41525	39828
ENST00000368613.8	1246	44540	43294
ENST00000368614.8	1332	44626	43294
ENST00000368619.3	200	8135	7935
ENST00000368620.2	0	105631	105631
ENST00000368621.5	990	4573	3583
ENST00000368622.5	521	21700	21179
ENST00000368623.7	991	4574	3583
ENST00000368627.1	1	13393	13392
ENST00000368630.7	437	11936	11499
ENST00000368632.6	343	20623	20280
ENST00000368633.2	437	12887	12450
ENST00000368636.9	843	14698	13855
ENST00000368638.5	9	727	718
ENST00000368640.8	139	12526	12387
ENST00000368642.4	774	220990	220216
ENST00000368644.5	22	43984	43962
ENST00000368646.6	0	15917	15917
ENST00000368648.8	2649	130122	127473
ENST00000368653.7	2534	37683	35149
ENST00000368654.8	2534	38762	36228
ENST00000368655.5	5455	25391	19936
ENST00000368656.7	11693	13431	1738
ENST00000368662.10	752	18184	17432
ENST00000368664.7	84	14694	14610
ENST00000368666.7	254	16570	16316
ENST00000368667.6	460	60369	59909
ENST00000368671.4	311	15618	15307
ENST00000368676.8	789	348994	348205
ENST00000368678.8	456	60356	59900
ENST00000368679.8	4901	378468	373567
ENST00000368680.4	421	17884	17463
ENST00000368681.1	216	4083	3867
ENST00000368682.8	1410	61310	59900
ENST00000368684.8	0	3230	3230
ENST00000368685.6	41	2999	2958
ENST00000368686.1	8	4405	4397
ENST00000368687.1	221	7847	7626
ENST00000368689.1	5271	20999	15728
ENST00000368690.7	2607	12026	9419
ENST00000368691.5	6651	36758	30107
ENST00000368693.6	79	113895	113816
ENST00000368694.8	2523	11939	9416
ENST00000368696.3	2100	3264	1164
ENST00000368698.3	147	4349	4202
ENST00000368701.5	633	1912	1279
ENST00000368702.5	633	1912	1279
ENST00000368703.6	562	1483	921
ENST00000368704.5	651	1572	921
ENST00000368705.2	175	1096	921
ENST00000368706.9	651	1572	921
ENST00000368707.5	221	2813	2592
ENST00000368708.9	334	3061	2727
ENST00000368709.6	99	2826	2727
ENST00000368710.6	102	2829	2727
ENST00000368712.1	172	1273	1101
ENST00000368713.8	356	1457	1101
ENST00000368714.1	141	1474	1333
ENST00000368715.5	149	1482	1333
ENST00000368716.9	141	1474	1333
ENST00000368717.3	152	3318	3166
ENST00000368718.5	152	3318	3166
ENST00000368719.9	100	1008	908
ENST00000368720.6	100	1008	908
ENST00000368721.5	353	17363	17010
ENST00000368722.5	65	1570	1505
ENST00000368723.4	65	1570	1505
ENST00000368728.2	860	2384	1524
ENST00000368729.9	1563	3087	1524
ENST00000368730.5	171	7638	7467
ENST00000368732.5	74	780	706
ENST00000368733.4	74	780	706
ENST00000368734.5	389	7856	7467
ENST00000368735.1	422	7889	7467
ENST00000368737.5	119	1155	1036
ENST00000368738.4	430	3321	2891
ENST00000368739.3	650	18911	18261
ENST00000368742.4	1263	3133	1870
ENST00000368744.4	561	1255	694
ENST00000368747.2	1278	1864	586
ENST00000368748.5	310	746	436
ENST00000368750.8	401	831	430
ENST00000368751.1	401	831	430
ENST00000368755.3	398	828	430
ENST00000368756.1	283	713	430
ENST00000368757.1	303	733	430
ENST00000368758.3	387	817	430
ENST00000368759.5	12	30652	30640
ENST00000368761.11	4027	38392	34365
ENST00000368762.2	1150	1682	532
ENST00000368764.4	1252	4760	3508
ENST00000368765.4	6101	6795	694
ENST00000368770.4	1043	1749	706
ENST00000368771.1	1086	1792	706
ENST00000368774.1	258	9743	9485
ENST00000368775.3	0	1498	1498
ENST00000368777.2	916	1508	592
ENST00000368778.7	945	14853	13908
ENST00000368779.2	557	1191	634
ENST00000368780.4	721	1379	658
ENST00000368783.2	737	1395	658
ENST00000368784.2	726	1384	658
ENST00000368786.5	288	28702	28414
ENST00000368787.4	280	830	550
ENST00000368789.2	279	829	550
ENST00000368790.4	902	1494	592
ENST00000368797.10	285	28699	28414
ENST00000368799.2	538	25472	24934
ENST00000368801.4	1003	19725	18722
ENST00000368802.8	986	193213	192227
ENST00000368806.2	829	6712	5883
ENST00000368808.3	212	11068	10856
ENST00000368809.1	248	3601	3353
ENST00000368811.8	251	3604	3353
ENST00000368813.1	0	6580	6580
ENST00000368814.8	4025	39306	35281
ENST00000368815.6	232	20132	19900
ENST00000368817.10	273	7199	6926
ENST00000368820.4	662	4218	3556
ENST00000368821.4	209	27849	27640
ENST00000368822.5	961	11199	10238
ENST00000368823.5	963	11189	10226
ENST00000368824.8	961	11199	10238
ENST00000368825.7	976	11079	10103
ENST00000368827.10	2891	13129	10238
ENST00000368829.3	178	4297	4119
ENST00000368830.8	406	4626	4220
ENST00000368836.7	4468	34866	30398
ENST00000368838.2	0	55800	55800
ENST00000368839.1	20	152050	152030
ENST00000368841.7	138	27031	26893
ENST00000368842.10	40	152337	152297
ENST00000368843.8	173	83141	82968
ENST00000368845.6	642	16176	15534
ENST00000368847.5	313	6716	6403
ENST00000368848.6	59	42479	42420
ENST00000368849.8	58	42552	42494
ENST00000368850.4	29380	45620	16240
ENST00000368851.10	250	136268	136018
ENST00000368858.9	503	11609	11106
ENST00000368859.6	516	11093	10577
ENST00000368863.6	2080	43408	41328
ENST00000368864.8	92	7269	7177
ENST00000368865.9	516	10407	9891
ENST00000368868.10	242	9741	9499
ENST00000368869.8	31490	45765	14275
ENST00000368870.6	360	6330	5970
ENST00000368872.5	376	26395	26019
ENST00000368873.6	1051	27114	26063
ENST00000368874.8	1058	27077	26019
ENST00000368875.6	918	36714	35796
ENST00000368876.2	13292	18826	5534
ENST00000368877.9	14082	19616	5534
ENST00000368881.8	74	13761	13687
ENST00000368882.8	322	19822	19500
ENST00000368884.8	49	13727	13678
ENST00000368885.8	321	19821	19500
ENST00000368886.10	2976	9072	6096
ENST00000368887.7	440	8498	8058
ENST00000368888.9	445	50084	49639
ENST00000368890.8	444	49899	49455
ENST00000368892.9	343	14903	14560
ENST00000368894.2	1025	2654	1629
ENST00000368896.1	154	1699	1545
ENST00000368898.8	172	1717	1545
ENST00000368900.5	7000	13839	6839
ENST00000368901.5	7000	13839	6839
ENST00000368902.1	446	3582	3136
ENST00000368904.6	4162	14509	10347
ENST00000368905.9	9	3621	3612
ENST00000368908.10	1137	6188	5051
ENST00000368909.7	106	89916	89810
ENST00000368910.4	2049	3151	1102
ENST00000368911.8	4560	206651	202091
ENST00000368912.7	802	13685	12883
ENST00000368913.7	802	13804	13002
ENST00000368914.8	780	13687	12907
ENST00000368916.1	32	31318	31286
ENST00000368918.8	17429	48828	31399
ENST00000368919.8	189	53610	53421
ENST00000368921.5	6828	7366	538
ENST00000368923.8	1007	22534	21527
ENST00000368924.9	994	22697	21703
ENST00000368926.6	97	3725	3628
ENST00000368930.5	24	75120	75096
ENST00000368931.8	140	11159	11019
ENST00000368932.5	304	51709	51405
ENST00000368934.1	799	10140	9341
ENST00000368935.1	18720	26203	7483
ENST00000368936.5	17058	26557	9499
ENST00000368937.5	17063	26404	9341
ENST00000368938.5	0	19492	19492
ENST00000368941.2	141	52457	52316
ENST00000368947.9	814	14050	13236
ENST00000368948.6	188	98589	98401
ENST00000368949.8	0	3431	3431
ENST00000368954.10	965	5034	4069
ENST00000368955.7	106	89887	89781
ENST00000368956.6	106	88045	87939
ENST00000368959.9	0	13131	13131
ENST00000368962.6	1366	19993	18627
ENST00000368963.5	1291	18310	17019
ENST00000368964.3	1228	3914	2686
ENST00000368968.6	49702	66372	16670
ENST00000368969.8	1303	41798	40495
ENST00000368970.6	49693	68859	19166
ENST00000368972.7	27759	127187	99428
ENST00000368977.9	26	228798	228772
ENST00000368979.6	10727	49744	39017
ENST00000368983.3	4	20694	20690
ENST00000368984.8	100	54234	54134
ENST00000368985.8	2861	35561	32700
ENST00000368986.9	744	22584	21840
ENST00000368987.5	0	11159	11159
ENST00000368988.5	96	36263	36167
ENST00000368989.6	18441	56208	37767
ENST00000368990.8	18493	56428	37935
ENST00000368995.8	597	20037	19440
ENST00000368999.5	335	93559	93224
ENST00000369000.5	84600	129039	44439
ENST00000369001.5	98275	142726	44451
ENST00000369002.9	3951	92512	88561
ENST00000369004.7	151	93286	93135
ENST00000369005.6	32819	273712	240893
ENST00000369014.10	722	7704	6982
ENST00000369016.8	266	29175	28909
ENST00000369017.5	247	14349	14102
ENST00000369020.8	3049	71408	68359
ENST00000369022.6	1099	46753	45654
ENST00000369023.8	2248	19219	16971
ENST00000369025.6	552	16811	16259
ENST00000369026.3	2820	6019	3199
ENST00000369031.4	237	195815	195578
ENST00000369037.9	2060	307912	305852
ENST00000369038.6	201	11310	11109
ENST00000369039.9	2920	14097	11177
ENST00000369040.9	3250	188930	185680
ENST00000369041.9	2881	11931	9050
ENST00000369042.6	3525	36584	33059
ENST00000369043.8	3259	189067	185808
ENST00000369044.1	68	24026	23958
ENST00000369046.8	104	37994	37890
ENST00000369047.9	101	6965	6864
ENST00000369049.8	134	7079	6945
ENST00000369051.7	16	5440	5424
ENST00000369054.6	37	21397	21360
ENST00000369056.5	319	114251	113932
ENST00000369058.7	0	112407	112407
ENST00000369059.5	241	116304	116063
ENST00000369060.8	642	116699	116057
ENST00000369061.8	1526	117595	116069
ENST00000369063.8	1228	59429	58201
ENST00000369064.8	32	21778	21746
ENST00000369067.7	7	76788	76781
ENST00000369068.5	568	113556	112988
ENST00000369070.5	108607	131862	23255
ENST00000369075.8	53	44016	43963
ENST00000369076.8	2067	132550	130483
ENST00000369077.4	2037	45048	43011
ENST00000369081.3	101	66571	66470
ENST00000369085.8	296	27620	27324
ENST00000369086.1	188	6681	6493
ENST00000369089.3	146	10611	10465
ENST00000369091.6	1947	23524	21577
ENST00000369093.6	3866	25827	21961
ENST00000369094.5	989	5294	4305
ENST00000369095.5	725	5558	4833
ENST00000369096.9	218	23615	23397
ENST00000369098.3	38	8475	8437
ENST00000369099.8	28	7333	7305
ENST00000369101.7	191	28039	27848
ENST00000369102.5	4618	11923	7305
ENST00000369103.3	299	43359	43060
ENST00000369109.8	729	4194	3465
ENST00000369110.8	877	102090	101213
ENST00000369111.9	355	7882	7527
ENST00000369114.9	302	15836	15534
ENST00000369115.3	233	15728	15495
ENST00000369124.5	342	10825	10483
ENST00000369125.6	743	132783	132040
ENST00000369126.5	9660	11014	1354
ENST00000369128.9	1263	79137	77874
ENST00000369131.8	0	13975	13975
ENST00000369134.9	5570	677508	671938
ENST00000369137.8	434	97449	97015
ENST00000369138.5	490	669782	669292
ENST00000369140.7	218	9415	9197
ENST00000369143.2	2808	12024	9216
ENST00000369144.8	2372	51130	48758
ENST00000369145.1	407	10403	9996
ENST00000369146.8	1699	12736	11037
ENST00000369150.1	434	1254	820
ENST00000369151.8	9720	79449	69729
ENST00000369152.6	492	1312	820
ENST00000369153.2	12170	12990	820
ENST00000369155.4	1804	2558	754
ENST00000369158.2	63	877	814
ENST00000369159.3	91	869	778
ENST00000369162.7	1195	366368	365173
ENST00000369163.4	23	837	814
ENST00000369167.3	67	821	754
ENST00000369168.5	50	9936	9886
ENST00000369170.4	0	1750	1750
ENST00000369172.8	114	26361	26247
ENST00000369175.4	552	15542	14990
ENST00000369183.9	12935	39182	26247
ENST00000369199.5	4053	42805	38752
ENST00000369206.6	721	5765	5044
ENST00000369207.3	0	53789	53789
ENST00000369208.8	5355	80746	75391
ENST00000369209.8	3592	73290	69698
ENST00000369210.7	477	5074	4597
ENST00000369212.2	191	36410	36219
ENST00000369214.2	261	2831	2570
ENST00000369215.5	202	10040	9838
ENST00000369217.8	0	18103	18103
ENST00000369220.8	1171	26974	25803
ENST00000369221.2	162	23247	23085
ENST00000369227.7	17	79516	79499
ENST00000369230.4	166	50692	50526
ENST00000369233.6	175	76958	76783
ENST00000369234.5	3	209016	209013
ENST00000369235.2	5161	7757	2596
ENST00000369236.5	7476	216475	208999
ENST00000369239.10	2493	19014	16521
ENST00000369240.5	199	8446	8247
ENST00000369244.7	5746	60309	54563
ENST00000369246.1	309	11941	11632
ENST00000369248.9	299	42035	41736
ENST00000369250.7	335	79964	79629
ENST00000369251.6	264	139518	139254
ENST00000369253.6	822	57571	56749
ENST00000369254.5	52	160812	160760
ENST00000369256.6	309	250619	250310
ENST00000369258.8	20	55490	55470
ENST00000369259.4	20	54884	54864
ENST00000369261.9	42333	216401	174068
ENST00000369271.7	1221	112054	110833
ENST00000369272.7	3964	39617	35653
ENST00000369278.5	68	34057	33989
ENST00000369280.1	8242	51826	43584
ENST00000369282.5	8562	55559	46997
ENST00000369285.7	1028	2292	1264
ENST00000369286.1	1028	2292	1264
ENST00000369287.8	4284	45085	40801
ENST00000369288.7	8829	19530	10701
ENST00000369293.6	8955	10141	1186
ENST00000369294.5	1601	19396	17795
ENST00000369295.4	267	3127	2860
ENST00000369297.1	842	10521	9679
ENST00000369298.5	927	12232	11305
ENST00000369301.3	212	56039	55827
ENST00000369303.9	3409	182298	178889
ENST00000369304.8	1593	22277	20684
ENST00000369305.1	426	21564	21138
ENST00000369306.8	814	8111	7297
ENST00000369307.4	243	2297	2054
ENST00000369310.7	562	14201	13639
ENST00000369312.9	15703	30185	14482
ENST00000369313.7	10163	14320	4157
ENST00000369314.2	10176	14401	4225
ENST00000369315.5	17554	50500	32946
ENST00000369318.8	17582	50528	32946
ENST00000369321.6	86	51025	50939
ENST00000369325.7	3079	74848	71769
ENST00000369327.7	3079	74768	71689
ENST00000369329.8	2925	75105	72180
ENST00000369331.8	18290	50969	32679
ENST00000369332.7	2931	75031	72100
ENST00000369347.8	178	43228	43050
ENST00000369349.7	145	105532	105387
ENST00000369351.7	109	105330	105221
ENST00000369352.1	0	3256	3256
ENST00000369354.7	190	149412	149222
ENST00000369356.8	291	149665	149374
ENST00000369358.8	153	80208	80055
ENST00000369360.7	262	80234	79972
ENST00000369367.8	2920	49411	46491
ENST00000369373.9	1629	132173	130544
ENST00000369386.5	0	10040	10040
ENST00000369389.7	189	35778	35589
ENST00000369390.7	1098	16286	15188
ENST00000369393.8	1510	193795	192285
ENST00000369395.6	97	212273	212176
ENST00000369397.8	305	217291	216986
ENST00000369400.2	434	5172	4738
ENST00000369401.4	1659	7997	6338
ENST00000369404.3	83	15929	15846
ENST00000369405.7	507	16365	15858
ENST00000369406.8	2803	22357	19554
ENST00000369408.9	133807	199893	66086
ENST00000369409.9	89	33665	33576
ENST00000369413.8	267	8548	8281
ENST00000369415.9	3443	48570	45127
ENST00000369416.4	270	8580	8310
ENST00000369422.4	79	20630	20551
ENST00000369423.7	38	13160	13122
ENST00000369425.5	3370	30027	26657
ENST00000369426.9	2147	110082	107935
ENST00000369429.5	1688	106546	104858
ENST00000369439.4	33	53863	53830
ENST00000369441.7	3600	4077	477
ENST00000369442.3	745	44611	43866
ENST00000369443.10	7087	58350	51263
ENST00000369448.4	16821	19165	2344
ENST00000369449.7	1695	58951	57256
ENST00000369451.7	174	23746	23572
ENST00000369452.9	44755	93949	49194
ENST00000369454.4	2571	6690	4119
ENST00000369458.8	4074	68109	64035
ENST00000369459.6	29	49380	49351
ENST00000369461.3	123	11241	11118
ENST00000369462.5	25	49581	49556
ENST00000369464.7	1248	11821	10573
ENST00000369466.9	21	44658	44637
ENST00000369470.1	6	35340	35334
ENST00000369472.1	3017	3867	850
ENST00000369475.7	3	352397	352394
ENST00000369476.8	1459	2294	835
ENST00000369477.1	26	898	872
ENST00000369478.4	63	15398	15335
ENST00000369479.1	218	2597	2379
ENST00000369483.5	2916	95558	92642
ENST00000369484.8	224	2603	2379
ENST00000369485.9	2825	355287	352462
ENST00000369486.8	2907	95490	92583
ENST00000369487.3	105	49901	49796
ENST00000369489.10	282	57182	56900
ENST00000369494.5	1684	6681	4997
ENST00000369496.8	725	24025	23300
ENST00000369498.8	95	28387	28292
ENST00000369499.3	3995	6825	2830
ENST00000369500.4	1217	23043	21826
ENST00000369501.3	3995	6825	2830
ENST00000369502.1	14	55524	55510
ENST00000369503.9	115	92221	92106
ENST00000369505.5	20	2244	2224
ENST00000369506.1	1276	2084	808
ENST00000369509.1	12	41539	41527
ENST00000369510.8	9423	50944	41521
ENST00000369512.3	156	1600	1444
ENST00000369515.6	137	39657	39520
ENST00000369516.7	2482	42076	39594
ENST00000369518.1	332	142780	142448
ENST00000369519.4	119	195306	195187
ENST00000369522.8	602	143050	142448
ENST00000369528.9	4795	11756	6961
ENST00000369529.2	410	7802	7392
ENST00000369530.5	860	26773	25913
ENST00000369531.1	0	15773	15773
ENST00000369534.8	496	28075	27579
ENST00000369535.5	4069	12254	8185
ENST00000369536.10	478	77733	77255
ENST00000369538.4	16	24584	24568
ENST00000369541.4	576	14702	14126
ENST00000369543.6	43	116779	116736
ENST00000369547.6	2716	66051	63335
ENST00000369550.10	102	15527	15425
ENST00000369551.5	632	3480	2848
ENST00000369552.9	30	39552	39522
ENST00000369553.5	756	22067	21311
ENST00000369555.6	10525	47131	36606
ENST00000369556.7	79	39425	39346
ENST00000369557.9	79	36737	36658
ENST00000369558.5	10674	47414	36740
ENST00000369559.8	11010	45872	34862
ENST00000369561.8	10629	47267	36638
ENST00000369562.9	1868	58129	56261
ENST00000369564.5	0	5698	5698
ENST00000369567.5	320	11675	11355
ENST00000369568.8	2012	76491	74479
ENST00000369569.6	874	12730	11856
ENST00000369571.2	0	5268	5268
ENST00000369575.7	2928	77520	74592
ENST00000369576.2	0	974	974
ENST00000369577.8	27	114394	114367
ENST00000369582.6	256	3023	2767
ENST00000369583.4	215	13664	13449
ENST00000369585.4	155	2075	1920
ENST00000369592.1	91	10234	10143
ENST00000369598.5	503	63632	63129
ENST00000369600.5	503	63608	63105
ENST00000369603.10	3423	13566	10143
ENST00000369604.6	877	64140	63263
ENST00000369611.4	45	294623	294578
ENST00000369612.1	545	57876	57331
ENST00000369615.5	62	294640	294578
ENST00000369617.8	285	294937	294652
ENST00000369620.6	3	15826	15823
ENST00000369622.8	783	29322	28539
ENST00000369626.8	2047	18957	16910
ENST00000369627.6	168	90699	90531
ENST00000369630.7	1815	6761	4946
ENST00000369632.6	23	2854	2831
ENST00000369633.6	416	3247	2831
ENST00000369635.7	29399	80363	50964
ENST00000369636.6	139	3067	2928
ENST00000369637.5	230	3061	2831
ENST00000369638.6	268	3099	2831
ENST00000369641.7	279	9939	9660
ENST00000369642.7	412	3243	2831
ENST00000369643.5	643	10282	9639
ENST00000369644.5	14268	28628	14360
ENST00000369645.6	254	28834	28580
ENST00000369646.7	49	22164	22115
ENST00000369649.8	204	2976	2772
ENST00000369651.7	556	45981	45425
ENST00000369653.8	140	1926	1786
ENST00000369660.9	1825	3334	1509
ENST00000369663.10	4192	33498	29306
ENST00000369664.1	0	34752	34752
ENST00000369666.5	125	78923	78798
ENST00000369669.5	133	73325	73192
ENST00000369679.4	4546	50751	46205
ENST00000369681.10	94	101733	101639
ENST00000369682.4	1903	19982	18079
ENST00000369683.5	421	28667	28246
ENST00000369684.5	298	12709	12411
ENST00000369686.9	104	54182	54078
ENST00000369687.2	505	4002	3497
ENST00000369689.6	57	4406	4349
ENST00000369690.6	0	46863	46863
ENST00000369691.5	0	12634	12634
ENST00000369694.7	3271	157735	154464
ENST00000369697.5	5418	213966	208548
ENST00000369698.6	369	124426	124057
ENST00000369700.4	10908	13384	2476
ENST00000369701.8	38	625720	625682
ENST00000369702.5	24	13456	13432
ENST00000369703.1	0	5588	5588
ENST00000369704.8	65	103292	103227
ENST00000369705.4	1525	222254	220729
ENST00000369707.2	114	24759	24645
ENST00000369709.4	71572	89989	18417
ENST00000369710.8	219	13311	13092
ENST00000369713.10	37	13227	13190
ENST00000369716.9	342	21041	20699
ENST00000369717.8	342	81396	81054
ENST00000369718.4	2045	4521	2476
ENST00000369719.2	221	29927	29706
ENST00000369720.6	1371	41187	39816
ENST00000369722.8	78	12288	12210
ENST00000369724.5	1095	3786	2691
ENST00000369727.4	13	4261	4248
ENST00000369729.7	933	4336	3403
ENST00000369732.4	148	15425	15277
ENST00000369733.8	952	53581	52629
ENST00000369737.4	33	5173	5140
ENST00000369738.9	31	5269	5238
ENST00000369739.7	249	78825	78576
ENST00000369740.6	19617	31029	11412
ENST00000369744.6	120	15882	15762
ENST00000369746.2	15118	41330	26212
ENST00000369747.8	635	174485	173850
ENST00000369748.9	17	15808	15791
ENST00000369750.4	1145	3663	2518
ENST00000369752.5	434	18571	18137
ENST00000369754.7	3968	8045	4077
ENST00000369755.4	606	62263	61657
ENST00000369756.3	3968	8610	4642
ENST00000369758.8	4225	18853	14628
ENST00000369760.8	47	63832	63785
ENST00000369762.7	16	8611	8595
ENST00000369763.5	772	18801	18029
ENST00000369764.2	5313	41315	36002
ENST00000369768.1	13	2009	1996
ENST00000369769.4	620	4068	3448
ENST00000369770.7	316	12267	11951
ENST00000369771.4	38	3102	3064
ENST00000369774.9	7792	264623	256831
ENST00000369776.8	85	10021	9936
ENST00000369779.9	912	27919	27007
ENST00000369780.9	683	98380	97697
ENST00000369781.8	909	27413	26504
ENST00000369783.4	412	7257	6845
ENST00000369784.9	29	9158	9129
ENST00000369787.7	27	22734	22707
ENST00000369788.7	369	4122	3753
ENST00000369795.8	14	21775	21761
ENST00000369796.5	7141	24539	17398
ENST00000369797.8	1801	54498	52697
ENST00000369798.7	1195	40100	38905
ENST00000369799.10	288	38485	38197
ENST00000369800.6	144	47319	47175
ENST00000369801.1	38	15505	15467
ENST00000369802.7	125	15941	15816
ENST00000369805.7	313	13432	13119
ENST00000369807.6	1474	5231	3757
ENST00000369808.7	952	4709	3757
ENST00000369809.5	1472	5229	3757
ENST00000369811.5	3147	3579	432
ENST00000369812.6	0	5755	5755
ENST00000369815.6	3147	3579	432
ENST00000369816.5	1797	33401	31604
ENST00000369817.7	143	3110	2967
ENST00000369819.2	16	5875	5859
ENST00000369823.6	45	6166	6121
ENST00000369825.6	3156	3588	432
ENST00000369827.7	80	7333	7253
ENST00000369829.2	24	5693	5669
ENST00000369831.6	94	41203	41109
ENST00000369833.5	1200	3538	2338
ENST00000369835.3	212	2573	2361
ENST00000369836.9	291	5798	5507
ENST00000369838.6	133	68494	68361
ENST00000369839.4	14	22633	22619
ENST00000369840.7	73	12536	12463
ENST00000369842.9	190	2655	2465
ENST00000369846.9	2016	35987	33971
ENST00000369847.4	1112	49310	48198
ENST00000369849.9	74	13022	12948
ENST00000369850.10	321	30608	30287
ENST00000369851.7	106	44669	44563
ENST00000369856.8	322	30447	30125
ENST00000369857.9	12766	87323	74557
ENST00000369862.1	366	3322	2956
ENST00000369864.5	3256	6212	2956
ENST00000369868.7	26	2892	2866
ENST00000369870.7	15	10813	10798
ENST00000369872.4	298	13809	13511
ENST00000369875.3	164	10716	10552
ENST00000369878.9	187	161500	161313
ENST00000369880.8	123	32341	32218
ENST00000369883.3	25	8972	8947
ENST00000369886.8	1397	5952	4555
ENST00000369887.4	174	8346	8172
ENST00000369888.6	3187	13906	10719
ENST00000369889.5	142	38101	37959
ENST00000369893.10	12001	24078	12077
ENST00000369899.6	146	116349	116203
ENST00000369902.8	181	127620	127439
ENST00000369903.6	571	4105	3534
ENST00000369904.7	568	4065	3497
ENST00000369905.9	1637	24535	22898
ENST00000369907.7	600	4134	3534
ENST00000369908.9	55	12486	12431
ENST00000369909.7	600	4134	3534
ENST00000369912.2	281	26236	25955
ENST00000369915.8	65	35665	35600
ENST00000369916.5	43	2855	2812
ENST00000369923.4	11	25499	25488
ENST00000369927.8	123	25182	25059
ENST00000369929.8	60	14507	14447
ENST00000369931.3	7617	11147	3530
ENST00000369937.5	180	2792	2612
ENST00000369939.8	69	91911	91842
ENST00000369940.7	26	31556	31530
ENST00000369945.7	76	7110	7034
ENST00000369947.5	1310	3648	2338
ENST00000369948.8	80	7230	7150
ENST00000369949.8	80	8192	8112
ENST00000369950.8	978	153748	152770
ENST00000369951.9	41	15766	15725
ENST00000369952.3	361	13788	13427
ENST00000369956.8	294	3050	2756
ENST00000369957.5	27112	60948	33836
ENST00000369962.8	1219	56041	54822
ENST00000369963.5	3	17455	17452
ENST00000369965.8	1219	56044	54825
ENST00000369966.8	1457	10548	9091
ENST00000369967.7	495	29357	28862
ENST00000369968.7	7200	24439	17239
ENST00000369969.7	5168	22575	17407
ENST00000369970.8	2687	19944	17257
ENST00000369973.7	4931	9134	4203
ENST00000369974.6	1356	11192	9836
ENST00000369975.6	68313	169502	101189
ENST00000369976.6	4693	19020	14327
ENST00000369977.8	68309	169591	101282
ENST00000369980.8	1355	11427	10072
ENST00000369982.5	9309	10873	1564
ENST00000369983.5	13407	142342	128935
ENST00000369984.4	1791	29495	27704
ENST00000369985.9	68309	169524	101215
ENST00000369994.5	99	31760	31661
ENST00000369995.7	99	31877	31778
ENST00000369996.3	116	2805	2689
ENST00000369997.7	6	10555	10549
ENST00000370001.8	273	39256	38983
ENST00000370002.8	328	2794	2466
ENST00000370005.4	250	3756	3506
ENST00000370007.5	0	11961	11961
ENST00000370008.4	64	63957	63893
ENST00000370009.5	66	5633	5567
ENST00000370010.6	1016	117374	116358
ENST00000370011.7	0	5119	5119
ENST00000370012.1	116	10417	10301
ENST00000370015.8	358	5489	5131
ENST00000370016.5	278	21502	21224
ENST00000370017.9	26	31080	31054
ENST00000370018.7	1593	41595	40002
ENST00000370020.1	602	58142	57540
ENST00000370021.1	3418	8976	5558
ENST00000370022.9	268	4992	4724
ENST00000370025.9	282	9339	9057
ENST00000370028.7	356	21761	21405
ENST00000370031.5	274	12853	12579
ENST00000370032.9	274	12761	12487
ENST00000370033.9	1932	196557	194625
ENST00000370035.8	329	76116	75787
ENST00000370040.7	320	22339	22019
ENST00000370041.4	1833	59162	57329
ENST00000370046.5	170	16927	16757
ENST00000370049.1	32	2244	2212
ENST00000370050.9	2492	12434	9942
ENST00000370053.3	1629	14168	12539
ENST00000370055.5	713	17601	16888
ENST00000370056.9	2173	396222	394049
ENST00000370058.7	233	2501	2268
ENST00000370060.7	1150	18063	16913
ENST00000370065.1	0	333719	333719
ENST00000370066.5	0	333676	333676
ENST00000370067.5	7555	341172	333617
ENST00000370068.6	7555	341408	333853
ENST00000370069.5	2490	18645	16155
ENST00000370073.6	8587	342440	333853
ENST00000370074.8	8587	342139	333552
ENST00000370077.2	2487	33373	30886
ENST00000370078.2	42	2290	2248
ENST00000370079.3	64	9772	9708
ENST00000370080.7	37	9747	9710
ENST00000370081.6	258	6496	6238
ENST00000370083.9	571	10280	9709
ENST00000370085.3	14	4195	4181
ENST00000370086.8	20	4275	4255
ENST00000370087.5	497	4752	4255
ENST00000370089.6	249	6487	6238
ENST00000370092.7	386	9688	9302
ENST00000370093.5	587	9568	8981
ENST00000370094.7	887	22997	22110
ENST00000370096.9	1549	237056	235507
ENST00000370097.2	1505	3411	1906
ENST00000370098.4	2644	4550	1906
ENST00000370100.5	167	5862	5695
ENST00000370101.8	46	6162	6116
ENST00000370103.9	1681	195624	193943
ENST00000370104.5	48	6161	6113
ENST00000370108.7	48	6064	6016
ENST00000370109.8	788	36668	35880
ENST00000370110.6	414	2594	2180
ENST00000370111.4	0	10722	10722
ENST00000370112.8	187	79895	79708
ENST00000370113.7	1558	17356	15798
ENST00000370114.8	1554	17352	15798
ENST00000370115.1	97	20129	20032
ENST00000370119.8	119	20560	20441
ENST00000370124.8	453	133099	132646
ENST00000370126.1	87	481	394
ENST00000370128.9	160	26372	26212
ENST00000370129.4	5	4429	4424
ENST00000370131.3	561	40229	39668
ENST00000370132.8	9339	64336	54997
ENST00000370137.6	597	21065	20468
ENST00000370138.1	518	20672	20154
ENST00000370139.1	47	7707	7660
ENST00000370141.8	6	17086	17080
ENST00000370142.5	692	4396	3704
ENST00000370143.5	19	7582	7563
ENST00000370145.8	676	4555	3879
ENST00000370147.5	12	21078	21066
ENST00000370150.5	727	4362	3635
ENST00000370151.9	16	21750	21734
ENST00000370152.8	138	45569	45431
ENST00000370153.6	101	53130	53029
ENST00000370155.9	23498	29400	5902
ENST00000370161.6	0	73493	73493
ENST00000370162.8	574	10195	9621
ENST00000370163.7	554	75722	75168
ENST00000370165.7	554	75722	75168
ENST00000370167.8	5420	8917	3497
ENST00000370168.7	574	4834	4260
ENST00000370169.5	574	10195	9621
ENST00000370172.5	574	8579	8005
ENST00000370177.1	534	1519	985
ENST00000370179.8	544	1450	906
ENST00000370183.2	75817	172117	96300
ENST00000370185.9	102	44653	44551
ENST00000370186.5	18572	65781	47209
ENST00000370187.8	16	198493	198477
ENST00000370188.7	2830	115368	112538
ENST00000370192.8	1236	846231	844995
ENST00000370193.4	279	2662	2383
ENST00000370196.11	242	6597	6355
ENST00000370197.5	55	93189	93134
ENST00000370198.5	55	93186	93131
ENST00000370200.6	604	3836	3232
ENST00000370202.5	21	13454	13433
ENST00000370203.9	26547	75293	48746
ENST00000370205.6	8674	99137	90463
ENST00000370206.9	788	30917	30129
ENST00000370207.4	1164	13035	11871
ENST00000370210.3	481	9373	8892
ENST00000370211.10	213	23953	23740
ENST00000370212.5	3	3957	3954
ENST00000370214.9	90	100691	100601
ENST00000370215.7	255	14429	14174
ENST00000370217.3	613	30885	30272
ENST00000370220.1	3063	9692	6629
ENST00000370223.7	5467	12096	6629
ENST00000370224.5	571	74528	73957
ENST00000370225.4	406	134980	134574
ENST00000370228.2	675	5228	4553
ENST00000370231.3	250	1664	1414
ENST00000370232.4	250	4204	3954
ENST00000370234.4	266	1651	1385
ENST00000370236.5	463	1643	1180
ENST00000370238.8	3794	24779	20985
ENST00000370241.7	259	9261	9002
ENST00000370242.8	47	9022	8975
ENST00000370243.1	450	115600	115150
ENST00000370244.5	453	115603	115150
ENST00000370247.7	458	54336	53878
ENST00000370249.3	12698	14952	2254
ENST00000370250.8	373	14088	13715
ENST00000370251.3	2525	14598	12073
ENST00000370253.6	0	105757	105757
ENST00000370263.9	3518	19817	16299
ENST00000370267.1	711	15226	14515
ENST00000370268.8	37	58130	58093
ENST00000370269.3	132	50128	49996
ENST00000370271.7	148	15556	15408
ENST00000370272.9	739	15254	14515
ENST00000370274.8	15262	39162	23900
ENST00000370275.8	2748	15985	13237
ENST00000370276.6	2638	102084	99446
ENST00000370277.5	850	4227	3377
ENST00000370278.4	2039	3921	1882
ENST00000370280.1	245	24685	24440
ENST00000370282.8	4931	31183	26252
ENST00000370283.9	2768	16263	13495
ENST00000370287.7	313	5207	4894
ENST00000370290.7	4624	28740	24116
ENST00000370291.6	538	5193	4655
ENST00000370293.6	2506	4388	1882
ENST00000370296.6	550	82559	82009
ENST00000370298.9	244	59505	59261
ENST00000370300.8	90	41105	41015
ENST00000370303.4	216	59307	59091
ENST00000370305.5	4468	40903	36435
ENST00000370307.6	110	8982	8872
ENST00000370310.5	1219	120541	119322
ENST00000370313.5	712	9508	8796
ENST00000370314.9	1997	199803	197806
ENST00000370315.4	1519	30031	28512
ENST00000370316.8	716	14283	13567
ENST00000370317.3	5	7644	7639
ENST00000370318.5	498	40001	39503
ENST00000370320.4	155	6425	6270
ENST00000370321.8	75	10705	10630
ENST00000370322.5	97	6216	6119
ENST00000370323.9	1204	3416	2212
ENST00000370328.4	1580	23010	21430
ENST00000370331.5	4963	286110	281147
ENST00000370332.5	1270	9985	8715
ENST00000370334.4	344	19677	19333
ENST00000370335.5	6113	8013	1900
ENST00000370336.5	78	23323	23245
ENST00000370339.8	1282	22135	20853
ENST00000370340.7	8157	10057	1900
ENST00000370345.8	972	33817	32845
ENST00000370346.2	73	1421	1348
ENST00000370349.7	525	16067	15542
ENST00000370350.7	85	7265	7180
ENST00000370351.9	122	16083	15961
ENST00000370353.3	508	3413	2905
ENST00000370354.5	3336	5095	1759
ENST00000370355.3	272	14768	14496
ENST00000370357.5	37879	114769	76890
ENST00000370359.6	232	1681	1449
ENST00000370360.8	131	53361	53230
ENST00000370361.5	274	8954	8680
ENST00000370363.5	232	26094	25862
ENST00000370366.1	552	8233	7681
ENST00000370367.4	72	1847	1775
ENST00000370368.5	786	8291	7505
ENST00000370370.4	260	1507	1247
ENST00000370371.8	791	8296	7505
ENST00000370372.7	2172	13787	11615
ENST00000370373.2	26202	27999	1797
ENST00000370375.8	13506	28291	14785
ENST00000370377.8	2701	133027	130326
ENST00000370378.5	0	21560	21560
ENST00000370383.5	95	34377	34282
ENST00000370384.7	218	69106	68888
ENST00000370388.4	207	2245	2038
ENST00000370389.6	15283	67505	52222
ENST00000370390.7	157	71332	71175
ENST00000370392.5	84	503712	503628
ENST00000370396.7	23994	104766	80772
ENST00000370397.8	1301	43446	42145
ENST00000370398.6	126	576129	576003
ENST00000370399.6	1316	181639	180323
ENST00000370401.7	82200	148998	66798
ENST00000370404.5	346	2145	1799
ENST00000370406.8	350	2149	1799
ENST00000370408.2	0	31581	31581
ENST00000370409.7	0	1735	1735
ENST00000370416.4	614	3986	3372
ENST00000370418.8	237	40797	40560
ENST00000370420.8	0	152500	152500
ENST00000370425.8	527	144583	144056
ENST00000370435.5	126	14581	14455
ENST00000370440.5	1503	71031	69528
ENST00000370441.8	160	19027	18867
ENST00000370445.5	776	6814	6038
ENST00000370447.3	121	34028	33907
ENST00000370452.7	248	193752	193504
ENST00000370453.5	53334	210669	157335
ENST00000370454.9	53354	84266	30912
ENST00000370455.8	141	193838	193697
ENST00000370456.5	4493	23296	18803
ENST00000370457.9	51	494090	494039
ENST00000370458.5	89	404523	404434
ENST00000370459.8	4518	15114	10596
ENST00000370460.7	481	494624	494143
ENST00000370461.5	2277	9630	7353
ENST00000370466.4	2046	17597	15551
ENST00000370467.8	66	44420	44354
ENST00000370470.5	0	38414	38414
ENST00000370471.7	229	38471	38242
ENST00000370472.4	7370	22582	15212
ENST00000370473.5	1039	12681	11642
ENST00000370474.4	11	22112	22101
ENST00000370475.9	261	38801	38540
ENST00000370476.10	115	24312	24197
ENST00000370477.5	217	38608	38391
ENST00000370479.7	1904	138005	136101
ENST00000370481.9	1047	15816	14769
ENST00000370483.9	1573	21360	19787
ENST00000370486.1	0	27963	27963
ENST00000370487.5	51	3774	3723
ENST00000370489.5	448	46971	46523
ENST00000370490.1	4255	9323	5068
ENST00000370491.7	413	34939	34526
ENST00000370493.4	84	8522	8438
ENST00000370495.6	330	10901	10571
ENST00000370496.3	242	24135	23893
ENST00000370500.10	583	39807	39224
ENST00000370501.4	372	52678	52306
ENST00000370503.2	83	9077	8994
ENST00000370504.3	83	9226	9143
ENST00000370507.5	96	17686	17590
ENST00000370508.7	680	34925	34245
ENST00000370509.5	1288	13384	12096
ENST00000370513.9	8	151659	151651
ENST00000370515.3	57	1283	1226
ENST00000370518.4	60	1286	1226
ENST00000370519.4	67	1293	1226
ENST00000370521.8	308	152102	151794
ENST00000370526.5	3349	4223	874
ENST00000370536.5	738	3412	2674
ENST00000370540.2	171	10848	10677
ENST00000370542.1	348	13616	13268
ENST00000370544.10	3136	16404	13268
ENST00000370546.5	2215	777860	775645
ENST00000370548.3	73	176065	175992
ENST00000370549.5	459	778275	777816
ENST00000370550.10	402	191119	190717
ENST00000370551.8	389	183970	183581
ENST00000370552.8	2500	780489	777989
ENST00000370554.5	825	51754	50929
ENST00000370557.5	2557	209006	206449
ENST00000370558.8	324	39742	39418
ENST00000370562.1	42	657	615
ENST00000370563.3	42	36007	35965
ENST00000370565.5	77	34168	34091
ENST00000370566.7	15	40047	40032
ENST00000370570.6	338	115885	115547
ENST00000370571.7	1316	432245	430929
ENST00000370573.8	3	62632	62629
ENST00000370574.4	4644	60267	55623
ENST00000370575.5	233	33294	33061
ENST00000370576.9	704	63498	62794
ENST00000370584.7	73491	111859	38368
ENST00000370586.6	512	81818	81306
ENST00000370587.5	1613	21775	20162
ENST00000370589.7	1044	28925	27881
ENST00000370591.6	57	152763	152706
ENST00000370592.2	14	940	926
ENST00000370596.5	72795	136383	63588
ENST00000370597.8	551	167440	166889
ENST00000370598.6	3394	758142	754748
ENST00000370602.6	461	16350	15889
ENST00000370606.3	174	12118	11944
ENST00000370608.8	1105	72973	71868
ENST00000370610.7	7634	23100	15466
ENST00000370611.4	2247	55575	53328
ENST00000370613.7	1357	23026	21669
ENST00000370620.5	2485	80084	77599
ENST00000370621.7	463	1784728	1784265
ENST00000370622.5	2485	80084	77599
ENST00000370625.1	19332	19792	460
ENST00000370626.4	448	2920	2472
ENST00000370628.2	22	11901	11879
ENST00000370629.7	91	12032	11941
ENST00000370630.6	5391	25952	20561
ENST00000370631.4	72	34496	34424
ENST00000370634.8	3806	25091	21285
ENST00000370635.3	106	380	274
ENST00000370640.5	177	1513	1336
ENST00000370641.3	3519	7964	4445
ENST00000370642.4	0	2556	2556
ENST00000370645.9	3523	7968	4445
ENST00000370646.9	315	28241	27926
ENST00000370647.8	361	27802	27441
ENST00000370648.4	168	5619	5451
ENST00000370649.3	330	90702	90372
ENST00000370651.7	209	4186	3977
ENST00000370652.5	3925	120852	116927
ENST00000370654.6	16	19239	19223
ENST00000370655.6	10	11933	11923
ENST00000370656.5	23	4141	4118
ENST00000370657.9	4073	45515	41442
ENST00000370658.9	4555	44611	40056
ENST00000370659.1	111	757	646
ENST00000370660.3	0	34122	34122
ENST00000370661.5	6213	40644	34431
ENST00000370662.3	4196	7092	2896
ENST00000370663.9	2613	42055	39442
ENST00000370664.4	280	72274	71994
ENST00000370665.4	81	17458	17377
ENST00000370668.7	584	47423	46839
ENST00000370669.5	1515	48354	46839
ENST00000370670.2	202	47041	46839
ENST00000370671.7	59	50575	50516
ENST00000370673.7	192	51749	51557
ENST00000370674.3	1712	6000	4288
ENST00000370676.7	87	13550	13463
ENST00000370680.5	312	40572	40260
ENST00000370683.6	66	13857	13791
ENST00000370684.5	96	40896	40800
ENST00000370685.7	91	92215	92124
ENST00000370687.6	3641	11725	8084
ENST00000370688.7	182	127105	126923
ENST00000370689.6	264	158283	158019
ENST00000370693.5	372	12491	12119
ENST00000370695.8	68	61373	61305
ENST00000370698.7	76	61285	61209
ENST00000370701.6	524	61517	60993
ENST00000370702.5	177	34599	34422
ENST00000370706.9	66	81446	81380
ENST00000370708.8	178	13690	13512
ENST00000370709.4	2527	21871	19344
ENST00000370710.10	47	9521	9474
ENST00000370711.9	115	9589	9474
ENST00000370713.5	36588	193353	156765
ENST00000370715.5	36588	192791	156203
ENST00000370717.6	36588	195101	158513
ENST00000370721.5	530819	689107	158288
ENST00000370723.5	530819	689338	158519
ENST00000370725.5	530819	689376	158557
ENST00000370727.5	530819	689248	158429
ENST00000370728.5	530819	689332	158513
ENST00000370730.5	530819	689204	158385
ENST00000370733.5	63	10524	10461
ENST00000370742.4	1393	118945	117552
ENST00000370745.1	26439	60168	33729
ENST00000370746.8	26704	64270	37566
ENST00000370747.9	365	15301	14936
ENST00000370748.7	26685	53389	26704
ENST00000370751.10	7468	22706	15238
ENST00000370752.4	334	63540	63206
ENST00000370756.3	1672	46243	44571
ENST00000370757.8	1770	46785	45015
ENST00000370758.5	188860	233875	45015
ENST00000370759.4	129	90713	90584
ENST00000370761.7	2323	3305	982
ENST00000370763.6	172	12313	12141
ENST00000370764.1	1348	9590	8242
ENST00000370765.11	923	36114	35191
ENST00000370766.8	1349	9874	8525
ENST00000370767.5	471	32544	32073
ENST00000370768.7	4714	36861	32147
ENST00000370775.3	838	1514	676
ENST00000370777.1	41	10947	10906
ENST00000370779.8	149	10891	10742
ENST00000370782.6	371	43119	42748
ENST00000370783.8	1532	12435	10903
ENST00000370784.8	406	47618	47212
ENST00000370785.4	405	47363	46958
ENST00000370788.6	1012	401181	400169
ENST00000370790.5	2576	27371	24795
ENST00000370791.9	3604	97197	93593
ENST00000370792.7	86	36273	36187
ENST00000370793.5	1329	52273	50944
ENST00000370794.7	1333	48420	47087
ENST00000370798.5	755	75799	75044
ENST00000370799.5	4298	44947	40649
ENST00000370800.4	4245	42775	38530
ENST00000370801.8	3227	73636	70409
ENST00000370803.8	4306	53101	48795
ENST00000370809.5	7619	9567	1948
ENST00000370812.8	3388	131587	128199
ENST00000370817.3	0	3216	3216
ENST00000370818.8	382	451436	451054
ENST00000370819.5	1070	128862	127792
ENST00000370823.8	10393	19258	8865
ENST00000370826.3	41	4319	4278
ENST00000370828.4	2767	116521	113754
ENST00000370830.4	1883	122567	120684
ENST00000370832.1	851	6327	5476
ENST00000370833.7	2211	334517	332306
ENST00000370834.9	79	39400	39321
ENST00000370836.6	2210	334398	332188
ENST00000370839.7	2175	61401	59226
ENST00000370841.9	79	39302	39223
ENST00000370842.6	5472	11758	6286
ENST00000370844.5	465	27844	27379
ENST00000370846.8	5479	11605	6126
ENST00000370848.8	33	18721	18688
ENST00000370849.7	466	35210	34744
ENST00000370850.6	349	144444	144095
ENST00000370852.6	129484	144832	15348
ENST00000370853.8	10349	71345	60996
ENST00000370854.7	5506	11839	6333
ENST00000370855.5	2135	339106	336971
ENST00000370857.7	7668	68629	60961
ENST00000370858.3	351	4416	4065
ENST00000370859.8	1601	341446	339845
ENST00000370861.1	3	4501	4498
ENST00000370862.4	73	109261	109188
ENST00000370864.3	32	18987	18955
ENST00000370867.8	93	31729	31636
ENST00000370869.7	100	19786	19686
ENST00000370870.5	0	18440	18440
ENST00000370871.7	327	19727	19400
ENST00000370872.7	817	18222	17405
ENST00000370873.9	127	7307	7180
ENST00000370874.2	11146	14790	3644
ENST00000370876.6	46	183109	183063
ENST00000370877.6	102	247821	247719
ENST00000370879.5	882	18844	17962
ENST00000370882.1	167	89333	89166
ENST00000370884.5	42	10099	10057
ENST00000370885.8	200	10240	10040
ENST00000370886.9	204	10268	10064
ENST00000370888.6	252	129343	129091
ENST00000370893.1	15	42140	42125
ENST00000370894.9	38	7633	7595
ENST00000370895.5	35	174236	174201
ENST00000370898.9	37	9365	9328
ENST00000370899.7	37	269002	268965
ENST00000370900.5	954	3230	2276
ENST00000370901.4	954	3230	2276
ENST00000370902.8	539	10653	10114
ENST00000370903.8	293	17172	16879
ENST00000370904.6	288	17126	16838
ENST00000370905.4	3685	9256	5571
ENST00000370909.6	60	100126	100066
ENST00000370910.5	293	17131	16838
ENST00000370911.7	842	4371	3529
ENST00000370913.5	198	1873	1675
ENST00000370915.5	206	6018	5812
ENST00000370918.8	1732	29271	27539
ENST00000370920.8	1786	18684	16898
ENST00000370921.1	113	6296	6183
ENST00000370922.5	30	32018	31988
ENST00000370924.5	6364	42885	36521
ENST00000370927.5	1936	87727	85791
ENST00000370931.7	101436	196390	94954
ENST00000370935.5	1948	81578	79630
ENST00000370938.8	148	29059	28911
ENST00000370939.7	8495	34027	25532
ENST00000370944.9	3721	97019	93298
ENST00000370947.1	28	2020	1992
ENST00000370949.2	257	30862	30605
ENST00000370950.7	15913	46518	30605
ENST00000370951.5	15955	46557	30602
ENST00000370952.4	998	62526	61528
ENST00000370958.5	190	305663	305473
ENST00000370959.1	9	16439	16430
ENST00000370960.5	218	6727	6509
ENST00000370963.9	520	16950	16430
ENST00000370966.9	2783	24417	21634
ENST00000370968.5	170	6340	6170
ENST00000370971.1	95	38820	38725
ENST00000370973.2	0	6037	6037
ENST00000370976.7	737	108146	107409
ENST00000370978.9	2273	59935	57662
ENST00000370981.3	725	2097	1372
ENST00000370982.4	3979	6425	2446
ENST00000370985.4	294	2960	2666
ENST00000370986.9	294	3061	2767
ENST00000370989.6	196	9818	9622
ENST00000370990.5	343	18631	18288
ENST00000370991.7	0	45889	45889
ENST00000370992.9	396	48387	47991
ENST00000370994.8	5400	23643	18243
ENST00000370995.6	2172	20478	18306
ENST00000370996.5	2372	4164	1792
ENST00000371000.5	12496	89667	77171
ENST00000371001.6	750	63396	62646
ENST00000371006.5	832	36258	35426
ENST00000371007.6	843	36269	35426
ENST00000371012.6	3937	21580	17643
ENST00000371014.5	70	62954	62884
ENST00000371015.6	475	244251	243776
ENST00000371016.5	3945	62847	58902
ENST00000371018.7	4009	62971	58962
ENST00000371019.4	1377	2773	1396
ENST00000371021.5	183	1855	1672
ENST00000371022.3	545	54980	54435
ENST00000371023.7	53	88853	88800
ENST00000371025.7	195	24318	24123
ENST00000371026.8	1248	114473	113225
ENST00000371027.5	816	46768	45952
ENST00000371028.6	369	24721	24352
ENST00000371030.4	27199	95945	68746
ENST00000371033.9	376	8583	8207
ENST00000371037.9	206	211398	211192
ENST00000371039.5	767	211372	210605
ENST00000371041.3	222	129147	128925
ENST00000371045.9	386	42353	41967
ENST00000371058.1	20	63321	63301
ENST00000371059.7	144914	212606	67692
ENST00000371060.7	144914	215184	70270
ENST00000371064.7	1044	37699	36655
ENST00000371065.9	57	11637	11580
ENST00000371068.11	69	73905	73836
ENST00000371069.5	203	106370	106167
ENST00000371070.8	97	188907	188810
ENST00000371072.8	78	87909	87831
ENST00000371075.7	359	1827	1468
ENST00000371076.7	244	40992	40748
ENST00000371077.10	428	64523	64095
ENST00000371079.6	401	407637	407236
ENST00000371080.5	396	369805	369409
ENST00000371081.5	11	8493	8482
ENST00000371083.4	368	38308	37940
ENST00000371084.8	78	67936	67858
ENST00000371085.8	306	20574	20268
ENST00000371088.5	2048	50862	48814
ENST00000371092.7	6037	82999	76962
ENST00000371095.7	425	20652	20227
ENST00000371097.8	116078	124235	8157
ENST00000371098.6	359	1827	1468
ENST00000371100.9	550	61208	60658
ENST00000371102.8	3	60620	60617
ENST00000371103.8	116776	124933	8157
ENST00000371106.4	235	31504	31269
ENST00000371109.3	372	39053	38681
ENST00000371110.6	1085	64201	63116
ENST00000371113.9	181	52687	52506
ENST00000371116.4	492	3358	2866
ENST00000371117.8	3785	481790	478005
ENST00000371118.1	18554	34511	15957
ENST00000371120.7	19652	81385	61733
ENST00000371121.5	659	80049	79390
ENST00000371122.8	1807	80003	78196
ENST00000371123.5	659	80014	79355
ENST00000371124.5	117	2371	2254
ENST00000371125.4	115	2695	2580
ENST00000371126.3	1837	4613	2776
ENST00000371129.4	47	8667	8620
ENST00000371130.7	4636	595994	591358
ENST00000371132.8	402	25587	25185
ENST00000371139.9	80	25205	25125
ENST00000371141.8	724	25971	25247
ENST00000371142.9	4156	70477	66321
ENST00000371144.7	60889	142516	81627
ENST00000371145.8	60922	142659	81737
ENST00000371146.5	3564	17021	13457
ENST00000371148.3	137	3291	3154
ENST00000371149.8	1692	57105	55413
ENST00000371150.5	736	35059	34323
ENST00000371153.9	2115	48375	46260
ENST00000371157.7	60910	142537	81627
ENST00000371158.6	20416	423816	403400
ENST00000371159.8	25	16479	16454
ENST00000371160.5	61314	142941	81627
ENST00000371168.4	63	10324	10261
ENST00000371172.8	2723	16092	13369
ENST00000371173.8	724	17722	16998
ENST00000371174.5	64	35303	35239
ENST00000371175.10	641	32854	32213
ENST00000371176.7	737	81442	80705
ENST00000371177.2	2647	28164	25517
ENST00000371180.7	2390	44686	42296
ENST00000371184.6	38	373696	373658
ENST00000371185.6	44	374020	373976
ENST00000371187.7	171	374239	374068
ENST00000371189.8	82	375105	375023
ENST00000371191.5	112	591643	591531
ENST00000371194.7	118	1580	1462
ENST00000371196.6	1385	29016	27631
ENST00000371197.9	12068	27847	15779
ENST00000371199.8	25610	48610	23000
ENST00000371201.3	282	83876	83594
ENST00000371204.4	346	34935	34589
ENST00000371205.5	77	111737	111660
ENST00000371207.8	63	112284	112221
ENST00000371208.5	169	60175	60006
ENST00000371209.5	135	11957	11822
ENST00000371210.1	304	209410	209106
ENST00000371211.7	35	43011	42976
ENST00000371212.5	11463	453870	442407
ENST00000371217.10	669	32305	31636
ENST00000371218.8	24569	467309	442740
ENST00000371219.2	430	16084	15654
ENST00000371220.5	0	34821	34821
ENST00000371221.3	820	49794	48974
ENST00000371222.4	1287	3271	1984
ENST00000371224.7	824	49804	48980
ENST00000371225.4	755	2691	1936
ENST00000371226.8	249	60139	59890
ENST00000371227.8	3291	133132	129841
ENST00000371228.2	0	14926	14926
ENST00000371230.1	247	220929	220682
ENST00000371231.5	3	282084	282081
ENST00000371232.8	0	276386	276386
ENST00000371236.7	15920	297904	281984
ENST00000371237.9	200	38502	38302
ENST00000371239.5	3	128484	128481
ENST00000371241.5	3	128107	128104
ENST00000371242.6	2816	27966	25150
ENST00000371243.2	569	9822	9253
ENST00000371244.9	74	64043	63969
ENST00000371245.7	37	128797	128760
ENST00000371246.6	3288	132783	129495
ENST00000371247.7	3289	133207	129918
ENST00000371248.3	0	21758	21758
ENST00000371249.6	3289	131787	128498
ENST00000371250.4	1793	85182	83389
ENST00000371253.7	2517	34069	31552
ENST00000371260.8	9	14648	14639
ENST00000371263.8	65	14829	14764
ENST00000371268.4	438	12099	11661
ENST00000371269.9	2609	39031	36422
ENST00000371270.6	359	34091	33732
ENST00000371273.4	54	37051	36997
ENST00000371274.8	998	17722	16724
ENST00000371276.9	1534	23151	21617
ENST00000371279.4	839	3687	2848
ENST00000371281.4	48	26800	26752
ENST00000371304.2	89	15400	15311
ENST00000371311.5	1292	3958	2666
ENST00000371313.2	282	2188	1906
ENST00000371315.3	533	8480	7947
ENST00000371316.3	82	88302	88220
ENST00000371317.10	136	8697	8561
ENST00000371319.8	1701	181641	179940
ENST00000371321.9	25	91691	91666
ENST00000371322.11	2906	39445	36539
ENST00000371323.3	2152	37319	35167
ENST00000371325.1	96	3700	3604
ENST00000371327.3	0	21075	21075
ENST00000371328.5	65	1834	1769
ENST00000371330.1	528	15270	14742
ENST00000371331.1	199	43046	42847
ENST00000371332.9	0	25863	25863
ENST00000371335.4	2663	33896	31233
ENST00000371337.3	161	8134	7973
ENST00000371341.5	187	12127	11940
ENST00000371344.5	477	12417	11940
ENST00000371347.10	218	24436	24218
ENST00000371348.5	490	12430	11940
ENST00000371352.5	2222	27788	25566
ENST00000371356.6	771	20008	19237
ENST00000371357.5	0	251030	251030
ENST00000371360.2	1687	11423	9736
ENST00000371361.3	954	31991	31037
ENST00000371362.7	246	9717	9471
ENST00000371363.5	119	251146	251027
ENST00000371368.5	5915	12742	6827
ENST00000371369.9	2223	53625	51402
ENST00000371370.8	5650	22863	17213
ENST00000371372.6	152	251184	251032
ENST00000371374.6	2408	236965	234557
ENST00000371375.2	0	241933	241933
ENST00000371376.1	525	10805	10280
ENST00000371377.3	353	16881	16528
ENST00000371378.6	219	24145	23926
ENST00000371380.8	37116	338021	300905
ENST00000371383.7	2144	10505	8361
ENST00000371384.4	32	7883	7851
ENST00000371385.8	55	241886	241831
ENST00000371388.5	138	6031	5893
ENST00000371394.6	36	98005	97969
ENST00000371399.5	8334	15489	7155
ENST00000371402.5	255	6148	5893
ENST00000371408.7	61	8603	8542
ENST00000371410.5	4551	24169	19618
ENST00000371413.4	0	40503	40503
ENST00000371418.9	209	41527	41318
ENST00000371419.7	14	11458	11444
ENST00000371421.9	32	10740	10708
ENST00000371422.5	7031	7664	633
ENST00000371425.8	7387	25174	17787
ENST00000371429.4	2495	74787	72292
ENST00000371431.8	7331	25297	17966
ENST00000371432.7	410	220475	220065
ENST00000371435.6	1384	116686	115302
ENST00000371436.10	0	220065	220065
ENST00000371437.5	80	4906	4826
ENST00000371438.5	358	220488	220130
ENST00000371442.4	110	2166	2056
ENST00000371443.6	203	1023	820
ENST00000371445.3	55	8282	8227
ENST00000371447.4	189	55430	55241
ENST00000371454.6	468	84053	83585
ENST00000371458.1	47	125089	125042
ENST00000371459.6	3093	539516	536423
ENST00000371460.5	1087	495157	494070
ENST00000371464.8	384	9932	9548
ENST00000371466.4	122	11845	11723
ENST00000371467.5	391	9939	9548
ENST00000371469.2	189	10418	10229
ENST00000371470.8	148	11981	11833
ENST00000371471.7	4676	18895	14219
ENST00000371472.6	1172	12446	11274
ENST00000371473.7	1824	13014	11190
ENST00000371474.7	1824	13030	11206
ENST00000371475.9	1827	13106	11279
ENST00000371477.4	118	61392	61274
ENST00000371481.9	56	22021	21965
ENST00000371483.8	56	22068	22012
ENST00000371485.8	3440	32922	29482
ENST00000371486.4	120	18737	18617
ENST00000371488.3	283	56928	56645
ENST00000371489.5	61	86329	86268
ENST00000371491.4	664	34991	34327
ENST00000371493.7	0	800	800
ENST00000371494.9	829	56935	56106
ENST00000371497.10	936	287302	286366
ENST00000371500.8	4623	21861	17238
ENST00000371504.1	19	6777	6758
ENST00000371505.5	1450	10590	9140
ENST00000371506.7	553	5397	4844
ENST00000371509.8	111	124909	124798
ENST00000371513.9	79	66911	66832
ENST00000371514.8	121	125050	124929
ENST00000371515.8	871	42389	41518
ENST00000371518.6	453	141209	140756
ENST00000371520.5	17860	25634	7774
ENST00000371521.8	83	12522	12439
ENST00000371522.9	613	26629	26016
ENST00000371523.8	549	22499	21950
ENST00000371528.2	124	52457	52333
ENST00000371531.5	851	5104	4253
ENST00000371532.5	18238	51683	33445
ENST00000371538.5	3274	14567	11293
ENST00000371539.7	222	19187	18965
ENST00000371542.3	99	2185	2086
ENST00000371543.5	49	51614	51565
ENST00000371544.7	663	107908	107245
ENST00000371546.8	6	30899	30893
ENST00000371550.8	6	30727	30721
ENST00000371552.8	26	226014	225988
ENST00000371553.8	333	31493	31160
ENST00000371554.2	764	7890	7126
ENST00000371555.8	6	30789	30783
ENST00000371558.7	149	9139	8990
ENST00000371559.8	6	30994	30988
ENST00000371560.5	1141	32191	31050
ENST00000371561.8	333	31164	30831
ENST00000371564.8	11727	158289	146562
ENST00000371566.1	353	31959	31606
ENST00000371568.8	355	31961	31606
ENST00000371571.5	386	8219	7833
ENST00000371579.7	105	5630	5525
ENST00000371581.9	2763	33024	30261
ENST00000371582.8	268	24507	24239
ENST00000371584.9	190	24453	24263
ENST00000371586.6	2929	16578	13649
ENST00000371587.9	64	1852	1788
ENST00000371588.10	265	24424	24159
ENST00000371589.9	15	23687	23672
ENST00000371591.2	90995	208264	117269
ENST00000371600.7	305	5150	4845
ENST00000371601.5	312	7492	7180
ENST00000371602.9	2492	18383	15891
ENST00000371605.7	698	28163	27465
ENST00000371608.8	23	82058	82035
ENST00000371610.7	207	20018	19811
ENST00000371614.2	597	2719	2122
ENST00000371620.4	22	1985	1963
ENST00000371621.5	145	73624	73479
ENST00000371625.8	75	3912	3837
ENST00000371626.9	805	35474	34669
ENST00000371627.5	265	68041	67776
ENST00000371628.8	163	45335	45172
ENST00000371632.7	0	1539	1539
ENST00000371633.8	55	3693	3638
ENST00000371634.7	78	2134	2056
ENST00000371642.1	37	34527	34490
ENST00000371646.10	1529	8655	7126
ENST00000371648.4	384	4181	3797
ENST00000371649.5	340	4557	4217
ENST00000371650.9	1324	30695	29371
ENST00000371652.9	6807	36187	29380
ENST00000371655.4	11974	69814	57840
ENST00000371656.3	1291	7845	6554
ENST00000371657.9	1647	32316	30669
ENST00000371658.3	4690	28938	24248
ENST00000371661.5	707	2430	1723
ENST00000371663.10	230	34727	34497
ENST00000371666.8	33	65515	65482
ENST00000371667.1	1152	29539	28387
ENST00000371671.9	254	26947	26693
ENST00000371674.8	1647	32441	30794
ENST00000371677.7	1647	34957	33310
ENST00000371681.8	95	52477	52382
ENST00000371688.8	115	3993	3878
ENST00000371691.5	1099	3915	2816
ENST00000371692.9	94	12487	12393
ENST00000371694.7	612	14947	14335
ENST00000371696.7	612	15042	14430
ENST00000371697.4	773	9879	9106
ENST00000371698.3	2491	7302	4811
ENST00000371699.5	9427	14238	4811
ENST00000371703.8	13	29495	29482
ENST00000371706.8	1657	43422	41765
ENST00000371708.1	175	7742	7567
ENST00000371711.4	3370	81900	78530
ENST00000371712.4	1059	12722	11663
ENST00000371713.6	7678	15245	7567
ENST00000371714.5	39932	212753	172821
ENST00000371717.8	11	14165	14154
ENST00000371719.2	8015	118142	110127
ENST00000371723.4	0	3917	3917
ENST00000371724.6	3514	11081	7567
ENST00000371725.7	840	9524	8684
ENST00000371728.8	3705	77883	74178
ENST00000371730.6	2440	167231	164791
ENST00000371731.6	3700	7622	3922
ENST00000371732.10	349	9718	9369
ENST00000371733.8	2440	167631	165191
ENST00000371734.7	172	9586	9414
ENST00000371738.4	2532	4762	2230
ENST00000371739.3	2578	4583	2005
ENST00000371740.10	3755	7787	4032
ENST00000371741.6	9109	121175	112066
ENST00000371744.5	0	22827	22827
ENST00000371746.9	1078	7989	6911
ENST00000371747.7	513	36204	35691
ENST00000371748.10	1078	9947	8869
ENST00000371750.9	190	35907	35717
ENST00000371752.5	1373	35683	34310
ENST00000371753.5	4982	45740	40758
ENST00000371754.8	971	41689	40718
ENST00000371755.9	3719	11286	7567
ENST00000371756.4	434	29398	28964
ENST00000371757.7	74	93647	93573
ENST00000371759.7	6	46132	46126
ENST00000371761.4	124	4524	4400
ENST00000371763.6	452	16363	15911
ENST00000371766.6	35	4565	4530
ENST00000371768.7	46	4245	4199
ENST00000371776.6	55	3705	3650
ENST00000371781.4	58	4236	4178
ENST00000371785.5	727	5030	4303
ENST00000371789.7	335	4943	4608
ENST00000371790.5	2768	33821	31053
ENST00000371791.5	335	4943	4608
ENST00000371792.5	1358	41981	40623
ENST00000371793.8	322	33956	33634
ENST00000371795.5	231	5521	5290
ENST00000371796.7	114	34283	34169
ENST00000371799.8	285	2293	2008
ENST00000371801.4	41	1066	1025
ENST00000371802.5	1358	42005	40647
ENST00000371804.4	90	12518	12428
ENST00000371806.4	6569	15608	9039
ENST00000371809.3	80	8099	8019
ENST00000371811.4	139	9109	8970
ENST00000371817.8	385	205945	205560
ENST00000371818.9	77	13596	13519
ENST00000371819.1	235	92575	92340
ENST00000371820.4	385	205945	205560
ENST00000371821.6	108	92490	92382
ENST00000371822.9	431	105365	104934
ENST00000371823.8	224	93342	93118
ENST00000371824.7	270	93346	93076
ENST00000371825.7	361	105536	105175
ENST00000371826.4	78	6740	6662
ENST00000371827.5	82	98356	98274
ENST00000371828.7	1540	42187	40647
ENST00000371833.4	370	50569	50199
ENST00000371834.6	539	19108	18569
ENST00000371835.8	2236	28207	25971
ENST00000371836.1	699	1206933	1206234
ENST00000371837.5	1262	200303	199041
ENST00000371838.5	276	1390539	1390263
ENST00000371839.6	1322	1492437	1491115
ENST00000371841.1	0	95724	95724
ENST00000371842.2	0	1266	1266
ENST00000371843.7	879	175574	174695
ENST00000371847.8	3343	178086	174743
ENST00000371848.3	0	58558	58558
ENST00000371850.8	2171	232988	230817
ENST00000371851.1	2171	232960	230789
ENST00000371852.4	848	2478	1630
ENST00000371856.7	1542	54581	53039
ENST00000371867.5	340	16426	16086
ENST00000371868.5	328	33845	33517
ENST00000371871.8	137	41926	41789
ENST00000371872.8	332	73347	73015
ENST00000371873.10	156	43630	43474
ENST00000371877.8	1000	64028	63028
ENST00000371878.5	1097	77515	76418
ENST00000371882.5	1098	49567	48469
ENST00000371884.6	3433	10588	7155
ENST00000371885.1	3	6299	6296
ENST00000371890.7	36	12597	12561
ENST00000371891.8	45	12898	12853
ENST00000371893.6	0	22108	22108
ENST00000371894.5	58	1507	1449
ENST00000371897.8	929	9290	8361
ENST00000371899.9	930	9476	8546
ENST00000371901.4	149	28017	27868
ENST00000371905.1	329	10356	10027
ENST00000371906.5	1537	3713	2176
ENST00000371910.1	465	4194	3729
ENST00000371911.7	120	8607	8487
ENST00000371916.5	6692	24291	17599
ENST00000371917.5	179	116801	116622
ENST00000371919.8	0	21209	21209
ENST00000371920.4	45	18021	17976
ENST00000371921.5	33	16719	16686
ENST00000371923.9	36	21289	21253
ENST00000371924.5	634	23444	22810
ENST00000371926.8	21464	44274	22810
ENST00000371927.7	21975	94949	72974
ENST00000371929.7	444	41429	40985
ENST00000371930.5	3048	32278	29230
ENST00000371933.8	3305	44402	41097
ENST00000371935.6	897	12529	11632
ENST00000371936.5	108	14425	14317
ENST00000371939.7	3926	21231	17305
ENST00000371940.1	1933	6241	4308
ENST00000371941.4	1636	208545	206909
ENST00000371942.8	894	13040	12146
ENST00000371945.10	1171	27145	25974
ENST00000371946.9	1160	27256	26096
ENST00000371947.7	1100	310264	309164
ENST00000371950.3	142855	323535	180680
ENST00000371951.5	142859	324704	181845
ENST00000371953.8	845	103044	102199
ENST00000371957.4	108	31074	30966
ENST00000371958.1	517	43857	43340
ENST00000371959.9	3693	51490	47797
ENST00000371962.5	58	46463	46405
ENST00000371964.5	43	5348	5305
ENST00000371968.8	775	41399	40624
ENST00000371970.2	19953	20617	664
ENST00000371974.8	158	5586	5428
ENST00000371975.9	643	32739	32096
ENST00000371979.7	101	7371	7270
ENST00000371980.4	93	17598	17505
ENST00000371984.8	590	11097	10507
ENST00000371989.8	2032	15306	13274
ENST00000371991.3	83	12726	12643
ENST00000371992.1	39	11360	11321
ENST00000371993.7	7939	117571	109632
ENST00000371994.8	41	48240	48199
ENST00000371996.9	23	49038	49015
ENST00000371997.3	120307	155697	35390
ENST00000371998.8	120361	155778	35417
ENST00000371999.5	371	3314	2943
ENST00000372003.6	6021	11159	5138
ENST00000372004.7	120346	155751	35405
ENST00000372006.5	3536	93185	89649
ENST00000372007.10	26913	125871	98958
ENST00000372008.6	3791	119513	115722
ENST00000372010.5	26744	125746	99002
ENST00000372013.8	63	2322	2259
ENST00000372014.5	395	3593	3198
ENST00000372017.4	99	4759	4660
ENST00000372022.6	3096	8434	5338
ENST00000372023.7	1550	141960	140410
ENST00000372025.5	2888	6460	3572
ENST00000372027.10	1206	24841	23635
ENST00000372034.8	642	4424	3782
ENST00000372036.4	155	2607	2452
ENST00000372037.8	119400	168682	49282
ENST00000372038.7	103	8811	8708
ENST00000372040.9	632	10499	9867
ENST00000372042.6	2378	119688	117310
ENST00000372043.7	767	10335	9568
ENST00000372044.7	3071	4040	969
ENST00000372045.5	2378	119646	117268
ENST00000372047.7	870	26122	25252
ENST00000372050.8	868	26156	25288
ENST00000372052.8	84	35328	35244
ENST00000372054.3	603	1009	406
ENST00000372055.9	0	15080	15080
ENST00000372056.8	0	31865	31865
ENST00000372057.1	2113	121916	119803
ENST00000372059.6	2151	122582	120431
ENST00000372062.8	230	35360	35130
ENST00000372064.9	0	14827	14827
ENST00000372066.8	79	31599	31520
ENST00000372067.8	494	15452	14958
ENST00000372068.7	661	171219	170558
ENST00000372070.7	11252	20377	9125
ENST00000372071.7	266	12686	12420
ENST00000372072.7	106452	171253	64801
ENST00000372073.5	680	171238	170558
ENST00000372075.2	536	31749	31213
ENST00000372077.8	465	14212	13747
ENST00000372079.1	281	8279	7998
ENST00000372080.8	22	12028	12006
ENST00000372084.5	960	115519	114559
ENST00000372086.4	960	115605	114645
ENST00000372088.8	42464	188807	146343
ENST00000372090.6	83	5051	4968
ENST00000372097.10	15	28526	28511
ENST00000372098.7	67	12634	12567
ENST00000372099.10	440	28328	27888
ENST00000372101.3	895	1745	850
ENST00000372102.3	1623	4241	2618
ENST00000372103.1	996	5906	4910
ENST00000372104.5	67	6811	6744
ENST00000372105.4	410	11784	11374
ENST00000372106.6	163	6263	6100
ENST00000372107.5	1450	6360	4910
ENST00000372108.9	8	28539	28531
ENST00000372110.7	67	12604	12537
ENST00000372113.7	1352	6596	5244
ENST00000372114.4	2391	5806	3415
ENST00000372115.7	67	12601	12534
ENST00000372116.5	392	16645	16253
ENST00000372117.6	0	14498	14498
ENST00000372121.5	0	26292	26292
ENST00000372122.4	7985	13337	5352
ENST00000372123.5	7968	13183	5215
ENST00000372126.4	51	11202	11151
ENST00000372129.4	2576	20164	17588
ENST00000372133.8	563	17159	16596
ENST00000372134.6	1992	13863	11871
ENST00000372136.7	5921	11244	5323
ENST00000372141.7	147	1112487	1112340
ENST00000372142.6	274	1109401	1109127
ENST00000372146.5	135	20939	20804
ENST00000372156.5	29932	59473	29541
ENST00000372157.6	50444	64262	13818
ENST00000372158.6	34924	64465	29541
ENST00000372159.8	1872	79155	77283
ENST00000372163.5	63	26733	26670
ENST00000372164.7	34904	64395	29491
ENST00000372165.8	53	26850	26797
ENST00000372168.7	955	7249	6294
ENST00000372171.5	36	5509	5473
ENST00000372172.5	947	11271	10324
ENST00000372176.5	1313	25029	23716
ENST00000372181.1	470	12780	12310
ENST00000372183.7	117	107868	107751
ENST00000372185.5	12007	24251	12244
ENST00000372187.9	6649	18959	12310
ENST00000372188.5	12639	24949	12310
ENST00000372189.7	2730	163851	161121
ENST00000372190.8	2725	136169	133444
ENST00000372192.4	480	24581	24101
ENST00000372195.5	2730	166318	163588
ENST00000372197.5	17685	22717	5032
ENST00000372198.5	38	22772	22734
ENST00000372199.5	17699	22731	5032
ENST00000372201.5	87	7221	7134
ENST00000372202.6	54	17021	16967
ENST00000372204.7	54	17021	16967
ENST00000372207.4	628	5530	4902
ENST00000372208.7	1375	7970	6595
ENST00000372209.3	24	3667	3643
ENST00000372210.7	1242	8170	6928
ENST00000372211.7	1242	8212	6970
ENST00000372213.8	1964	18779	16815
ENST00000372215.5	1242	8197	6955
ENST00000372216.8	1396	288792	287396
ENST00000372217.5	351	22763	22412
ENST00000372220.5	10338	21188	10850
ENST00000372224.9	96	29493	29397
ENST00000372226.1	6023	35657	29634
ENST00000372227.5	869	10064	9195
ENST00000372228.9	1430	22536	21106
ENST00000372230.10	4413	13608	9195
ENST00000372231.7	4967	23473	18506
ENST00000372232.8	49	63112	63063
ENST00000372235.7	97	20664	20567
ENST00000372236.9	6135	40498	34363
ENST00000372237.8	1315	21972	20657
ENST00000372242.7	1175	39751	38576
ENST00000372243.7	1175	39482	38307
ENST00000372244.3	1152	39384	38232
ENST00000372246.7	43	35166	35123
ENST00000372257.7	491	134958	134467
ENST00000372259.9	491	102457	101966
ENST00000372261.1	186	1751	1565
ENST00000372263.4	33	12464	12431
ENST00000372264.4	275	19372	19097
ENST00000372267.6	172	12665	12493
ENST00000372269.7	2749	13183	10434
ENST00000372270.6	10462	13387	2925
ENST00000372271.4	2747	18948	16201
ENST00000372273.7	0	12305	12305
ENST00000372274.5	8	12021	12013
ENST00000372275.5	18	11946	11928
ENST00000372276.7	28	10640	10612
ENST00000372277.7	54	12067	12013
ENST00000372281.8	35	12614	12579
ENST00000372285.8	30	11545	11515
ENST00000372289.7	283	8535	8252
ENST00000372290.4	0	4981	4981
ENST00000372291.3	0	3515	3515
ENST00000372292.8	115	10037	9922
ENST00000372295.5	202	7294	7092
ENST00000372296.5	526	7247	6721
ENST00000372297.6	16436	22232	5796
ENST00000372298.1	74	24848	24774
ENST00000372299.4	87	13096	13009
ENST00000372300.5	79	23995	23916
ENST00000372301.2	3183	9196	6013
ENST00000372302.5	88	24197	24109
ENST00000372306.7	49	34172	34123
ENST00000372307.7	112	20300	20188
ENST00000372309.7	154	24364	24210
ENST00000372310.8	1065	29680	28615
ENST00000372314.3	100	15200	15100
ENST00000372318.8	280	5471	5191
ENST00000372321.6	331	11530	11199
ENST00000372322.4	182	12519	12337
ENST00000372324.6	1951	12345	10394
ENST00000372325.7	1360	4371	3011
ENST00000372327.9	25	3036	3011
ENST00000372330.3	19	9565	9546
ENST00000372333.3	171	58811	58640
ENST00000372336.4	4023	63834	59811
ENST00000372337.6	391	26871	26480
ENST00000372338.9	1627	37543	35916
ENST00000372339.3	585	2278	1693
ENST00000372343.8	651	23598	22947
ENST00000372344.6	22	5089	5067
ENST00000372348.9	1277	176073	174796
ENST00000372351.7	6	10766	10760
ENST00000372352.7	12	10837	10825
ENST00000372354.3	298	2060	1762
ENST00000372358.10	12	10861	10849
ENST00000372359.10	1856	3618	1762
ENST00000372360.9	39	3827	3788
ENST00000372362.6	0	194395	194395
ENST00000372365.5	0	163552	163552
ENST00000372366.6	0	163550	163550
ENST00000372367.5	0	194513	194513
ENST00000372368.7	30	195114	195084
ENST00000372369.5	0	194979	194979
ENST00000372371.8	2332	58397	56065
ENST00000372372.7	28736	223919	195183
ENST00000372374.7	28727	223704	194977
ENST00000372382.8	522	8235	7713
ENST00000372383.9	1301	62795	61494
ENST00000372384.6	1298	62792	61494
ENST00000372390.8	1301	2909	1608
ENST00000372391.7	1652	141454	139802
ENST00000372393.7	7241	57252	50011
ENST00000372394.5	7267	57278	50011
ENST00000372396.4	3027	57389	54362
ENST00000372397.6	1301	3989	2688
ENST00000372398.6	260	54643	54383
ENST00000372403.9	3	763254	763251
ENST00000372406.5	507	83472	82965
ENST00000372407.4	0	26076	26076
ENST00000372408.7	220	763479	763259
ENST00000372409.8	4317	15166	10849
ENST00000372410.7	227	83106	82879
ENST00000372418.4	139	22388	22249
ENST00000372419.3	99	13070	12971
ENST00000372420.5	184	12448	12264
ENST00000372421.10	261	763467	763206
ENST00000372422.7	338	6016	5678
ENST00000372428.9	0	645	645
ENST00000372429.8	17098	47531	30433
ENST00000372430.9	252	3627	3375
ENST00000372431.8	322	14294	13972
ENST00000372432.5	271	3369	3098
ENST00000372433.5	275	3192	2917
ENST00000372434.5	87	3536	3449
ENST00000372435.10	119	22466	22347
ENST00000372437.6	55	763430	763375
ENST00000372440.6	17	763586	763569
ENST00000372441.2	273	3759	3486
ENST00000372443.6	705	764072	763367
ENST00000372444.6	21479	29963	8484
ENST00000372445.9	21479	29992	8513
ENST00000372447.7	874	8789	7915
ENST00000372449.6	21432	29945	8513
ENST00000372450.8	87	16971	16884
ENST00000372452.5	21429	29913	8484
ENST00000372453.8	6265	37320	31055
ENST00000372454.6	21433	25021	3588
ENST00000372455.4	319	3311	2992
ENST00000372457.9	1128	6644	5516
ENST00000372458.8	518	3038	2520
ENST00000372459.7	183	8487	8304
ENST00000372462.1	203	5600	5397
ENST00000372466.8	24361	52265	27904
ENST00000372469.6	221	57457	57236
ENST00000372470.9	31	16844	16813
ENST00000372476.8	90	25128	25038
ENST00000372478.5	125	9635	9510
ENST00000372479.7	392	52867	52475
ENST00000372480.1	6260	9683	3423
ENST00000372481.7	6499	9539	3040
ENST00000372483.9	6541	9964	3423
ENST00000372484.8	1072	9672	8600
ENST00000372485.5	190	5599	5409
ENST00000372486.5	23820	27243	3423
ENST00000372487.5	1337	55560	54223
ENST00000372488.8	190	5617	5427
ENST00000372491.4	1289	3711	2422
ENST00000372492.9	424	85586	85162
ENST00000372499.5	215	775112	774897
ENST00000372500.4	0	28298	28298
ENST00000372502.5	3086	6180	3094
ENST00000372503.2	104	3086	2982
ENST00000372504.5	4050	6089	2039
ENST00000372506.5	4331	6033	1702
ENST00000372507.5	4333	6035	1702
ENST00000372508.7	4350	6052	1702
ENST00000372514.7	4889	19084	14195
ENST00000372515.8	5947	15355	9408
ENST00000372517.8	13327	27522	14195
ENST00000372518.5	127	3210	3083
ENST00000372519.4	29	1778	1749
ENST00000372521.9	365	9688	9323
ENST00000372522.5	365	9688	9323
ENST00000372523.1	1366	4274	2908
ENST00000372524.5	922	5525	4603
ENST00000372525.7	63	8734	8671
ENST00000372526.2	0	8334	8334
ENST00000372530.9	438	27002	26564
ENST00000372538.8	435	3066	2631
ENST00000372539.3	876	5697	4821
ENST00000372541.1	71	6961	6890
ENST00000372542.5	312	8504	8192
ENST00000372544.6	151	68586	68435
ENST00000372546.9	21	8599	8578
ENST00000372548.9	103	68828	68725
ENST00000372550.6	112	9603	9491
ENST00000372552.1	3697	7871	4174
ENST00000372554.8	648	21314	20666
ENST00000372555.8	137	4508	4371
ENST00000372556.3	5	3207	3202
ENST00000372557.1	137	2008	1871
ENST00000372559.5	653	21294	20641
ENST00000372560.3	27	1475	1448
ENST00000372561.4	23	4310	4287
ENST00000372562.1	1141	4218	3077
ENST00000372563.2	1068	5864	4796
ENST00000372564.8	1651	22292	20641
ENST00000372565.8	410	26755	26345
ENST00000372568.4	447	4173	3726
ENST00000372569.8	345	3924	3579
ENST00000372571.5	3174	12789	9615
ENST00000372572.5	3174	136408	133234
ENST00000372573.5	3174	136408	133234
ENST00000372574.7	0	7524	7524
ENST00000372577.2	21	64179	64158
ENST00000372581.2	41	2516	2475
ENST00000372582.6	92715	1203507	1110792
ENST00000372583.6	4089	85644	81555
ENST00000372584.5	4089	85641	81552
ENST00000372585.10	99	8095	7996
ENST00000372586.4	160	3386	3226
ENST00000372587.5	637	6355	5718
ENST00000372588.4	193	6025	5832
ENST00000372589.7	95	8086	7991
ENST00000372592.8	1342	21590	20248
ENST00000372595.5	995	117660	116665
ENST00000372596.5	995	117595	116600
ENST00000372597.5	995	134290	133295
ENST00000372599.7	24969	36600	11631
ENST00000372600.9	25032	36663	11631
ENST00000372611.5	512	6103	5591
ENST00000372613.6	512	6137	5625
ENST00000372616.1	130	28837	28707
ENST00000372622.8	51	20212	20161
ENST00000372624.3	918	1870	952
ENST00000372625.8	942	1894	952
ENST00000372626.7	1213	2165	952
ENST00000372627.10	1102	2300	1198
ENST00000372628.5	1614	2812	1198
ENST00000372629.4	239	12158	11919
ENST00000372630.2	218	16041	15823
ENST00000372632.6	218	16169	15951
ENST00000372633.1	176	1836	1660
ENST00000372634.1	606	1210	604
ENST00000372635.1	1085	1749	664
ENST00000372638.4	522	1624	1102
ENST00000372642.5	185	4995	4810
ENST00000372643.4	75	1511	1436
ENST00000372645.3	1097	1761	664
ENST00000372647.6	2126	49684	47558
ENST00000372648.10	101	21811	21710
ENST00000372651.5	29301	62278	32977
ENST00000372652.5	29487	62776	33289
ENST00000372653.5	46831	79706	32875
ENST00000372654.5	47006	79983	32977
ENST00000372656.5	1196	1818	622
ENST00000372661.6	1179	1801	622
ENST00000372663.9	311	4016	3705
ENST00000372666.1	1175	1773	598
ENST00000372667.9	314	4061	3747
ENST00000372669.8	46554	75328	28774
ENST00000372670.8	274	5466	5192
ENST00000372674.5	91	857	766
ENST00000372676.8	29	10706	10677
ENST00000372677.8	247	1013	766
ENST00000372680.2	255	1489	1234
ENST00000372683.1	306	16629	16323
ENST00000372684.8	5840	22163	16323
ENST00000372685.8	634	1334	700
ENST00000372686.6	12	5476	5464
ENST00000372687.4	38820	65516	26696
ENST00000372688.9	45	5463	5418
ENST00000372689.9	20	11208	11188
ENST00000372691.3	1030	1748	718
ENST00000372692.8	241	11868	11627
ENST00000372695.6	1046	1764	718
ENST00000372696.3	1504	13062	11558
ENST00000372697.7	1504	13205	11701
ENST00000372699.8	1530	16950	15420
ENST00000372700.8	247	15465	15218
ENST00000372702.7	11238	15284	4046
ENST00000372703.1	5798	8034	2236
ENST00000372705.3	1732	19999	18267
ENST00000372706.6	2072	20339	18267
ENST00000372708.5	48	48637	48589
ENST00000372710.5	179	2328	2149
ENST00000372711.2	15800	209639	193839
ENST00000372712.6	1261	3410	2149
ENST00000372714.6	16296	209808	193512
ENST00000372715.7	94	24672	24578
ENST00000372717.5	1880	2743	863
ENST00000372718.8	394	49648	49254
ENST00000372720.7	231	4689	4458
ENST00000372722.7	2397	3260	863
ENST00000372723.7	2411	4560	2149
ENST00000372724.6	16409	210248	193839
ENST00000372725.6	17359	210871	193512
ENST00000372726.5	1353	6544	5191
ENST00000372727.5	1595	5640	4045
ENST00000372728.4	249	997	748
ENST00000372731.8	14183	88134	73951
ENST00000372733.3	1979	23685	21706
ENST00000372734.5	110	532703	532593
ENST00000372735.1	2902	6182	3280
ENST00000372736.3	0	5771	5771
ENST00000372739.7	14154	88119	73965
ENST00000372741.7	72	11358	11286
ENST00000372742.1	1005	4351	3346
ENST00000372743.5	72	11641	11569
ENST00000372745.1	849	16661	15812
ENST00000372748.8	696	18743	18047
ENST00000372754.5	325	13993	13668
ENST00000372755.7	94	123229	123135
ENST00000372756.6	320	13866	13546
ENST00000372759.4	36	35845	35809
ENST00000372764.4	424	6713	6289
ENST00000372765.5	730	61702	60972
ENST00000372766.4	57	4198	4141
ENST00000372769.4	17	3749	3732
ENST00000372770.4	75	36943	36868
ENST00000372771.5	13	84791	84778
ENST00000372773.2	23	1216	1193
ENST00000372774.8	257	1450	1193
ENST00000372779.9	12024	16954	4930
ENST00000372780.6	1152	2512	1360
ENST00000372781.4	21	3034	3013
ENST00000372782.4	1223	38251	37028
ENST00000372785.3	424	1352	928
ENST00000372789.6	549	5985	5436
ENST00000372791.8	470	39690	39220
ENST00000372792.7	18618	32214	13596
ENST00000372797.7	19114	32710	13596
ENST00000372798.5	18595	32188	13593
ENST00000372801.5	47	88019	87972
ENST00000372802.5	19107	32700	13593
ENST00000372805.8	18618	32214	13596
ENST00000372806.8	57	110111	110054
ENST00000372807.10	4401	46547	42146
ENST00000372808.4	14	3828	3814
ENST00000372809.5	143	16030	15887
ENST00000372811.10	148	15996	15848
ENST00000372813.4	982	19123	18141
ENST00000372814.7	35	40758	40723
ENST00000372815.1	1205	2982	1777
ENST00000372816.3	1947	7096	5149
ENST00000372818.5	696	43753	43057
ENST00000372822.2	0	4118	4118
ENST00000372826.6	0	25723	25723
ENST00000372827.8	3240	32502	29262
ENST00000372829.8	2384	5100	2716
ENST00000372830.5	0	24652	24652
ENST00000372833.6	28	1487	1459
ENST00000372835.9	0	15194	15194
ENST00000372836.5	91	10136	10045
ENST00000372837.3	29	731	702
ENST00000372838.9	21	16818	16797
ENST00000372839.7	15823	21457	5634
ENST00000372841.8	58	4879	4821
ENST00000372842.5	11139	25676	14537
ENST00000372844.8	3891	6525	2634
ENST00000372847.1	10	16672	16662
ENST00000372849.8	28	1272	1244
ENST00000372850.5	20	16723	16703
ENST00000372851.8	4329	59264	54935
ENST00000372852.4	3075	17169	14094
ENST00000372853.9	7	18655	18648
ENST00000372856.7	885	17014	16129
ENST00000372857.7	885	17052	16167
ENST00000372858.8	885	17100	16215
ENST00000372861.5	46	5958	5912
ENST00000372862.7	885	16966	16081
ENST00000372865.4	508	13223	12715
ENST00000372868.6	547	13206	12659
ENST00000372870.5	117	20547	20430
ENST00000372873.8	1840	8383	6543
ENST00000372874.9	315	33162	32847
ENST00000372875.3	7	3529	3522
ENST00000372876.2	538	2612	2074
ENST00000372879.8	127	10177	10050
ENST00000372886.6	31978	36008	4030
ENST00000372887.5	82641	92247	9606
ENST00000372889.5	82648	86678	4030
ENST00000372890.6	4394	18234	13840
ENST00000372891.7	82772	86802	4030
ENST00000372892.7	82772	86802	4030
ENST00000372894.7	82772	86802	4030
ENST00000372898.6	0	13702	13702
ENST00000372899.6	291	132359	132068
ENST00000372901.2	291	132359	132068
ENST00000372902.4	841	3292	2451
ENST00000372903.6	258	56746	56488
ENST00000372904.7	4112	14672	10560
ENST00000372906.2	4096	13835	9739
ENST00000372907.7	943	26165	25222
ENST00000372912.1	127	5229	5102
ENST00000372915.8	87	423718	423631
ENST00000372916.8	11653	24044	12391
ENST00000372917.9	40951	41729	778
ENST00000372919.8	653	26862	26209
ENST00000372920.1	103	5220	5117
ENST00000372921.10	997	27141	26144
ENST00000372922.8	3123	47951	44828
ENST00000372923.8	92	53902	53810
ENST00000372925.6	0	198706	198706
ENST00000372926.5	634	41876	41242
ENST00000372927.5	634	64775	64141
ENST00000372930.5	124	16573	16449
ENST00000372935.5	1042	34247	33205
ENST00000372936.4	1234	34439	33205
ENST00000372938.10	135	27470	27335
ENST00000372939.5	1234	34305	33071
ENST00000372940.3	358	3838	3480
ENST00000372945.8	2006	4041	2035
ENST00000372948.7	129	27295	27166
ENST00000372950.6	1449	6010	4561
ENST00000372952.7	2	11361	11359
ENST00000372953.8	0	4367	4367
ENST00000372954.5	135	27230	27095
ENST00000372955.7	0	58848	58848
ENST00000372956.3	896	16203	15307
ENST00000372958.2	250	6635	6385
ENST00000372960.8	631	32384	31753
ENST00000372963.4	94	8179	8085
ENST00000372964.5	15	31376	31361
ENST00000372966.8	631	32494	31863
ENST00000372967.3	2407	8491	6084
ENST00000372969.8	2375	8459	6084
ENST00000372970.6	559	11334	10775
ENST00000372972.7	26	19685	19659
ENST00000372977.8	18	27939	27921
ENST00000372978.7	29	7550	7521
ENST00000372979.9	918	32188	31270
ENST00000372980.4	8209	82198	73989
ENST00000372981.1	3613	18379	14766
ENST00000372982.8	20	27694	27674
ENST00000372984.8	93	13195	13102
ENST00000372987.8	987	6764	5777
ENST00000372988.8	987	6213	5226
ENST00000372989.6	1540	29543	28003
ENST00000372990.6	700	34307	33607
ENST00000372991.9	991	7568	6577
ENST00000372994.2	143	3594	3451
ENST00000372996.2	0	4821	4821
ENST00000372997.3	3836	16955	13119
ENST00000372998.1	8	4191	4183
ENST00000372999.5	57227	153900	96673
ENST00000373001.4	1358	22638	21280
ENST00000373003.2	87	973	886
ENST00000373004.5	2124	28170	26046
ENST00000373005.2	87	897	810
ENST00000373006.5	1035	11254	10219
ENST00000373008.7	1008	69254	68246
ENST00000373010.5	196	12235	12039
ENST00000373012.5	1562	4266	2704
ENST00000373014.5	69	11642	11573
ENST00000373016.4	638	3477	2839
ENST00000373017.5	455	4633	4178
ENST00000373018.7	446	8282	7836
ENST00000373019.5	1214	34476	33262
ENST00000373020.9	3693	10314	6621
ENST00000373021.1	2951	18722	15771
ENST00000373024.8	1621	88327	86706
ENST00000373025.7	144	11778	11634
ENST00000373026.5	250	87196	86946
ENST00000373027.5	1621	73244	71623
ENST00000373030.8	3762	57341	53579
ENST00000373031.5	83	15722	15639
ENST00000373032.4	858	20504	19646
ENST00000373033.6	624	8655	8031
ENST00000373034.8	4636	120391	115755
ENST00000373036.5	5565	50333	44768
ENST00000373039.4	3709	57288	53579
ENST00000373040.4	403	1967	1564
ENST00000373042.5	615	1607	992
ENST00000373043.1	1706	2230	524
ENST00000373044.3	983	6067	5084
ENST00000373045.11	336	7720	7384
ENST00000373048.9	2399	52097	49698
ENST00000373049.8	347	788289	787942
ENST00000373050.8	273	15647	15374
ENST00000373051.6	1682	17238	15556
ENST00000373053.8	9	194721	194712
ENST00000373055.6	175	16677	16502
ENST00000373057.7	19113	54303	35190
ENST00000373062.8	42	31183	31141
ENST00000373063.7	19335	54492	35157
ENST00000373064.9	263	10534	10271
ENST00000373066.9	407	17469	17062
ENST00000373068.6	119	40739	40620
ENST00000373069.10	88	40743	40655
ENST00000373073.8	10	21554	21544
ENST00000373074.5	791	20752	19961
ENST00000373075.6	1527	22766	21239
ENST00000373077.5	7469	25352	17883
ENST00000373078.5	2198	6847	4649
ENST00000373079.4	857	3891	3034
ENST00000373083.8	222	15813	15591
ENST00000373084.8	2314	8240	5926
ENST00000373086.3	26	15653	15627
ENST00000373087.7	917	10820	9903
ENST00000373088.5	0	787357	787357
ENST00000373089.10	269	16076	15807
ENST00000373091.8	6327	241322	234995
ENST00000373093.4	318	232091	231773
ENST00000373094.5	845	788311	787466
ENST00000373095.6	2613	40696	38083
ENST00000373097.5	845	788282	787437
ENST00000373100.7	7469	27075	19606
ENST00000373103.5	317	16027	15710
ENST00000373104.5	56	15786	15730
ENST00000373105.1	1475	2781	1306
ENST00000373106.6	317	15946	15629
ENST00000373109.7	3729	30555	26826
ENST00000373110.4	325	2173	1848
ENST00000373111.5	6180	7984	1804
ENST00000373113.8	259	5259	5000
ENST00000373114.4	80	153726	153646
ENST00000373115.5	41448	45508	4060
ENST00000373116.6	73	9320	9247
ENST00000373119.9	92	150872	150780
ENST00000373122.8	417	5238	4821
ENST00000373125.9	170	685486	685316
ENST00000373127.8	548	5538	4990
ENST00000373129.7	2134	23003	20869
ENST00000373130.7	2134	23018	20884
ENST00000373131.5	163	681011	680848
ENST00000373132.4	2130	22999	20869
ENST00000373134.5	19	28590	28571
ENST00000373135.8	24	28901	28877
ENST00000373141.5	1280	11826	10546
ENST00000373142.5	1153	13775	12622
ENST00000373144.7	1280	11826	10546
ENST00000373145.3	67	99109	99042
ENST00000373146.6	1281	13653	12372
ENST00000373150.8	220	26463	26243
ENST00000373151.6	216	26559	26343
ENST00000373154.6	635	5100	4465
ENST00000373156.5	12	7194	7182
ENST00000373157.9	27967	146187	118220
ENST00000373158.6	415	1613	1198
ENST00000373159.1	223	11832	11609
ENST00000373161.6	519	2174	1655
ENST00000373162.5	152	3414	3262
ENST00000373163.5	261	3523	3262
ENST00000373164.1	5	8249	8244
ENST00000373165.7	3541	30069	26528
ENST00000373166.8	634	13341	12707
ENST00000373173.7	36	84593	84557
ENST00000373177.3	4014	159580	155566
ENST00000373178.5	13	5574	5561
ENST00000373181.8	4683	27091	22408
ENST00000373184.5	8130	1121303	1113173
ENST00000373187.6	8126	1121269	1113143
ENST00000373188.6	3991	30503	26512
ENST00000373189.6	51	44765	44714
ENST00000373190.5	8130	1121270	1113140
ENST00000373191.9	322	127198	126876
ENST00000373192.4	59	89133	89074
ENST00000373193.7	8108	1121316	1113208
ENST00000373195.7	1039	22104	21065
ENST00000373198.8	8130	1121329	1113199
ENST00000373201.5	8130	1121244	1113114
ENST00000373202.8	906	63074	62168
ENST00000373203.9	669	41298	40629
ENST00000373204.6	213	38947	38734
ENST00000373206.5	22765	52125	29360
ENST00000373207.2	297	91991	91694
ENST00000373208.5	0	91703	91703
ENST00000373209.2	708	5217	4509
ENST00000373210.4	401	48151	47750
ENST00000373212.6	99	95460	95361
ENST00000373218.5	257	17956	17699
ENST00000373220.7	94	37266	37172
ENST00000373222.3	1319	68452	67133
ENST00000373224.5	2384	78108	75724
ENST00000373225.7	1089	11990	10901
ENST00000373227.8	3	8319	8316
ENST00000373228.5	14	8294	8280
ENST00000373229.9	307	8763	8456
ENST00000373230.7	752	24209	23457
ENST00000373231.9	429	16310	15881
ENST00000373232.8	323	31348	31025
ENST00000373233.8	2513	157363	154850
ENST00000373235.4	264	22678	22414
ENST00000373236.1	74	4599	4525
ENST00000373237.4	3729	42488	38759
ENST00000373238.5	2275	12299	10024
ENST00000373239.2	0	420	420
ENST00000373241.9	5190	15214	10024
ENST00000373242.6	5190	15214	10024
ENST00000373243.7	392	10041	9649
ENST00000373247.7	43	12465	12422
ENST00000373248.5	15958	26972	11014
ENST00000373249.6	7440	11212	3772
ENST00000373250.7	0	7042	7042
ENST00000373253.7	1652	10317	8665
ENST00000373255.9	22813	59942	37129
ENST00000373256.5	60	38665	38605
ENST00000373257.8	4983	20576	15593
ENST00000373261.5	0	576	576
ENST00000373264.5	115	4615	4500
ENST00000373271.5	405	41107	40702
ENST00000373275.5	7109	145333	138224
ENST00000373276.7	431	31258	30827
ENST00000373277.8	432	35010	34578
ENST00000373278.8	6249	18600	12351
ENST00000373279.6	1497	3170	1673
ENST00000373281.8	1694	4501	2807
ENST00000373284.10	513	4704	4191
ENST00000373287.8	16811	111134	94323
ENST00000373289.4	67	17928	17861
ENST00000373290.7	130	56384	56254
ENST00000373292.8	380	36463	36083
ENST00000373294.8	28	10418	10390
ENST00000373295.7	44	8465	8421
ENST00000373296.8	7517	17907	10390
ENST00000373298.7	708	7614	6906
ENST00000373299.5	127	80340	80213
ENST00000373302.8	127	73987	73860
ENST00000373304.4	1268	3288	2020
ENST00000373306.5	926	13609	12683
ENST00000373307.5	926	5678	4752
ENST00000373312.4	1505	65755	64250
ENST00000373313.3	2034	3970	1936
ENST00000373314.7	1509	75783	74274
ENST00000373316.5	93	22819	22726
ENST00000373318.6	190	80060	79870
ENST00000373322.1	2273	52786	50513
ENST00000373323.8	24	78191	78167
ENST00000373324.8	3023	53456	50433
ENST00000373325.6	69	78257	78188
ENST00000373327.5	145	80454	80309
ENST00000373330.1	14597	39282	24685
ENST00000373331.2	30202	114505	84303
ENST00000373333.1	758	12633	11875
ENST00000373335.4	3223	5996	2773
ENST00000373336.3	530	27700	27170
ENST00000373337.4	567	4384	3817
ENST00000373344.11	3474	288562	285088
ENST00000373345.9	134	50046	49912
ENST00000373347.6	650	42874	42224
ENST00000373348.4	56	4467	4411
ENST00000373352.5	6500	10657	4157
ENST00000373357.3	99	5665	5566
ENST00000373358.8	77	5536	5459
ENST00000373359.4	496	3632	3136
ENST00000373360.7	0	11187	11187
ENST00000373362.3	2485	4103	1618
ENST00000373365.5	1373	27675	26302
ENST00000373366.3	3549	5167	1618
ENST00000373367.8	10728	155597	144869
ENST00000373368.5	108	19957	19849
ENST00000373371.8	62	11498	11436
ENST00000373373.8	128	17729	17601
ENST00000373374.7	30592	53093	22501
ENST00000373379.5	165	27732	27567
ENST00000373381.9	5523	661922	656399
ENST00000373382.5	766	48726	47960
ENST00000373383.9	170	30343	30173
ENST00000373386.6	9	126433	126424
ENST00000373387.9	104	131488	131384
ENST00000373388.7	5512	662196	656684
ENST00000373389.5	0	212816	212816
ENST00000373391.6	148	333198	333050
ENST00000373394.8	2325	107464	105139
ENST00000373403.7	0	19300	19300
ENST00000373408.4	251	17212	16961
ENST00000373409.8	85	55417	55332
ENST00000373413.2	6638	20364	13726
ENST00000373414.4	85	61246	61161
ENST00000373417.1	1593	7058	5465
ENST00000373418.7	1242	11579	10337
ENST00000373422.8	1245	54393	53148
ENST00000373424.5	2199	81739	79540
ENST00000373425.8	1594	22858	21264
ENST00000373426.4	37	92240	92203
ENST00000373428.5	0	29720	29720
ENST00000373433.9	202	57097	56895
ENST00000373434.5	65	256343	256278
ENST00000373436.5	47439	263954	216515
ENST00000373441.1	0	39360	39360
ENST00000373443.7	1083	40383	39300
ENST00000373445.1	21	134374	134353
ENST00000373447.8	438	34055	33617
ENST00000373448.6	452	34069	33617
ENST00000373449.7	2846	29531	26685
ENST00000373450.5	75	156508	156433
ENST00000373451.9	2409	49403	46994
ENST00000373456.11	364	30427	30063
ENST00000373457.1	1101	3901	2800
ENST00000373459.4	240	41538	41298
ENST00000373461.9	224	41731	41507
ENST00000373463.8	213	7303	7090
ENST00000373464.5	27470	30270	2800
ENST00000373467.4	2408	7944	5536
ENST00000373469.1	78	95661	95583
ENST00000373471.9	2029	9108	7079
ENST00000373473.5	2000	128481	126481
ENST00000373474.9	522	83718	83196
ENST00000373475.10	8447	39601	31154
ENST00000373476.5	8658	39812	31154
ENST00000373477.9	745	43576	42831
ENST00000373479.9	182	38219	38037
ENST00000373480.1	103	10315	10212
ENST00000373481.7	69	21994	21925
ENST00000373482.6	0	182481	182481
ENST00000373484.4	300	22593	22293
ENST00000373485.5	73	30527	30454
ENST00000373487.8	80	219901	219821
ENST00000373489.10	81	219840	219759
ENST00000373491.3	146	74899	74753
ENST00000373492.6	0	182481	182481
ENST00000373493.10	99	29757	29658
ENST00000373496.3	0	15298	15298
ENST00000373498.5	1496	236735	235239
ENST00000373501.6	35	13272	13237
ENST00000373502.10	88	118471	118383
ENST00000373503.7	1496	149237	147741
ENST00000373504.10	85	118409	118324
ENST00000373506.8	261	29399	29138
ENST00000373509.6	424	4869	4445
ENST00000373510.9	53505	62309	8804
ENST00000373511.6	1497	236596	235099
ENST00000373514.3	201	8378	8177
ENST00000373517.4	814	3572	2758
ENST00000373519.1	1511	2709	1198
ENST00000373520.8	15904	26569	10665
ENST00000373521.4	704	1902	1198
ENST00000373525.9	156	43944	43788
ENST00000373532.7	94	3900	3806
ENST00000373533.5	2168	5781	3613
ENST00000373534.4	163	2516	2353
ENST00000373535.6	163	8262	8099
ENST00000373537.7	1497	2017	520
ENST00000373538.8	2472	34544	32072
ENST00000373539.3	378	136940	136562
ENST00000373542.9	2191	138703	136512
ENST00000373544.5	2469	20477	18008
ENST00000373545.7	2191	138577	136386
ENST00000373547.9	3103	44053	40950
ENST00000373548.8	87	42390	42303
ENST00000373549.8	22	192517	192495
ENST00000373552.8	277	50625	50348
ENST00000373554.6	306	5613	5307
ENST00000373555.9	2258	62716	60458
ENST00000373556.8	178	5648	5470
ENST00000373557.6	77	3155	3078
ENST00000373558.2	4	20840	20836
ENST00000373559.8	164	98638	98474
ENST00000373560.7	292	98817	98525
ENST00000373562.7	215	1897	1682
ENST00000373563.9	37867	163396	125529
ENST00000373567.6	486	21305	20819
ENST00000373568.7	293	222702	222409
ENST00000373570.8	592	4316	3724
ENST00000373571.6	1294	106816	105522
ENST00000373573.9	541	244365	243824
ENST00000373574.2	72	5100	5028
ENST00000373578.7	38014	58833	20819
ENST00000373580.8	138	35224	35086
ENST00000373582.4	200	1863	1663
ENST00000373583.6	541	244288	243747
ENST00000373584.7	284	250113	249829
ENST00000373585.8	70	47508	47438
ENST00000373586.2	37	9746	9709
ENST00000373587.3	33	18988	18955
ENST00000373588.9	1525	23536	22011
ENST00000373589.9	497	244050	243553
ENST00000373593.5	850	6661	5811
ENST00000373596.5	40492	66588	26096
ENST00000373600.7	34978	94012	59034
ENST00000373602.10	1341	5245	3904
ENST00000373603.5	44359	94268	49909
ENST00000373605.7	4368	19769	15401
ENST00000373606.8	11609	27010	15401
ENST00000373608.7	2123	21980	19857
ENST00000373609.1	281	16755	16474
ENST00000373610.8	671	17145	16474
ENST00000373614.7	130	6123	5993
ENST00000373615.9	581	22149	21568
ENST00000373616.9	765	19136	18371
ENST00000373618.1	1312	467101	465789
ENST00000373619.7	79	1799	1720
ENST00000373620.7	1714	531462	529748
ENST00000373622.9	196	63979	63783
ENST00000373624.6	1781	553256	551475
ENST00000373625.8	75	64429	64354
ENST00000373627.10	765	19187	18422
ENST00000373631.8	64	24704	24640
ENST00000373632.8	39	31872	31833
ENST00000373635.9	132	116558	116426
ENST00000373640.5	43	10377	10334
ENST00000373644.5	12002	137871	125869
ENST00000373645.3	81	13618	13537
ENST00000373647.9	16040	165372	149332
ENST00000373652.7	10582	89046	78464
ENST00000373654.1	512	3156	2644
ENST00000373655.6	306	34825	34519
ENST00000373656.4	3046	5690	2644
ENST00000373657.2	360	7120	6760
ENST00000373658.8	306	34828	34522
ENST00000373659.4	2745	5287	2542
ENST00000373662.4	433	5321	4888
ENST00000373664.8	2413	102761	100348
ENST00000373666.6	636	42429	41793
ENST00000373667.4	0	9056	9056
ENST00000373668.7	228	25821	25593
ENST00000373669.8	29	16155	16126
ENST00000373670.5	5074	56506	51432
ENST00000373671.7	50	83674	83624
ENST00000373672.8	391	54672	54281
ENST00000373673.5	627	1537	910
ENST00000373674.4	23	10586	10563
ENST00000373675.4	11878	59071	47193
ENST00000373680.3	0	1918	1918
ENST00000373684.1	0	2080	2080
ENST00000373685.1	13581	38608	25027
ENST00000373686.1	0	2158	2158
ENST00000373688.3	100	1994	1894
ENST00000373691.4	452	2940	2488
ENST00000373693.4	449	3632	3183
ENST00000373695.1	537	34755	34218
ENST00000373696.8	2385	36603	34218
ENST00000373698.7	3227	18681	15454
ENST00000373699.6	987	20437	19450
ENST00000373700.9	1029	154327	153298
ENST00000373701.7	177	43754	43577
ENST00000373703.5	750	15845	15095
ENST00000373705.1	0	14482	14482
ENST00000373706.9	153	9205	9052
ENST00000373709.8	53	22338	22285
ENST00000373710.5	273	26012	25739
ENST00000373711.3	5381	7566	2185
ENST00000373713.7	636	8156	7520
ENST00000373714.5	13091	67898	54807
ENST00000373715.11	2401	8111	5710
ENST00000373719.8	196	43803	43607
ENST00000373720.3	365	9992	9627
ENST00000373723.9	5997	58294	52297
ENST00000373729.5	6120	58358	52238
ENST00000373731.7	27098	45422	18324
ENST00000373734.8	996	20401	19405
ENST00000373736.7	1961	60416	58455
ENST00000373737.8	454	22132	21678
ENST00000373738.4	453	22197	21744
ENST00000373740.7	996	20505	19509
ENST00000373741.8	364	136585	136221
ENST00000373742.6	134	136066	135932
ENST00000373747.7	1708	131606	129898
ENST00000373750.9	996	20721	19725
ENST00000373754.6	2125	25934	23809
ENST00000373755.6	2186	25980	23794
ENST00000373758.5	145	100222	100077
ENST00000373759.1	723	8567	7844
ENST00000373760.6	599	18005	17406
ENST00000373764.8	65	40498	40433
ENST00000373765.5	2308	13754	11446
ENST00000373766.9	99	9238	9139
ENST00000373768.4	186	16131	15945
ENST00000373773.7	1148	55459	54311
ENST00000373775.8	0	123228	123228
ENST00000373776.5	210	105578	105368
ENST00000373778.5	167574	271198	103624
ENST00000373779.8	123	93414	93291
ENST00000373783.3	340	1958	1618
ENST00000373789.8	4825	77339	72514
ENST00000373790.9	111	103297	103186
ENST00000373791.7	1152	24642	23490
ENST00000373793.3	799	13176	12377
ENST00000373795.7	670	35485	34815
ENST00000373797.2	72864	152748	79884
ENST00000373798.5	93697	224626	130929
ENST00000373800.7	106365	230419	124054
ENST00000373803.6	1757	71117	69360
ENST00000373806.1	0	398	398
ENST00000373808.8	32043	66749	34706
ENST00000373809.2	13	14533	14520
ENST00000373812.8	181	33741	33560
ENST00000373815.5	0	33635	33635
ENST00000373816.6	14829	47666	32837
ENST00000373818.8	69	35136	35067
ENST00000373820.5	13826	55185	41359
ENST00000373823.7	94172	126977	32805
ENST00000373824.9	692	19709	19017
ENST00000373825.7	2341	90039	87698
ENST00000373826.3	1600	2228	628
ENST00000373827.6	14293	710458	696165
ENST00000373829.8	57	4469	4412
ENST00000373830.4	26	25400	25374
ENST00000373831.7	11610	21093	9483
ENST00000373832.5	11731	21122	9391
ENST00000373833.10	23810	33201	9391
ENST00000373836.4	214	60498	60284
ENST00000373839.8	37708	128899	91191
ENST00000373840.9	3266	15917	12651
ENST00000373841.5	7005	17843	10838
ENST00000373842.9	1623	6549	4926
ENST00000373847.6	13365	91400	78035
ENST00000373850.6	2144	60677	58533
ENST00000373852.9	135	6634	6499
ENST00000373855.7	13372	109161	95789
ENST00000373856.8	7028	18031	11003
ENST00000373857.8	2830	4880	2050
ENST00000373861.6	92	7348	7256
ENST00000373863.3	12	82345	82333
ENST00000373864.5	1001	66637	65636
ENST00000373865.8	13447	40237	26790
ENST00000373866.4	77	12849	12772
ENST00000373869.7	77	12819	12742
ENST00000373871.8	4125	89384	85259
ENST00000373872.9	5178	18540	13362
ENST00000373873.8	165	12576	12411
ENST00000373874.6	5287	18649	13362
ENST00000373876.5	82	25868	25786
ENST00000373878.3	333	69375	69042
ENST00000373880.9	211	70068	69857
ENST00000373883.4	700	6899	6199
ENST00000373884.6	97	8406	8309
ENST00000373886.8	272	318917	318645
ENST00000373887.8	2630	24923	22293
ENST00000373888.8	145	22269	22124
ENST00000373891.3	150	2970	2820
ENST00000373894.8	184	25192	25008
ENST00000373895.7	114	10273	10159
ENST00000373896.8	2296	20816	18520
ENST00000373904.5	113	26487	26374
ENST00000373907.6	64569	162844	98275
ENST00000373908.5	1070	9137	8067
ENST00000373909.7	242	23561	23319
ENST00000373910.9	196	34190	33994
ENST00000373912.8	642	23720	23078
ENST00000373913.7	125382	223648	98266
ENST00000373917.7	1088	9315	8227
ENST00000373920.6	230	9357	9127
ENST00000373921.8	28	15298	15270
ENST00000373925.5	28	13660	13632
ENST00000373927.7	23	13245	13222
ENST00000373930.4	4382	115347	110965
ENST00000373931.8	10347	20244	9897
ENST00000373932.3	3384	20406	17022
ENST00000373934.4	526	45220	44694
ENST00000373935.4	4562	77336	72774
ENST00000373941.5	9	58187	58178
ENST00000373943.9	89	49926	49837
ENST00000373944.8	1194	4832	3638
ENST00000373945.5	20818	31187	10369
ENST00000373946.7	81068	139246	58178
ENST00000373949.5	53	35376	35323
ENST00000373950.6	82850	138925	56075
ENST00000373953.8	21417	37207	15790
ENST00000373954.11	120	35529	35409
ENST00000373955.5	1055	672546	671491
ENST00000373956.7	258270	845099	586829
ENST00000373957.7	751	849004	848253
ENST00000373960.4	86	9011	8925
ENST00000373963.5	12742	13736	994
ENST00000373964.2	261	100690	100429
ENST00000373965.6	3811	866488	862677
ENST00000373966.5	13491	13705	214
ENST00000373968.3	2760	6995	4235
ENST00000373970.4	154	3317	3163
ENST00000373972.5	101	13796	13695
ENST00000373973.7	173	63771	63598
ENST00000373974.8	137	24495	24358
ENST00000373976.9	21	988991	988970
ENST00000373978.1	386	5088	4702
ENST00000373979.6	201	23313	23112
ENST00000373980.11	104	1221450	1221346
ENST00000373981.5	242	5530	5288
ENST00000373982.5	245	5539	5294
ENST00000373983.2	10413	14329	3916
ENST00000373984.7	1293	17446	16153
ENST00000373986.7	626	792490	791864
ENST00000373988.5	1293	17721	16428
ENST00000373991.3	119	1191	1072
ENST00000373993.6	170	55149	54979
ENST00000373995.7	170	45996	45826
ENST00000373997.8	7323	62278	54955
ENST00000373998.5	1295	17681	16386
ENST00000374000.8	29497	142947	113450
ENST00000374001.6	7323	62278	54955
ENST00000374003.7	248	12823	12575
ENST00000374004.5	617	13192	12575
ENST00000374005.8	853	13428	12575
ENST00000374006.1	2977	15279	12302
ENST00000374007.5	5813	15895	10082
ENST00000374011.6	13004	22620	9616
ENST00000374012.8	29508	178628	149120
ENST00000374017.3	287	16548	16261
ENST00000374018.5	5142	16392	11250
ENST00000374021.1	59	64874	64815
ENST00000374023.8	3280	110204	106924
ENST00000374024.4	1177	3155	1978
ENST00000374026.7	3280	110007	106727
ENST00000374027.7	874	4577	3703
ENST00000374029.2	8552	10248	1696
ENST00000374030.3	330	4579	4249
ENST00000374037.8	475	7653	7178
ENST00000374038.7	0	19694	19694
ENST00000374040.7	208	15223	15015
ENST00000374043.6	61256	67586	6330
ENST00000374044.1	1135	2177	1042
ENST00000374045.5	5803	22109	16306
ENST00000374049.4	5990	33125	27135
ENST00000374050.4	70	10322	10252
ENST00000374051.7	2907	27729	24822
ENST00000374056.10	398	23847	23449
ENST00000374057.3	34	27513	27479
ENST00000374072.5	191	1553	1362
ENST00000374075.9	892	45452	44560
ENST00000374076.9	35	13918	13883
ENST00000374077.8	228	1733	1505
ENST00000374078.5	361	1866	1505
ENST00000374079.8	929	13958	13029
ENST00000374080.8	159	30105	29946
ENST00000374084.2	0	40505	40505
ENST00000374085.5	926	30987	30061
ENST00000374086.3	254	50543	50289
ENST00000374088.8	2901	51473	48572
ENST00000374092.9	1573	32594	31021
ENST00000374094.9	307	25510	25203
ENST00000374102.6	126	30081	29955
ENST00000374103.9	590	26959	26369
ENST00000374104.7	2201	7791	5590
ENST00000374111.8	47	15224	15177
ENST00000374112.7	12	29396	29384
ENST00000374113.3	47	14581	14534
ENST00000374114.8	3602	9192	5590
ENST00000374115.5	431	3621	3190
ENST00000374116.3	1990	6374	4384
ENST00000374124.4	31	157487	157456
ENST00000374126.10	72	176702	176630
ENST00000374133.3	304	7520	7216
ENST00000374134.7	2790	17841	15051
ENST00000374135.9	3548	14889	11341
ENST00000374136.5	2062	37174	35112
ENST00000374139.8	2053	32157	30104
ENST00000374140.6	15526	155788	140262
ENST00000374141.6	513	22588	22075
ENST00000374142.9	117	28308	28191
ENST00000374144.8	23376	31984	8608
ENST00000374145.6	2639	11140	8501
ENST00000374148.1	1224	28459	27235
ENST00000374151.7	1469	34006	32537
ENST00000374152.7	751	57528	56777
ENST00000374153.7	1159	33980	32821
ENST00000374155.7	1351	22389	21038
ENST00000374156.8	12013	23991	11978
ENST00000374160.8	760	5456	4696
ENST00000374163.5	59	8191	8132
ENST00000374165.6	2747	20006	17259
ENST00000374166.8	143	46570	46427
ENST00000374168.7	160	46620	46460
ENST00000374169.7	1579	3495	1916
ENST00000374170.5	358	79679	79321
ENST00000374171.5	1579	3495	1916
ENST00000374172.5	358	35435	35077
ENST00000374176.8	13	34648	34635
ENST00000374177.7	970	135915	134945
ENST00000374179.8	94908	129280	34372
ENST00000374180.4	180	1684	1504
ENST00000374181.8	4179	117437	113258
ENST00000374182.7	18	34390	34372
ENST00000374183.5	39	21798	21759
ENST00000374185.7	604	16025	15421
ENST00000374189.6	94984	129619	34635
ENST00000374193.9	3530	19892	16362
ENST00000374198.5	86	17548	17462
ENST00000374199.9	102	17567	17465
ENST00000374201.8	763	121903	121140
ENST00000374202.7	335	5234	4899
ENST00000374206.4	274	5768	5494
ENST00000374212.5	34605	39492	4887
ENST00000374213.3	60	2522	2462
ENST00000374214.3	88	14418	14330
ENST00000374215.5	0	16285	16285
ENST00000374217.7	18	22047	22029
ENST00000374218.6	35141	90310	55169
ENST00000374220.3	45	10786	10741
ENST00000374221.7	18	22145	22127
ENST00000374222.6	20	22147	22127
ENST00000374223.5	20	4409	4389
ENST00000374227.8	4351	20197	15846
ENST00000374228.5	845	13182	12337
ENST00000374231.8	2307	16707	14400
ENST00000374232.8	242	119382	119140
ENST00000374234.1	362	7186	6824
ENST00000374236.5	424	7270	6846
ENST00000374242.9	3615	32867	29252
ENST00000374244.3	87066	134110	47044
ENST00000374251.6	101	3210	3109
ENST00000374253.9	39	14175	14136
ENST00000374255.6	1609	112873	111264
ENST00000374257.6	5419	80989	75570
ENST00000374259.8	678	7742	7064
ENST00000374263.7	1119	136601	135482
ENST00000374264.6	825	136410	135585
ENST00000374266.7	76	1204	1128
ENST00000374268.5	2213	3837	1624
ENST00000374269.2	2485	11771	9286
ENST00000374270.8	1086	136677	135591
ENST00000374271.8	2472	11758	9286
ENST00000374272.4	575	17243	16668
ENST00000374273.8	175	6489	6314
ENST00000374274.8	1772	9541	7769
ENST00000374276.4	1911	9752	7841
ENST00000374278.7	1911	9606	7695
ENST00000374279.4	402	37353	36951
ENST00000374280.4	872	15586	14714
ENST00000374282.8	2225	32215	29990
ENST00000374283.5	364	55002	54638
ENST00000374284.5	1222	31212	29990
ENST00000374287.7	254	98782	98528
ENST00000374291.5	278	4378	4100
ENST00000374293.5	30	5534	5504
ENST00000374294.3	22	36008	35986
ENST00000374296.4	1318	3392	2074
ENST00000374298.4	990	26419	25429
ENST00000374299.8	237	6264	6027
ENST00000374300.7	2277	12065	9788
ENST00000374301.7	2912	12700	9788
ENST00000374303.7	3151	12939	9788
ENST00000374307.9	3102	12854	9752
ENST00000374312.5	412	2660	2248
ENST00000374314.6	7627	10373	2746
ENST00000374315.1	38	17178	17140
ENST00000374316.9	1238	83367	82129
ENST00000374317.2	7627	10373	2746
ENST00000374319.8	191	142950	142759
ENST00000374320.6	157	195577	195420
ENST00000374321.9	41	9771	9730
ENST00000374323.8	588	10842	10254
ENST00000374324.5	26400	34664	8264
ENST00000374326.7	90587	141425	50838
ENST00000374328.3	0	8009	8009
ENST00000374329.1	37116	75377	38261
ENST00000374332.9	1007	168873	167866
ENST00000374333.7	158	381595	381437
ENST00000374338.5	93	24298	24205
ENST00000374339.5	21072	90560	69488
ENST00000374342.6	35183	89500	54317
ENST00000374343.5	202	69547	69345
ENST00000374345.8	5075	6789	1714
ENST00000374346.7	21065	89942	68877
ENST00000374355.8	330	51496	51166
ENST00000374358.5	2153	22833	20680
ENST00000374360.8	367	59863	59496
ENST00000374362.6	99	69108	69009
ENST00000374366.7	938	39471	38533
ENST00000374369.8	565	6082	5517
ENST00000374371.6	2559	48793	46234
ENST00000374372.1	565	6082	5517
ENST00000374374.3	2180	3246	1066
ENST00000374379.9	107	96240	96133
ENST00000374380.6	1372	110082	108710
ENST00000374382.4	1671	11371	9700
ENST00000374383.1	147	10324	10177
ENST00000374384.6	1372	110207	108835
ENST00000374385.10	1360	110272	108912
ENST00000374389.8	28	31705	31677
ENST00000374391.7	64	73476	73412
ENST00000374392.3	39344	49960	10616
ENST00000374393.4	0	21212	21212
ENST00000374394.7	106860	109461	2601
ENST00000374395.9	11537	33157	21620
ENST00000374399.9	3746	54587	50841
ENST00000374401.3	1141	3107	1966
ENST00000374403.4	355	133824	133469
ENST00000374408.4	807	8810	8003
ENST00000374409.5	1547	45383	43836
ENST00000374412.8	723	29050	28327
ENST00000374415.7	0	176227	176227
ENST00000374418.3	41	26499	26458
ENST00000374419.1	49	11085	11036
ENST00000374421.7	3	31584	31581
ENST00000374423.9	7187	43986	36799
ENST00000374426.6	75	9491	9416
ENST00000374428.1	3	2071	2068
ENST00000374429.6	3166	15115	11949
ENST00000374430.6	1646	99428	97782
ENST00000374431.7	2161	99943	97782
ENST00000374433.7	191	3088	2897
ENST00000374434.4	1326	56870	55544
ENST00000374435.3	625	12259	11634
ENST00000374436.7	289	6305	6016
ENST00000374439.1	0	19324	19324
ENST00000374443.7	289	6250	5961
ENST00000374446.7	362	3108	2746
ENST00000374448.9	114	134786	134672
ENST00000374450.8	282	6298	6016
ENST00000374452.9	622	13461	12839
ENST00000374453.7	311	13147	12836
ENST00000374454.1	193	2863	2670
ENST00000374455.2	0	4192	4192
ENST00000374459.5	1712	36573	34861
ENST00000374461.1	316	106250	105934
ENST00000374466.4	16705	46713	30008
ENST00000374467.4	1254	5680	4426
ENST00000374468.1	1630	2462	832
ENST00000374469.6	1294	224960	223666
ENST00000374472.5	4023	6181	2158
ENST00000374473.6	46	3126	3080
ENST00000374479.4	641	24599	23958
ENST00000374481.7	222	28734	28512
ENST00000374484.8	700	1921	1221
ENST00000374490.8	581	24496	23915
ENST00000374491.3	72	33507	33435
ENST00000374492.8	72	33617	33545
ENST00000374493.7	3	59807	59804
ENST00000374495.7	1081	13866	12785
ENST00000374496.3	34	1512	1478
ENST00000374497.7	352	4441	4089
ENST00000374500.10	211	1689	1478
ENST00000374501.1	77	1562	1485
ENST00000374502.7	1462	3706	2244
ENST00000374503.7	1480	4041	2561
ENST00000374505.6	1496	3557	2061
ENST00000374507.4	1412	15655	14243
ENST00000374510.8	98	34548	34450
ENST00000374511.7	3	34650	34647
ENST00000374512.7	1303	6268	4965
ENST00000374514.8	1538	4268	2730
ENST00000374515.9	349	12875	12526
ENST00000374516.8	1250	6768	5518
ENST00000374517.6	350	12935	12585
ENST00000374518.6	1600	52122	50522
ENST00000374519.4	364	2552	2188
ENST00000374521.4	41	6609	6568
ENST00000374524.1	502	2472	1970
ENST00000374525.5	4	122638	122634
ENST00000374530.8	291	391594	391303
ENST00000374531.6	74	303764	303690
ENST00000374541.4	3859	90448	86589
ENST00000374542.10	188	5580	5392
ENST00000374550.8	82	5153	5071
ENST00000374552.9	196	420658	420462
ENST00000374553.6	242	420698	420456
ENST00000374557.4	1934	82253	80319
ENST00000374561.6	1037	1855	818
ENST00000374566.8	2583	151146	148563
ENST00000374571.5	449	3975	3526
ENST00000374574.2	41	183843	183802
ENST00000374580.10	1148	186717	185569
ENST00000374583.1	456	4312	3856
ENST00000374584.3	456	3747	3291
ENST00000374586.8	5328	107397	102069
ENST00000374593.4	142	22091	21949
ENST00000374594.1	193	10066	9873
ENST00000374595.8	288	73008	72720
ENST00000374597.3	22724	33826	11102
ENST00000374599.8	217	80047	79830
ENST00000374601.7	661	21608	20947
ENST00000374606.10	256	1624	1368
ENST00000374607.5	260	1628	1368
ENST00000374608.3	1997	9437	7440
ENST00000374610.6	260	1628	1368
ENST00000374611.9	107	25264	25157
ENST00000374612.5	671	33111	32440
ENST00000374616.7	674	33123	32449
ENST00000374617.9	171	11877	11706
ENST00000374618.7	43811	48003	4192
ENST00000374619.2	1194	3454	2260
ENST00000374622.3	285	33787	33502
ENST00000374624.7	0	16444	16444
ENST00000374627.1	24	140245	140221
ENST00000374630.8	144	205670	205526
ENST00000374632.7	13	205542	205529
ENST00000374637.1	371	4860	4489
ENST00000374639.7	391	4880	4489
ENST00000374640.9	391	4880	4489
ENST00000374642.8	989	3509	2520
ENST00000374644.8	72	27292	27220
ENST00000374647.10	1601	67589	65988
ENST00000374648.7	430	25806	25376
ENST00000374650.8	2906	18363	15457
ENST00000374651.8	38098	77908	39810
ENST00000374656.5	323	5108	4785
ENST00000374660.7	190	110375	110185
ENST00000374662.4	14	2770	2756
ENST00000374667.5	98	2586	2488
ENST00000374672.5	902	5752	4850
ENST00000374673.4	0	4317	4317
ENST00000374675.7	420	4384	3964
ENST00000374676.4	86	3920	3834
ENST00000374677.8	379	4343	3964
ENST00000374680.4	1097	8477	7380
ENST00000374685.8	1097	8489	7392
ENST00000374686.6	0	88099	88099
ENST00000374688.5	4663	73799	69136
ENST00000374690.9	1126	182569	181443
ENST00000374692.8	120	80403	80283
ENST00000374694.3	1101	5263	4162
ENST00000374695.8	1075	128049	126974
ENST00000374700.7	95	88641	88546
ENST00000374704.8	545	233671	233126
ENST00000374705.5	0	23046	23046
ENST00000374706.5	236387	322994	86607
ENST00000374707.1	5811	46747	40936
ENST00000374708.8	1000	34445	33445
ENST00000374719.8	3850	21269	17419
ENST00000374720.8	218	146357	146139
ENST00000374721.7	21562	85386	63824
ENST00000374723.5	247	147227	146980
ENST00000374724.1	247	195616	195369
ENST00000374726.7	21449	52811	31362
ENST00000374730.2	1211	19918	18707
ENST00000374732.7	517	46807	46290
ENST00000374733.1	235	23476	23241
ENST00000374734.7	0	74261	74261
ENST00000374736.8	3312	129407	126095
ENST00000374737.9	528	19449	18921
ENST00000374738.3	0	41311	41311
ENST00000374741.4	168	1980	1812
ENST00000374746.6	1763	64829	63066
ENST00000374747.9	3557	76999	73442
ENST00000374748.5	1763	64981	63218
ENST00000374749.8	1763	64981	63218
ENST00000374751.7	1763	64981	63218
ENST00000374752.6	40	12252	12212
ENST00000374754.9	50993	61700	10707
ENST00000374759.8	748	53451	52703
ENST00000374761.6	1502	28252	26750
ENST00000374762.4	112	9676	9564
ENST00000374763.6	1502	26033	24531
ENST00000374765.9	1502	25779	24277
ENST00000374767.5	110	12387	12277
ENST00000374768.1	247	26852	26605
ENST00000374773.6	91	505713	505622
ENST00000374776.6	99	505683	505584
ENST00000374778.4	176	523854	523678
ENST00000374779.3	3	1909	1906
ENST00000374782.7	179	33571	33392
ENST00000374784.5	14	404191	404177
ENST00000374786.5	479	425165	424686
ENST00000374787.7	821	48315	47494
ENST00000374788.8	1611	709468	707857
ENST00000374789.8	1611	709477	707866
ENST00000374790.8	1611	709299	707688
ENST00000374791.7	329	965689	965360
ENST00000374792.6	3630	51318	47688
ENST00000374793.8	1076	48570	47494
ENST00000374794.8	1611	709145	707534
ENST00000374796.6	551	73757	73206
ENST00000374798.8	48	11381	11333
ENST00000374804.9	195	24145	23950
ENST00000374806.2	2808	3826	1018
ENST00000374807.9	196	24271	24075
ENST00000374809.6	4401	6622	2221
ENST00000374810.8	4396	6617	2221
ENST00000374811.8	196	24321	24125
ENST00000374813.1	0	2296	2296
ENST00000374816.7	741	130845	130104
ENST00000374819.6	1536	7541	6005
ENST00000374820.6	3	117453	117450
ENST00000374821.9	21	138577	138556
ENST00000374822.8	21	138681	138660
ENST00000374823.9	1625	135465	133840
ENST00000374825.9	4305	14512	10207
ENST00000374826.8	7302	22482	15180
ENST00000374830.2	0	7985	7985
ENST00000374831.8	2011	12218	10207
ENST00000374832.5	2803	27927	25124
ENST00000374837.7	3124	13412	10288
ENST00000374839.8	1979	61237	59258
ENST00000374840.8	44659	69783	25124
ENST00000374843.9	249	5196	4947
ENST00000374846.3	263	24606	24343
ENST00000374847.5	2713	5129	2416
ENST00000374848.8	2714	5130	2416
ENST00000374851.1	2713	5129	2416
ENST00000374852.4	459	129380	128921
ENST00000374859.3	38	5988	5950
ENST00000374861.7	284	12606	12322
ENST00000374864.10	30539	147081	116542
ENST00000374865.5	2836	11431	8595
ENST00000374866.9	2175	152149	149974
ENST00000374867.7	2586	159641	157055
ENST00000374869.8	4765	11573	6808
ENST00000374870.8	2175	121022	118847
ENST00000374872.4	49	88151	88102
ENST00000374874.8	156768	296295	139527
ENST00000374875.5	2587	88459	85872
ENST00000374876.4	5	30966	30961
ENST00000374877.7	31	56836	56805
ENST00000374878.5	355	151629	151274
ENST00000374879.5	396	104578	104182
ENST00000374881.3	245	4506	4261
ENST00000374882.8	245	4101	3856
ENST00000374884.3	2845	4337	1492
ENST00000374885.5	14662	18425	3763
ENST00000374886.7	14502	23785	9283
ENST00000374888.3	38	4854	4816
ENST00000374893.11	2708	75455	72747
ENST00000374897.4	3494	14865	11371
ENST00000374900.5	120	203808	203688
ENST00000374902.9	110	50052	49942
ENST00000374906.4	174	1720	1546
ENST00000374907.7	259	90217	89958
ENST00000374908.1	1294	2840	1546
ENST00000374910.3	174	1416	1242
ENST00000374919.6	3343	4889	1546
ENST00000374921.3	5234	30717	25483
ENST00000374922.9	111	517	406
ENST00000374928.7	898	52654	51756
ENST00000374930.7	46	33541	33495
ENST00000374935.7	1030	200336	199306
ENST00000374940.4	53	5761	5708
ENST00000374941.9	579	41619	41040
ENST00000374943.8	772	7941	7169
ENST00000374948.6	53	9798	9745
ENST00000374949.2	39	6102	6063
ENST00000374951.6	94	5823	5729
ENST00000374952.1	963	3855	2892
ENST00000374954.4	18952	28134	9182
ENST00000374955.8	1037	3980	2943
ENST00000374965.5	969	3954	2985
ENST00000374967.6	20487	119469	98982
ENST00000374968.9	1003	4039	3036
ENST00000374969.6	73	120139	120066
ENST00000374970.6	3	120200	120197
ENST00000374971.2	1012	4094	3082
ENST00000374974.7	979	4010	3031
ENST00000374975.4	389	13663	13274
ENST00000374979.8	681	35555	34874
ENST00000374980.3	1424	24791	23367
ENST00000374982.5	73	4712	4639
ENST00000374987.4	60	8617	8557
ENST00000374990.6	95	45461	45366
ENST00000374992.6	272	61676	61404
ENST00000374994.9	93	45689	45596
ENST00000375000.5	302	5180	4878
ENST00000375001.8	155	130098	129943
ENST00000375003.6	2118	32016	29898
ENST00000375006.8	445	62445	62000
ENST00000375011.4	29	43152	43123
ENST00000375015.8	286	80668	80382
ENST00000375019.6	511	54577	54066
ENST00000375022.8	1431	12625	11194
ENST00000375023.3	597	35064	34467
ENST00000375024.1	0	1864	1864
ENST00000375025.10	0	15513	15513
ENST00000375026.7	221	3176	2955
ENST00000375028.9	0	192289	192289
ENST00000375031.5	2063	7336	5273
ENST00000375036.6	4328	31904	27576
ENST00000375040.8	603	2223	1620
ENST00000375041.6	1396	13258	11862
ENST00000375043.3	603	2223	1620
ENST00000375044.5	573	54329	53756
ENST00000375050.6	1652	6463	4811
ENST00000375053.6	1733	9887	8154
ENST00000375055.6	588	4286	3698
ENST00000375056.6	0	2036	2036
ENST00000375058.5	961	9115	8154
ENST00000375060.5	961	8858	7897
ENST00000375063.5	358	15583	15225
ENST00000375064.5	555	59079	58524
ENST00000375066.6	355	59250	58895
ENST00000375067.7	209	4270	4061
ENST00000375068.6	1587	9741	8154
ENST00000375069.7	178	4503	4325
ENST00000375070.7	178	3512	3334
ENST00000375071.4	33	29902	29869
ENST00000375076.9	177	4454	4277
ENST00000375077.5	3802	38249	34447
ENST00000375078.4	1261	3220	1959
ENST00000375079.6	19683	66980	47297
ENST00000375094.4	107	2452	2345
ENST00000375095.3	2143	5946	3803
ENST00000375098.7	18198	51233	33035
ENST00000375099.4	4466	6144	1678
ENST00000375102.4	105	9703	9598
ENST00000375104.6	1067	4127	3060
ENST00000375105.8	2178	7990	5812
ENST00000375107.8	1067	4127	3060
ENST00000375108.4	14637	20905	6268
ENST00000375110.6	1315	113017	111702
ENST00000375111.7	266	3763	3497
ENST00000375114.7	78429	85764	7335
ENST00000375116.3	301	3972	3671
ENST00000375117.8	2622	12680	10058
ENST00000375118.1	202	6936	6734
ENST00000375119.8	247	19322	19075
ENST00000375120.4	119	26534	26415
ENST00000375121.4	392	1752	1360
ENST00000375123.5	689	2925	2236
ENST00000375127.5	392	100244	99852
ENST00000375128.5	533	23196	22663
ENST00000375129.8	143	9054	8911
ENST00000375130.2	0	3508	3508
ENST00000375135.4	658	52843	52185
ENST00000375136.8	10720	13355	2635
ENST00000375137.6	500	9750	9250
ENST00000375142.6	3990	147485	143495
ENST00000375143.6	457	9707	9250
ENST00000375144.6	5112	146917	141805
ENST00000375147.8	61	39722	39661
ENST00000375150.6	357	4568	4211
ENST00000375151.5	18	4711	4693
ENST00000375153.8	5352	17180	11828
ENST00000375155.7	5352	17180	11828
ENST00000375156.4	27	2119	2092
ENST00000375159.6	3	140726	140723
ENST00000375165.5	23317	23353	36
ENST00000375167.1	1087	1943	856
ENST00000375169.7	5504	146057	140553
ENST00000375172.6	24668	25020	352
ENST00000375175.1	261	44949	44688
ENST00000375180.7	4712	118146	113434
ENST00000375190.10	1184	7154	5970
ENST00000375199.7	2432	37588	35156
ENST00000375200.6	26	62065	62039
ENST00000375201.8	478	15025	14547
ENST00000375203.8	478	15034	14556
ENST00000375208.7	1158	36252	35094
ENST00000375213.8	15186	193282	178096
ENST00000375215.3	6768	7689	921
ENST00000375218.3	2242	6280	4038
ENST00000375222.4	19	1994	1975
ENST00000375224.1	321	32241	31920
ENST00000375225.7	325	8066	7741
ENST00000375227.8	17695	39866	22171
ENST00000375231.5	2916	22248	19332
ENST00000375234.8	2185	16376	14191
ENST00000375238.8	745	18338	17593
ENST00000375240.7	1170	118156	116986
ENST00000375241.6	3643	120745	117102
ENST00000375242.7	1144	65573	64429
ENST00000375244.7	198	69733	69535
ENST00000375245.8	2257	105831	103574
ENST00000375248.9	192	26900	26708
ENST00000375249.5	111	41097	40986
ENST00000375250.9	2224	105850	103626
ENST00000375251.7	79	40753	40674
ENST00000375252.3	69	32637	32568
ENST00000375254.8	325	151181	150856
ENST00000375255.8	352	48431	48079
ENST00000375256.5	2299	33136	30837
ENST00000375257.2	353	33368	33015
ENST00000375258.9	8429	77651	69222
ENST00000375259.9	535	63662	63127
ENST00000375261.8	473	14567	14094
ENST00000375262.4	3	67414	67411
ENST00000375263.8	157	67717	67560
ENST00000375266.8	86	2966	2880
ENST00000375271.4	0	12597	12597
ENST00000375272.5	1902	26578	24676
ENST00000375279.6	84084	156327	72243
ENST00000375281.4	176	3256	3080
ENST00000375286.7	67	2256	2189
ENST00000375290.6	30639	64635	33996
ENST00000375298.4	311	3584	3273
ENST00000375299.8	39	24731	24692
ENST00000375300.6	2984	258940	255956
ENST00000375304.9	149	3837	3688
ENST00000375305.6	2655	151896	149241
ENST00000375308.5	4331	38943	34612
ENST00000375310.5	4413	39025	34612
ENST00000375311.1	183	5489	5306
ENST00000375315.8	33085	358455	325370
ENST00000375318.4	172	18496	18324
ENST00000375320.5	60	2434	2374
ENST00000375321.1	117	23405	23288
ENST00000375322.2	4695	5485	790
ENST00000375323.5	60	2434	2374
ENST00000375326.9	251	37184	36933
ENST00000375327.6	3404	9243	5839
ENST00000375329.6	60	2460	2400
ENST00000375331.7	581	9970	9389
ENST00000375333.3	468	9869	9401
ENST00000375337.4	221	36016	35795
ENST00000375340.10	5957	51396	45439
ENST00000375341.8	1418	32767	31349
ENST00000375344.8	251	86346	86095
ENST00000375345.3	614	3314	2700
ENST00000375349.7	67	3044	2977
ENST00000375350.3	0	17950	17950
ENST00000375352.1	640	13415	12775
ENST00000375353.5	44	53643	53599
ENST00000375356.7	36	3013	2977
ENST00000375360.7	33946	79400	45454
ENST00000375363.8	41	7845	7804
ENST00000375365.2	1064	50244	49180
ENST00000375366.4	244	6834	6590
ENST00000375370.10	1085	56730	55645
ENST00000375371.4	3	22572	22569
ENST00000375375.7	598	106582	105984
ENST00000375376.8	204	101964	101760
ENST00000375377.2	5083	39083	34000
ENST00000375379.7	41	36605	36564
ENST00000375383.7	41	36483	36442
ENST00000375389.7	25	79714	79689
ENST00000375391.5	4539	59842	55303
ENST00000375394.7	18	14247	14229
ENST00000375398.6	902	104222	103320
ENST00000375400.7	912	103053	102141
ENST00000375401.8	812	37385	36573
ENST00000375403.6	7035	35403	28368
ENST00000375405.7	2085	90426	88341
ENST00000375406.2	67676	72279	4603
ENST00000375408.7	38	82197	82159
ENST00000375412.11	4282	10142	5860
ENST00000375413.8	1717	7290	5573
ENST00000375415.5	43	120517	120474
ENST00000375418.8	880	32547	31667
ENST00000375422.6	1717	7290	5573
ENST00000375425.9	75	7604	7529
ENST00000375429.8	217	7489	7272
ENST00000375430.8	705	40231	39526
ENST00000375431.9	328	40888	40560
ENST00000375433.3	417	31392	30975
ENST00000375436.9	2333	33308	30975
ENST00000375437.7	56410	156396	99986
ENST00000375440.9	15	56223	56208
ENST00000375441.7	10788	57345	46557
ENST00000375442.8	132	7641	7509
ENST00000375445.7	315	26239	25924
ENST00000375446.5	3415	13174	9759
ENST00000375448.4	26	57528	57502
ENST00000375452.3	185	10910	10725
ENST00000375453.5	28	26546	26518
ENST00000375454.8	185	11017	10832
ENST00000375457.2	584	31613	31029
ENST00000375458.6	5761	164379	158618
ENST00000375459.5	589	31618	31029
ENST00000375460.3	40	35954	35914
ENST00000375464.7	129	17430	17301
ENST00000375466.2	27339	27651	312
ENST00000375469.5	0	16365	16365
ENST00000375471.5	90	41085	40995
ENST00000375472.8	42	26803	26761
ENST00000375477.5	590	32206	31616
ENST00000375478.4	350	25795	25445
ENST00000375479.6	590	32206	31616
ENST00000375481.1	232	41640	41408
ENST00000375482.8	28734	90222	61488
ENST00000375483.4	1884	33617	31733
ENST00000375486.9	2286	54589	52303
ENST00000375490.10	6	7934	7928
ENST00000375491.7	96	4937	4841
ENST00000375494.4	1533	21100	19567
ENST00000375495.8	2049	33399	31350
ENST00000375497.3	3	5808	5805
ENST00000375498.6	233	16128	15895
ENST00000375499.8	162	36129	35967
ENST00000375500.8	57	22572	22515
ENST00000375501.2	1280	7243	5963
ENST00000375503.7	363	2253	1890
ENST00000375511.4	347	1418	1071
ENST00000375512.3	2096	55845	53749
ENST00000375514.9	84414	356668	272254
ENST00000375519.2	128	4849	4721
ENST00000375522.2	19664	55423	35759
ENST00000375523.7	24	21617	21593
ENST00000375527.3	316	3068	2752
ENST00000375528.8	328	21116	20788
ENST00000375530.8	328	21419	21091
ENST00000375533.6	377	5654	5277
ENST00000375534.7	421	4309	3888
ENST00000375535.4	421	4312	3891
ENST00000375537.9	328	21520	21192
ENST00000375540.5	964	6644	5680
ENST00000375541.10	88	56526	56438
ENST00000375543.2	1260	19412	18152
ENST00000375544.7	1086	19825	18739
ENST00000375547.7	13	14646	14633
ENST00000375549.8	35	8567	8532
ENST00000375550.5	2775	6439	3664
ENST00000375551.7	42	27230	27188
ENST00000375559.8	57	28171	28114
ENST00000375561.10	2355	21027	18672
ENST00000375562.8	435	17769	17334
ENST00000375571.6	5974	29569	23595
ENST00000375576.1	764	2905	2141
ENST00000375577.5	196	7063	6867
ENST00000375579.7	207	13230	13023
ENST00000375581.3	35	14587	14552
ENST00000375587.8	46	288049	288003
ENST00000375592.8	3833	70720	66887
ENST00000375597.8	157	91050	90893
ENST00000375599.8	359	5819	5460
ENST00000375600.5	1530	2452	922
ENST00000375602.2	1554	5153	3599
ENST00000375604.6	197	98481	98284
ENST00000375608.7	7825	205686	197861
ENST00000375613.7	2733	3655	922
ENST00000375614.7	124	20850	20726
ENST00000375615.7	185	20934	20749
ENST00000375616.6	91	3690	3599
ENST00000375618.9	7	22547	22540
ENST00000375626.7	1011	9156	8145
ENST00000375630.6	88	195276	195188
ENST00000375631.5	2063	6356	4293
ENST00000375643.7	603	82965	82362
ENST00000375645.8	379	191626	191247
ENST00000375646.5	2835	88293	85458
ENST00000375647.5	38098	78242	40144
ENST00000375650.5	213	4057	3844
ENST00000375651.7	214	4058	3844
ENST00000375654.5	431	4275	3844
ENST00000375661.6	364	9641	9277
ENST00000375662.5	671	16506	15835
ENST00000375663.8	79	21462	21383
ENST00000375664.8	3126	88904	85778
ENST00000375667.7	183	9662	9479
ENST00000375669.7	106	91624	91518
ENST00000375677.5	174	46991	46817
ENST00000375678.7	326	63509	63183
ENST00000375679.9	711	15173	14462
ENST00000375682.8	3	24293	24290
ENST00000375687.10	445	83614	83169
ENST00000375688.5	7	13846	13839
ENST00000375689.5	182	12839	12657
ENST00000375692.5	749	13823	13074
ENST00000375695.2	666	10778	10112
ENST00000375699.3	172	52754	52582
ENST00000375702.5	98	31064	30966
ENST00000375703.7	446	24988	24542
ENST00000375708.4	1064	230182	229118
ENST00000375712.4	32127	55898	23771
ENST00000375715.5	131274	196325	65051
ENST00000375718.4	1555	6172	4617
ENST00000375719.7	7	186255	186248
ENST00000375722.5	772	10717	9945
ENST00000375723.5	12393	88900	76507
ENST00000375726.6	27	12740	12713
ENST00000375730.3	49	9731	9682
ENST00000375731.9	528	149073	148545
ENST00000375732.5	3075	189323	186248
ENST00000375733.6	101	9040	8939
ENST00000375734.6	1795	19949	18154
ENST00000375735.7	149	382656	382507
ENST00000375736.8	63944	151293	87349
ENST00000375739.6	250	179293	179043
ENST00000375740.7	446	24949	24503
ENST00000375741.6	250	179441	179191
ENST00000375743.9	103	9021	8918
ENST00000375746.1	16411	70001	53590
ENST00000375747.5	41972	95494	53522
ENST00000375749.8	62	27935	27873
ENST00000375750.9	462	25001	24539
ENST00000375751.8	42112	95634	53522
ENST00000375754.9	42080	95670	53590
ENST00000375755.8	519	25058	24539
ENST00000375759.8	361	102694	102333
ENST00000375765.5	3399	4591	1192
ENST00000375766.8	6189	26975	20786
ENST00000375769.1	395	1458	1063
ENST00000375771.5	8325	29111	20786
ENST00000375772.7	91298	101243	9945
ENST00000375773.6	7711	112117	104406
ENST00000375774.3	462	6211	5749
ENST00000375775.4	6047	7305	1258
ENST00000375779.6	264	6436	6172
ENST00000375780.6	264	6436	6172
ENST00000375782.2	61	6153	6092
ENST00000375784.8	246	6418	6172
ENST00000375787.6	202	2972	2770
ENST00000375789.7	200	2970	2770
ENST00000375790.9	2357	71590	69233
ENST00000375792.7	202	2972	2770
ENST00000375793.2	169	52519	52350
ENST00000375799.8	239	52648	52409
ENST00000375802.7	42	34198	34156
ENST00000375804.6	0	2231	2231
ENST00000375805.6	14	2347	2333
ENST00000375807.8	77	42866	42789
ENST00000375809.7	11	2372	2361
ENST00000375810.8	40	2187	2147
ENST00000375812.8	454	5465	5011
ENST00000375814.7	0	2274	2274
ENST00000375819.3	451	3403	2952
ENST00000375820.10	1403	163019	161616
ENST00000375824.1	0	2968	2968
ENST00000375825.8	8	2849	2841
ENST00000375826.4	1955	14317	12362
ENST00000375831.1	146	4975	4829
ENST00000375832.5	41	4607	4566
ENST00000375835.9	7679	174459	166780
ENST00000375838.5	2293	41147	38854
ENST00000375840.9	767	12332	11565
ENST00000375844.7	43	61358	61315
ENST00000375845.8	354	64122	63768
ENST00000375846.3	4695	6961	2266
ENST00000375847.8	2258	43658	41400
ENST00000375849.5	2293	49913	47620
ENST00000375852.5	183	50839	50656
ENST00000375854.8	257	9832	9575
ENST00000375855.3	330	36487	36157
ENST00000375856.5	3612	37370	33758
ENST00000375859.4	38096	87611	49515
ENST00000375862.7	228	50881	50653
ENST00000375863.7	276	8026	7750
ENST00000375864.5	975	2903	1928
ENST00000375865.6	540	4270	3730
ENST00000375866.2	477	4207	3730
ENST00000375871.8	1137	8719	7582
ENST00000375880.6	730	5858	5128
ENST00000375882.7	752	4482	3730
ENST00000375883.7	1019	8968	7949
ENST00000375885.8	212	5382	5170
ENST00000375887.9	178	38066	37888
ENST00000375888.5	80	44729	44649
ENST00000375890.8	91	26414	26323
ENST00000375893.6	193	3468	3275
ENST00000375895.6	193	3468	3275
ENST00000375896.9	1041	4316	3275
ENST00000375897.7	2218	46835	44617
ENST00000375898.4	10827	12847	2020
ENST00000375900.8	193	3468	3275
ENST00000375901.5	2216	37816	35600
ENST00000375905.8	2216	46635	44419
ENST00000375906.5	1040	4315	3275
ENST00000375910.8	22	16004	15982
ENST00000375911.2	768	2530	1762
ENST00000375915.4	6990	704457	697467
ENST00000375916.4	73	2750	2677
ENST00000375918.6	4158	5752	1594
ENST00000375920.8	4157	6012	1855
ENST00000375921.6	416	38216	37800
ENST00000375922.8	27751	68480	40729
ENST00000375934.8	54	55816	55762
ENST00000375936.9	244	24488	24244
ENST00000375938.8	425	73619	73194
ENST00000375940.9	75	33806	33731
ENST00000375943.6	23	5221	5198
ENST00000375944.7	21	57846	57825
ENST00000375946.8	603	34331	33728
ENST00000375947.1	99	8328	8229
ENST00000375948.2	537	4542	4005
ENST00000375949.5	22	8939	8917
ENST00000375957.5	945	32426	31481
ENST00000375960.6	947	69224	68277
ENST00000375963.8	947	69925	68978
ENST00000375964.11	106	16012	15906
ENST00000375966.8	339	10209	9870
ENST00000375976.8	106	16089	15983
ENST00000375978.5	250	2228	1978
ENST00000375979.7	3	165294	165291
ENST00000375980.9	84	19549	19465
ENST00000375985.5	225	16214	15989
ENST00000375991.9	1500	18295	16795
ENST00000375992.4	5942	6924	982
ENST00000375994.6	273	16262	15989
ENST00000375995.3	7	24540	24533
ENST00000375997.8	25	24751	24726
ENST00000375998.8	0	149831	149831
ENST00000376001.7	25	2592	2567
ENST00000376004.5	217	15885	15668
ENST00000376006.7	735	1717	982
ENST00000376007.8	2070	23304	21234
ENST00000376008.3	61341	66750	5409
ENST00000376014.7	62522	67931	5409
ENST00000376016.8	1869	46228	44359
ENST00000376019.5	294	3877	3583
ENST00000376020.9	9902	231692	221790
ENST00000376021.8	294	3877	3583
ENST00000376022.5	430	3536	3106
ENST00000376027.5	550	4371	3821
ENST00000376028.8	30940	126840	95900
ENST00000376029.3	430	4251	3821
ENST00000376030.7	313	518257	517944
ENST00000376032.9	516	4814	4298
ENST00000376033.3	2075	23309	21234
ENST00000376038.5	80219	147621	67402
ENST00000376040.2	631	45819	45188
ENST00000376042.6	80399	151109	70710
ENST00000376048.9	15366	123612	108246
ENST00000376049.4	121	1182	1061
ENST00000376052.5	53	85083	85030
ENST00000376055.9	1500	58274	56774
ENST00000376057.8	44	32848	32804
ENST00000376059.8	96	2098	2002
ENST00000376061.8	22965	31996	9031
ENST00000376062.6	1500	58463	56963
ENST00000376064.7	186	10505	10319
ENST00000376065.8	36	85028	84992
ENST00000376071.4	18	3914	3896
ENST00000376072.7	41	4013	3972
ENST00000376073.8	302	4353	4051
ENST00000376075.4	1106	7498	6392
ENST00000376083.7	573	169527	168954
ENST00000376085.4	876	39500	38624
ENST00000376086.7	100	1689	1589
ENST00000376087.5	1477	101306	99829
ENST00000376088.7	2684	172036	169352
ENST00000376089.6	246	1814	1568
ENST00000376090.6	278	1642	1364
ENST00000376091.8	2703	172055	169352
ENST00000376092.7	100	1485	1385
ENST00000376093.6	100	1781	1681
ENST00000376094.8	100	31824	31724
ENST00000376096.5	1083	2402	1319
ENST00000376098.4	26	4286	4260
ENST00000376099.5	1083	2447	1364
ENST00000376101.4	639	4903	4264
ENST00000376104.7	4648	2146422	2141774
ENST00000376105.4	105	997	892
ENST00000376108.7	2350	26867	24517
ENST00000376110.7	1080	2603	1523
ENST00000376112.4	99	1265	1166
ENST00000376113.6	502	60174	59672
ENST00000376131.9	12030	691625	679595
ENST00000376137.9	646	114192	113546
ENST00000376138.7	1980	115616	113636
ENST00000376139.6	1980	115688	113708
ENST00000376140.4	1977	115699	113722
ENST00000376141.5	1169	4901	3732
ENST00000376142.6	1980	115782	113802
ENST00000376143.5	12030	206577	194547
ENST00000376145.8	82	12089	12007
ENST00000376146.8	1305	12809	11504
ENST00000376148.9	87	12139	12052
ENST00000376150.4	97	7756	7659
ENST00000376151.4	949	2328	1379
ENST00000376152.2	2827	8111	5284
ENST00000376156.7	1950	40029	38079
ENST00000376160.5	1980	115685	113705
ENST00000376162.7	12	226892	226880
ENST00000376166.5	1980	115599	113619
ENST00000376170.8	1980	115613	113633
ENST00000376177.6	578	11579	11001
ENST00000376180.8	159	264447	264288
ENST00000376185.5	11816	16634	4818
ENST00000376188.1	661	7667	7006
ENST00000376189.5	206	5471	5265
ENST00000376191.3	53	1325	1272
ENST00000376199.7	247	8593	8346
ENST00000376200.6	448	31233	30785
ENST00000376207.10	899	9349	8450
ENST00000376208.6	2198	204861	202663
ENST00000376210.3	6	14988	14982
ENST00000376213.6	2198	355332	353134
ENST00000376215.10	11	50002	49991
ENST00000376217.6	382	70432	70050
ENST00000376221.2	462	23864	23402
ENST00000376227.4	167	16652	16485
ENST00000376228.10	423	4412	3989
ENST00000376230.7	5138	19104	13966
ENST00000376233.8	218	13484	13266
ENST00000376234.7	1070	67019	65949
ENST00000376236.9	53986	131129	77143
ENST00000376237.8	2533	3712	1179
ENST00000376238.5	2764	67231	64467
ENST00000376250.6	1950	2866	916
ENST00000376251.5	77	33934	33857
ENST00000376255.4	923	5199	4276
ENST00000376257.8	881	5157	4276
ENST00000376259.7	101	41399	41298
ENST00000376261.8	36	85923	85887
ENST00000376262.7	259	32800	32541
ENST00000376263.8	1327	11546	10219
ENST00000376265.2	77	34129	34052
ENST00000376266.9	156	16928	16772
ENST00000376279.7	106	443168	443062
ENST00000376281.8	1327	11546	10219
ENST00000376285.6	28	443230	443202
ENST00000376286.8	106	443231	443125
ENST00000376288.3	941	6917	5976
ENST00000376292.8	189	8658	8469
ENST00000376296.3	241	6168	5927
ENST00000376300.7	4865	100383	95518
ENST00000376302.5	17837	88119	70282
ENST00000376303.6	5091	11050	5959
ENST00000376309.4	67	9738	9671
ENST00000376314.3	71	1533	1462
ENST00000376315.2	60	1777	1717
ENST00000376316.5	816	7132	6316
ENST00000376317.4	0	6830	6830
ENST00000376321.4	85	13569	13484
ENST00000376322.7	75	2079	2004
ENST00000376324.7	10060	22847	12787
ENST00000376325.10	4419	15733	11314
ENST00000376327.6	103	3244	3141
ENST00000376332.8	83	35735	35652
ENST00000376335.8	281	5488	5207
ENST00000376340.2	190	2084	1894
ENST00000376344.8	1203	19208	18005
ENST00000376345.3	20	18501	18481
ENST00000376347.1	137	9970	9833
ENST00000376350.8	510	31511	31001
ENST00000376351.4	420	427904	427484
ENST00000376352.6	17455	192786	175331
ENST00000376354.5	6	285631	285625
ENST00000376355.7	27	285753	285726
ENST00000376356.5	6612	11068	4456
ENST00000376358.4	402	7494	7092
ENST00000376363.5	333	32294	31961
ENST00000376365.7	275	68027	67752
ENST00000376368.7	102	4464	4362
ENST00000376371.7	275	68179	67904
ENST00000376372.9	364	4723	4359
ENST00000376376.3	205	44789	44584
ENST00000376377.2	906	1732	826
ENST00000376378.5	168	103430	103262
ENST00000376381.3	93	15563	15470
ENST00000376384.9	0	41410	41410
ENST00000376386.3	319	2434	2115
ENST00000376387.5	135	63255	63120
ENST00000376389.8	410	15749	15339
ENST00000376392.10	2051	18485	16434
ENST00000376395.9	1822	49467	47645
ENST00000376406.8	661	21621	20960
ENST00000376410.7	798	144102	143304
ENST00000376414.5	524	2688	2164
ENST00000376417.8	4	20628	20624
ENST00000376419.5	29	21190	21161
ENST00000376420.9	617	3533	2916
ENST00000376421.7	615	3707	3092
ENST00000376423.8	473	31003	30530
ENST00000376434.5	215	89951	89736
ENST00000376436.5	820	14451	13631
ENST00000376437.9	126	10405	10279
ENST00000376438.5	215	296894	296679
ENST00000376439.3	1220	15228	14008
ENST00000376440.6	503	185343	184840
ENST00000376442.8	118	22817	22699
ENST00000376447.4	3090	85480	82390
ENST00000376450.7	1245	68268	67023
ENST00000376451.4	6697	82965	76268
ENST00000376452.7	403	341633	341230
ENST00000376454.8	56	342991	342935
ENST00000376456.8	403	321938	321535
ENST00000376460.5	2721	190570	187849
ENST00000376462.5	525050	855350	330300
ENST00000376463.3	605	54403	53798
ENST00000376468.4	194	1768	1574
ENST00000376471.8	68	6286	6218
ENST00000376473.9	159	6778	6619
ENST00000376476.1	133	1834	1701
ENST00000376477.5	1206	6523	5317
ENST00000376480.7	303	2425	2122
ENST00000376483.8	10	17095	17085
ENST00000376484.2	227	14090	13863
ENST00000376485.9	12	21016	21004
ENST00000376486.3	0	7504	7504
ENST00000376488.8	1153	37235	36082
ENST00000376489.6	620	7426	6806
ENST00000376495.5	383	3267	2884
ENST00000376496.4	3	35567	35564
ENST00000376499.8	518	106847	106329
ENST00000376500.5	0	77648	77648
ENST00000376501.7	21097	143282	122185
ENST00000376503.10	926	70898	69972
ENST00000376504.4	219	2573	2354
ENST00000376509.4	952	6579	5627
ENST00000376510.8	30	25821	25791
ENST00000376511.7	1139	12333	11194
ENST00000376512.2	373	6166	5793
ENST00000376514.6	2121	12177	10056
ENST00000376515.8	309	8243	7934
ENST00000376521.6	1546	9627	8081
ENST00000376528.8	40339	111267	70928
ENST00000376529.8	183	9119	8936
ENST00000376530.8	89	21999	21910
ENST00000376531.3	27	22204	22177
ENST00000376537.8	176	154920	154744
ENST00000376542.8	233	97159	96926
ENST00000376544.7	1018	155462	154444
ENST00000376545.7	95	21702	21607
ENST00000376547.7	1017	71011	69994
ENST00000376550.7	5	14150	14145
ENST00000376552.8	826	155475	154649
ENST00000376554.8	2975	16982	14007
ENST00000376557.3	65	5710	5645
ENST00000376560.8	50	5757	5707
ENST00000376561.7	8757	39749	30992
ENST00000376563.6	558	5918	5360
ENST00000376566.8	598	5674	5076
ENST00000376567.6	341	13516	13175
ENST00000376568.8	4211	17496	13285
ENST00000376569.7	4661	17836	13175
ENST00000376570.8	4646	17821	13175
ENST00000376572.8	727	8545	7818
ENST00000376573.9	2350	180680	178330
ENST00000376575.7	0	4159	4159
ENST00000376576.3	347	6061	5714
ENST00000376581.9	69763	101611	31848
ENST00000376582.7	285	4812	4527
ENST00000376583.7	4953	19863	14910
ENST00000376585.6	4951	19861	14910
ENST00000376588.4	86	33059	32973
ENST00000376590.9	4960	19350	14390
ENST00000376592.6	4960	19350	14390
ENST00000376597.9	144	32702	32558
ENST00000376598.3	0	36612	36612
ENST00000376603.6	319	68499	68180
ENST00000376608.9	1103	3573	2470
ENST00000376610.7	744	26277	25533
ENST00000376618.6	197	63102	62905
ENST00000376619.7	677	26210	25533
ENST00000376621.8	4694	16631	11937
ENST00000376624.8	116	72705	72589
ENST00000376626.5	131	23551	23420
ENST00000376627.6	56	12908	12852
ENST00000376629.8	62	14493	14431
ENST00000376630.5	23	4136	4113
ENST00000376636.7	260	247892	247632
ENST00000376637.7	125	14346	14221
ENST00000376643.7	993	26526	25533
ENST00000376649.8	447	15582	15135
ENST00000376650.2	108	5556	5448
ENST00000376651.1	2432	37966	35534
ENST00000376652.9	10825	31320	20495
ENST00000376656.8	2474	16959	14485
ENST00000376659.9	2059	16455	14396
ENST00000376663.8	5351	9409	4058
ENST00000376665.4	4537	8689	4152
ENST00000376666.3	0	13044	13044
ENST00000376667.7	30	6478	6448
ENST00000376669.9	100	6587	6487
ENST00000376670.9	4520	8805	4285
ENST00000376672.5	253	6740	6487
ENST00000376673.8	53912	170234	116322
ENST00000376681.7	42055	55385	13330
ENST00000376687.4	51	12063	12012
ENST00000376692.9	298	6746	6448
ENST00000376693.3	11	2677	2666
ENST00000376694.9	139	10188	10049
ENST00000376701.5	55	8854	8799
ENST00000376704.3	1746	10090	8344
ENST00000376705.4	756	744499	743743
ENST00000376707.4	191	4262	4071
ENST00000376708.1	0	2590	2590
ENST00000376709.9	801	7723	6922
ENST00000376712.4	1319	63999	62680
ENST00000376713.3	53	118506	118453
ENST00000376714.7	2905	70614	67709
ENST00000376716.9	1538	14555	13017
ENST00000376717.6	3197	81813	78616
ENST00000376718.8	3197	303832	300635
ENST00000376723.7	147	421	274
ENST00000376724.6	306	11847	11541
ENST00000376726.3	907	12620	11713
ENST00000376729.10	505	8983	8478
ENST00000376730.5	43200	45766	2566
ENST00000376734.4	642	11175	10533
ENST00000376736.6	1876	9106	7230
ENST00000376740.8	1205	15177	13972
ENST00000376741.5	51	33417	33366
ENST00000376744.8	16245	31293	15048
ENST00000376745.9	355	4582	4227
ENST00000376747.8	213	256241	256028
ENST00000376751.8	848	6172	5324
ENST00000376752.9	509	305394	304885
ENST00000376753.9	4459	10522	6063
ENST00000376755.1	229	2597	2368
ENST00000376757.9	3538	9935	6397
ENST00000376758.1	471	1317	846
ENST00000376759.8	697	3065	2368
ENST00000376760.5	926	7060	6134
ENST00000376762.8	926	7060	6134
ENST00000376763.5	1101	1947	846
ENST00000376765.6	1134	1980	846
ENST00000376768.5	955	7184	6229
ENST00000376769.6	1472	2318	846
ENST00000376770.5	979	7173	6194
ENST00000376771.9	84	23316	23232
ENST00000376772.8	213	2480	2267
ENST00000376773.5	1968	2814	846
ENST00000376782.6	268	3811	3543
ENST00000376785.2	262	3805	3543
ENST00000376795.6	98	115217	115119
ENST00000376799.9	3837	8738	4901
ENST00000376802.2	5	3795	3790
ENST00000376804.2	4	21887	21883
ENST00000376806.9	309	4312	4003
ENST00000376808.8	351	22433	22082
ENST00000376809.10	22	4007	3985
ENST00000376810.6	334	13942	13608
ENST00000376811.5	978	18394	17416
ENST00000376815.3	0	2992	2992
ENST00000376817.8	43	7674	7631
ENST00000376818.7	0	3267	3267
ENST00000376819.4	225	6698	6473
ENST00000376828.6	72	4434	4362
ENST00000376829.7	4035	66408	62373
ENST00000376830.3	371	11849	11478
ENST00000376834.8	2980	48670	45690
ENST00000376836.8	30	4184	4154
ENST00000376839.7	79	53245	53166
ENST00000376840.8	207	147036	146829
ENST00000376841.6	5265	17412	12147
ENST00000376851.7	536	10200	9664
ENST00000376854.6	1468	6608	5140
ENST00000376855.1	8	531	523
ENST00000376861.5	689	4660	3971
ENST00000376862.4	73469	196643	123174
ENST00000376865.1	7	13228	13221
ENST00000376873.7	230	145080	144850
ENST00000376874.9	2487	64630	62143
ENST00000376883.2	20	6124	6104
ENST00000376888.6	207	14565	14358
ENST00000376889.3	0	5810	5810
ENST00000376891.8	0	14849	14849
ENST00000376893.7	1287	7496	6209
ENST00000376894.8	118	14662	14544
ENST00000376896.8	642	189647	189005
ENST00000376898.7	0	14985	14985
ENST00000376901.9	60	5276	5216
ENST00000376903.4	208	2501	2293
ENST00000376911.1	882	13476	12594
ENST00000376916.7	133	3438	3305
ENST00000376917.8	118	14823	14705
ENST00000376918.7	46	6200	6154
ENST00000376919.4	1850	11550	9700
ENST00000376922.6	1550	13436	11886
ENST00000376925.8	262	4640	4378
ENST00000376926.8	1511	30443	28932
ENST00000376931.6	128	22389	22261
ENST00000376935.4	83	40639	40556
ENST00000376936.9	103	35843	35740
ENST00000376939.5	76	36713	36637
ENST00000376940.4	815	3127	2312
ENST00000376943.8	1319	29614	28295
ENST00000376945.4	1600	3254	1654
ENST00000376950.4	9298	165898	156600
ENST00000376954.6	9366	81706	72340
ENST00000376955.8	451	7708	7257
ENST00000376956.3	0	8291	8291
ENST00000376957.7	279	6252	5973
ENST00000376958.5	71	26622	26551
ENST00000376959.6	4141	19325	15184
ENST00000376960.8	1498	6954	5456
ENST00000376962.10	4543	9999	5456
ENST00000376970.6	6738	112104	105366
ENST00000376971.4	1103	3929	2826
ENST00000376974.5	26	3082	3056
ENST00000376979.4	219	4156	3937
ENST00000376980.8	142	248536	248394
ENST00000376983.8	1311	7199	5888
ENST00000376986.5	229	102513	102284
ENST00000376990.8	2445	4718	2273
ENST00000376991.6	167	2726	2559
ENST00000377004.9	1191	38019	36828
ENST00000377005.6	69	5093	5024
ENST00000377007.3	106	2715	2609
ENST00000377009.8	97	2810	2713
ENST00000377011.6	2605	40931	38326
ENST00000377012.9	1308	28067	26759
ENST00000377016.8	1316	32831	31515
ENST00000377017.5	2557	4663	2106
ENST00000377022.8	2341	62544	60203
ENST00000377024.8	916	9604	8688
ENST00000377026.4	2857	47763	44906
ENST00000377027.1	0	6715	6715
ENST00000377028.10	3090	43993	40903
ENST00000377031.7	190	71858	71668
ENST00000377032.5	20	844	824
ENST00000377034.9	1308	33008	31700
ENST00000377035.2	386	2632	2246
ENST00000377036.2	569	10789	10220
ENST00000377038.8	4971	16923	11952
ENST00000377039.2	1746	4682	2936
ENST00000377041.6	132	13503	13371
ENST00000377043.2	147	8262	8115
ENST00000377044.9	1834	71133	69299
ENST00000377045.9	1763	12052	10289
ENST00000377046.7	272	8707	8435
ENST00000377047.9	650	1178063	1177413
ENST00000377049.4	193	1874	1681
ENST00000377050.5	368	4679	4311
ENST00000377051.2	0	8182	8182
ENST00000377055.1	188	10668	10480
ENST00000377059.7	0	210517	210517
ENST00000377060.7	33	18338	18305
ENST00000377065.8	1554	23935	22381
ENST00000377066.9	1215	70326	69111
ENST00000377067.9	426	1469523	1469097
ENST00000377069.8	1022	154727	153705
ENST00000377071.9	1195	155800	154605
ENST00000377072.8	413	209058	208645
ENST00000377073.4	91	44527	44436
ENST00000377075.3	98	50930	50832
ENST00000377078.2	6824	8278	1454
ENST00000377079.8	919	34768	33849
ENST00000377080.7	7204	7622	418
ENST00000377081.5	79	151570	151491
ENST00000377083.5	1565	77319	75754
ENST00000377084.3	2215	6389	4174
ENST00000377086.5	20713	170368	149655
ENST00000377087.3	9294	10420	1126
ENST00000377091.7	300	22703	22403
ENST00000377092.8	5392	6417	1025
ENST00000377093.9	21759	97513	75754
ENST00000377095.10	376	5000	4624
ENST00000377097.3	57	20357	20300
ENST00000377100.8	413	23241	22828
ENST00000377101.5	757	103185	102428
ENST00000377102.5	785	2673	1888
ENST00000377103.3	2147	5595	3448
ENST00000377104.4	785	2673	1888
ENST00000377105.5	904	332532	331628
ENST00000377107.7	35	17657	17622
ENST00000377110.9	6893	597387	590494
ENST00000377111.8	399	590270	589871
ENST00000377112.8	960	8132	7172
ENST00000377115.4	848	4624	3776
ENST00000377122.9	5777	120246	114469
ENST00000377126.4	3175	29489	26314
ENST00000377127.4	72	2338	2266
ENST00000377132.1	1999	3893	1894
ENST00000377133.6	4615	6509	1894
ENST00000377135.8	81	3856	3775
ENST00000377136.5	4589	6483	1894
ENST00000377139.8	79	6540	6461
ENST00000377142.5	909	3469	2560
ENST00000377148.5	1193	3081	1888
ENST00000377149.5	1193	3081	1888
ENST00000377153.5	397	39565	39168
ENST00000377154.1	3	1927	1924
ENST00000377160.4	64	1988	1924
ENST00000377167.3	333	2203	1870
ENST00000377169.2	331	2195	1864
ENST00000377171.3	334	2204	1870
ENST00000377173.4	102	1978	1876
ENST00000377175.2	3	1921	1918
ENST00000377179.4	216	11158	10942
ENST00000377182.5	350	184225	183875
ENST00000377184.7	2453	26890	24437
ENST00000377185.3	1125	3797	2672
ENST00000377190.8	1106	8158	7052
ENST00000377191.5	68	88824	88756
ENST00000377194.7	1256	21695	20439
ENST00000377197.8	63	85997	85934
ENST00000377199.4	1071	22161	21090
ENST00000377200.9	8823	51461	42638
ENST00000377203.8	69	11490	11421
ENST00000377205.6	28599	40056	11457
ENST00000377208.7	3056	6219	3163
ENST00000377211.8	2722	25722	23000
ENST00000377213.1	149	6930	6781
ENST00000377214.8	727	20814	20087
ENST00000377216.4	11672	53433	41761
ENST00000377223.6	4109	10890	6781
ENST00000377227.8	280	79753	79473
ENST00000377236.2	334	45725	45391
ENST00000377242.7	841	465004	464163
ENST00000377244.8	99	13368	13269
ENST00000377245.9	96	83641	83545
ENST00000377246.7	20117	110485	90368
ENST00000377252.5	648	464957	464309
ENST00000377254.7	5010	16350	11340
ENST00000377255.3	9637	17941	8304
ENST00000377256.1	62	21645	21583
ENST00000377258.5	271	21854	21583
ENST00000377263.6	2445	24028	21583
ENST00000377264.8	430	28362	27932
ENST00000377265.3	0	246647	246647
ENST00000377266.7	0	534817	534817
ENST00000377269.3	779	7872	7093
ENST00000377270.8	10412	37127	26715
ENST00000377275.4	207	16313	16106
ENST00000377276.5	536	2640	2104
ENST00000377284.5	82781	137261	54480
ENST00000377291.2	25204	28682	3478
ENST00000377293.5	6309	44098	37789
ENST00000377294.3	3422	11913	8491
ENST00000377298.9	1585	97731	96146
ENST00000377303.6	4096	23620	19524
ENST00000377304.7	375	107038	106663
ENST00000377306.5	4102	120650	116548
ENST00000377307.7	1246	79766	78520
ENST00000377308.6	2788	73676	70888
ENST00000377311.4	682	4742	4060
ENST00000377313.7	821	8429	7608
ENST00000377315.6	457	140969	140512
ENST00000377316.6	827	8256	7429
ENST00000377317.5	829	3436	2607
ENST00000377319.9	548	280687	280139
ENST00000377321.5	821	8309	7488
ENST00000377325.2	4913	10351	5438
ENST00000377326.7	821	8414	7593
ENST00000377327.8	1830	24139	22309
ENST00000377328.5	0	400207	400207
ENST00000377329.10	218	200817	200599
ENST00000377331.8	59	280071	280012
ENST00000377332.8	978	50863	49885
ENST00000377340.6	1830	24175	22345
ENST00000377342.9	106	58772	58666
ENST00000377344.6	43	17843	17800
ENST00000377346.9	58725	78422	19697
ENST00000377348.6	289	4035	3746
ENST00000377349.6	87	1429	1342
ENST00000377350.7	403	16416	16013
ENST00000377351.8	7942	27214	19272
ENST00000377360.8	390	382983	382593
ENST00000377365.4	2973	24197	21224
ENST00000377369.7	1359	92973	91614
ENST00000377371.3	1363	92974	91611
ENST00000377374.8	1385	92889	91504
ENST00000377384.5	102	6132	6030
ENST00000377386.8	4712	11242	6530
ENST00000377387.5	851	15792	14941
ENST00000377389.5	140	1482	1342
ENST00000377390.8	1215	15690	14475
ENST00000377391.8	428	59119	58691
ENST00000377392.9	33018	58301	25283
ENST00000377394.7	786	15486	14700
ENST00000377395.8	39	58703	58664
ENST00000377399.2	185	12682	12497
ENST00000377400.8	429	59098	58669
ENST00000377401.4	50	804	754
ENST00000377403.7	10161	32461	22300
ENST00000377411.5	4117	29723	25606
ENST00000377413.3	0	2494	2494
ENST00000377414.7	1544	30183	28639
ENST00000377419.1	486	23722	23236
ENST00000377420.1	1029	3523	2494
ENST00000377424.9	2483	35921	33438
ENST00000377425.8	206	2758	2552
ENST00000377428.4	33	967	934
ENST00000377431.6	865	32634	31769
ENST00000377432.7	273	15753	15480
ENST00000377436.6	0	29485	29485
ENST00000377442.3	0	29551	29551
ENST00000377443.7	19	29749	29730
ENST00000377447.7	1707	26797	25090
ENST00000377452.4	19	156817	156798
ENST00000377453.9	18	9955	9937
ENST00000377459.3	23	789	766
ENST00000377462.6	48	10909	10861
ENST00000377464.5	2684	177255	174571
ENST00000377465.6	2896	55079	52183
ENST00000377470.8	236	36441	36205
ENST00000377474.4	4999	6947	1948
ENST00000377482.10	1486	5275	3789
ENST00000377485.5	0	2129	2129
ENST00000377486.7	9	2440	2431
ENST00000377487.5	9	2440	2431
ENST00000377488.5	817	23643	22826
ENST00000377489.5	9	2440	2431
ENST00000377491.5	892	23718	22826
ENST00000377493.9	1085	23852	22767
ENST00000377494.5	394	17770	17376
ENST00000377495.2	95	45349	45254
ENST00000377497.7	394	17767	17373
ENST00000377499.9	335	212158	211823
ENST00000377500.1	43855	56529	12674
ENST00000377504.8	385	285159	284774
ENST00000377507.8	4967	24881	19914
ENST00000377516.6	863	10331	9468
ENST00000377524.8	189	72232	72043
ENST00000377526.4	151	4195	4044
ENST00000377532.8	587	62070	61483
ENST00000377533.7	240	27720	27480
ENST00000377534.8	328	226472	226144
ENST00000377540.6	107	36867	36760
ENST00000377541.5	558	20654	20096
ENST00000377543.3	0	52	52
ENST00000377559.7	1025	112432	111407
ENST00000377560.9	2200	235110	232910
ENST00000377561.7	3456	242398	238942
ENST00000377566.9	413	2612	2199
ENST00000377567.6	916	12234	11318
ENST00000377572.5	747	12065	11318
ENST00000377574.6	337	11977	11640
ENST00000377575.3	6841	7379	538
ENST00000377577.10	1508	69291	67783
ENST00000377579.7	156	1465	1309
ENST00000377581.7	44	16517	16473
ENST00000377585.7	310	16667	16357
ENST00000377595.8	30	56699	56669
ENST00000377600.7	715	5347	4632
ENST00000377602.5	5460	140020	134560
ENST00000377603.5	117	17104	16987
ENST00000377604.8	2261	44142	41881
ENST00000377612.8	3772	11484	7712
ENST00000377615.7	1373	12837	11464
ENST00000377619.9	156	11341	11185
ENST00000377625.6	2130	200788	198658
ENST00000377627.7	27	9413	9386
ENST00000377630.9	50337	82725	32388
ENST00000377632.5	3	96653	96650
ENST00000377633.7	164	67944	67780
ENST00000377634.8	3	96941	96938
ENST00000377636.8	3292	202137	198845
ENST00000377647.6	62	10174	10112
ENST00000377648.5	336	8799	8463
ENST00000377654.5	70	35273	35203
ENST00000377656.6	1126	218895	217769
ENST00000377658.8	2644	13880	11236
ENST00000377659.1	175	172358	172183
ENST00000377661.2	93	227807	227714
ENST00000377663.3	4644	13707	9063
ENST00000377669.7	9404	310132	300728
ENST00000377670.9	35	44569	44534
ENST00000377671.7	17210	30292	13082
ENST00000377673.10	31	22101	22070
ENST00000377674.9	616	11269	10653
ENST00000377675.3	551	7699	7148
ENST00000377681.8	4819	51950	47131
ENST00000377685.9	493	1584	1091
ENST00000377687.6	323	18245	17922
ENST00000377693.5	41	13200	13159
ENST00000377694.2	4875	18726	13851
ENST00000377697.2	713	2148	1435
ENST00000377698.4	3047	6147	3100
ENST00000377702.8	1268	4968	3700
ENST00000377704.4	745	21822	21077
ENST00000377705.6	4510	35249	30739
ENST00000377707.4	3926	154268	150342
ENST00000377708.7	2985	10161	7176
ENST00000377709.1	787	21821	21034
ENST00000377710.10	842	22116	21274
ENST00000377712.3	49	1409	1360
ENST00000377713.3	45	27525	27480
ENST00000377716.6	56	1836	1780
ENST00000377721.3	7	1049	1042
ENST00000377724.8	70	62378	62308
ENST00000377725.5	724	13219	12495
ENST00000377726.3	311	1125	814
ENST00000377727.2	65	681	616
ENST00000377728.8	444	13447	13003
ENST00000377732.5	444	32502	32058
ENST00000377733.4	45	799	754
ENST00000377735.7	1299	11752	10453
ENST00000377740.5	444	13447	13003
ENST00000377741.4	380	2526	2146
ENST00000377745.5	48	664	616
ENST00000377747.5	365	1089	724
ENST00000377748.6	444	32564	32120
ENST00000377751.9	342	47769	47427
ENST00000377753.6	8129	24582	16453
ENST00000377754.6	8291	24543	16252
ENST00000377755.9	485	7844	7359
ENST00000377759.9	760	28024	27264
ENST00000377765.8	41688	100531	58843
ENST00000377767.9	7629	32516	24887
ENST00000377768.7	763	28027	27264
ENST00000377770.8	423	842648	842225
ENST00000377773.9	488	4372	3884
ENST00000377776.7	134	95835	95701
ENST00000377777.6	48	802	754
ENST00000377780.8	2355	27152	24797
ENST00000377782.7	286	6224	5938
ENST00000377791.4	61	839	778
ENST00000377792.3	288	18478	18190
ENST00000377793.9	95	16177	16082
ENST00000377795.7	950	11587	10637
ENST00000377797.7	108	45844	45736
ENST00000377798.9	100	18496	18396
ENST00000377799.8	11707	65460	53753
ENST00000377801.8	6668	204534	197866
ENST00000377803.4	15	631	616
ENST00000377805.7	25078	36128	11050
ENST00000377807.6	507	49736	49229
ENST00000377808.9	2463	19015	16552
ENST00000377810.8	579	72484	71905
ENST00000377811.4	104	2919	2815
ENST00000377813.6	506	51035	50529
ENST00000377814.6	0	17891	17891
ENST00000377818.4	1958	19478	17520
ENST00000377819.10	137	79785	79648
ENST00000377833.10	1012	316601	315589
ENST00000377834.8	3644	5103	1459
ENST00000377836.8	196	7045	6849
ENST00000377837.5	778	7627	6849
ENST00000377838.8	697	238788	238091
ENST00000377840.6	41850	194716	152866
ENST00000377842.7	327	95550	95223
ENST00000377843.8	3874	58983	55109
ENST00000377844.9	1108	409335	408227
ENST00000377845.7	327	97420	97093
ENST00000377847.6	12	194456	194444
ENST00000377848.7	9	134284	134275
ENST00000377850.8	566	14465	13899
ENST00000377852.7	7294	201824	194530
ENST00000377853.6	391	194936	194545
ENST00000377854.9	93273	123301	30028
ENST00000377855.6	327	122524	122197
ENST00000377860.8	16971	129870	112899
ENST00000377861.4	24330	30520	6190
ENST00000377862.6	106	34495	34389
ENST00000377865.7	1824	929313	927489
ENST00000377867.7	417	13375	12958
ENST00000377868.6	172	66396	66224
ENST00000377871.7	195	9767	9572
ENST00000377873.8	172	39411	39239
ENST00000377877.4	174	37688	37514
ENST00000377881.8	145	172637	172492
ENST00000377882.7	26418	52235	25817
ENST00000377883.7	75	15044	14969
ENST00000377885.6	3351	40922	37571
ENST00000377886.6	29856	48052	18196
ENST00000377888.8	1659	156625	154966
ENST00000377889.6	126	34240	34114
ENST00000377890.6	168	34466	34298
ENST00000377891.6	159	34460	34301
ENST00000377893.3	1988	9374	7386
ENST00000377894.6	63479	172593	109114
ENST00000377897.8	715	25299	24584
ENST00000377898.4	187	1880	1693
ENST00000377899.5	1256	257805	256549
ENST00000377901.8	1022	49619	48597
ENST00000377904.8	368	4741	4373
ENST00000377905.9	7221	25923	18702
ENST00000377906.2	55	4404	4349
ENST00000377908.6	3	500701	500698
ENST00000377918.8	803	97020	96217
ENST00000377919.6	3167	24178	21011
ENST00000377921.7	2786	227293	224507
ENST00000377924.6	13792	17822	4030
ENST00000377928.7	3	263288	263285
ENST00000377930.1	387	2731	2344
ENST00000377931.1	387	2731	2344
ENST00000377934.4	1892	39059	37167
ENST00000377938.4	42	6733	6691
ENST00000377939.5	417	15170	14753
ENST00000377940.3	139	9531	9392
ENST00000377942.7	1674	8754	7080
ENST00000377943.9	1742	11710	9968
ENST00000377944.7	509	99934	99425
ENST00000377945.7	509	99962	99453
ENST00000377950.8	1667	7201	5534
ENST00000377952.6	509	99702	99193
ENST00000377953.4	73	715	642
ENST00000377954.3	0	2026	2026
ENST00000377957.4	4790	6186	1396
ENST00000377958.6	509	100101	99592
ENST00000377959.5	37	26157	26120
ENST00000377960.9	46	26243	26197
ENST00000377961.3	189	49934	49745
ENST00000377962.8	334	37432	37098
ENST00000377966.4	86	89021	88935
ENST00000377967.9	364	242394	242030
ENST00000377970.6	2179	6186	4007
ENST00000377973.4	275	22789	22514
ENST00000377976.3	1215	15188	13973
ENST00000377978.3	0	3739	3739
ENST00000377981.4	3	1873	1870
ENST00000377982.8	73	42081	42008
ENST00000377984.2	0	7717	7717
ENST00000377988.6	12941	25747	12806
ENST00000377990.7	13029	28552	15523
ENST00000377991.9	13207	26013	12806
ENST00000377996.5	27988	33748	5760
ENST00000377999.5	23947	26983	3036
ENST00000378000.5	47401	75312	27911
ENST00000378011.8	1683	17691	16008
ENST00000378012.3	0	2286	2286
ENST00000378017.7	2205	179341	177136
ENST00000378023.8	238	38192	37954
ENST00000378024.9	845	37863	37018
ENST00000378026.5	1146	11774	10628
ENST00000378034.7	118	11508	11390
ENST00000378036.5	825	18444	17619
ENST00000378037.9	90	21711	21621
ENST00000378043.9	1456	15513	14057
ENST00000378045.5	562	19653	19091
ENST00000378046.5	1924	21220	19296
ENST00000378052.5	163	26271	26108
ENST00000378053.3	2572	6464	3892
ENST00000378054.6	1834	10826	8992
ENST00000378059.3	381	7556	7175
ENST00000378060.9	3227	39132	35905
ENST00000378061.7	831	25681	24850
ENST00000378069.5	859	117234	116375
ENST00000378072.5	85	142838	142753
ENST00000378073.5	45172	52478	7306
ENST00000378075.4	250	2000	1750
ENST00000378076.4	3207	208976	205769
ENST00000378078.5	469	4749	4280
ENST00000378079.3	746	27939	27193
ENST00000378081.9	62	30225	30163
ENST00000378083.8	5649	53913	48264
ENST00000378088.1	773	1899	1126
ENST00000378090.9	1332	6755	5423
ENST00000378092.6	5589	64677	59088
ENST00000378094.4	612	14451	13839
ENST00000378096.3	0	3344	3344
ENST00000378097.6	48307	107395	59088
ENST00000378098.8	154460	383377	228917
ENST00000378099.7	1598	384227	382629
ENST00000378102.3	44	14400	14356
ENST00000378103.7	306	14602	14296
ENST00000378105.4	114	5050	4936
ENST00000378106.10	41	33203	33162
ENST00000378111.6	49249	99590	50341
ENST00000378113.7	156	177546	177390
ENST00000378115.3	849	3751	2902
ENST00000378116.9	1275	162071	160796
ENST00000378119.9	1279	14489	13210
ENST00000378122.4	724	5774	5050
ENST00000378123.4	135	5017	4882
ENST00000378126.4	134	4950	4816
ENST00000378131.4	108	1318	1210
ENST00000378132.2	113	5055	4942
ENST00000378133.4	155	4995	4840
ENST00000378138.5	6628	8912	2284
ENST00000378142.9	6661	8945	2284
ENST00000378149.9	54	10336	10282
ENST00000378150.1	904	61678	60774
ENST00000378152.8	98	25857	25759
ENST00000378154.3	869	406135	405266
ENST00000378156.9	457	127727	127270
ENST00000378158.6	874	406138	405264
ENST00000378163.7	5489	410805	405316
ENST00000378164.7	1153	105361	104208
ENST00000378165.9	3428	64324	60896
ENST00000378166.9	526	405742	405216
ENST00000378168.8	5489	410808	405319
ENST00000378169.7	84874	123804	38930
ENST00000378182.4	14899	17339	2440
ENST00000378183.8	15438	17036	1598
ENST00000378185.6	2671	27491	24820
ENST00000378186.7	2692	27631	24939
ENST00000378187.3	14	1453	1439
ENST00000378190.7	694	120992	120298
ENST00000378191.5	817	121115	120298
ENST00000378195.6	2360	23996	21636
ENST00000378197.5	5960	7656	1696
ENST00000378198.9	812	17962	17150
ENST00000378201.6	6100	9273	3173
ENST00000378202.5	5984	7680	1696
ENST00000378203.5	6135	7831	1696
ENST00000378204.7	5225	318783	313558
ENST00000378206.5	87	1564	1477
ENST00000378209.8	128	27269	27141
ENST00000378214.8	3061	60192	57131
ENST00000378215.8	132	44432	44300
ENST00000378217.3	3326	30209	26883
ENST00000378220.3	562	28979	28417
ENST00000378223.3	49	10024	9975
ENST00000378225.5	3362	18389	15027
ENST00000378226.7	383	7332	6949
ENST00000378228.8	3346	30071	26725
ENST00000378230.8	3319	43075	39756
ENST00000378237.7	11193	230559	219366
ENST00000378238.5	3996	192587	188591
ENST00000378239.5	131	32160	32029
ENST00000378240.1	30	6461	6431
ENST00000378241.6	42998	49558	6560
ENST00000378244.6	48864	64284	15420
ENST00000378246.6	27668	46450	18782
ENST00000378247.8	76	43921	43845
ENST00000378249.5	37017	45948	8931
ENST00000378251.3	2532	19659	17127
ENST00000378254.5	37388	46004	8616
ENST00000378255.5	37388	46004	8616
ENST00000378258.5	39438	45998	6560
ENST00000378262.7	709	53185	52476
ENST00000378268.1	185	23707	23522
ENST00000378270.5	240	30894	30654
ENST00000378272.9	436	30989	30553
ENST00000378278.7	3798	51459	47661
ENST00000378279.4	37	4954	4917
ENST00000378280.5	234	42148	41914
ENST00000378284.6	1183	31099	29916
ENST00000378285.5	234	43426	43192
ENST00000378288.8	234	44153	43919
ENST00000378289.8	1808	57939	56131
ENST00000378290.4	9518	36702	27184
ENST00000378292.9	91	8667	8576
ENST00000378295.9	29850	82455	52605
ENST00000378302.7	2179	36915	34736
ENST00000378307.9	67	8801	8734
ENST00000378308.7	38184	154694	116510
ENST00000378312.8	16	28406	28390
ENST00000378313.7	1575	9989	8414
ENST00000378319.8	49	33692	33643
ENST00000378322.7	634	20526	19892
ENST00000378323.8	583	18398	17815
ENST00000378324.6	2294	18226	15932
ENST00000378325.7	26	24330	24304
ENST00000378330.7	851	57367	56516
ENST00000378331.5	69	18262	18193
ENST00000378332.7	26911	30461	3550
ENST00000378339.7	152	7445	7293
ENST00000378344.7	58	4396	4338
ENST00000378345.8	8835	61231	52396
ENST00000378353.5	93	21313	21220
ENST00000378357.9	32	8460	8428
ENST00000378362.3	589	23142	22553
ENST00000378364.8	362	3095	2733
ENST00000378371.6	2465	14866	12401
ENST00000378372.8	97	34810	34713
ENST00000378373.5	3431	15832	12401
ENST00000378378.9	8420	28032	19612
ENST00000378380.4	3253	22927	19674
ENST00000378383.5	30122	170838	140716
ENST00000378386.8	111	22073	21962
ENST00000378387.4	2647	6822	4175
ENST00000378391.6	63	368365	368302
ENST00000378392.6	3315	22989	19674
ENST00000378396.1	0	1966	1966
ENST00000378397.1	0	1864	1864
ENST00000378402.10	120	180277	180157
ENST00000378404.4	220	2480	2260
ENST00000378406.5	66	2741	2675
ENST00000378407.7	76	2888	2812
ENST00000378409.7	90	3656	3566
ENST00000378412.8	354	41159	40805
ENST00000378421.1	681	9781	9100
ENST00000378423.5	2076	109088	107012
ENST00000378424.9	106	3227	3121
ENST00000378425.9	46	3244	3198
ENST00000378426.5	3697	12797	9100
ENST00000378427.6	88	3155	3067
ENST00000378428.3	0	19690	19690
ENST00000378429.3	2076	109088	107012
ENST00000378430.3	139	1721	1582
ENST00000378431.5	425	2486	2061
ENST00000378434.8	347	2409	2062
ENST00000378438.9	108	25832	25724
ENST00000378442.5	733	6560	5827
ENST00000378444.9	861	31929	31068
ENST00000378445.8	0	34087	34087
ENST00000378450.6	2977	34211	31234
ENST00000378453.4	727	1914	1187
ENST00000378454.8	2978	187413	184435
ENST00000378455.8	866	31779	30913
ENST00000378458.6	342	9998	9656
ENST00000378459.7	3	154211	154208
ENST00000378460.7	990	74370	73380
ENST00000378462.5	120	9776	9656
ENST00000378465.7	398	10054	9656
ENST00000378466.9	313	20350	20037
ENST00000378467.8	1680	11336	9656
ENST00000378470.5	2636	12292	9656
ENST00000378473.9	238728	413500	174772
ENST00000378474.3	3493	4589	1096
ENST00000378475.1	11	7291	7280
ENST00000378477.2	8088	20152	12064
ENST00000378478.5	8142	20340	12198
ENST00000378482.7	5	126862	126857
ENST00000378486.8	300	33147	32847
ENST00000378491.9	8113	20311	12198
ENST00000378493.6	239010	413671	174661
ENST00000378494.8	61	411121	411060
ENST00000378495.7	222	246702	246480
ENST00000378501.3	239990	414727	174737
ENST00000378509.9	5504	28402	22898
ENST00000378511.7	286	40624	40338
ENST00000378512.5	3901	10958	7057
ENST00000378513.7	4016	10864	6848
ENST00000378518.5	3963	10811	6848
ENST00000378520.7	291	40617	40326
ENST00000378525.2	1170	13940	12770
ENST00000378526.9	2494	26999	24505
ENST00000378529.7	276	37397	37121
ENST00000378531.8	133	71757	71624
ENST00000378533.4	375	72835	72460
ENST00000378536.5	448	80620	80172
ENST00000378538.8	370	24298	23928
ENST00000378539.5	61	25498	25437
ENST00000378543.2	232	5534	5302
ENST00000378546.9	164	5737	5573
ENST00000378549.5	158	28494	28336
ENST00000378551.6	32323	64621	32298
ENST00000378553.10	133	34693	34560
ENST00000378555.8	4043	57753	53710
ENST00000378557.1	1082	5739	4657
ENST00000378560.8	331	31389	31058
ENST00000378561.5	1101	5758	4657
ENST00000378566.5	1112	3451	2339
ENST00000378567.8	220	136353	136133
ENST00000378569.2	70	1872	1802
ENST00000378572.8	122	44388	44266
ENST00000378576.9	9027	19577	10550
ENST00000378578.9	1742	9017	7275
ENST00000378581.7	460	11203	10743
ENST00000378585.7	79	12281	12202
ENST00000378586.5	174	14103	13929
ENST00000378587.3	0	29374	29374
ENST00000378588.5	19	32552	32533
ENST00000378590.4	165	3239	3074
ENST00000378595.7	284	48060	47776
ENST00000378598.4	111	1782	1671
ENST00000378600.7	0	24417	24417
ENST00000378601.7	145	21033	20888
ENST00000378602.3	295	1546	1251
ENST00000378603.7	0	24789	24789
ENST00000378604.3	173	2569	2396
ENST00000378605.3	391	59829	59438
ENST00000378609.9	2048	41178	39130
ENST00000378610.1	10	686418	686408
ENST00000378611.8	577	11619	11042
ENST00000378614.8	1065	27826	26761
ENST00000378615.7	28	225859	225831
ENST00000378616.5	171	43997	43826
ENST00000378617.4	407	10134	9727
ENST00000378618.6	52	228464	228412
ENST00000378619.4	210	105404	105194
ENST00000378621.7	302	98018	97716
ENST00000378623.6	2269	67339	65070
ENST00000378625.5	1675	15934	14259
ENST00000378626.5	61	2928	2867
ENST00000378628.9	56886	104905	48019
ENST00000378633.5	29	22267	22238
ENST00000378634.6	271	7461	7190
ENST00000378637.6	3	672989	672986
ENST00000378638.6	29	21934	21905
ENST00000378641.7	514	673500	672986
ENST00000378643.8	272	7537	7265
ENST00000378644.5	44	14235	14191
ENST00000378653.8	66	474766	474700
ENST00000378661.4	412	2714	2302
ENST00000378665.1	236	1177	941
ENST00000378667.1	252	1193	941
ENST00000378669.5	1884	12162	10278
ENST00000378670.8	240	1181	941
ENST00000378673.2	411	4712	4301
ENST00000378675.7	40	3515	3475
ENST00000378676.1	3	5687	5684
ENST00000378677.6	2694	2019901	2017207
ENST00000378679.8	658	6548	5890
ENST00000378680.6	163	146718	146555
ENST00000378681.8	340	12901	12561
ENST00000378685.8	50	27705	27655
ENST00000378692.7	19420	40763	21343
ENST00000378693.4	320	3612	3292
ENST00000378694.1	75	47576	47501
ENST00000378695.9	59	36223	36164
ENST00000378697.5	84	16507	16423
ENST00000378699.6	681	7346	6665
ENST00000378700.8	385	1736	1351
ENST00000378701.5	373	20303	19930
ENST00000378702.8	738	147478	146740
ENST00000378705.3	0	37720	37720
ENST00000378706.5	2671	22084	19413
ENST00000378707.7	2694	658539	655845
ENST00000378708.5	5893	15707	9814
ENST00000378712.5	7548	16636	9088
ENST00000378714.8	2645	50352	47707
ENST00000378719.7	1200	27757	26557
ENST00000378720.8	163	20995	20832
ENST00000378721.8	242	24328	24086
ENST00000378723.7	2617	149498	146881
ENST00000378727.8	21044	43834	22790
ENST00000378731.6	70	6642	6572
ENST00000378733.9	584	6083	5499
ENST00000378735.5	1007	43877	42870
ENST00000378740.6	44	6151	6107
ENST00000378743.9	832	59943	59111
ENST00000378745.3	42	2055	2013
ENST00000378746.8	4009	46871	42862
ENST00000378747.8	8960	38418	29458
ENST00000378748.7	8950	38408	29458
ENST00000378750.10	594	9145	8551
ENST00000378752.7	8950	38390	29440
ENST00000378755.9	94	23780	23686
ENST00000378756.8	107	23649	23542
ENST00000378757.6	8954	38412	29458
ENST00000378763.1	1197	3667	2470
ENST00000378764.6	9520	38960	29440
ENST00000378778.5	1113	117861	116748
ENST00000378781.7	1388	37455	36067
ENST00000378784.8	424	36760	36336
ENST00000378785.7	995	20059	19064
ENST00000378787.7	351	31404	31053
ENST00000378788.4	182	10375	10193
ENST00000378789.4	611	58539	57928
ENST00000378792.1	224	1160	936
ENST00000378795.9	1045	17087	16042
ENST00000378797.6	1388	27552	26164
ENST00000378798.9	20088	33254	13166
ENST00000378799.11	20110	33368	13258
ENST00000378800.3	37	1591	1554
ENST00000378802.5	257	20635	20378
ENST00000378803.6	622	51922	51300
ENST00000378805.7	1087	56504	55417
ENST00000378809.8	447	63354	62907
ENST00000378814.9	1677	233489	231812
ENST00000378815.10	16547	57479	40932
ENST00000378818.2	0	977	977
ENST00000378821.4	257	2400	2143
ENST00000378823.8	348	89295	88947
ENST00000378825.5	1794	105752	103958
ENST00000378826.6	418	229040	228622
ENST00000378827.5	2441	12586	10145
ENST00000378832.1	56	13626	13570
ENST00000378839.1	1792	102317	100525
ENST00000378842.8	30	4897	4867
ENST00000378843.6	418	229002	228584
ENST00000378845.5	86	477050	476964
ENST00000378850.5	3158	24307	21149
ENST00000378852.7	125	31947	31822
ENST00000378853.3	67	1613	1546
ENST00000378856.8	57853	58945	1092
ENST00000378858.5	479	14469	13990
ENST00000378860.8	91	20008	19917
ENST00000378861.9	911	31530	30619
ENST00000378863.9	124	31928	31804
ENST00000378867.7	25117	87824	62707
ENST00000378868.4	150	30502	30352
ENST00000378875.8	173	4985	4812
ENST00000378879.7	1285	42991	41706
ENST00000378883.5	1364	46098	44734
ENST00000378886.6	1364	46358	44994
ENST00000378887.4	87	775	688
ENST00000378888.10	867	15857	14990
ENST00000378891.9	869	15784	14915
ENST00000378892.5	913	2981	2068
ENST00000378895.9	663	6289	5626
ENST00000378896.7	1364	46238	44874
ENST00000378900.6	23	54984	54961
ENST00000378904.4	702	1486	784
ENST00000378905.6	9873	57545	47672
ENST00000378909.4	412	8194	7782
ENST00000378910.10	1145	30159	29014
ENST00000378911.3	0	3272	3272
ENST00000378912.6	8596	28329	19733
ENST00000378913.6	508	6698	6190
ENST00000378915.7	999	40952	39953
ENST00000378916.8	240	7387	7147
ENST00000378919.6	201	33511	33310
ENST00000378927.7	624	16592	15968
ENST00000378930.7	3987	34274	30287
ENST00000378932.6	1099	31303	30204
ENST00000378933.5	3988	34275	30287
ENST00000378937.7	129	19401	19272
ENST00000378938.1	0	671	671
ENST00000378940.7	427	17118	16691
ENST00000378941.4	0	24821	24821
ENST00000378943.7	179	77019	76840
ENST00000378944.9	3517	16263	12746
ENST00000378945.7	60	76814	76754
ENST00000378946.7	179	76950	76771
ENST00000378954.9	2043	85042	82999
ENST00000378959.9	313	1289	976
ENST00000378961.9	124	15562	15438
ENST00000378962.4	644	2448	1804
ENST00000378963.1	150	3117	2967
ENST00000378966.3	416	12475	12059
ENST00000378970.5	376	6565	6189
ENST00000378975.8	195	3401	3206
ENST00000378976.5	370	5458	5088
ENST00000378979.8	22473	22930	457
ENST00000378980.8	730	18657	17927
ENST00000378981.8	6779	8859	2080
ENST00000378982.4	136	2210	2074
ENST00000378985.7	43202	46610	3408
ENST00000378988.5	3018	4930	1912
ENST00000378990.6	27911	164136	136225
ENST00000378993.6	201898	1370449	1168551
ENST00000379011.5	171	3056	2885
ENST00000379013.6	0	11883	11883
ENST00000379016.7	28828	99545	70717
ENST00000379017.7	55	24543	24488
ENST00000379018.7	28	15117	15089
ENST00000379019.7	3225	61970	58745
ENST00000379020.8	61	35943	35882
ENST00000379023.8	716	3565	2849
ENST00000379024.8	1796	95496	93700
ENST00000379026.6	716	4209	3493
ENST00000379028.8	2264	96297	94033
ENST00000379031.10	47	3680	3633
ENST00000379033.7	147	36161	36014
ENST00000379034.1	1407	3847	2440
ENST00000379044.5	979	13724	12745
ENST00000379046.6	252	16415	16163
ENST00000379047.7	1578	17753	16175
ENST00000379051.5	151	26158	26007
ENST00000379052.10	221	11459	11238
ENST00000379055.5	1358	3293	1935
ENST00000379056.5	1787	3722	1935
ENST00000379059.7	15	306349	306334
ENST00000379060.8	1462	4055	2593
ENST00000379066.5	2678	68674	65996
ENST00000379068.8	44	306396	306352
ENST00000379071.4	133	3662	3529
ENST00000379073.9	35337	52406	17069
ENST00000379077.9	29801	48547	18746
ENST00000379078.1	10	56474	56464
ENST00000379079.8	1286	43660	42374
ENST00000379080.5	2783	60586	57803
ENST00000379081.5	2783	60538	57755
ENST00000379083.7	28340	29196	856
ENST00000379084.5	109	60561	60452
ENST00000379086.5	403	27601	27198
ENST00000379087.5	2783	60568	57785
ENST00000379089.5	2783	60619	57836
ENST00000379090.9	2321	10512	8191
ENST00000379091.8	165	35637	35472
ENST00000379095.5	41	6983	6942
ENST00000379096.9	3374	137244	133870
ENST00000379097.7	1528	44528	43000
ENST00000379099.3	0	4750	4750
ENST00000379100.7	400	27598	27198
ENST00000379101.8	190	7439	7249
ENST00000379102.8	1118	4567	3449
ENST00000379103.7	1162	4611	3449
ENST00000379104.7	2866	30070	27204
ENST00000379107.7	743	18514	17771
ENST00000379108.2	938	2490	1552
ENST00000379109.7	1026	18756	17730
ENST00000379111.7	0	17712	17712
ENST00000379113.6	942	72489	71547
ENST00000379115.9	0	16681	16681
ENST00000379116.10	226	13559	13333
ENST00000379117.6	318	38621	38303
ENST00000379123.10	0	11699	11699
ENST00000379124.5	60	2904	2844
ENST00000379126.7	60	2745	2685
ENST00000379127.1	60	2904	2844
ENST00000379129.7	1025	18796	17771
ENST00000379132.8	1029	18759	17730
ENST00000379133.7	630	2794	2164
ENST00000379134.7	0	10788	10788
ENST00000379141.8	426	50491	50065
ENST00000379142.3	0	1242	1242
ENST00000379143.10	333	5622	5289
ENST00000379144.7	4209	90117	85908
ENST00000379145.5	4209	115590	111381
ENST00000379151.9	117	39474	39357
ENST00000379152.7	10179	27382	17203
ENST00000379153.4	40	18071	18031
ENST00000379155.9	9534	14370	4836
ENST00000379158.7	9471	14307	4836
ENST00000379160.3	333	5622	5289
ENST00000379161.5	1960	51662	49702
ENST00000379162.9	170	69990	69820
ENST00000379163.10	26	275193	275167
ENST00000379164.8	1851	730020	728169
ENST00000379170.9	4255	28940	24685
ENST00000379174.7	2002	62658	60656
ENST00000379177.5	22998	64036	41038
ENST00000379179.8	202	23677	23475
ENST00000379186.8	41877	73809	31932
ENST00000379188.7	23019	64173	41154
ENST00000379198.5	42	2014	1972
ENST00000379200.1	43	1475	1432
ENST00000379204.2	116	1406	1290
ENST00000379205.5	2941	5463	2522
ENST00000379211.8	2297	32282	29985
ENST00000379214.9	1909	109176	107267
ENST00000379215.9	195	22063	21868
ENST00000379221.4	41	84103	84062
ENST00000379224.10	3697	20398	16701
ENST00000379226.9	6992	74935	67943
ENST00000379236.4	218	3611	3393
ENST00000379237.6	1934	115707	113773
ENST00000379238.7	814	98784	97970
ENST00000379239.9	778	98609	97831
ENST00000379240.5	303	42362	42059
ENST00000379241.7	19505	119447	99942
ENST00000379242.8	19664	119715	100051
ENST00000379244.5	330	42389	42059
ENST00000379245.8	908	47015	46107
ENST00000379246.5	332	60118	59786
ENST00000379248.6	339	5802	5463
ENST00000379250.10	9527	17441	7914
ENST00000379254.5	179	3104	2925
ENST00000379255.5	339	42174	41835
ENST00000379257.7	3063	21519	18456
ENST00000379262.8	9510	30803	21293
ENST00000379263.8	283	34179	33896
ENST00000379265.5	3	3424	3421
ENST00000379268.7	339	3781	3442
ENST00000379270.5	179	3187	3008
ENST00000379274.6	8738	192575	183837
ENST00000379276.4	0	3462	3462
ENST00000379277.6	954	9947	8993
ENST00000379279.6	954	9947	8993
ENST00000379283.6	954	9947	8993
ENST00000379284.1	6916	8636	1720
ENST00000379286.6	954	9947	8993
ENST00000379287.4	6916	130228	123312
ENST00000379288.3	357	6646	6289
ENST00000379289.6	5336	25970	20634
ENST00000379290.6	5336	25970	20634
ENST00000379291.5	0	10588	10588
ENST00000379295.5	213	28411	28198
ENST00000379299.6	954	9947	8993
ENST00000379300.8	153	22819	22666
ENST00000379303.10	2842	43417	40575
ENST00000379305.7	242416	261715	19299
ENST00000379307.6	150	22736	22586
ENST00000379310.8	1365	399850	398485
ENST00000379312.7	9630	21291	11661
ENST00000379316.3	5	6128	6123
ENST00000379319.5	196	9429	9233
ENST00000379320.5	661	10332	9671
ENST00000379325.7	2199	10279	8080
ENST00000379328.9	968	20659	19691
ENST00000379331.3	20	8192	8172
ENST00000379333.5	4619	82141	77522
ENST00000379335.8	47	14772	14725
ENST00000379339.5	1078	10856	9778
ENST00000379340.9	29135	34943	5808
ENST00000379341.9	78	19645	19567
ENST00000379343.6	37	56334	56297
ENST00000379344.8	513	12825	12312
ENST00000379349.5	258	15578	15320
ENST00000379358.7	2878	15726	12848
ENST00000379359.4	158	13338	13180
ENST00000379361.5	27	61994	61967
ENST00000379370.7	53	40957	40904
ENST00000379374.5	681	217850	217169
ENST00000379375.6	269	6334	6065
ENST00000379376.2	4250	21972	17722
ENST00000379378.8	73	7194	7121
ENST00000379380.9	77	28961	28884
ENST00000379383.7	541	96309	95768
ENST00000379384.9	33	12429	12396
ENST00000379387.8	449	58116	57667
ENST00000379388.7	3317	160292	156975
ENST00000379390.10	109	20426	20317
ENST00000379391.7	4239	24207	19968
ENST00000379400.8	4253	21975	17722
ENST00000379403.2	793	50339	49546
ENST00000379404.5	110	54563	54453
ENST00000379405.4	13	4352	4339
ENST00000379406.8	262	66904	66642
ENST00000379407.7	30	9783	9753
ENST00000379409.6	30	10044	10014
ENST00000379410.8	50	9907	9857
ENST00000379411.6	2372	6092	3720
ENST00000379412.9	270	12075	11805
ENST00000379415.6	0	43693	43693
ENST00000379416.4	1640	84308	82668
ENST00000379419.8	914	71917	71003
ENST00000379423.3	29	5794	5765
ENST00000379426.2	529	38202	37673
ENST00000379433.5	2676	34726	32050
ENST00000379435.5	0	996	996
ENST00000379439.3	64	44383	44319
ENST00000379440.9	12765	14281	1516
ENST00000379441.7	3025	46184	43159
ENST00000379442.7	0	65429	65429
ENST00000379445.8	8440	8924	484
ENST00000379446.10	1867	51712	49845
ENST00000379448.9	4249	180887	176638
ENST00000379449.11	819	39716	38897
ENST00000379453.6	896	30041	29145
ENST00000379454.9	2806	216064	213258
ENST00000379458.9	91	27582	27491
ENST00000379460.6	3346	17353	14007
ENST00000379463.6	132	26698	26566
ENST00000379470.5	1215	3245	2030
ENST00000379471.3	730	15391	14661
ENST00000379472.4	1229	39384	38155
ENST00000379477.5	143	45258	45115
ENST00000379480.9	749	45864	45115
ENST00000379483.4	2372	6474	4102
ENST00000379484.10	118	44581	44463
ENST00000379485.2	2921	6963	4042
ENST00000379486.6	160	9250	9090
ENST00000379487.5	165	22520	22355
ENST00000379491.5	775	10083	9308
ENST00000379494.4	31588	48573	16985
ENST00000379499.3	1167	5029	3862
ENST00000379500.7	75	13413	13338
ENST00000379504.8	4127	130308	126181
ENST00000379506.7	277	10637	10360
ENST00000379507.7	1829	13056	11227
ENST00000379509.8	78345	194493	116148
ENST00000379510.5	480	281180	280700
ENST00000379516.7	24	56107	56083
ENST00000379519.7	9711	12260	2549
ENST00000379520.7	9711	12260	2549
ENST00000379527.6	362	3450	3088
ENST00000379530.7	1435	8940	7505
ENST00000379535.8	30074	87609	57535
ENST00000379540.8	57	82795	82738
ENST00000379542.10	1441	9047	7606
ENST00000379549.7	1107	27817	26710
ENST00000379550.5	1269	81755	80486
ENST00000379551.2	16880	223223	206343
ENST00000379554.7	46	135337	135291
ENST00000379555.7	210	6315	6105
ENST00000379556.8	34252	132698	98446
ENST00000379558.5	13537	73830	60293
ENST00000379561.6	3859	112508	108649
ENST00000379562.9	5121	38137	33016
ENST00000379565.9	5490	118919	113429
ENST00000379567.6	1582	4356	2774
ENST00000379568.4	14	15643	15629
ENST00000379573.6	1587	3519	1932
ENST00000379579.8	5196	40052	34856
ENST00000379586.5	37	15744	15707
ENST00000379587.4	35	48716	48681
ENST00000379589.4	1047	258921	257874
ENST00000379593.1	231	13904	13673
ENST00000379594.7	9005	10229	1224
ENST00000379595.7	443	43266	42823
ENST00000379597.7	556	99451	98895
ENST00000379598.9	360	19638	19278
ENST00000379599.6	249	10366	10117
ENST00000379600.8	184	10501	10317
ENST00000379607.10	3784	17540	13756
ENST00000379608.9	1743	16205	14462
ENST00000379611.10	689	30930	30241
ENST00000379613.10	1743	19624	17881
ENST00000379615.3	3	51342	51339
ENST00000379617.2	630	3095	2465
ENST00000379618.6	4	9113	9109
ENST00000379619.5	8	20593	20585
ENST00000379624.6	3828	448919	445091
ENST00000379629.7	12	339616	339604
ENST00000379631.9	903	25662	24759
ENST00000379632.6	3764	420445	416681
ENST00000379638.9	2404	46367	43963
ENST00000379643.10	4093	112469	108376
ENST00000379644.9	33	60989	60956
ENST00000379645.8	5258	79950	74692
ENST00000379649.5	264	11228	10964
ENST00000379651.7	4093	112347	108254
ENST00000379655.8	670	42507	41837
ENST00000379656.7	183	13029	12846
ENST00000379660.4	484	22512	22028
ENST00000379661.8	1474	23119	21645
ENST00000379663.7	105	16888	16783
ENST00000379665.3	0	1870	1870
ENST00000379666.7	61	7995	7934
ENST00000379668.3	39	1909	1870
ENST00000379671.7	2112	27161	25049
ENST00000379672.10	341	203103	202762
ENST00000379673.2	41	148942	148901
ENST00000379679.5	63	148893	148830
ENST00000379682.9	4448	59526	55078
ENST00000379687.8	4448	59439	54991
ENST00000379692.9	654	11925	11271
ENST00000379695.5	360	5460	5100
ENST00000379698.8	727	265858	265131
ENST00000379704.7	196	9986	9790
ENST00000379705.8	4843	154191	149348
ENST00000379706.4	269	2944	2675
ENST00000379707.7	3965	9755	5790
ENST00000379709.7	2	14278	14276
ENST00000379711.2	148	34232	34084
ENST00000379713.8	1660	98279	96619
ENST00000379715.10	498	23644	23146
ENST00000379716.5	2413	138134	135721
ENST00000379717.5	83	40112	40029
ENST00000379719.8	112	63628	63516
ENST00000379721.4	42	8555	8513
ENST00000379724.3	3545	9468	5923
ENST00000379725.5	2614	30426	27812
ENST00000379726.8	2400	355397	352997
ENST00000379727.8	950	5085	4135
ENST00000379730.7	14991	164442	149451
ENST00000379731.5	2815	57715	54900
ENST00000379742.4	702	38408	37706
ENST00000379743.8	745	38540	37795
ENST00000379747.9	751	38626	37875
ENST00000379749.8	751	38543	37792
ENST00000379751.5	836	4428	3592
ENST00000379756.3	711	4484	3773
ENST00000379757.9	1630	30545	28915
ENST00000379772.4	553	7109	6556
ENST00000379773.6	146	305297	305151
ENST00000379774.5	7333	14570	7237
ENST00000379775.9	329	31552	31223
ENST00000379780.6	57	23024	22967
ENST00000379785.5	395	29998	29603
ENST00000379786.8	953	4585	3632
ENST00000379789.8	64	89490	89426
ENST00000379791.7	0	8960	8960
ENST00000379792.6	85	12218	12133
ENST00000379799.7	0	81504	81504
ENST00000379800.4	987	3007	2020
ENST00000379802.8	245	52793	52548
ENST00000379803.5	14	52783	52769
ENST00000379805.4	111	9811	9700
ENST00000379807.7	1410	129043	127633
ENST00000379811.4	152	1446	1294
ENST00000379813.7	105	29209	29104
ENST00000379817.7	885	18294	17409
ENST00000379818.4	73	1360	1287
ENST00000379819.6	748	18157	17409
ENST00000379825.7	1081	18154	17073
ENST00000379826.5	3848	36253	32405
ENST00000379829.2	23	1911	1888
ENST00000379834.7	195	29317	29122
ENST00000379845.3	3206	45424	42218
ENST00000379846.5	820	16804	15984
ENST00000379847.8	878	20439	19561
ENST00000379850.7	824	24445	23621
ENST00000379852.8	4643	14766	10123
ENST00000379853.6	1128	96171	95043
ENST00000379858.1	564	14548	13984
ENST00000379859.7	53	12470	12417
ENST00000379861.8	996	16448	15452
ENST00000379862.6	34	52646	52612
ENST00000379863.7	4621	14767	10146
ENST00000379864.6	5196	61881	56685
ENST00000379866.5	42	147482	147440
ENST00000379868.6	1823	73487	71664
ENST00000379869.8	1560	82551	80991
ENST00000379873.6	1558	82397	80839
ENST00000379876.5	1558	82479	80921
ENST00000379878.7	1558	82502	80944
ENST00000379881.8	820	47573	46753
ENST00000379883.3	1823	73621	71798
ENST00000379887.9	310	110616	110306
ENST00000379888.9	8032	27711	19679
ENST00000379892.4	800	277297	276497
ENST00000379893.5	3199	85475	82276
ENST00000379902.7	7323	20742	13419
ENST00000379904.8	3180	43824	40644
ENST00000379906.6	255	47740	47485
ENST00000379907.9	42	179398	179356
ENST00000379915.4	35903	91920	56017
ENST00000379917.7	38	94970	94932
ENST00000379918.8	202	62952	62750
ENST00000379919.6	1273	3425	2152
ENST00000379923.5	20887	68135	47248
ENST00000379933.7	74315	146420	72105
ENST00000379936.3	118	7036	6918
ENST00000379937.6	1268	93276	92008
ENST00000379938.7	73951	146220	72269
ENST00000379939.7	551	737560	737009
ENST00000379942.5	1190	95306	94116
ENST00000379946.2	3	1945	1942
ENST00000379951.6	1130	121370	120240
ENST00000379953.6	627	66997	66370
ENST00000379954.5	804	50673	49869
ENST00000379957.9	1508	23258	21750
ENST00000379958.3	1813	11345	9532
ENST00000379959.8	2186	52270	50084
ENST00000379960.9	38	22652	22614
ENST00000379962.4	202	119692	119490
ENST00000379965.8	6443	21342	14899
ENST00000379971.5	111	24797	24686
ENST00000379977.8	714	25902	25188
ENST00000379979.8	2545	9007	6462
ENST00000379980.8	1600	154953	153353
ENST00000379982.8	347	63656	63309
ENST00000379983.6	257	49303	49046
ENST00000379984.4	2319	33046	30727
ENST00000379987.7	182	75199	75017
ENST00000379989.6	64909	214423	149514
ENST00000379992.6	776	4410	3634
ENST00000379995.1	35	6233	6198
ENST00000379996.7	81514	231028	149514
ENST00000379997.7	1083	7281	6198
ENST00000379999.6	104	46151	46047
ENST00000380003.8	1693	22007	20314
ENST00000380005.9	5495	10154	4659
ENST00000380006.2	1052	2742	1690
ENST00000380007.3	189	2791	2602
ENST00000380009.9	178	50022	49844
ENST00000380010.8	264	24706	24442
ENST00000380013.9	87067	135637	48570
ENST00000380025.8	8372	31844	23472
ENST00000380026.8	876	100663	99787
ENST00000380027.5	528	17585	17057
ENST00000380030.4	3	51699	51696
ENST00000380031.2	263	5299	5036
ENST00000380032.8	72	13275	13203
ENST00000380033.9	2081	60202	58121
ENST00000380034.8	1617	18454	16837
ENST00000380035.3	94	11210	11116
ENST00000380036.10	366	123353	122987
ENST00000380038.7	25362	57527	32165
ENST00000380041.8	6694	16876	10182
ENST00000380043.7	6718	16820	10102
ENST00000380044.6	423	13546	13123
ENST00000380045.7	12486	16542	4056
ENST00000380050.8	307	523249	522942
ENST00000380051.7	364	10366	10002
ENST00000380055.6	2388	7664	5276
ENST00000380056.7	373	12916	12543
ENST00000380058.7	35	25820	25785
ENST00000380059.7	373	13381	13008
ENST00000380060.7	338	361923	361585
ENST00000380062.10	5556	108102	102546
ENST00000380067.6	1855	7922	6067
ENST00000380069.7	76	12231	12155
ENST00000380071.8	30	19202	19172
ENST00000380075.7	303	25175	24872
ENST00000380079.9	8509	14750	6241
ENST00000380084.8	384	26382	25998
ENST00000380087.7	697	26975	26278
ENST00000380092.8	46	12343	12297
ENST00000380094.10	16517	28814	12297
ENST00000380095.2	62	1566	1504
ENST00000380097.8	261	16242	15981
ENST00000380099.4	18	50791	50773
ENST00000380103.4	6156	24036	17880
ENST00000380107.5	7184	16588	9404
ENST00000380110.8	2456	76136	73680
ENST00000380113.8	54	14535	14481
ENST00000380117.5	749	71494	70745
ENST00000380118.8	171	21026	20855
ENST00000380120.6	14797	20310	5513
ENST00000380122.10	22	56871	56849
ENST00000380125.6	184	19061	18877
ENST00000380127.5	0	26364	26364
ENST00000380130.7	2222	28083	25861
ENST00000380133.6	1129	26990	25861
ENST00000380135.7	13	10112	10099
ENST00000380138.3	2822	445174	442352
ENST00000380139.8	2424	27873	25449
ENST00000380142.5	3972	4438	466
ENST00000380148.6	32	926	894
ENST00000380149.6	730	24208	23478
ENST00000380151.3	6300	6994	694
ENST00000380152.8	953	93487	92534
ENST00000380154.9	16	266	250
ENST00000380155.4	113	41791	41678
ENST00000380158.8	149	182360	182211
ENST00000380171.9	328	5584	5256
ENST00000380173.6	116	11450	11334
ENST00000380180.7	3432	135916	132484
ENST00000380181.7	55	48494	48439
ENST00000380183.9	97	11517	11420
ENST00000380184.2	624	3472	2848
ENST00000380189.8	6265	38078	31813
ENST00000380191.9	786	49359	48573
ENST00000380198.6	498	5478	4980
ENST00000380199.9	3134	11843	8709
ENST00000380200.3	849	4583	3734
ENST00000380201.2	176	14090	13914
ENST00000380205.2	60	1192	1132
ENST00000380206.4	511	1637	1126
ENST00000380210.2	3	1135	1132
ENST00000380211.1	3	1885	1882
ENST00000380216.1	366	1498	1132
ENST00000380219.1	0	1870	1870
ENST00000380221.7	175	48004	47829
ENST00000380222.4	367	1499	1132
ENST00000380224.2	3	1861	1858
ENST00000380225.1	409	1541	1132
ENST00000380228.6	14771	43217	28446
ENST00000380229.4	354	1522	1168
ENST00000380232.4	205	1325	1120
ENST00000380237.5	127	1983	1856
ENST00000380241.7	2490	116337	113847
ENST00000380243.9	15059	105020	89961
ENST00000380244.7	76	12856	12780
ENST00000380249.5	57045	342677	285632
ENST00000380252.6	90	1525	1435
ENST00000380254.7	318	55902	55584
ENST00000380258.6	643	16198	15555
ENST00000380259.7	391463	424280	32817
ENST00000380262.7	925	20108	19183
ENST00000380265.9	183	66654	66471
ENST00000380266.4	260	4842	4582
ENST00000380274.2	426	2374	1948
ENST00000380276.6	149	15250	15101
ENST00000380277.6	1002	16805	15803
ENST00000380281.6	155	23406	23251
ENST00000380283.5	1003	29600	28597
ENST00000380285.7	23	22549	22526
ENST00000380289.3	389	30226	29837
ENST00000380290.7	2943	21493	18550
ENST00000380291.5	2895	22941	20046
ENST00000380293.3	77	2607	2530
ENST00000380298.2	491	134296	133805
ENST00000380302.8	1284	139690	138406
ENST00000380305.4	126	9009	8883
ENST00000380306.8	282	36271	35989
ENST00000380308.7	24	11476	11452
ENST00000380314.2	71	65033	64962
ENST00000380315.2	0	671	671
ENST00000380317.8	1325	61038	59713
ENST00000380320.9	451	10437	9986
ENST00000380321.5	40	17663	17623
ENST00000380324.8	147	87775	87628
ENST00000380325.4	17	2425	2408
ENST00000380327.9	354	1423	1069
ENST00000380328.6	36	123112	123076
ENST00000380332.5	304	1178	874
ENST00000380338.9	4777	282280	277503
ENST00000380340.8	14	1856	1842
ENST00000380342.4	656	38117	37461
ENST00000380343.8	14	28811	28797
ENST00000380345.7	3670	25665	21995
ENST00000380346.2	3	1654	1651
ENST00000380347.6	405	2059	1654
ENST00000380353.8	13664	98008	84344
ENST00000380358.9	11	32923	32912
ENST00000380359.3	155	11996	11841
ENST00000380361.7	0	44793	44793
ENST00000380365.7	3	7994	7991
ENST00000380367.3	4610	6480	1870
ENST00000380368.6	649	19848	19199
ENST00000380370.1	0	1864	1864
ENST00000380371.1	3	1879	1876
ENST00000380375.4	131	34061	33930
ENST00000380377.9	255	85411	85156
ENST00000380378.1	0	2122	2122
ENST00000380379.10	30	34727	34697
ENST00000380381.3	578	1692	1114
ENST00000380384.5	26	3910	3884
ENST00000380385.6	1701	118182	116481
ENST00000380390.6	283428	288232	4804
ENST00000380392.4	358	2540	2182
ENST00000380394.9	581	5221	4640
ENST00000380405.7	693	27379	26686
ENST00000380409.3	12962	51340	38378
ENST00000380412.7	516	4027	3511
ENST00000380419.8	419	13025	12606
ENST00000380420.10	208	107319	107111
ENST00000380421.3	208	107319	107111
ENST00000380424.1	0	11531	11531
ENST00000380427.5	0	32005	32005
ENST00000380430.6	6395	20181	13786
ENST00000380433.5	8755	9719	964
ENST00000380441.5	6564	20237	13673
ENST00000380445.8	30	28319	28289
ENST00000380448.5	1405	24254	22849
ENST00000380450.9	38	4412	4374
ENST00000380454.8	6551	20224	13673
ENST00000380455.11	6659	20445	13786
ENST00000380456.8	345	27329	26984
ENST00000380464.7	231	3440	3209
ENST00000380465.7	173	3565	3392
ENST00000380469.7	72	27933	27861
ENST00000380470.7	1811	34819	33008
ENST00000380472.7	17907	27410	9503
ENST00000380473.8	60	43108	43048
ENST00000380476.7	9818	54841	45023
ENST00000380482.9	245	19065	18820
ENST00000380483.7	4731	26637	21906
ENST00000380485.7	4731	26667	21936
ENST00000380486.4	4015	70610	66595
ENST00000380488.9	522	26762	26240
ENST00000380490.5	63	29038	28975
ENST00000380491.7	36	6267	6231
ENST00000380492.8	108	47924	47816
ENST00000380494.10	8228	136439	128211
ENST00000380495.9	759	6917	6158
ENST00000380496.5	1335	38973	37638
ENST00000380498.10	187	2992	2805
ENST00000380502.8	3205	52358	49153
ENST00000380516.7	952	57596	56644
ENST00000380518.8	443	35761	35318
ENST00000380520.6	105	12258	12153
ENST00000380523.8	637	13922	13285
ENST00000380524.5	142	12295	12153
ENST00000380525.9	188	58908	58720
ENST00000380527.3	233	2109	1876
ENST00000380529.5	142	12295	12153
ENST00000380530.1	1163	105232	104069
ENST00000380534.9	405	106676	106271
ENST00000380535.8	748	3202	2454
ENST00000380538.4	0	61077	61077
ENST00000380539.7	142	12295	12153
ENST00000380542.9	4825	35894	31069
ENST00000380545.9	109	83788	83679
ENST00000380546.7	142	12295	12153
ENST00000380548.9	80	439649	439569
ENST00000380550.6	174	37101	36927
ENST00000380553.8	13	42207	42194
ENST00000380554.5	31	14046	14015
ENST00000380557.4	118	8580	8462
ENST00000380562.8	47	42713	42666
ENST00000380565.8	2	93764	93762
ENST00000380566.8	64	207681	207617
ENST00000380567.6	327	5783	5456
ENST00000380568.7	2	123855	123853
ENST00000380569.6	127	124404	124277
ENST00000380570.8	80	148924	148844
ENST00000380572.3	235	86940	86705
ENST00000380573.4	1343	97556	96213
ENST00000380574.5	926	24036	23110
ENST00000380575.8	31	42541	42510
ENST00000380576.9	13	42605	42592
ENST00000380579.6	2165	8134	5969
ENST00000380582.7	366	109857	109491
ENST00000380584.8	30	42484	42454
ENST00000380585.2	191	1101	910
ENST00000380586.5	443	118241	117798
ENST00000380588.5	327	57383	57056
ENST00000380589.4	174	1254	1080
ENST00000380591.8	226	7405	7179
ENST00000380593.4	217	2837	2620
ENST00000380596.10	3604	11072	7468
ENST00000380599.9	2565	10460	7895
ENST00000380600.2	9368	11472	2104
ENST00000380602.3	240	65120	64880
ENST00000380605.3	119	8686	8567
ENST00000380607.5	177	217721	217544
ENST00000380610.8	404	21800	21396
ENST00000380615.8	5913	82607	76694
ENST00000380617.7	63	76757	76694
ENST00000380618.5	3233	5091	1858
ENST00000380620.8	104118	105976	1858
ENST00000380622.5	223	2351	2128
ENST00000380625.8	2827	8664	5837
ENST00000380629.7	77	28006	27929
ENST00000380631.5	16532	66209	49677
ENST00000380633.1	604	1280	676
ENST00000380634.5	16609	66286	49677
ENST00000380635.5	1018	1694	676
ENST00000380636.1	1152	1828	676
ENST00000380637.7	16619	66296	49677
ENST00000380639.10	10	39205	39195
ENST00000380641.4	26	164505	164479
ENST00000380647.8	26	371801	371775
ENST00000380648.9	272	67879	67607
ENST00000380649.8	618	56230	55612
ENST00000380650.4	215	41425	41210
ENST00000380654.8	450	402479	402029
ENST00000380656.7	57	54286	54229
ENST00000380659.4	507	24728	24221
ENST00000380663.7	143	19201	19058
ENST00000380664.9	3	182550	182547
ENST00000380665.3	1169	51547	50378
ENST00000380666.6	0	291696	291696
ENST00000380667.6	182	454928	454746
ENST00000380668.10	86	32328	32242
ENST00000380671.6	41	24652	24611
ENST00000380672.9	9489	464435	454946
ENST00000380680.5	2887	85513	82626
ENST00000380682.5	506	586013	585507
ENST00000380691.3	0	3057	3057
ENST00000380692.7	2520	4446	1926
ENST00000380693.8	2529	16496	13967
ENST00000380698.5	2896	14463	11567
ENST00000380701.8	11046	422743	411697
ENST00000380702.7	227	49723	49496
ENST00000380707.9	17	27775	27758
ENST00000380708.5	2933	9587	6654
ENST00000380712.7	1376	7805	6429
ENST00000380713.7	4605	7533	2928
ENST00000380714.7	1376	7764	6388
ENST00000380715.5	666	40529	39863
ENST00000380716.8	574	40541	39967
ENST00000380717.7	464	148873	148409
ENST00000380718.1	464	523715	523251
ENST00000380725.2	674	2606	1932
ENST00000380728.7	98	3362	3264
ENST00000380729.8	4942	33174	28232
ENST00000380733.9	1457	47697	46240
ENST00000380736.5	1323	119444	118121
ENST00000380737.8	312	80233	79921
ENST00000380738.8	1457	47697	46240
ENST00000380739.6	1279	9385	8106
ENST00000380741.8	0	27756	27756
ENST00000380742.8	22	27683	27661
ENST00000380743.9	17	27773	27756
ENST00000380746.8	1306	21371	20065
ENST00000380747.5	236	6985	6749
ENST00000380748.5	423	6490	6067
ENST00000380749.10	800	6896	6096
ENST00000380750.8	201	16813	16612
ENST00000380751.10	201	7316	7115
ENST00000380752.10	5069	28650	23581
ENST00000380753.9	2224	17020	14796
ENST00000380756.7	6516	83331	76815
ENST00000380762.5	729	11273	10544
ENST00000380763.7	719	11263	10544
ENST00000380764.1	1485	17344	15859
ENST00000380769.8	231	20555	20324
ENST00000380770.5	58	1956	1898
ENST00000380771.8	209	21778	21569
ENST00000380773.9	230	21874	21644
ENST00000380774.7	62	44862	44800
ENST00000380779.5	3815	123983	120168
ENST00000380780.5	3815	123983	120168
ENST00000380782.6	1510	121088	119578
ENST00000380785.5	3815	123983	120168
ENST00000380787.5	3815	123983	120168
ENST00000380789.5	25	68755	68730
ENST00000380790.4	690	78689	77999
ENST00000380794.5	231	4718	4487
ENST00000380799.1	10	6463	6453
ENST00000380800.7	909	126229	125320
ENST00000380808.6	216	75611	75395
ENST00000380809.7	11213	24811	13598
ENST00000380814.4	233	18664	18431
ENST00000380815.5	366	622721	622355
ENST00000380817.8	2145	35478	33333
ENST00000380818.7	338	18451	18113
ENST00000380821.8	4	38211	38207
ENST00000380822.9	1080	19017	17937
ENST00000380829.5	26585	77308	50723
ENST00000380833.9	28058	78875	50817
ENST00000380834.7	495	25272	24777
ENST00000380835.7	613	29939	29326
ENST00000380837.7	980	13275	12295
ENST00000380839.9	235	18361	18126
ENST00000380840.6	1072	33472	32400
ENST00000380842.5	55	19386	19331
ENST00000380843.9	359	6936	6577
ENST00000380849.6	0	16320	16320
ENST00000380850.9	103	136996	136893
ENST00000380851.9	50	6930	6880
ENST00000380858.1	1730	157385	155655
ENST00000380859.1	15	6533	6518
ENST00000380860.8	265	10401	10136
ENST00000380861.10	325	129868	129543
ENST00000380870.8	149	20014	19865
ENST00000380871.5	2527	4892	2365
ENST00000380872.9	30	15284	15254
ENST00000380875.7	13053	135760	122707
ENST00000380876.5	86	26625	26539
ENST00000380877.8	3246	35550	32304
ENST00000380880.4	247	138326	138079
ENST00000380887.7	68007	130887	62880
ENST00000380894.5	247	41233	40986
ENST00000380897.7	479	94199	93720
ENST00000380900.2	3	8590	8587
ENST00000380902.8	195	55552	55357
ENST00000380903.7	26	18353	18327
ENST00000380907.3	172	1838	1666
ENST00000380909.9	7148	13722	6574
ENST00000380911.4	369	3747	3378
ENST00000380913.8	117	165343	165226
ENST00000380916.9	7898	64057	56159
ENST00000380918.7	14437	35544	21107
ENST00000380920.8	109	3893	3784
ENST00000380921.3	228	8355	8127
ENST00000380924.1	8	62389	62381
ENST00000380927.6	0	34127	34127
ENST00000380934.8	452	312100	311648
ENST00000380938.6	66109	155933	89824
ENST00000380943.6	66163	156061	89898
ENST00000380950.7	314	72815	72501
ENST00000380953.6	6464	233134	226670
ENST00000380956.9	1401	17188	15787
ENST00000380958.8	113	156616	156503
ENST00000380959.7	6464	232914	226450
ENST00000380961.5	190936	254478	63542
ENST00000380962.9	153	17070	16917
ENST00000380966.8	149	67113	66964
ENST00000380968.6	3316	40162	36846
ENST00000380984.4	289	52443	52154
ENST00000380985.10	169	102806	102637
ENST00000380986.9	109	13768	13659
ENST00000380987.2	21792	99095	77303
ENST00000380989.6	304	38129	37825
ENST00000380991.8	149	13595	13446
ENST00000380992.5	2006	3363	1357
ENST00000380993.8	1418	99851	98433
ENST00000380994.6	295	29987	29692
ENST00000380995.5	30159	412455	382296
ENST00000380996.9	2146	3925	1779
ENST00000381000.8	41	66278	66237
ENST00000381003.7	519	10364	9845
ENST00000381006.8	610	86534	85924
ENST00000381007.9	4321	55781	51460
ENST00000381018.7	126	35792	35666
ENST00000381019.3	20	22324	22304
ENST00000381020.8	2200	9024	6824
ENST00000381021.7	340	11339	10999
ENST00000381024.4	3378	73373	69995
ENST00000381031.8	32	26266	26234
ENST00000381032.6	621	2286	1665
ENST00000381033.5	139	5545	5406
ENST00000381035.8	8571	25798	17227
ENST00000381036.7	5	11619	11614
ENST00000381037.4	2733	4527	1794
ENST00000381039.7	107	34767	34660
ENST00000381042.9	2442	28625	26183
ENST00000381052.8	303450	325805	22355
ENST00000381054.3	18467	22513	4046
ENST00000381055.8	3101	328262	325161
ENST00000381057.3	2282	4878	2596
ENST00000381059.7	942	2367	1425
ENST00000381060.2	2472	5133	2661
ENST00000381061.8	266	172603	172337
ENST00000381070.8	217	250790	250573
ENST00000381074.8	130	28817	28687
ENST00000381075.7	13904	70307	56403
ENST00000381077.10	1379	99873	98494
ENST00000381083.9	2578	9782	7204
ENST00000381086.9	2578	9472	6894
ENST00000381089.7	130	1435	1305
ENST00000381090.7	855	118521	117666
ENST00000381092.1	615	261704	261089
ENST00000381093.6	2788	263877	261089
ENST00000381095.8	2778	263867	261089
ENST00000381103.7	40896	81333	40437
ENST00000381112.7	71	49805	49734
ENST00000381116.5	35	5636	5601
ENST00000381117.1	0	15840	15840
ENST00000381118.7	55035	71346	16311
ENST00000381120.8	35	5636	5601
ENST00000381121.7	0	16502	16502
ENST00000381124.9	321	13926	13605
ENST00000381125.9	48	71358	71310
ENST00000381127.6	26630	72842	46212
ENST00000381128.2	10333	11548	1215
ENST00000381129.8	1725	12512	10787
ENST00000381130.3	67	28513	28446
ENST00000381132.6	1603	10852	9249
ENST00000381134.9	314	27636	27322
ENST00000381135.7	1642	9796	8154
ENST00000381136.2	75	14195	14120
ENST00000381139.1	331	3611	3280
ENST00000381140.10	119	12061	11942
ENST00000381150.5	1970	24993	23023
ENST00000381151.5	21621	25927	4306
ENST00000381153.8	3831	6573	2742
ENST00000381154.6	3302	27072	23770
ENST00000381157.2	0	26695	26695
ENST00000381160.8	915	32701	31786
ENST00000381163.7	1367	53880	52513
ENST00000381165.3	1936	3164	1228
ENST00000381168.7	3647	5921	2274
ENST00000381174.10	223	62855	62632
ENST00000381175.5	307	9415	9108
ENST00000381176.5	41765	57874	16109
ENST00000381177.7	0	11634	11634
ENST00000381178.5	307	9427	9120
ENST00000381180.9	0	813	813
ENST00000381184.6	81	42602	42521
ENST00000381187.8	85	50023	49938
ENST00000381192.10	66	50051	49985
ENST00000381196.9	3631	425298	421667
ENST00000381198.7	922	12942	12020
ENST00000381199.8	3528	34136	30608
ENST00000381208.9	570	13437	12867
ENST00000381209.8	29	13036	13007
ENST00000381210.8	2373	132726	130353
ENST00000381213.7	3528	34133	30605
ENST00000381214.9	42	24353	24311
ENST00000381216.8	9263	233274	224011
ENST00000381218.8	452	4614	4162
ENST00000381222.8	2224	6386	4162
ENST00000381223.9	2224	6386	4162
ENST00000381226.7	3529	34152	30623
ENST00000381227.5	1244	56740	55496
ENST00000381229.9	36	28874	28838
ENST00000381232.8	267397	424011	156614
ENST00000381233.8	25	28723	28698
ENST00000381237.6	37433	53885	16452
ENST00000381241.9	141	29062	28921
ENST00000381246.6	1117	41083	39966
ENST00000381249.4	471	6855	6384
ENST00000381250.8	447	82467	82020
ENST00000381253.5	194	2404	2210
ENST00000381254.7	5806	30509	24703
ENST00000381255.7	725	8219	7494
ENST00000381259.5	16	293281	293265
ENST00000381260.7	792	8281	7489
ENST00000381261.8	1838	9328	7490
ENST00000381269.6	1733	126979	125246
ENST00000381271.7	98	19442	19344
ENST00000381272.5	0	30521	30521
ENST00000381273.4	314	9866	9552
ENST00000381278.4	771	2887	2116
ENST00000381280.4	253	152119	151866
ENST00000381283.7	32	54559	54527
ENST00000381284.7	0	28598	28598
ENST00000381285.8	76351	179402	103051
ENST00000381286.7	3	34708	34705
ENST00000381291.8	76351	197785	121434
ENST00000381293.6	3	35116	35113
ENST00000381294.8	4435	42185	37750
ENST00000381295.7	4676	53508	48832
ENST00000381297.10	2901	5053	2152
ENST00000381298.7	5990	43922	37932
ENST00000381305.1	45	17304	17259
ENST00000381306.7	35333	415502	380169
ENST00000381309.8	35016	419900	384884
ENST00000381310.7	1062	18963	17901
ENST00000381311.9	762	23202	22440
ENST00000381312.6	5883	562044	556161
ENST00000381317.9	133	51551	51418
ENST00000381318.8	76328	250920	174592
ENST00000381322.5	595	50480	49885
ENST00000381323.7	3480	39619	36139
ENST00000381324.2	0	1263	1263
ENST00000381329.5	15752	40602	24850
ENST00000381330.5	76	1520	1444
ENST00000381333.9	131	51502	51371
ENST00000381334.10	233	30458	30225
ENST00000381337.6	3219	9130	5911
ENST00000381340.8	4048	505475	501427
ENST00000381341.7	756	41919	41163
ENST00000381342.7	290	9734	9444
ENST00000381344.8	1771	10431	8660
ENST00000381346.9	1524	19850	18326
ENST00000381348.5	5536	5942	406
ENST00000381352.7	96315	121213	24898
ENST00000381356.9	8720	9340	620
ENST00000381359.5	15277	16844	1567
ENST00000381360.9	737	17102	16365
ENST00000381362.8	737	17542	16805
ENST00000381365.4	227	1561	1334
ENST00000381373.3	73	9645	9572
ENST00000381375.7	1250	61574	60324
ENST00000381389.5	317	3387	3070
ENST00000381392.5	350	3429	3079
ENST00000381393.3	53	2920	2867
ENST00000381394.9	115	3017	2902
ENST00000381395.5	3878	6948	3070
ENST00000381396.9	4025	30410	26385
ENST00000381401.11	453	6747	6294
ENST00000381403.4	848	7430	6582
ENST00000381404.8	30	55028	54998
ENST00000381405.5	1468	8199	6731
ENST00000381406.8	3878	6957	3079
ENST00000381407.9	38	54672	54634
ENST00000381410.5	194	27540	27346
ENST00000381414.8	29316	90065	60749
ENST00000381418.9	1284	18300	17016
ENST00000381423.1	61	53486	53425
ENST00000381424.3	348	9380	9032
ENST00000381428.1	221	2229	2008
ENST00000381431.10	3254	18501	15247
ENST00000381433.3	380	3330	2950
ENST00000381434.7	13	15286	15273
ENST00000381436.2	516	2518	2002
ENST00000381440.5	498	3706	3208
ENST00000381441.7	180	71279	71099
ENST00000381458.6	63	46643	46580
ENST00000381461.6	665	94977	94312
ENST00000381464.6	8601	19405	10804
ENST00000381465.2	6463	24475	18012
ENST00000381469.7	5150	46737	41587
ENST00000381470.7	13306	29025	15719
ENST00000381471.1	1553	18133	16580
ENST00000381473.7	1541	30402	28861
ENST00000381474.7	44	148479	148435
ENST00000381476.5	1567	18147	16580
ENST00000381477.8	1586	18166	16580
ENST00000381480.7	300	16868	16568
ENST00000381482.8	55	17147	17092
ENST00000381483.6	13890	50057	36167
ENST00000381486.7	22570	112221	89651
ENST00000381488.10	29	11511	11482
ENST00000381497.6	4053	19778	15725
ENST00000381500.6	18	23802	23784
ENST00000381501.8	1636	94707	93071
ENST00000381509.8	13872	38119	24247
ENST00000381513.8	170	15207	15037
ENST00000381514.7	22	15573	15551
ENST00000381519.5	85	9593	9508
ENST00000381524.8	13896	41857	27961
ENST00000381525.8	2105	22340	20235
ENST00000381527.8	513	151328	150815
ENST00000381529.9	13890	41851	27961
ENST00000381530.9	398	12052	11654
ENST00000381535.4	25	14089	14064
ENST00000381538.7	926	69674	68748
ENST00000381539.3	4	192360	192356
ENST00000381540.7	443	43038	42595
ENST00000381541.7	65	276476	276411
ENST00000381542.5	128	192275	192147
ENST00000381544.6	128	169685	169557
ENST00000381545.8	5034	107631	102597
ENST00000381550.8	1091	5087	3996
ENST00000381551.8	791	16609	15818
ENST00000381553.7	174	121773	121599
ENST00000381554.8	484	43245	42761
ENST00000381556.6	46	20396	20350
ENST00000381557.6	3169	19502	16333
ENST00000381558.6	3127	19477	16350
ENST00000381563.8	3152	19533	16381
ENST00000381565.2	104	3657	3553
ENST00000381567.8	3	16319	16316
ENST00000381568.9	0	19101	19101
ENST00000381569.5	3560	10801	7241
ENST00000381570.7	1052	8926	7874
ENST00000381571.6	861	13408	12547
ENST00000381573.8	5611	17879	12268
ENST00000381575.6	91	28689	28598
ENST00000381577.4	5572	18181	12609
ENST00000381578.6	6554	21160	14606
ENST00000381579.7	3169	19519	16350
ENST00000381580.5	1075	21288	20213
ENST00000381583.6	1075	29386	28311
ENST00000381584.6	44549	62628	18079
ENST00000381585.8	207	11463	11256
ENST00000381588.9	1052	8926	7874
ENST00000381589.7	3169	19536	16367
ENST00000381591.5	44944	119190	74246
ENST00000381603.7	1775	56101	54326
ENST00000381604.9	44558	118804	74246
ENST00000381605.9	4773	59748	54975
ENST00000381608.8	3	36578	36575
ENST00000381611.8	868	37236	36368
ENST00000381620.9	6763	146502	139739
ENST00000381621.5	177	23992	23815
ENST00000381623.4	177	23989	23812
ENST00000381624.4	101	60408	60307
ENST00000381625.9	0	26666	26666
ENST00000381627.4	237	5269	5032
ENST00000381637.3	0	3288	3288
ENST00000381638.7	2448	147278	144830
ENST00000381641.4	48	22371	22323
ENST00000381647.7	24	13828	13804
ENST00000381652.4	36716	144889	108173
ENST00000381653.9	2378	23903	21525
ENST00000381655.7	239	651535	651296
ENST00000381657.8	2807	18914	16107
ENST00000381661.3	1201	62742	61541
ENST00000381668.9	4546	251955	247409
ENST00000381669.8	403	27198	26795
ENST00000381677.4	75	19705	19630
ENST00000381679.8	28	20802	20774
ENST00000381683.10	33	40581	40548
ENST00000381685.10	1320	121150	119830
ENST00000381689.4	331	11532	11201
ENST00000381692.6	41	34720	34679
ENST00000381697.7	522	11588	11066
ENST00000381698.5	1155	7610	6455
ENST00000381700.11	1155	7339	6184
ENST00000381707.6	383	11884	11501
ENST00000381709.6	1150	6471	5321
ENST00000381714.7	37734	59671	21937
ENST00000381715.4	2486	23689	21203
ENST00000381718.8	141	40244	40103
ENST00000381719.8	3115	24318	21203
ENST00000381722.2	1155	7605	6450
ENST00000381724.8	2581	23784	21203
ENST00000381728.5	1688	21311	19623
ENST00000381730.5	4480	24103	19623
ENST00000381732.3	116	34720	34604
ENST00000381733.9	1082	29565	28483
ENST00000381736.8	149	40287	40138
ENST00000381747.7	127	36180	36053
ENST00000381750.9	148	68438	68290
ENST00000381753.8	173	86930	86757
ENST00000381756.9	136	25934	25798
ENST00000381759.8	63759	144035	80276
ENST00000381761.6	142	19861	19719
ENST00000381765.7	116058	123694	7636
ENST00000381766.8	0	5116	5116
ENST00000381769.6	1899	31995	30096
ENST00000381774.9	5090	144915	139825
ENST00000381775.5	1310	23786	22476
ENST00000381781.2	612	13453	12841
ENST00000381782.7	739	61124	60385
ENST00000381787.2	388	3312	2924
ENST00000381792.6	647	40435	39788
ENST00000381793.6	2640	17401	14761
ENST00000381795.10	2640	17195	14555
ENST00000381799.10	46356	47500	1144
ENST00000381801.6	3013	42874	39861
ENST00000381808.7	469	4109	3640
ENST00000381809.8	3423	32207	28784
ENST00000381812.5	535	11375	10840
ENST00000381813.5	2383	24221	21838
ENST00000381815.9	194	38391	38197
ENST00000381821.2	57	13697	13640
ENST00000381826.8	3	20610	20607
ENST00000381831.7	196	38393	38197
ENST00000381835.9	121	47711	47590
ENST00000381839.7	196	38393	38197
ENST00000381840.5	202	22090	21888
ENST00000381841.4	202	22090	21888
ENST00000381843.6	64	76487	76423
ENST00000381844.8	1317	47210	45893
ENST00000381846.2	55	19026	18971
ENST00000381847.7	38	2318	2280
ENST00000381848.7	1000	12925	11925
ENST00000381854.4	199	27544	27345
ENST00000381858.5	209	24455	24246
ENST00000381861.7	2125	79636	77511
ENST00000381867.6	29946	41367	11421
ENST00000381869.5	2134	115647	113513
ENST00000381870.8	3748	25461	21713
ENST00000381873.7	30056	41213	11157
ENST00000381879.8	1202	55227	54025
ENST00000381883.5	82	1850	1768
ENST00000381884.9	901	34744	33843
ENST00000381885.5	1215	55300	54085
ENST00000381886.8	213	46052	45839
ENST00000381887.7	0	40930	40930
ENST00000381890.9	4862	66594	61732
ENST00000381894.3	290	4006	3716
ENST00000381897.5	1308	82204	80896
ENST00000381898.5	0	51577	51577
ENST00000381899.8	5496	22575	17079
ENST00000381901.5	511	6064	5553
ENST00000381902.7	521	6074	5553
ENST00000381903.2	27	5731	5704
ENST00000381905.3	30	1894	1864
ENST00000381906.5	216	2606	2390
ENST00000381908.7	3632	10875	7243
ENST00000381911.6	716	3106	2390
ENST00000381913.8	10527	26183	15656
ENST00000381916.7	819	35294	34475
ENST00000381918.4	278	79737	79459
ENST00000381920.8	3968	25644	21676
ENST00000381922.5	3063	47814	44751
ENST00000381923.6	9033	20139	11106
ENST00000381930.8	213	55073	54860
ENST00000381937.9	2558	50523	47965
ENST00000381938.4	4329	66451	62122
ENST00000381939.1	11021	12789	1768
ENST00000381941.8	11090	12858	1768
ENST00000381944.5	1573	6936	5363
ENST00000381946.5	336	34205	33869
ENST00000381947.4	175	2501	2326
ENST00000381950.2	484	5258	4774
ENST00000381951.1	0	1852	1852
ENST00000381955.7	637	10504	9867
ENST00000381962.4	2102	6979	4877
ENST00000381967.9	47	36745	36698
ENST00000381968.7	128	4178	4050
ENST00000381971.8	4148	465078	460930
ENST00000381975.7	943	46712	45769
ENST00000381978.7	0	4027	4027
ENST00000381980.9	134943	138012	3069
ENST00000381982.3	2178	17284	15106
ENST00000381984.2	109	51108	50999
ENST00000381989.4	191	87984	87793
ENST00000381990.6	161	29229	29068
ENST00000381995.5	112	34587	34475
ENST00000381998.8	1686	39735	38049
ENST00000382004.7	6748	179522	172774
ENST00000382011.9	302	26173	25871
ENST00000382020.8	208	225023	224815
ENST00000382021.2	227	26833	26606
ENST00000382029.7	15	6838	6823
ENST00000382031.5	31	28379	28348
ENST00000382038.7	3508	10473	6965
ENST00000382039.7	172	91583	91411
ENST00000382040.4	24	19239	19215
ENST00000382041.7	35	102458	102423
ENST00000382043.8	48	100333	100285
ENST00000382044.9	4325	95885	91560
ENST00000382051.8	6650	22953	16303
ENST00000382061.5	1970	12969	10999
ENST00000382062.6	9509	50019	40510
ENST00000382064.6	4258	11225	6967
ENST00000382065.8	2728	26218	23490
ENST00000382068.3	10	11614	11604
ENST00000382070.7	182	159559	159377
ENST00000382071.6	8838	15595	6757
ENST00000382072.6	2313	21435	19122
ENST00000382073.4	150	22120	21970
ENST00000382079.3	11635	138123	126488
ENST00000382080.6	5601	1153706	1148105
ENST00000382082.4	230	13847	13617
ENST00000382085.7	4	20888	20884
ENST00000382093.5	513	16971	16458
ENST00000382095.8	88951	143967	55016
ENST00000382096.6	1008	19121	18113
ENST00000382097.4	537	10953	10416
ENST00000382099.3	0	12867	12867
ENST00000382100.8	403	34678	34275
ENST00000382102.7	1285	40091	38806
ENST00000382103.7	3920	41847	37927
ENST00000382108.8	62210	145869	83659
ENST00000382110.6	7949	101977	94028
ENST00000382111.6	60	156155	156095
ENST00000382112.8	951	157290	156339
ENST00000382114.9	4607	33473	28866
ENST00000382119.1	70	9192	9122
ENST00000382120.4	3949	5387	1438
ENST00000382123.1	15522	18413	2891
ENST00000382124.7	73	5965	5892
ENST00000382125.9	367	189871	189504
ENST00000382134.7	101	13214	13113
ENST00000382136.3	2	13198	13196
ENST00000382137.7	193	6883	6690
ENST00000382141.4	243230	339608	96378
ENST00000382142.8	2774	88056	85282
ENST00000382145.5	381	6180	5799
ENST00000382148.7	1469	969488	968019
ENST00000382149.9	169	254700	254531
ENST00000382150.8	875	575375	574500
ENST00000382151.6	1124	8442	7318
ENST00000382152.7	1479	1220766	1219287
ENST00000382159.8	3806	9671	5865
ENST00000382160.1	51	823	772
ENST00000382164.8	636	173235	172599
ENST00000382171.2	74	1740	1666
ENST00000382172.4	162	161251	161089
ENST00000382179.5	253	51846	51593
ENST00000382181.2	426	14557	14131
ENST00000382183.6	3255	34980	31725
ENST00000382185.6	1365	35105	33740
ENST00000382186.6	3240	35018	31778
ENST00000382191.4	3	8338	8335
ENST00000382192.7	871	9418	8547
ENST00000382194.6	11611	180008	168397
ENST00000382198.5	0	130327	130327
ENST00000382199.7	2404	183611	181207
ENST00000382201.7	929	131604	130675
ENST00000382203.5	7078	175528	168450
ENST00000382205.6	809	3273	2464
ENST00000382208.3	65	2560	2495
ENST00000382209.2	3	894	891
ENST00000382213.7	28	4100	4072
ENST00000382214.7	708	20265	19557
ENST00000382224.5	3128	83971	80843
ENST00000382226.5	3094	142921	139827
ENST00000382227.7	628	22759	22131
ENST00000382238.6	11782	22632	10850
ENST00000382240.9	393	5354	4961
ENST00000382247.6	2839	4133	1294
ENST00000382251.7	1260	8596	7336
ENST00000382252.6	5092	20297	15205
ENST00000382254.6	1067	330374	329307
ENST00000382255.7	1260	6092	4832
ENST00000382258.8	10824	91022	80198
ENST00000382263.3	10804	95239	84435
ENST00000382264.7	12022	33797	21775
ENST00000382267.3	12913	14515	1602
ENST00000382269.7	948	25911	24963
ENST00000382275.6	1933	370049	368116
ENST00000382276.8	142	127553	127411
ENST00000382280.8	139	2366	2227
ENST00000382285.7	2533	7131	4598
ENST00000382286.3	37737	52893	15156
ENST00000382287.5	7200	13436	6236
ENST00000382289.7	55	69699	69644
ENST00000382291.7	2620	7218	4598
ENST00000382292.9	1309	96137	94828
ENST00000382293.7	4352	41915	37563
ENST00000382296.4	0	68973	68973
ENST00000382297.7	172278	244582	72304
ENST00000382303.5	206682	278986	72304
ENST00000382314.6	210	69041	68831
ENST00000382315.7	3661	6182	2521
ENST00000382320.4	1053	48767	47714
ENST00000382321.5	3	36992	36989
ENST00000382329.2	71338	247157	175819
ENST00000382330.7	1230	25124	23894
ENST00000382333.2	354	1756	1402
ENST00000382346.7	49	29735	29686
ENST00000382348.2	106	1730	1624
ENST00000382349.5	157	23416	23259
ENST00000382353.6	840	30980	30140
ENST00000382357.4	928	2864	1936
ENST00000382361.8	121	14129	14008
ENST00000382363.8	782	9614	8832
ENST00000382365.7	5868	51412	45544
ENST00000382366.7	8899	275306	266407
ENST00000382368.8	5981	40026	34045
ENST00000382369.9	347	20452	20105
ENST00000382373.4	80	20799	20719
ENST00000382374.9	561	112747	112186
ENST00000382376.4	55	1862	1807
ENST00000382381.7	796	55494	54698
ENST00000382383.7	61195	68052	6857
ENST00000382384.6	147	41934	41787
ENST00000382388.4	91	1862	1771
ENST00000382389.5	1316	6043	4727
ENST00000382392.5	8081	14317	6236
ENST00000382393.2	1316	7352	6036
ENST00000382395.8	0	66704	66704
ENST00000382398.4	39	3430	3391
ENST00000382401.8	0	66690	66690
ENST00000382405.8	49	58855	58806
ENST00000382406.7	155	35481	35326
ENST00000382407.1	276	3514	3238
ENST00000382409.4	320	52497	52177
ENST00000382410.3	38	9208	9170
ENST00000382421.7	125	13566	13441
ENST00000382422.6	779	126514	125735
ENST00000382432.9	193	68889	68696
ENST00000382433.4	193	67601	67408
ENST00000382435.5	95	2121	2026
ENST00000382436.7	40598	58204	17606
ENST00000382437.8	92	2517	2425
ENST00000382438.6	1166	4581	3415
ENST00000382440.6	208	67900	67692
ENST00000382447.8	61	58674	58613
ENST00000382448.8	9	22752	22743
ENST00000382449.5	294	67631	67337
ENST00000382450.8	882	4637	3755
ENST00000382456.7	2305	10213	7908
ENST00000382457.8	1006	36737	35731
ENST00000382461.8	1910	29916	28006
ENST00000382464.6	34	3046	3012
ENST00000382466.7	4078	87648	83570
ENST00000382477.6	3	9069	9066
ENST00000382480.6	8753	28490	19737
ENST00000382483.4	549	24049	23500
ENST00000382487.5	591	8054	7463
ENST00000382489.3	0	7495	7495
ENST00000382490.9	304	333152	332848
ENST00000382491.7	6108	101901	95793
ENST00000382492.4	1789	3581	1792
ENST00000382494.6	1593	31258	29665
ENST00000382496.10	7867	348114	340247
ENST00000382499.7	6108	103299	97191
ENST00000382500.4	572	3204	2632
ENST00000382512.3	192	27001	26809
ENST00000382515.7	31867	37499	5632
ENST00000382518.6	785	38786	38001
ENST00000382519.9	115	38184	38069
ENST00000382521.7	5831	6676	845
ENST00000382533.9	434	7732	7298
ENST00000382538.10	2429	45665	43236
ENST00000382540.5	103	3790	3687
ENST00000382543.4	4840	115575	110735
ENST00000382545.5	1474	4442	2968
ENST00000382548.4	121	3604	3483
ENST00000382549.8	1425	11306	9881
ENST00000382554.4	244	24126	23882
ENST00000382564.8	934	6235	5301
ENST00000382580.6	137	48701	48564
ENST00000382581.5	178	938	760
ENST00000382582.7	1603	38765	37162
ENST00000382584.8	51	17299	17248
ENST00000382585.2	0	6235	6235
ENST00000382592.5	1837	76247	74410
ENST00000382599.9	2724	152980	150256
ENST00000382611.10	1722	6977	5255
ENST00000382614.2	304	1684	1380
ENST00000382622.4	423	103148	102725
ENST00000382638.3	936	17920	16984
ENST00000382639.7	1988	8056	6068
ENST00000382643.7	3585	37012	33427
ENST00000382647.7	237	853	616
ENST00000382653.6	6607	12677	6070
ENST00000382656.2	124	7485	7361
ENST00000382658.5	279	13801	13522
ENST00000382659.7	277	13909	13632
ENST00000382666.6	272	11889	11617
ENST00000382668.8	272	13003	12731
ENST00000382671.8	12	7377	7365
ENST00000382680.5	281	13914	13633
ENST00000382683.8	0	9059	9059
ENST00000382686.8	167	16813	16646
ENST00000382689.8	124	1265	1141
ENST00000382692.3	124	1265	1141
ENST00000382696.7	501	12157	11656
ENST00000382699.7	152	103791	103639
ENST00000382707.6	2013	15643	13630
ENST00000382708.7	63	3181	3118
ENST00000382710.8	154	19187	19033
ENST00000382711.9	7163	21233	14070
ENST00000382713.10	357	441477	441120
ENST00000382722.10	1695	129883	128188
ENST00000382723.5	235	4382	4147
ENST00000382743.9	1671	22488	20817
ENST00000382745.9	1699	32429	30730
ENST00000382749.9	7890	22261	14371
ENST00000382751.4	3903	88666	84763
ENST00000382753.5	2297	13151	10854
ENST00000382754.4	152	29305	29153
ENST00000382757.9	9107	20905	11798
ENST00000382758.6	352	29505	29153
ENST00000382760.2	162	7842	7680
ENST00000382762.8	2381	4726	2345
ENST00000382768.2	13791	25907	12116
ENST00000382771.9	7471	27880	20409
ENST00000382772.3	78	16924	16846
ENST00000382774.8	34	9399	9365
ENST00000382788.7	103	119013	118910
ENST00000382806.6	578	43535	42957
ENST00000382809.2	0	2603	2603
ENST00000382812.5	461	109738	109277
ENST00000382821.3	84	2922	2838
ENST00000382822.2	96	472	376
ENST00000382824.5	6125	62937	56812
ENST00000382826.2	25	287	262
ENST00000382828.2	31	293	262
ENST00000382830.2	135	403	268
ENST00000382835.2	35	1275	1240
ENST00000382839.7	5573	110088	104515
ENST00000382841.2	60897	96208	35311
ENST00000382844.2	1441	2795	1354
ENST00000382848.5	1434	2788	1354
ENST00000382850.8	113	354553	354440
ENST00000382852.1	680	5336	4656
ENST00000382856.2	68	4720	4652
ENST00000382862.7	1592	9515	7923
ENST00000382865.5	199	159989	159790
ENST00000382867.4	10	3254	3244
ENST00000382868.5	98374	320125	221751
ENST00000382871.3	34290	131336	97046
ENST00000382872.5	200397	320447	120050
ENST00000382873.8	1131	24803	23672
ENST00000382874.6	34365	131411	97046
ENST00000382882.9	599	27809	27210
ENST00000382888.3	1038	28929	27891
ENST00000382891.9	7873	90198	82325
ENST00000382892.6	7873	90198	82325
ENST00000382893.2	605	83977	83372
ENST00000382895.7	7810	90135	82325
ENST00000382896.9	647	234759	234112
ENST00000382899.9	364	242415	242051
ENST00000382905.8	83	15857	15774
ENST00000382907.8	331	15348	15017
ENST00000382911.8	1988	21250	19262
ENST00000382927.3	16701	69340	52639
ENST00000382932.3	340	4995	4655
ENST00000382933.8	80	35498	35418
ENST00000382936.8	1231	5967	4736
ENST00000382940.8	14	3709	3695
ENST00000382948.9	3987	14275	10288
ENST00000382951.4	1003	1937	934
ENST00000382952.8	798	31164	30366
ENST00000382968.9	1541	42672	41131
ENST00000382974.6	38	81075	81037
ENST00000382978.5	188	81784	81596
ENST00000382985.8	23	8321	8298
ENST00000382989.7	4147	10093	5946
ENST00000382998.8	80408	322187	241779
ENST00000383000.1	0	2689	2689
ENST00000383005.8	46	2473	2427
ENST00000383008.1	0	2725	2725
ENST00000383020.7	2013	15644	13631
ENST00000383028.8	78	42647	42569
ENST00000383029.7	10262	17186	6924
ENST00000383032.6	114388	182344	67956
ENST00000383036.1	3	7147	7144
ENST00000383042.1	0	2683	2683
ENST00000383045.7	306	5172	4866
ENST00000383052.5	18656	47105	28449
ENST00000383056.7	736	33460	32724
ENST00000383070.2	137	1359	1222
ENST00000383075.8	4887	17750	12863
ENST00000383083.6	2075	30443	28368
ENST00000383094.7	104	67962	67858
ENST00000383096.8	608	477262	476654
ENST00000383131.3	132	59962	59830
ENST00000383163.4	1509	3103	1594
ENST00000383165.4	148	3874	3726
ENST00000383168.9	4171	14610	10439
ENST00000383170.3	1077	4727	3650
ENST00000383177.7	0	19154	19154
ENST00000383180.6	1106	64240	63134
ENST00000383202.7	2021	298403	296382
ENST00000383229.8	9264	77086	67822
ENST00000383233.8	1997	142712	140715
ENST00000383237.5	276	4136	3860
ENST00000383263.7	94221	97411	3190
ENST00000383276.1	10681	47636	36955
ENST00000383282.3	273	1358	1085
ENST00000383314.7	4845	34721	29876
ENST00000383329.7	423	4430	4007
ENST00000383366.9	2832	324815	321983
ENST00000383374.6	3287	39410	36123
ENST00000383376.9	154	27093	26939
ENST00000383408.7	26210	484781	458571
ENST00000383432.8	37533	62377	24844
ENST00000383463.9	863	27008	26145
ENST00000383467.3	50	1854	1804
ENST00000383472.9	106	184604	184498
ENST00000383490.3	8129	11853	3724
ENST00000383578.7	3984	37277	33293
ENST00000383579.3	493	38051	37558
ENST00000383589.6	108	54020	53912
ENST00000383598.6	661	51567	50906
ENST00000383640.4	490	2360	1870
ENST00000383657.10	3337	94228	90891
ENST00000383661.3	0	7997	7997
ENST00000383669.3	3	30721	30718
ENST00000383671.8	34	14828	14794
ENST00000383673.5	1139	45606	44467
ENST00000383675.6	3095	18687	15592
ENST00000383677.7	15	10679	10664
ENST00000383678.8	16	10778	10762
ENST00000383680.4	3	33969	33966
ENST00000383681.7	11912	28950	17038
ENST00000383693.8	28191	54915	26724
ENST00000383694.3	354	5710	5356
ENST00000383695.1	0	1924	1924
ENST00000383698.3	1139	29793	28654
ENST00000383699.8	619	1108993	1108374
ENST00000383701.8	2396	36187	33791
ENST00000383703.3	1469	124800	123331
ENST00000383710.9	1061	480710	479649
ENST00000383714.8	407	7193	6786
ENST00000383715.8	86	89126	89040
ENST00000383716.7	99	89189	89090
ENST00000383718.7	98	140961	140863
ENST00000383721.8	40	35577	35537
ENST00000383729.9	16	18160	18144
ENST00000383733.7	264	11868	11604
ENST00000383734.6	76	38392	38316
ENST00000383736.3	0	43451	43451
ENST00000383738.6	364	18147	17783
ENST00000383744.8	4136	22299	18163
ENST00000383745.6	4106	22269	18163
ENST00000383746.7	16664	20349	3685
ENST00000383748.9	2510	6638	4128
ENST00000383750.8	5686	8143	2457
ENST00000383754.7	34465	46055	11590
ENST00000383759.7	2887	18815	15928
ENST00000383763.6	84	76411	76327
ENST00000383766.6	230	723650	723420
ENST00000383767.7	611	724084	723473
ENST00000383768.7	64348	177024	112676
ENST00000383771.8	372	106261	105889
ENST00000383772.9	345061	768633	423572
ENST00000383773.8	204	19144	18940
ENST00000383775.4	2788	7066	4278
ENST00000383779.8	25808	41069	15261
ENST00000383781.8	1164	49422	48258
ENST00000383786.9	108	71333	71225
ENST00000383788.10	1514	72840	71326
ENST00000383789.9	438	12852	12414
ENST00000383790.8	1499	17598	16099
ENST00000383791.8	1736	79411	77675
ENST00000383794.7	75	20819	20744
ENST00000383801.6	303	19413	19110
ENST00000383811.8	605	11992	11387
ENST00000383812.9	242	18613	18371
ENST00000383814.8	85	14941	14856
ENST00000383815.7	83	4711	4628
ENST00000383817.5	426	12828	12402
ENST00000383820.10	170	7161	6991
ENST00000383826.9	200	16322	16122
ENST00000383827.5	2281	17497	15216
ENST00000383829.7	2406	19258	16852
ENST00000383831.7	171	25041	24870
ENST00000383832.8	164	27494	27330
ENST00000383836.8	4931	271635	266704
ENST00000383843.9	381	106518	106137
ENST00000383846.5	275	16010	15735
ENST00000383847.7	31	8459	8428
ENST00000388710.8	99	81513	81414
ENST00000388711.7	1673	54367	52694
ENST00000388712.7	1674	54368	52694
ENST00000388715.7	48197	65814	17617
ENST00000388718.5	1878	17320	15442
ENST00000388724.6	627	51977	51350
ENST00000388725.2	608	51883	51275
ENST00000388738.8	18265	224448	206183
ENST00000388740.4	1908	160712	158804
ENST00000388741.7	295	159096	158801
ENST00000388742.8	1910	159232	157322
ENST00000388743.6	274	157593	157319
ENST00000388747.9	969	11043	10074
ENST00000388749.7	5232	10214	4982
ENST00000388752.8	248	6260	6012
ENST00000388759.7	1438	19817	18379
ENST00000388761.4	125	975	850
ENST00000388767.8	973	8065	7092
ENST00000388768.6	2252	65248	62996
ENST00000388781.8	489	104861	104372
ENST00000388782.8	24083	37975	13892
ENST00000388795.10	17545	36490	18945
ENST00000388798.7	3694	85192	81498
ENST00000388813.9	21733	37072	15339
ENST00000388820.5	218	57048	56830
ENST00000388822.10	143	26264	26121
ENST00000388825.9	64	8209	8145
ENST00000388827.4	2304	43548	41244
ENST00000388833.7	13730	22826	9096
ENST00000388835.4	56	5004	4948
ENST00000388837.6	303	5251	4948
ENST00000388857.8	24	1005	981
ENST00000388866.8	41	44277	44236
ENST00000388876.3	0	16385	16385
ENST00000388882.5	124127	124533	406
ENST00000388887.7	204	186644	186440
ENST00000388901.10	5226	34167	28941
ENST00000388913.4	1991	10182	8191
ENST00000388914.7	171	93521	93350
ENST00000388918.10	612	17398	16786
ENST00000388920.5	89	2729	2640
ENST00000388922.9	4971	14886	9915
ENST00000388923.5	287	21562	21275
ENST00000388931.7	26	3351	3325
ENST00000388934.5	1025	11285	10260
ENST00000388940.8	184	494062	493878
ENST00000388942.8	74279	145910	71631
ENST00000388948.8	5276	155500	150224
ENST00000388950.8	3523	10786	7263
ENST00000388956.8	94	79264	79170
ENST00000388957.3	67	58000	57933
ENST00000388958.8	1	85412	85411
ENST00000388962.4	384	2823	2439
ENST00000388968.8	465	13972	13507
ENST00000388975.4	2376	69743	67367
ENST00000388988.9	5512	27205	21693
ENST00000388995.11	2573	37716	35143
ENST00000388996.10	8404	362272	353868
ENST00000389003.7	185	34313	34128
ENST00000389005.6	10889	45912	35023
ENST00000389010.7	202	86135	85933
ENST00000389017.6	725	2865	2140
ENST00000389019.7	1410	128858	127448
ENST00000389022.9	178	44250	44072
ENST00000389032.8	53435	79545	26110
ENST00000389037.7	1973	39524	37551
ENST00000389039.11	1503	25372	23869
ENST00000389040.9	19073	183507	164434
ENST00000389044.8	116	118717	118601
ENST00000389045.7	116	117766	117650
ENST00000389048.8	453	732716	732263
ENST00000389050.5	37	28613	28576
ENST00000389054.8	1833	107681	105848
ENST00000389061.10	70	56011	55941
ENST00000389063.3	136	37932	37796
ENST00000389074.6	121	27993	27872
ENST00000389078.3	52	824	772
ENST00000389082.10	5380	212407	207027
ENST00000389093.7	624	21430	20806
ENST00000389100.9	34965	205737	170772
ENST00000389103.4	78	50966	50888
ENST00000389118.8	102	168670	168568
ENST00000389120.8	1571	31472	29901
ENST00000389124.6	67	404390	404323
ENST00000389125.7	300	405266	404966
ENST00000389131.8	1149	73763	72614
ENST00000389134.9	82	8394	8312
ENST00000389142.10	321	28842	28521
ENST00000389146.11	321	29006	28685
ENST00000389153.10	592	150048	149456
ENST00000389154.7	522	37660	37138
ENST00000389156.9	3889	66100	62211
ENST00000389167.9	99	3363	3264
ENST00000389169.9	211	7987	7776
ENST00000389173.6	14	127005	126991
ENST00000389175.9	52	96119	96067
ENST00000389176.4	28	11923	11895
ENST00000389194.7	2307	69929	67622
ENST00000389195.7	3312	33777	30465
ENST00000389201.7	682	34083	33401
ENST00000389202.3	26	36243	36217
ENST00000389204.9	2436	27539	25103
ENST00000389208.9	130	3062	2932
ENST00000389212.7	313	24040	23727
ENST00000389221.9	3038	53670	50632
ENST00000389224.7	19596	61174	41578
ENST00000389231.9	32	16411	16379
ENST00000389232.9	70	568750	568680
ENST00000389253.9	164	115554	115390
ENST00000389256.8	0	39339	39339
ENST00000389262.8	24479	86721	62242
ENST00000389266.8	44	41179	41135
ENST00000389272.7	280	32163	31883
ENST00000389279.7	736	17390	16654
ENST00000389282.8	1571	12131	10560
ENST00000389286.9	8471	134817	126346
ENST00000389297.8	251	67861	67610
ENST00000389301.8	1055	83388	82333
ENST00000389302.7	794	19122	18328
ENST00000389313.9	77	24330	24253
ENST00000389335.7	149	832727	832578
ENST00000389336.8	149	835120	834971
ENST00000389341.9	5445	47676	42231
ENST00000389347.4	242	9144	8902
ENST00000389354.7	373	69555	69182
ENST00000389362.6	1290	5234	3944
ENST00000389363.5	301	9970	9669
ENST00000389373.3	7220	15998	8778
ENST00000389378.6	2376	36989	34613
ENST00000389384.8	2461	7294	4833
ENST00000389385.9	36571	107091	70520
ENST00000389386.8	730	15605	14875
ENST00000389394.8	1329	315305	313976
ENST00000389398.10	97	66877	66780
ENST00000389413.7	1661	1051549	1049888
ENST00000389416.8	1656	1051580	1049924
ENST00000389418.9	1661	1051635	1049974
ENST00000389420.8	346	203746	203400
ENST00000389425.7	41338	48012	6674
ENST00000389428.7	41310	56271	14961
ENST00000389441.8	2153	14941	12788
ENST00000389462.8	331	4128	3797
ENST00000389463.9	683	150803	150120
ENST00000389474.8	54	17487	17433
ENST00000389484.8	1766	1913012	1911246
ENST00000389492.3	0	7349	7349
ENST00000389501.9	22	12939	12917
ENST00000389506.10	23	97550	97527
ENST00000389520.8	0	418366	418366
ENST00000389531.7	0	970329	970329
ENST00000389532.9	2825	103461	100636
ENST00000389534.8	644	23103	22459
ENST00000389536.8	80	76553	76473
ENST00000389547.7	1456	111013	109557
ENST00000389554.8	114	9967	9853
ENST00000389561.7	10678	137045	126367
ENST00000389567.9	183	44870	44687
ENST00000389568.7	66	58279	58213
ENST00000389574.7	22256	58802	36546
ENST00000389576.4	0	2745	2745
ENST00000389583.5	176	24614	24438
ENST00000389586.6	49	30071	30022
ENST00000389589.8	871	9924	9053
ENST00000389594.7	149	5890	5741
ENST00000389601.3	8202	25433	17231
ENST00000389609.8	396	88633	88237
ENST00000389614.6	333	4136	3803
ENST00000389617.9	188	88432	88244
ENST00000389622.7	196	130188	129992
ENST00000389623.11	154	35264	35110
ENST00000389629.9	21	65701	65680
ENST00000389632.9	89481	103130	13649
ENST00000389634.5	0	245939	245939
ENST00000389636.9	34	417323	417289
ENST00000389639.3	23052	27830	4778
ENST00000389641.9	215	103203	102988
ENST00000389645.7	689	48111	47422
ENST00000389651.8	4381	19140	14759
ENST00000389652.11	18	130365	130347
ENST00000389656.4	3	37792	37789
ENST00000389658.4	340	185140	184800
ENST00000389661.4	15	106091	106076
ENST00000389672.10	30	937476	937446
ENST00000389675.6	65	3368	3303
ENST00000389677.6	9999	79425	69426
ENST00000389682.8	129	10391	10262
ENST00000389683.7	164	248098	247934
ENST00000389690.7	0	8282	8282
ENST00000389698.7	10182	276551	266369
ENST00000389703.8	404	3185	2781
ENST00000389704.4	20	9327	9307
ENST00000389707.8	76511	110814	34303
ENST00000389709.8	777	40828	40051
ENST00000389720.4	261	63075	62814
ENST00000389722.7	3025	83759	80734
ENST00000389727.8	338613	341684	3071
ENST00000389735.7	759	26904	26145
ENST00000389737.5	46	37481	37435
ENST00000389740.3	2759	96861	94102
ENST00000389744.8	25338	57455	32117
ENST00000389749.9	783	6486	5703
ENST00000389757.7	76086	227002	150916
ENST00000389758.4	1029	59907	58878
ENST00000389759.8	76233	227277	151044
ENST00000389772.8	71	21936	21865
ENST00000389774.6	33970	111414	77444
ENST00000389793.7	1902	180728	178826
ENST00000389797.8	227	190944	190717
ENST00000389798.7	197	190810	190613
ENST00000389805.9	32	16997	16965
ENST00000389811.8	35817	362545	326728
ENST00000389817.8	109	88595	88486
ENST00000389825.7	23843	39085	15242
ENST00000389826.7	5394	20697	15303
ENST00000389832.7	2834	4704	1870
ENST00000389834.9	1264	64596	63332
ENST00000389840.7	212	164666	164454
ENST00000389851.10	884	40864	39980
ENST00000389856.9	1227	38815	37588
ENST00000389857.11	1305	152421	151116
ENST00000389858.4	1909	109105	107196
ENST00000389861.7	97057	149688	52631
ENST00000389863.8	97057	153083	56026
ENST00000389869.7	47	45690	45643
ENST00000389874.3	21724	23884	2160
ENST00000389879.9	11269	31100	19831
ENST00000389887.9	2496	31861	29365
ENST00000389900.8	116822	139348	22526
ENST00000389902.8	2816	143775	140959
ENST00000389908.7	1387	32447	31060
ENST00000389912.7	1255	34820	33565
ENST00000389915.4	5030	35350	30320
ENST00000389916.5	124	32057	31933
ENST00000389919.8	110	45180	45070
ENST00000389924.7	12880	47022	34142
ENST00000389934.7	336	99764	99428
ENST00000389938.7	10535	15503	4968
ENST00000389939.2	194	7169	6975
ENST00000389958.7	472	25152	24680
ENST00000389959.8	23431	34771	11340
ENST00000389960.8	974	66213	65239
ENST00000389964.7	153	3962	3809
ENST00000389967.9	20839	22077	1238
ENST00000389975.7	19681	119688	100007
ENST00000389980.7	69158	174000	104842
ENST00000389982.8	82	2197	2115
ENST00000389983.7	17241	20947	3706
ENST00000389989.7	1087	44440	43353
ENST00000389993.7	58931	108049	49118
ENST00000389995.4	104	9309	9205
ENST00000389997.10	1854	64745	62891
ENST00000390005.9	53244	370854	317610
ENST00000390006.8	6171	31151	24980
ENST00000390009.7	8	83753	83745
ENST00000390015.7	2993	20571	17578
ENST00000390237.2	203	841	638
ENST00000390238.2	0	74	74
ENST00000390239.2	0	72	72
ENST00000390240.2	0	74	74
ENST00000390241.3	0	76	76
ENST00000390242.2	0	74	74
ENST00000390243.2	175	1117	942
ENST00000390244.2	63	895	832
ENST00000390247.2	0	862	862
ENST00000390252.2	0	856	856
ENST00000390256.2	0	891	891
ENST00000390265.2	89	912	823
ENST00000390268.2	30	1138	1108
ENST00000390270.2	97	977	880
ENST00000390271.2	26	919	893
ENST00000390277.3	97	957	860
ENST00000390278.3	20	839	819
ENST00000390282.2	60	895	835
ENST00000390283.2	46	878	832
ENST00000390284.2	0	842	842
ENST00000390285.4	0	828	828
ENST00000390286.3	12	865	853
ENST00000390287.2	13	826	813
ENST00000390289.2	5	871	866
ENST00000390290.3	36	848	812
ENST00000390291.2	51	866	815
ENST00000390293.1	0	752	752
ENST00000390294.2	56	870	814
ENST00000390295.3	34	822	788
ENST00000390296.2	28	886	858
ENST00000390297.3	114	932	818
ENST00000390298.2	34	820	786
ENST00000390299.2	51	870	819
ENST00000390300.2	5	862	857
ENST00000390301.3	40	858	818
ENST00000390302.3	58	885	827
ENST00000390303.3	39	870	831
ENST00000390304.2	38	855	817
ENST00000390305.2	43	880	837
ENST00000390306.2	162	956	794
ENST00000390307.2	64	900	836
ENST00000390308.2	730	1863	1133
ENST00000390309.2	40	857	817
ENST00000390310.3	13	834	821
ENST00000390311.3	38	883	845
ENST00000390312.2	41	877	836
ENST00000390313.3	9	1103	1094
ENST00000390314.2	42	872	830
ENST00000390315.3	35	879	844
ENST00000390316.2	115	1090	975
ENST00000390318.2	32	887	855
ENST00000390319.2	52	1034	982
ENST00000390320.2	0	252	252
ENST00000390321.2	0	632	632
ENST00000390322.2	33	315	282
ENST00000390323.2	0	632	632
ENST00000390324.2	25	325	300
ENST00000390325.2	0	632	632
ENST00000390326.2	0	64	64
ENST00000390327.2	0	142	142
ENST00000390328.2	0	138	138
ENST00000390330.2	0	90	90
ENST00000390331.3	0	632	632
ENST00000390333.1	0	98	98
ENST00000390334.1	0	118	118
ENST00000390337.1	0	98	98
ENST00000390338.2	0	120	120
ENST00000390339.1	0	118	118
ENST00000390340.2	0	616	616
ENST00000390341.2	0	704	704
ENST00000390343.2	0	830	830
ENST00000390344.2	0	821	821
ENST00000390345.2	0	820	820
ENST00000390346.2	0	819	819
ENST00000390348.2	0	818	818
ENST00000390353.2	57	831	774
ENST00000390357.3	29	824	795
ENST00000390360.3	21	797	776
ENST00000390361.3	50	857	807
ENST00000390362.1	0	807	807
ENST00000390363.2	47	862	815
ENST00000390364.3	68	859	791
ENST00000390367.3	17	809	792
ENST00000390368.2	66	843	777
ENST00000390369.2	0	806	806
ENST00000390371.3	44	818	774
ENST00000390372.3	7	812	805
ENST00000390373.2	0	774	774
ENST00000390374.3	45	886	841
ENST00000390375.2	41	847	806
ENST00000390376.2	0	767	767
ENST00000390377.1	0	846	846
ENST00000390378.1	0	807	807
ENST00000390381.3	398	1208	810
ENST00000390387.3	47	848	801
ENST00000390392.3	111	906	795
ENST00000390393.3	208	1025	817
ENST00000390394.3	78	1083	1005
ENST00000390396.1	0	851	851
ENST00000390397.2	36	855	819
ENST00000390398.3	37	846	809
ENST00000390399.3	43	857	814
ENST00000390400.2	20	842	822
ENST00000390412.1	0	98	98
ENST00000390413.1	0	100	100
ENST00000390414.1	0	90	90
ENST00000390415.1	0	96	96
ENST00000390416.1	0	98	98
ENST00000390417.1	0	94	94
ENST00000390418.1	0	104	104
ENST00000390419.1	0	92	92
ENST00000390423.2	84	1005	921
ENST00000390424.2	10	858	848
ENST00000390425.2	176	949	773
ENST00000390426.2	67	1156	1089
ENST00000390427.3	12	865	853
ENST00000390428.3	7	986	979
ENST00000390429.3	0	845	845
ENST00000390430.2	132	938	806
ENST00000390431.3	0	811	811
ENST00000390432.2	36	944	908
ENST00000390433.1	3	869	866
ENST00000390434.3	225	1023	798
ENST00000390435.1	0	787	787
ENST00000390436.2	23	861	838
ENST00000390437.2	105	983	878
ENST00000390438.2	128	936	808
ENST00000390439.2	70	906	836
ENST00000390440.2	75	936	861
ENST00000390441.2	56	865	809
ENST00000390442.3	56	951	895
ENST00000390443.3	220	1000	780
ENST00000390444.1	0	769	769
ENST00000390445.2	147	964	817
ENST00000390446.3	105	900	795
ENST00000390447.3	117	1017	900
ENST00000390448.3	69	894	825
ENST00000390449.3	7	876	869
ENST00000390450.3	133	980	847
ENST00000390451.2	45	916	871
ENST00000390452.2	18	932	914
ENST00000390453.1	0	844	844
ENST00000390454.2	76	1009	933
ENST00000390455.3	209	1293	1084
ENST00000390456.3	0	820	820
ENST00000390457.2	97	964	867
ENST00000390458.3	111	988	877
ENST00000390460.1	0	1110	1110
ENST00000390461.2	12	942	930
ENST00000390463.3	16	846	830
ENST00000390464.2	3	943	940
ENST00000390465.2	46	990	944
ENST00000390466.1	0	828	828
ENST00000390467.3	0	744	744
ENST00000390468.1	0	837	837
ENST00000390469.2	175	1014	839
ENST00000390473.1	0	100	100
ENST00000390474.1	0	94	94
ENST00000390475.1	0	106	106
ENST00000390476.1	0	116	116
ENST00000390477.2	0	1845	1845
ENST00000390479.2	0	118	118
ENST00000390480.2	0	106	106
ENST00000390481.1	0	124	124
ENST00000390482.1	0	124	124
ENST00000390483.1	0	122	122
ENST00000390484.1	0	118	118
ENST00000390485.1	0	130	130
ENST00000390486.1	0	136	136
ENST00000390487.1	0	118	118
ENST00000390488.1	0	110	110
ENST00000390489.1	0	124	124
ENST00000390490.1	0	112	112
ENST00000390491.1	0	124	124
ENST00000390492.1	0	130	130
ENST00000390493.1	0	124	124
ENST00000390494.1	0	106	106
ENST00000390495.1	0	130	130
ENST00000390496.1	0	122	122
ENST00000390497.1	0	120	120
ENST00000390498.1	0	124	124
ENST00000390499.1	0	122	122
ENST00000390502.1	0	116	116
ENST00000390503.1	0	114	114
ENST00000390504.1	0	112	112
ENST00000390505.1	0	130	130
ENST00000390506.1	0	112	112
ENST00000390507.1	0	112	112
ENST00000390508.1	0	118	118
ENST00000390509.1	0	130	130
ENST00000390510.1	0	116	116
ENST00000390511.1	0	118	118
ENST00000390512.2	0	118	118
ENST00000390513.1	0	124	124
ENST00000390514.1	0	124	124
ENST00000390515.1	0	124	124
ENST00000390516.1	0	108	108
ENST00000390517.1	0	112	112
ENST00000390518.1	0	118	118
ENST00000390519.1	0	130	130
ENST00000390520.1	0	124	124
ENST00000390521.1	0	118	118
ENST00000390523.1	0	102	102
ENST00000390524.1	0	124	124
ENST00000390525.1	0	118	118
ENST00000390526.1	0	118	118
ENST00000390527.1	0	126	126
ENST00000390528.1	0	120	120
ENST00000390530.1	0	116	116
ENST00000390531.1	0	122	122
ENST00000390532.1	0	118	118
ENST00000390533.1	0	124	124
ENST00000390534.1	0	122	122
ENST00000390535.2	0	130	130
ENST00000390536.2	0	122	122
ENST00000390539.2	51	2523	2472
ENST00000390541.2	128	3067	2939
ENST00000390542.6	137	2612	2475
ENST00000390543.3	138	2702	2564
ENST00000390545.3	138	2696	2558
ENST00000390547.3	53	2603	2550
ENST00000390548.6	1422	7919	6497
ENST00000390549.6	138	2719	2581
ENST00000390551.6	138	3426	3288
ENST00000390556.6	389	10194	9805
ENST00000390559.6	126	3353	3227
ENST00000390560.2	0	120	120
ENST00000390564.2	0	102	102
ENST00000390565.1	0	102	102
ENST00000390567.1	0	38	38
ENST00000390569.1	0	38	38
ENST00000390571.1	0	60	60
ENST00000390572.1	0	54	54
ENST00000390574.1	0	40	40
ENST00000390575.1	0	38	38
ENST00000390577.1	0	72	72
ENST00000390578.1	0	60	60
ENST00000390580.1	0	40	40
ENST00000390581.1	0	44	44
ENST00000390583.1	0	60	60
ENST00000390584.1	0	60	60
ENST00000390585.1	0	60	60
ENST00000390588.1	0	38	38
ENST00000390590.1	0	60	60
ENST00000390591.1	0	60	60
ENST00000390593.2	0	806	806
ENST00000390594.3	0	788	788
ENST00000390595.3	0	788	788
ENST00000390597.3	0	799	799
ENST00000390598.2	0	802	802
ENST00000390601.3	0	800	800
ENST00000390602.3	0	800	800
ENST00000390603.2	0	814	814
ENST00000390604.2	0	800	800
ENST00000390605.2	0	783	783
ENST00000390606.3	0	806	806
ENST00000390607.2	0	800	800
ENST00000390609.3	0	806	806
ENST00000390610.2	0	784	784
ENST00000390611.2	0	797	797
ENST00000390612.3	0	785	785
ENST00000390615.2	0	800	800
ENST00000390616.2	0	818	818
ENST00000390617.2	0	800	800
ENST00000390618.2	0	796	796
ENST00000390619.2	0	830	830
ENST00000390621.3	0	788	788
ENST00000390622.2	0	784	784
ENST00000390624.3	0	806	806
ENST00000390625.3	0	818	818
ENST00000390626.2	0	782	782
ENST00000390627.3	0	798	798
ENST00000390628.3	0	788	788
ENST00000390629.3	0	779	779
ENST00000390630.3	0	791	791
ENST00000390632.2	0	794	794
ENST00000390633.2	0	785	785
ENST00000390634.3	0	799	799
ENST00000390636.2	0	814	814
ENST00000390639.2	0	783	783
ENST00000390645.2	2970	4120	1150
ENST00000390649.8	0	65384	65384
ENST00000390652.9	1569	716993	715424
ENST00000390654.8	1523	354171	352648
ENST00000390655.12	4143	24322	20179
ENST00000390658.4	665	2079	1414
ENST00000390661.5	545	1539	994
ENST00000390664.3	192	2560	2368
ENST00000390665.9	437	54470	54033
ENST00000390666.4	1186	3386	2200
ENST00000390667.11	1018	28956	27938
ENST00000390668.3	0	228882	228882
ENST00000390669.7	50	9667	9617
ENST00000390672.2	1395	1883	488
ENST00000390673.2	56	1848	1792
ENST00000390675.2	22	1874	1852
ENST00000390677.2	464	2280	1816
ENST00000390680.2	13	81500	81487
ENST00000390687.9	19467	24167	4700
ENST00000390689.3	342	880	538
ENST00000390690.3	17	1047	1030
ENST00000391338.3	72	30597	30525
ENST00000391352.2	3	3103	3100
ENST00000391353.1	3	2047	2044
ENST00000391354.2	0	1012	1012
ENST00000391355.2	0	958	958
ENST00000391356.4	357	1525	1168
ENST00000391366.3	173	951	778
ENST00000391403.4	1978	6446	4468
ENST00000391413.4	550	1718	1168
ENST00000391415.2	0	1258	1258
ENST00000391417.6	57	985	928
ENST00000391418.3	427	1193	766
ENST00000391419.3	343	1109	766
ENST00000391429.2	120	1528	1408
ENST00000391440.3	1608	2284	676
ENST00000391553.3	171	1735	1564
ENST00000391586.3	374	960	586
ENST00000391587.3	367	953	586
ENST00000391588.3	260	846	586
ENST00000391611.6	15720	17098	1378
ENST00000391614.7	0	10572	10572
ENST00000391617.1	260	834	574
ENST00000391618.1	66	736	670
ENST00000391620.2	263	1587	1324
ENST00000391621.1	337	1865	1528
ENST00000391623.8	35	12733	12698
ENST00000391624.1	6	664	658
ENST00000391627.6	1351	17342	15991
ENST00000391700.5	3805	4871	1066
ENST00000391701.1	961	8879	7918
ENST00000391702.3	6981	11213	4232
ENST00000391703.3	1523	10486	8963
ENST00000391705.7	358	8513	8155
ENST00000391709.4	137	10552	10415
ENST00000391711.8	3371	28334	24963
ENST00000391713.5	1908	6860	4952
ENST00000391720.8	402	9737	9335
ENST00000391721.8	4687	38669	33982
ENST00000391723.7	0	16069	16069
ENST00000391724.3	0	16325	16325
ENST00000391725.7	5	16365	16360
ENST00000391726.7	42	16146	16104
ENST00000391728.8	33	15127	15094
ENST00000391729.1	0	15125	15125
ENST00000391733.7	14	6331	6317
ENST00000391734.7	36	6192	6156
ENST00000391736.5	906	7220	6314
ENST00000391737.3	38	14858	14820
ENST00000391738.8	89	14994	14905
ENST00000391739.7	0	222	222
ENST00000391741.6	1341	9921	8580
ENST00000391742.7	3887	14271	10384
ENST00000391743.7	1647	17451	15804
ENST00000391746.5	1529	7549	6020
ENST00000391748.5	865	8453	7588
ENST00000391749.4	220	7811	7591
ENST00000391750.5	818	8578	7760
ENST00000391751.7	311	6774	6463
ENST00000391752.5	313	7278	6965
ENST00000391753.6	52	7017	6965
ENST00000391754.5	427	11197	10770
ENST00000391755.1	8	14624	14616
ENST00000391757.1	1032	8823	7791
ENST00000391758.5	33	8403	8370
ENST00000391759.6	33	9002	8969
ENST00000391760.1	97	5497	5400
ENST00000391761.5	1013	6934	5921
ENST00000391762.5	27	3765	3738
ENST00000391763.3	10	4130	4120
ENST00000391764.7	10	5889	5879
ENST00000391766.1	15	29412	29397
ENST00000391767.6	3554	33832	30278
ENST00000391768.2	4091	6021	1930
ENST00000391769.2	4124	6054	1930
ENST00000391770.9	5647	7577	1930
ENST00000391771.1	5647	7577	1930
ENST00000391772.1	309	33100	32791
ENST00000391773.7	309	33607	33298
ENST00000391775.7	310	33435	33125
ENST00000391777.3	431	28310	27879
ENST00000391778.3	2766	19129	16363
ENST00000391781.6	4427	15607	11180
ENST00000391783.6	0	3274	3274
ENST00000391785.8	3861	14559	10698
ENST00000391786.6	248	4924	4676
ENST00000391787.6	4146	8987	4841
ENST00000391788.6	8073	16848	8775
ENST00000391791.4	0	5224	5224
ENST00000391794.8	12867	20039	7172
ENST00000391795.7	430	17921	17491
ENST00000391796.7	21	11653	11632
ENST00000391797.3	210	12669	12459
ENST00000391802.1	113	5645	5532
ENST00000391804.7	59	3962	3903
ENST00000391805.5	2058	7208	5150
ENST00000391806.6	55	6070	6015
ENST00000391807.5	1051	6665	5614
ENST00000391808.5	535	5201	4666
ENST00000391809.6	331	10228	9897
ENST00000391810.6	3139	5597	2458
ENST00000391814.5	27	61461	61434
ENST00000391821.6	5277	23859	18582
ENST00000391826.7	19	8200	8181
ENST00000391827.3	2629	35252	32623
ENST00000391828.8	2645	35438	32793
ENST00000391830.1	0	650	650
ENST00000391831.5	874	5013	4139
ENST00000391832.7	881	5020	4139
ENST00000391833.5	882	5021	4139
ENST00000391834.6	887	5026	4139
ENST00000391835.1	874	8432	7558
ENST00000391836.3	0	71777	71777
ENST00000391842.6	170	10353	10183
ENST00000391844.8	8922	21803	12881
ENST00000391851.8	129	12139	12010
ENST00000391854.7	4427	36376	31949
ENST00000391855.2	13461	14935	1474
ENST00000391857.9	22	4805	4783
ENST00000391858.8	1280	15245	13965
ENST00000391859.6	370	3043	2673
ENST00000391860.7	8938	113003	104065
ENST00000391864.7	81	4452	4371
ENST00000391867.8	76	1954	1878
ENST00000391875.6	295	86720	86425
ENST00000391878.6	957	30034	29077
ENST00000391880.6	9330	12220	2890
ENST00000391881.7	187	9678	9491
ENST00000391883.2	0	26130	26130
ENST00000391884.2	476	4831	4355
ENST00000391890.7	3696	175531	171835
ENST00000391894.6	183	153244	153061
ENST00000391895.6	67	230546	230479
ENST00000391898.7	3609	34516	30907
ENST00000391901.8	537	39189	38652
ENST00000391909.7	9394	12362	2968
ENST00000391910.7	1094	29182	28088
ENST00000391911.5	399	39563	39164
ENST00000391916.7	934	15396	14462
ENST00000391918.6	7197	8411	1214
ENST00000391919.1	6837	44337	37500
ENST00000391921.9	123	38906	38783
ENST00000391923.1	249	11393	11144
ENST00000391929.7	390	6228	5838
ENST00000391930.3	44	3201	3157
ENST00000391932.7	93	1397	1304
ENST00000391936.6	357	39476	39119
ENST00000391941.6	0	20053	20053
ENST00000391944.8	318	21411	21093
ENST00000391945.10	1795	22960	21165
ENST00000391946.7	4792	12104	7312
ENST00000391947.6	9140	22321	13181
ENST00000391951.2	10846	11630	784
ENST00000391952.7	1148	31776	30628
ENST00000391953.8	1167	33613	32446
ENST00000391956.8	768	26600	25832
ENST00000391958.6	4438	16753	12315
ENST00000391959.5	153	234962	234809
ENST00000391960.4	58	9117	9059
ENST00000391961.6	16011	26540	10529
ENST00000391965.6	717	3371	2654
ENST00000391967.7	1058	20014	18956
ENST00000391969.6	3550	7559	4009
ENST00000391971.7	8308	35318	27010
ENST00000391973.6	9133	36143	27010
ENST00000391974.3	11782	42068	30286
ENST00000391975.5	2340	43383	41043
ENST00000391976.6	392	41435	41043
ENST00000391980.7	430	7841	7411
ENST00000391983.7	41	12696	12655
ENST00000391984.7	178	13947	13769
ENST00000391985.7	71	19496	19425
ENST00000391988.3	0	20547	20547
ENST00000391989.6	147	1564	1417
ENST00000391993.7	222	80335	80113
ENST00000391995.7	8188	23846	15658
ENST00000391997.3	416	6628	6212
ENST00000392000.4	117	74211	74094
ENST00000392001.6	11677	11987	310
ENST00000392002.7	1777	7850	6073
ENST00000392003.6	71	28302	28231
ENST00000392004.7	71	28904	28833
ENST00000392006.8	132	44743	44611
ENST00000392008.6	1314	12330	11016
ENST00000392011.7	82986	104681	21695
ENST00000392017.9	155	44477	44322
ENST00000392018.1	114	44486	44372
ENST00000392020.8	122	44388	44266
ENST00000392021.7	155	4541	4386
ENST00000392023.1	2161	32031	29870
ENST00000392027.3	52	4635	4583
ENST00000392028.8	649	1823	1174
ENST00000392029.6	38	24437	24399
ENST00000392032.6	17900	19634	1734
ENST00000392035.6	822	16331	15509
ENST00000392037.5	0	23090	23090
ENST00000392038.7	3558	36380	32822
ENST00000392039.2	140	2052	1912
ENST00000392040.5	2678	4590	1912
ENST00000392041.8	356	2740	2384
ENST00000392045.8	109	89519	89410
ENST00000392048.7	195	42081	41886
ENST00000392051.4	49	5026	4977
ENST00000392052.8	48	5242	5194
ENST00000392054.7	1661	239572	237911
ENST00000392055.8	1662	247718	246056
ENST00000392056.8	1765	206731	204966
ENST00000392059.6	1036	27991	26955
ENST00000392061.6	3197	5450	2253
ENST00000392062.7	28640	160404	131764
ENST00000392064.6	55	113474	113419
ENST00000392066.7	47831	82855	35024
ENST00000392067.7	305	223471	223166
ENST00000392069.6	1289	100232	98943
ENST00000392070.7	1524	100171	98647
ENST00000392079.7	5394	9934	4540
ENST00000392081.6	601	16304	15703
ENST00000392083.5	107	2589	2482
ENST00000392086.8	490	7472	6982
ENST00000392087.6	369	6099	5730
ENST00000392088.6	644	3773	3129
ENST00000392089.6	304	8748	8444
ENST00000392090.6	3	7948	7945
ENST00000392092.7	2661	18903	16242
ENST00000392095.8	4776	31526	26750
ENST00000392096.6	66	3574	3508
ENST00000392100.6	0	2566	2566
ENST00000392102.6	26842	47130	20288
ENST00000392105.7	761	33793	33032
ENST00000392108.7	142	140511	140369
ENST00000392109.5	1279	4924	3645
ENST00000392110.6	1274	4919	3645
ENST00000392111.7	1305	4950	3645
ENST00000392112.5	142	148138	147996
ENST00000392114.6	10810	31746	20936
ENST00000392121.7	163	66283	66120
ENST00000392122.4	1050	88312	87262
ENST00000392124.7	240	5335	5095
ENST00000392127.6	551	150050	149499
ENST00000392128.6	0	70234	70234
ENST00000392132.7	89	98026	97937
ENST00000392133.7	1973	99910	97937
ENST00000392138.5	193	35027	34834
ENST00000392142.9	163	129895	129732
ENST00000392149.6	1445	35820	34375
ENST00000392150.2	45	3205	3160
ENST00000392151.6	144	47941	47797
ENST00000392153.8	576	31039	30463
ENST00000392156.7	9256	17574	8318
ENST00000392157.2	582	7391	6809
ENST00000392161.4	4114	22751	18637
ENST00000392167.4	32	21812	21780
ENST00000392168.6	61	7616	7555
ENST00000392169.6	18	48386	48368
ENST00000392170.7	3861	32691	28830
ENST00000392173.6	175	21184	21009
ENST00000392179.5	239	13149	12910
ENST00000392185.8	189	121356	121167
ENST00000392190.9	1026	3512	2486
ENST00000392192.6	142	2222	2080
ENST00000392193.5	73856	99630	25774
ENST00000392194.5	73130	151757	78627
ENST00000392197.7	10069	13647	3578
ENST00000392201.1	2419	10074	7655
ENST00000392202.7	5253	40098	34845
ENST00000392203.8	76	33387	33311
ENST00000392204.6	896	2334	1438
ENST00000392205.2	59	2106	2047
ENST00000392206.6	118	7412	7294
ENST00000392209.7	567	43012	42445
ENST00000392210.6	277	891	614
ENST00000392213.8	3248	23159	19911
ENST00000392217.3	42	5894	5852
ENST00000392218.6	821	5158	4337
ENST00000392219.7	816	15403	14587
ENST00000392220.2	0	4763	4763
ENST00000392221.5	386	3955	3569
ENST00000392222.7	85	3654	3569
ENST00000392225.7	889	11641	10752
ENST00000392226.5	2001	27017	25016
ENST00000392232.7	882	9778	8896
ENST00000392233.7	85	28546	28461
ENST00000392235.7	1	14079	14078
ENST00000392237.6	3569	54476	50907
ENST00000392238.3	219	132551	132332
ENST00000392244.7	488	31907	31419
ENST00000392245.5	1069	32562	31493
ENST00000392246.7	1074	32567	31493
ENST00000392249.6	3045	29349	26304
ENST00000392250.7	2484	78597	76113
ENST00000392252.7	5351	46513	41162
ENST00000392254.6	5351	46540	41189
ENST00000392255.7	35	28288	28253
ENST00000392256.6	79	27230	27151
ENST00000392257.8	387	64385	63998
ENST00000392258.7	32981	44130	11149
ENST00000392263.6	33044	54533	21489
ENST00000392270.3	1041	2777	1736
ENST00000392271.6	309	74421	74112
ENST00000392273.7	100	21274	21174
ENST00000392275.1	374	834	460
ENST00000392276.1	1552	2012	460
ENST00000392283.9	491	17185	16694
ENST00000392288.7	105	30166	30061
ENST00000392290.6	217	9094	8877
ENST00000392296.9	1668	55799	54131
ENST00000392302.7	26488	68175	41687
ENST00000392306.2	937	11653	10716
ENST00000392314.5	1412	246509	245097
ENST00000392316.5	11	150364	150353
ENST00000392318.8	31492	181931	150439
ENST00000392319.6	4176	23847	19671
ENST00000392320.7	267	120848	120581
ENST00000392321.3	3914	26185	22271
ENST00000392322.7	274	36581	36307
ENST00000392323.6	169	36476	36307
ENST00000392324.8	1036	9509	8473
ENST00000392325.9	1360	34800	33440
ENST00000392328.6	27675	94227	66552
ENST00000392329.7	16514	29002	12488
ENST00000392332.7	1309	116830	115521
ENST00000392333.7	7334	45786	38452
ENST00000392334.7	3343	31932	28589
ENST00000392335.6	9182	25471	16289
ENST00000392336.7	107	25017	24910
ENST00000392339.6	3777	8132	4355
ENST00000392341.6	7588	11943	4355
ENST00000392343.3	288	46736	46448
ENST00000392345.6	44	27496	27452
ENST00000392348.6	3	21353	21350
ENST00000392349.9	1503	12784	11281
ENST00000392350.7	1447	12728	11281
ENST00000392351.8	243	10853	10610
ENST00000392358.6	349	6734	6385
ENST00000392359.8	505	4396	3891
ENST00000392365.5	2709	40443	37734
ENST00000392366.7	1048	2109	1061
ENST00000392367.4	498	4519	4021
ENST00000392369.6	524	4495	3971
ENST00000392370.8	4223	45002	40779
ENST00000392373.7	6443	50353	43910
ENST00000392376.7	2540	8374	5834
ENST00000392378.6	2115	37683	35568
ENST00000392379.6	2115	37683	35568
ENST00000392380.6	0	148067	148067
ENST00000392381.7	7080	220699	213619
ENST00000392382.6	3	255170	255167
ENST00000392386.8	332	14676	14344
ENST00000392389.6	7445	14722	7277
ENST00000392391.9	156	22290	22134
ENST00000392396.7	2469	29885	27416
ENST00000392401.3	1797	11347	9550
ENST00000392403.8	2395	195116	192721
ENST00000392404.7	38933	40497	1564
ENST00000392407.6	23573	32471	8898
ENST00000392413.5	85	16478	16393
ENST00000392414.7	736	12666	11930
ENST00000392415.6	1658	83116	81458
ENST00000392427.7	18789	119141	100352
ENST00000392429.1	3306	6250	2944
ENST00000392432.6	859	46956	46097
ENST00000392435.7	949	3033	2084
ENST00000392436.7	158	78080	77922
ENST00000392437.6	98	101749	101651
ENST00000392439.7	915	33523	32608
ENST00000392440.3	30	39164	39134
ENST00000392441.8	145	53974	53829
ENST00000392443.7	297	155942	155645
ENST00000392445.6	18306	23262	4956
ENST00000392446.10	1837	7106	5269
ENST00000392449.4	76273	199183	122910
ENST00000392452.3	1574	122496	120922
ENST00000392455.9	281	63797	63516
ENST00000392456.4	590	63579	62989
ENST00000392460.7	0	264354	264354
ENST00000392461.7	0	105665	105665
ENST00000392462.6	1400	18567	17167
ENST00000392463.6	0	105789	105789
ENST00000392464.3	69	31861	31792
ENST00000392465.7	2680	24567	21887
ENST00000392467.7	230	16307	16077
ENST00000392470.6	177	39878	39701
ENST00000392472.6	1603	30370	28767
ENST00000392473.2	539	32521	31982
ENST00000392474.6	2780	38487	35707
ENST00000392475.2	0	35426	35426
ENST00000392476.6	54848	129953	75105
ENST00000392477.7	24395	140619	116224
ENST00000392481.6	77	15897	15820
ENST00000392482.6	16507	59503	42996
ENST00000392485.2	2049	3706	1657
ENST00000392487.2	22	386	364
ENST00000392490.5	107563	115192	7629
ENST00000392491.6	245864	253493	7629
ENST00000392492.8	1144	2982	1838
ENST00000392496.3	353	3438	3085
ENST00000392499.6	258	6416	6158
ENST00000392500.7	204	162841	162637
ENST00000392502.8	778	12145	11367
ENST00000392505.6	111704	203928	92224
ENST00000392508.2	331	2381	2050
ENST00000392509.6	26572	28622	2050
ENST00000392514.9	77	5028	4951
ENST00000392518.8	1137	24877	23740
ENST00000392519.7	2252	4164	1912
ENST00000392520.2	286	120315	120029
ENST00000392521.7	2444	196537	194093
ENST00000392522.8	130	8967	8837
ENST00000392523.9	130	9173	9043
ENST00000392524.7	6	7626	7620
ENST00000392527.5	920	9809	8889
ENST00000392531.4	374	1849	1475
ENST00000392533.8	1199	108441	107242
ENST00000392537.6	2893	24870	21977
ENST00000392539.4	170	3033	2863
ENST00000392540.6	0	25137	25137
ENST00000392541.3	146	3670	3524
ENST00000392542.6	1330	15499	14169
ENST00000392544.5	107	63441	63334
ENST00000392546.6	339	24864	24525
ENST00000392547.6	2978	27503	24525
ENST00000392549.7	2207	112476	110269
ENST00000392550.8	17730	52213	34483
ENST00000392551.6	1967	50399	48432
ENST00000392552.7	4548	52980	48432
ENST00000392554.8	179	3746	3567
ENST00000392557.8	1268	33466	32198
ENST00000392561.7	1173	147029	145856
ENST00000392562.5	2295	76198	73903
ENST00000392563.5	2295	76076	73781
ENST00000392564.5	2295	76198	73903
ENST00000392568.7	85	8931	8846
ENST00000392569.8	16199	54030	37831
ENST00000392571.6	144	41315	41171
ENST00000392579.6	1058	31309	30251
ENST00000392580.5	3435	10151	6716
ENST00000392583.7	90	32784	32694
ENST00000392585.2	1600	8887	7287
ENST00000392586.5	706	29451	28745
ENST00000392587.6	706	29451	28745
ENST00000392588.5	706	29451	28745
ENST00000392589.6	706	29451	28745
ENST00000392590.3	1271	2715	1444
ENST00000392593.9	2262	9590	7328
ENST00000392594.7	162	5271	5109
ENST00000392595.6	162	5271	5109
ENST00000392597.5	203	69090	68887
ENST00000392599.6	0	62236	62236
ENST00000392604.6	1961	69118	67157
ENST00000392606.2	487	28648	28161
ENST00000392607.8	986	43258	42272
ENST00000392610.5	41	8412	8371
ENST00000392612.7	43	8728	8685
ENST00000392613.10	17	8812	8795
ENST00000392614.8	3854	9056	5202
ENST00000392615.9	7536	8839	1303
ENST00000392619.2	2771	14347	11576
ENST00000392621.6	1567	10775	9208
ENST00000392622.3	94	7960	7866
ENST00000392623.5	94	7960	7866
ENST00000392625.7	46	17910	17864
ENST00000392627.7	7689	16257	8568
ENST00000392628.7	7661	18570	10909
ENST00000392629.3	6080	14648	8568
ENST00000392632.6	0	138360	138360
ENST00000392634.9	11748	29444	17696
ENST00000392640.6	66	13460	13394
ENST00000392644.9	5846	127673	121827
ENST00000392647.7	1183	17568	16385
ENST00000392649.7	6873	104794	97921
ENST00000392650.8	4206	316175	311969
ENST00000392653.3	400	830	430
ENST00000392657.7	963	35679	34716
ENST00000392659.2	44	10331	10287
ENST00000392662.5	7171	26236	19065
ENST00000392663.6	71	26045	25974
ENST00000392664.2	384	4844	4460
ENST00000392665.6	2813	5043	2230
ENST00000392666.6	1108	3338	2230
ENST00000392668.8	3599	115811	112212
ENST00000392669.6	2740	11617	8877
ENST00000392670.5	27234	29740	2506
ENST00000392671.6	56863	59369	2506
ENST00000392672.8	99	30662	30563
ENST00000392676.8	3229	74992	71763
ENST00000392678.7	7785	10707	2922
ENST00000392679.6	7802	11251	3449
ENST00000392680.6	7777	11226	3449
ENST00000392685.7	136	9041	8905
ENST00000392686.6	3086	19895	16809
ENST00000392687.4	200	314575	314375
ENST00000392690.4	576039	577993	1954
ENST00000392692.8	3805	72226	68421
ENST00000392693.7	5149	71522	66373
ENST00000392695.6	17280	34005	16725
ENST00000392701.8	1196	25001	23805
ENST00000392708.9	3064	30053	26989
ENST00000392710.8	2950	11677	8727
ENST00000392711.5	3021	19200	16179
ENST00000392712.7	62	42393	42331
ENST00000392715.6	1000	7471	6471
ENST00000392720.6	2145	9997	7852
ENST00000392723.6	2081	43534	41453
ENST00000392727.7	986	23760	22774
ENST00000392741.6	88	15791	15703
ENST00000392743.6	901	34753	33852
ENST00000392744.4	2014	10151	8137
ENST00000392745.8	92753	130026	37273
ENST00000392746.7	0	5854	5854
ENST00000392747.6	77	2945	2868
ENST00000392748.5	2108	32879	30771
ENST00000392749.7	19235	76355	57120
ENST00000392750.7	1013	37488	36475
ENST00000392754.7	1574	86304	84730
ENST00000392755.2	0	8849	8849
ENST00000392757.8	29	37135	37106
ENST00000392759.7	175	57224	57049
ENST00000392761.3	0	68512	68512
ENST00000392764.5	164	130219	130055
ENST00000392766.6	509	134996	134487
ENST00000392767.6	467	130522	130055
ENST00000392769.6	433	550597	550164
ENST00000392770.6	4957	25252	20295
ENST00000392771.1	981	120533	119552
ENST00000392776.3	36	73631	73595
ENST00000392779.6	1879	3863	1984
ENST00000392781.7	1879	3863	1984
ENST00000392782.5	1289	166102	164813
ENST00000392783.7	1289	166209	164920
ENST00000392784.6	33603	64285	30682
ENST00000392789.2	10524	15550	5026
ENST00000392790.6	123	15497	15374
ENST00000392793.6	1423	96002	94579
ENST00000392795.7	489	4205	3716
ENST00000392796.7	235	48686	48451
ENST00000392799.7	6592	44527	37935
ENST00000392800.7	10801	64673	53872
ENST00000392801.6	263	231142	230879
ENST00000392802.3	441	4967	4526
ENST00000392806.4	1684	3380	1696
ENST00000392807.8	1511	6728	5217
ENST00000392811.6	133	37576	37443
ENST00000392813.8	80	28463	28383
ENST00000392815.2	135	12231	12096
ENST00000392818.7	467	2214	1747
ENST00000392825.8	72576	580283	507707
ENST00000392826.6	93	17491	17398
ENST00000392827.2	183	1747	1564
ENST00000392830.6	269	2577	2308
ENST00000392832.6	228	236926	236698
ENST00000392833.6	1395	237959	236564
ENST00000392834.7	4324	5314	990
ENST00000392837.9	64	113000	112936
ENST00000392839.6	106	112923	112817
ENST00000392841.1	286	6312	6026
ENST00000392842.6	317	180649	180332
ENST00000392844.8	34	79098	79064
ENST00000392848.9	1364	6652	5288
ENST00000392854.4	69997	96687	26690
ENST00000392857.10	5117	46857	41740
ENST00000392859.7	158	29581	29423
ENST00000392861.6	0	119671	119671
ENST00000392863.6	14444	17972	3528
ENST00000392865.5	288	37138	36850
ENST00000392867.7	1041	263879	262838
ENST00000392869.6	8987	272078	263091
ENST00000392870.3	347	249247	248900
ENST00000392871.6	5979	263879	257900
ENST00000392872.8	166	22435	22269
ENST00000392876.8	5522	70476	64954
ENST00000392882.7	1088	36798	35710
ENST00000392883.6	80	8531	8451
ENST00000392884.2	71	3890	3819
ENST00000392886.7	113	2244	2131
ENST00000392894.8	32812	149020	116208
ENST00000392901.10	228	61390	61162
ENST00000392903.3	228	106424	106196
ENST00000392904.5	216	78522	78306
ENST00000392905.7	27	78333	78306
ENST00000392908.7	1598	15546	13948
ENST00000392909.7	3685	30533	26848
ENST00000392910.6	749	10010	9261
ENST00000392911.6	28073	77526	49453
ENST00000392912.6	1538	58653	57115
ENST00000392915.7	362	64130	63768
ENST00000392917.8	43	61209	61166
ENST00000392918.7	43	61214	61171
ENST00000392919.4	379	35011	34632
ENST00000392920.8	79	79553	79474
ENST00000392924.2	282	9987	9705
ENST00000392925.6	61	5297	5236
ENST00000392927.7	280	9985	9705
ENST00000392928.5	20665	64066	43401
ENST00000392934.7	100	94098	93998
ENST00000392937.10	3863	11036	7173
ENST00000392944.5	954	3904	2950
ENST00000392948.5	49	863	814
ENST00000392950.9	1444	26563	25119
ENST00000392951.9	3644	5585	1941
ENST00000392952.7	5150	62059	56909
ENST00000392953.8	0	130176	130176
ENST00000392955.7	5150	255371	250221
ENST00000392959.5	2016	35987	33971
ENST00000392962.3	932	26379	25447
ENST00000392963.5	17868	27379	9511
ENST00000392965.7	132	42925	42793
ENST00000392973.8	1467	5097	3630
ENST00000392975.6	2101	5991	3890
ENST00000392976.5	2098	5988	3890
ENST00000392977.8	107010	335130	228120
ENST00000392979.7	106979	334995	228016
ENST00000392981.7	4904	146375	141471
ENST00000392982.8	9460	54232	44772
ENST00000392984.7	394	6522	6128
ENST00000392985.4	3265	17572	14307
ENST00000392986.8	19458	91039	71581
ENST00000392988.6	641	18752	18111
ENST00000392989.3	24	64394	64370
ENST00000392990.6	35	64640	64605
ENST00000392991.8	316	10564	10248
ENST00000392993.7	8098	69499	61401
ENST00000392994.7	55	4836	4781
ENST00000392995.7	146	57976	57830
ENST00000392996.2	2794	192058	189264
ENST00000393000.3	45	7182	7137
ENST00000393001.1	3460	13521	10061
ENST00000393003.7	662	144039	143377
ENST00000393004.6	4054	126638	122584
ENST00000393006.5	2620	36357	33737
ENST00000393008.7	379	4895	4516
ENST00000393010.6	28315	62776	34461
ENST00000393018.3	73	2912	2839
ENST00000393020.5	1447	70590	69143
ENST00000393021.7	17534	55141	37607
ENST00000393028.5	659	3718	3059
ENST00000393033.9	657	6207	5550
ENST00000393034.6	12357	24537	12180
ENST00000393035.6	12578	24758	12180
ENST00000393038.3	134	1206	1072
ENST00000393039.2	185	31244	31059
ENST00000393040.7	502	60347	59845
ENST00000393041.7	502	60326	59824
ENST00000393042.3	905	31504	30599
ENST00000393043.5	274	75753	75479
ENST00000393045.7	927	12338	11411
ENST00000393046.3	0	3029	3029
ENST00000393047.8	1276	9544	8268
ENST00000393051.5	33	38706	38673
ENST00000393053.6	237	33253	33016
ENST00000393054.5	332	67452	67120
ENST00000393055.6	82	26253	26171
ENST00000393056.8	9	23920	23911
ENST00000393060.1	1860	42843	40983
ENST00000393061.7	432	43713	43281
ENST00000393062.6	52	43755	43703
ENST00000393063.6	1254	49951	48697
ENST00000393065.6	393	110241	109848
ENST00000393066.7	270	126677	126407
ENST00000393067.8	2009	27685	25676
ENST00000393077.3	159	368808	368649
ENST00000393078.5	2051	12685	10634
ENST00000393079.3	35377	37847	2470
ENST00000393080.8	2058	12692	10634
ENST00000393081.6	19712	54149	34437
ENST00000393083.2	8832	28103	19271
ENST00000393084.6	269	79735	79466
ENST00000393085.4	3169	50690	47521
ENST00000393086.5	179	8259	8080
ENST00000393087.9	1705	7740	6035
ENST00000393088.8	76	6111	6035
ENST00000393091.6	881	19111	18230
ENST00000393092.7	9819	18850	9031
ENST00000393094.7	451	97804	97353
ENST00000393096.5	653	8606	7953
ENST00000393099.3	249	2956	2707
ENST00000393100.3	21595	29008	7413
ENST00000393101.7	213	38365	38152
ENST00000393102.7	41508	82373	40865
ENST00000393103.2	243	4898	4655
ENST00000393104.6	4949	27653	22704
ENST00000393106.6	21666	40964	19298
ENST00000393107.2	21644	40942	19298
ENST00000393110.7	7179	40990	33811
ENST00000393114.8	829	3605	2776
ENST00000393115.7	15609	21544	5935
ENST00000393118.7	163	78545	78382
ENST00000393119.7	641	15448	14807
ENST00000393120.6	8572	13976	5404
ENST00000393125.6	969	303165	302196
ENST00000393128.8	1769	34113	32344
ENST00000393130.7	190910	359302	168392
ENST00000393132.2	14677	32972	18295
ENST00000393134.5	127	59549	59422
ENST00000393140.6	3149	69875	66726
ENST00000393141.6	1507	30228	28721
ENST00000393143.5	3149	69875	66726
ENST00000393146.6	86	675924	675838
ENST00000393147.6	355	683114	682759
ENST00000393150.7	1888	12928	11040
ENST00000393151.6	0	283726	283726
ENST00000393155.6	13213	33504	20291
ENST00000393157.8	869	34318	33449
ENST00000393158.7	2508	257841	255333
ENST00000393160.7	870	53819	52949
ENST00000393161.6	29	232377	232348
ENST00000393165.7	1363	15561	14198
ENST00000393166.7	1300	15495	14195
ENST00000393167.7	1378	15573	14195
ENST00000393176.2	0	52775	52775
ENST00000393179.8	1438	73314	71876
ENST00000393183.7	411	5327	4916
ENST00000393187.5	4040	14691	10651
ENST00000393189.2	1493	16393	14900
ENST00000393190.4	267	5489	5222
ENST00000393193.6	2065	18805	16740
ENST00000393196.8	2096	8735	6639
ENST00000393197.3	421	3495	3074
ENST00000393200.7	241	3937	3696
ENST00000393203.3	288	79676	79388
ENST00000393207.5	5098	108184	103086
ENST00000393208.6	23682	126685	103003
ENST00000393211.3	292	22593	22301
ENST00000393212.7	1826	11424	9598
ENST00000393213.7	0	23405	23405
ENST00000393215.7	229	103875	103646
ENST00000393216.3	61	163142	163081
ENST00000393217.7	1826	213727	211901
ENST00000393218.6	478	30228	29750
ENST00000393223.8	2411	34464	32053
ENST00000393227.6	134	32791	32657
ENST00000393229.4	4774	81633	76859
ENST00000393230.6	27284	126609	99325
ENST00000393232.6	45632	144957	99325
ENST00000393233.6	231	5183	4952
ENST00000393238.8	3692	182541	178849
ENST00000393240.7	353527	586386	232859
ENST00000393241.8	250	75025	74775
ENST00000393243.5	40	62601	62561
ENST00000393249.6	4095	101664	97569
ENST00000393250.8	56	97625	97569
ENST00000393252.4	79	42524	42445
ENST00000393256.8	2832	43905	41073
ENST00000393259.6	3084	6588	3504
ENST00000393261.8	303	9029	8726
ENST00000393263.7	1277	28223	26946
ENST00000393265.6	3349	172702	169353
ENST00000393271.6	1989	9457	7468
ENST00000393272.7	458	83808	83350
ENST00000393274.6	2753	45900	43147
ENST00000393276.7	2755	45732	42977
ENST00000393278.6	552	9660	9108
ENST00000393282.2	79	2499	2420
ENST00000393283.5	1708	42895	41187
ENST00000393284.8	1682	51055	49373
ENST00000393287.9	5771	48921	43150
ENST00000393288.2	383	166476	166093
ENST00000393292.7	170	31703	31533
ENST00000393293.4	340	140332	139992
ENST00000393294.3	4	64061	64057
ENST00000393295.8	2669	34404	31735
ENST00000393300.6	1010	3408	2398
ENST00000393301.5	352	12074	11722
ENST00000393304.5	3530	34553	31023
ENST00000393305.5	3530	34553	31023
ENST00000393306.6	4432	14190	9758
ENST00000393307.5	3530	34553	31023
ENST00000393308.5	3530	34553	31023
ENST00000393310.5	71143	96496	25353
ENST00000393312.5	1744	21945	20201
ENST00000393313.5	3301	23502	20201
ENST00000393315.5	1244	7054	5810
ENST00000393316.8	4310	11044	6734
ENST00000393319.7	556	6522	5966
ENST00000393320.3	46	6487	6441
ENST00000393321.2	0	5480	5480
ENST00000393324.7	174	232634	232460
ENST00000393328.6	1497	25039	23542
ENST00000393329.5	1578	42612	41034
ENST00000393330.6	252	33296	33044
ENST00000393335.7	4726	26526	21800
ENST00000393337.7	24845	48957	24112
ENST00000393340.7	1089	3757	2668
ENST00000393346.8	1874	113541	111667
ENST00000393347.7	319	45444	45125
ENST00000393348.6	109333	136234	26901
ENST00000393349.2	3282	42528	39246
ENST00000393350.1	4453	6689	2236
ENST00000393352.7	460	26522	26062
ENST00000393353.7	460	26522	26062
ENST00000393354.7	24	38463	38439
ENST00000393356.7	34844	81424	46580
ENST00000393357.6	506	63769	63263
ENST00000393359.7	2972	46456	43484
ENST00000393360.7	2924	48102	45178
ENST00000393362.8	26823	38352	11529
ENST00000393366.7	631	3383	2752
ENST00000393370.7	186	37005	36819
ENST00000393371.6	700	38633	37933
ENST00000393375.5	3123	8249	5126
ENST00000393376.5	359	60348	59989
ENST00000393380.6	3055	167986	164931
ENST00000393381.3	111	29437	29326
ENST00000393382.8	6758	57496	50738
ENST00000393384.3	288	3656	3368
ENST00000393386.7	339	194971	194632
ENST00000393387.5	26	73281	73255
ENST00000393389.7	932	19509	18577
ENST00000393392.6	162	54646	54484
ENST00000393399.6	541	77575	77034
ENST00000393400.6	2168	7762	5594
ENST00000393405.6	4486	14751	10265
ENST00000393408.7	1386	7503	6117
ENST00000393409.3	5479	56556	51077
ENST00000393410.5	0	31360	31360
ENST00000393412.7	1021	32381	31360
ENST00000393413.7	0	31286	31286
ENST00000393414.6	9581	30580	20999
ENST00000393415.7	195	31023	30828
ENST00000393416.7	188	32377	32189
ENST00000393417.8	95	6497	6402
ENST00000393420.10	3	24628	24625
ENST00000393422.6	1327	42450	41123
ENST00000393423.7	80	27082	27002
ENST00000393427.7	21353	51531	30178
ENST00000393430.6	4370	22967	18597
ENST00000393431.6	26676	58907	32231
ENST00000393432.9	1371	10290	8919
ENST00000393434.7	224	60093	59869
ENST00000393436.9	37867	46872	9005
ENST00000393437.8	12426	52468	40042
ENST00000393438.6	347	51607	51260
ENST00000393441.8	148	198548	198400
ENST00000393443.5	78597	211118	132521
ENST00000393444.7	331	211095	210764
ENST00000393445.7	769	68228	67459
ENST00000393446.6	303	278171	277868
ENST00000393447.8	331	211163	210832
ENST00000393448.6	0	39734	39734
ENST00000393449.5	162	278175	278013
ENST00000393450.5	75	14276	14201
ENST00000393451.7	199	278159	277960
ENST00000393452.7	7213	79032	71819
ENST00000393454.6	7177	89011	81834
ENST00000393456.7	6357	16006	9649
ENST00000393459.6	3461	9301	5840
ENST00000393461.2	53	34512	34459
ENST00000393465.7	35	47514	47479
ENST00000393467.1	295	33430	33135
ENST00000393468.1	311	33446	33135
ENST00000393469.8	1255	130840	129585
ENST00000393470.1	62	34781	34719
ENST00000393471.2	7003	9239	2236
ENST00000393473.6	7003	9239	2236
ENST00000393480.3	2	1005	1003
ENST00000393481.6	11730	35905	24175
ENST00000393482.7	0	93296	93296
ENST00000393483.8	939	114256	113317
ENST00000393484.2	0	2751	2751
ENST00000393485.5	1929	45078	43149
ENST00000393486.6	940	94572	93632
ENST00000393487.6	6463	108816	102353
ENST00000393488.2	3301	14393	11092
ENST00000393489.8	11189	123263	112074
ENST00000393493.6	0	2459	2459
ENST00000393494.6	12238	277778	265540
ENST00000393495.7	11400	227983	216583
ENST00000393498.6	11454	276931	265477
ENST00000393512.7	676	59546	58870
ENST00000393514.9	0	50731	50731
ENST00000393523.6	0	54	54
ENST00000393524.6	3965	73618	69653
ENST00000393526.6	397	18492	18095
ENST00000393527.8	0	46818	46818
ENST00000393528.7	307	105225	104918
ENST00000393529.5	0	8935	8935
ENST00000393531.5	27	27546	27519
ENST00000393533.6	10	41496	41486
ENST00000393537.5	314	10542	10228
ENST00000393539.6	499	8404	7905
ENST00000393540.7	323	28883	28560
ENST00000393543.7	2432	7444	5012
ENST00000393545.9	162	54547	54385
ENST00000393546.8	0	6083	6083
ENST00000393547.6	213	44630	44417
ENST00000393551.5	298	9468	9170
ENST00000393552.6	3452	147146	143694
ENST00000393555.3	8349	11515	3166
ENST00000393559.2	0	4792	4792
ENST00000393560.5	93	45911	45818
ENST00000393561.6	155	76016	75861
ENST00000393562.10	612	16297	15685
ENST00000393564.7	613	16298	15685
ENST00000393565.6	826	18981	18155
ENST00000393567.7	5499	400089	394590
ENST00000393568.8	54	60453	60399
ENST00000393569.6	404	61128	60724
ENST00000393572.5	174	9700	9526
ENST00000393576.7	52	16603	16551
ENST00000393577.7	148	127653	127505
ENST00000393578.7	811	18417	17606
ENST00000393580.2	12469	20100	7631
ENST00000393583.6	0	53633	53633
ENST00000393585.6	1743	11298	9555
ENST00000393586.1	199	4247	4048
ENST00000393587.4	167	3027	2860
ENST00000393588.8	55	9610	9555
ENST00000393590.3	24317	26283	1966
ENST00000393591.5	26625	28591	1966
ENST00000393592.7	32021	33987	1966
ENST00000393593.8	1032	42374	41342
ENST00000393594.7	83	52262	52179
ENST00000393596.2	15703	17963	2260
ENST00000393597.7	15879	18139	2260
ENST00000393599.3	601	2689	2088
ENST00000393600.8	95	7292	7197
ENST00000393603.7	2677	358403	355726
ENST00000393605.7	592	31120	30528
ENST00000393606.7	129	13275	13146
ENST00000393609.8	598	46376	45778
ENST00000393611.6	295	2438	2143
ENST00000393612.8	441	45257	44816
ENST00000393614.8	24290	38345	14055
ENST00000393623.6	529	15774	15245
ENST00000393627.6	13702	42591	28889
ENST00000393629.6	360	130997	130637
ENST00000393630.8	382	131036	130654
ENST00000393631.5	40	35112	35072
ENST00000393637.5	36	10376	10340
ENST00000393638.5	1472	5229	3757
ENST00000393639.8	18859	101159	82300
ENST00000393640.8	5714	23596	17882
ENST00000393648.6	2698	12953	10255
ENST00000393650.7	20189	59867	39678
ENST00000393651.8	1467	274513	273046
ENST00000393655.4	21	25891	25870
ENST00000393657.6	18365	35519	17154
ENST00000393658.7	1971	180117	178146
ENST00000393660.2	3	12981	12978
ENST00000393661.2	533	20223	19690
ENST00000393664.6	676	19211	18535
ENST00000393667.8	1280	77554	76274
ENST00000393674.7	757	27386	26629
ENST00000393676.5	34	4801	4767
ENST00000393677.8	1355	23395	22040
ENST00000393679.5	1960	6727	4767
ENST00000393681.6	2506	7273	4767
ENST00000393687.6	3	9985	9982
ENST00000393693.7	732	9969	9237
ENST00000393695.8	666	39399	38733
ENST00000393699.2	0	30720	30720
ENST00000393700.8	20	10611	10591
ENST00000393701.6	460	14027	13567
ENST00000393702.7	581	1191	610
ENST00000393703.9	1076	3526	2450
ENST00000393704.3	4784	6618	1834
ENST00000393705.8	1093	3543	2450
ENST00000393706.6	67	12412	12345
ENST00000393707.4	58	2308	2250
ENST00000393708.3	444	6495	6051
ENST00000393709.3	88	2718	2630
ENST00000393711.7	35	49489	49454
ENST00000393712.7	302	5527	5225
ENST00000393713.7	86	67098	67012
ENST00000393716.8	25150	36402	11252
ENST00000393717.2	9	1557	1548
ENST00000393721.5	365	21120	20755
ENST00000393723.2	24	49261	49237
ENST00000393725.6	1541	10510	8969
ENST00000393726.7	62595	82453	19858
ENST00000393727.5	24	49356	49332
ENST00000393729.5	136	49352	49216
ENST00000393730.5	195	49426	49231
ENST00000393733.6	27	8338	8311
ENST00000393734.5	6139	10306	4167
ENST00000393735.6	163	70319	70156
ENST00000393736.3	0	96538	96538
ENST00000393742.7	94	80592	80498
ENST00000393743.8	642	100064	99422
ENST00000393745.8	7162	8863	1701
ENST00000393750.3	1435	5366	3931
ENST00000393752.3	1726	4400	2674
ENST00000393758.7	1190	30449	29259
ENST00000393759.6	6985	47175	40190
ENST00000393760.6	5501	11834	6333
ENST00000393761.6	279	47116	46837
ENST00000393765.7	810	19383	18573
ENST00000393766.6	10241	14739	4498
ENST00000393770.4	0	19949	19949
ENST00000393774.7	124	45224	45100
ENST00000393775.7	1966	135311	133345
ENST00000393780.3	40269	98188	57919
ENST00000393784.8	163	117422	117259
ENST00000393786.7	86	6099	6013
ENST00000393791.8	251	9313	9062
ENST00000393792.3	2187	74718	72531
ENST00000393793.5	223	5992	5769
ENST00000393795.8	661	6019	5358
ENST00000393796.4	0	10709	10709
ENST00000393797.7	256	9375	9119
ENST00000393800.7	76913	154959	78046
ENST00000393801.7	76895	154958	78063
ENST00000393802.6	5017	144394	139377
ENST00000393805.6	998	25498	24500
ENST00000393807.9	2556	48097	45541
ENST00000393808.8	998	29646	28648
ENST00000393810.5	1472	3593	2121
ENST00000393812.4	608	4601	3993
ENST00000393815.6	1052	144867	143815
ENST00000393818.3	475	5500	5025
ENST00000393820.2	98	19318	19220
ENST00000393822.7	4158	11998	7840
ENST00000393824.7	23	468974	468951
ENST00000393825.5	661	2437	1776
ENST00000393829.6	2051	64746	62695
ENST00000393830.4	39	97192	97153
ENST00000393832.7	43811	64390	20579
ENST00000393841.6	3520	7157	3637
ENST00000393842.5	3314	40273	36959
ENST00000393844.7	7699	15266	7567
ENST00000393845.9	4630	152262	147632
ENST00000393846.6	0	2620	2620
ENST00000393847.6	115	7266	7151
ENST00000393852.8	2442	37334	34892
ENST00000393860.7	808	6167	5359
ENST00000393862.7	250	1664	1414
ENST00000393867.5	2615	6187	3572
ENST00000393868.7	221	36770	36549
ENST00000393869.8	2405	4287	1882
ENST00000393870.3	2722	16056	13334
ENST00000393871.5	2722	16024	13302
ENST00000393877.3	225	5334	5109
ENST00000393878.5	222	2918	2696
ENST00000393880.5	1481	4363	2882
ENST00000393881.7	1481	4363	2882
ENST00000393883.6	14298	20423	6125
ENST00000393885.9	1488	4370	2882
ENST00000393888.1	1310	8306	6996
ENST00000393891.8	106	12724	12618
ENST00000393892.8	90	8385	8295
ENST00000393893.5	331	6037	5706
ENST00000393895.7	0	100809	100809
ENST00000393896.6	239	49545	49306
ENST00000393897.6	408	3107	2699
ENST00000393900.4	2300	4182	1882
ENST00000393906.2	0	10943	10943
ENST00000393909.7	25	9369	9344
ENST00000393913.8	921	26276	25355
ENST00000393915.9	61	32686	32625
ENST00000393917.6	684	15402	14718
ENST00000393920.6	6791	8691	1900
ENST00000393921.6	7446	9346	1900
ENST00000393923.7	113372	245757	132385
ENST00000393924.1	128	3671	3543
ENST00000393925.7	24282	118506	94224
ENST00000393926.5	980	4523	3543
ENST00000393927.9	1016	5530	4514
ENST00000393928.6	1007	11265	10258
ENST00000393930.5	1143	19472	18329
ENST00000393931.8	1138	19467	18329
ENST00000393934.7	570	172098	171528
ENST00000393937.6	479	21317	20838
ENST00000393939.6	3891	15593	11702
ENST00000393943.10	2691	50658	47967
ENST00000393946.6	23367	43232	19865
ENST00000393950.7	252	3340	3088
ENST00000393951.6	318	9738	9420
ENST00000393952.3	627	4502	3875
ENST00000393955.6	389	27160	26771
ENST00000393956.9	2340	34056	31716
ENST00000393957.7	368	1827	1459
ENST00000393958.7	382	27153	26771
ENST00000393959.6	5648	259733	254085
ENST00000393960.7	482	27253	26771
ENST00000393962.6	153	10812	10659
ENST00000393963.7	312	46554	46242
ENST00000393964.1	403	7369	6966
ENST00000393965.8	1717	12246	10529
ENST00000393966.1	149	1305	1156
ENST00000393972.7	203	3182	2979
ENST00000393974.7	281	5536	5255
ENST00000393975.4	1391	23844	22453
ENST00000393976.6	280	6441	6161
ENST00000393977.7	1729	61570	59841
ENST00000393979.3	95	10319	10224
ENST00000393980.8	11740	51814	40074
ENST00000393985.8	4619	6419	1800
ENST00000393986.2	243	7440	7197
ENST00000393987.2	330	4262	3932
ENST00000393991.5	424	11247	10823
ENST00000393994.4	5	22442	22437
ENST00000393997.8	196	6883	6687
ENST00000394000.6	129	26594	26465
ENST00000394001.3	393	5752	5359
ENST00000394003.7	348	22665	22317
ENST00000394005.4	248	35973	35725
ENST00000394008.1	2	1014	1012
ENST00000394009.5	130	46922	46792
ENST00000394011.7	47484	75514	28030
ENST00000394013.6	1000	5729	4729
ENST00000394014.2	429	1633	1204
ENST00000394015.3	346	1112	766
ENST00000394018.6	2814	39739	36925
ENST00000394019.7	5228	102119	96891
ENST00000394022.7	47504	270463	222959
ENST00000394023.7	709	29904	29195
ENST00000394026.8	167	14387	14220
ENST00000394030.8	3512	215044	211532
ENST00000394035.6	1492	2093	601
ENST00000394036.6	0	58326	58326
ENST00000394037.5	63	13492	13429
ENST00000394045.6	0	57897	57897
ENST00000394048.10	53	18873	18820
ENST00000394049.5	10261	10607	346
ENST00000394052.5	1740	11313	9573
ENST00000394053.7	27	16666	16639
ENST00000394054.6	24103	33218	9115
ENST00000394055.7	273	12347	12074
ENST00000394056.6	1441	16616	15175
ENST00000394059.8	1075	80523	79448
ENST00000394060.7	287	152068	151781
ENST00000394061.7	166	930	764
ENST00000394063.5	1496	149237	147741
ENST00000394065.2	1018	7322	6304
ENST00000394066.6	50	10029	9979
ENST00000394067.7	892	11101	10209
ENST00000394069.3	2226	9181	6955
ENST00000394070.7	1896	34558	32662
ENST00000394071.6	4182	28010	23828
ENST00000394073.6	1870	34532	32662
ENST00000394074.6	100	21989	21889
ENST00000394077.8	47	6050	6003
ENST00000394078.5	876	10710	9834
ENST00000394081.7	342	15223	14881
ENST00000394083.6	37079	105112	68033
ENST00000394084.5	37093	47587	10494
ENST00000394085.7	406	8073	7667
ENST00000394086.7	2	16261	16259
ENST00000394089.6	12938	39320	26382
ENST00000394090.2	0	32565	32565
ENST00000394091.5	1673	172324	170651
ENST00000394092.6	31809	76515	44706
ENST00000394094.6	1673	191789	190116
ENST00000394095.7	1741	192051	190310
ENST00000394103.7	37103	59406	22303
ENST00000394104.6	36	68266	68230
ENST00000394105.6	37090	105346	68256
ENST00000394106.7	7311	82395	75084
ENST00000394109.7	724	5158	4434
ENST00000394110.7	125	28424	28299
ENST00000394111.6	424	18215	17791
ENST00000394113.5	205	100477	100272
ENST00000394115.6	4934	9368	4434
ENST00000394120.6	141	225975	225834
ENST00000394121.8	12296	32647	20351
ENST00000394122.7	26	6851	6825
ENST00000394123.7	14711	33565	18854
ENST00000394125.8	2472	34544	32072
ENST00000394126.5	435	37593	37158
ENST00000394127.6	424	37394	36970
ENST00000394128.7	428	37436	37008
ENST00000394129.6	754	74513	73759
ENST00000394132.7	1690	93720	92030
ENST00000394135.7	437	92467	92030
ENST00000394140.9	35	21326	21291
ENST00000394141.1	2757	119070	116313
ENST00000394143.6	7815	124742	116927
ENST00000394144.9	27	64751	64724
ENST00000394147.5	4476	23919	19443
ENST00000394148.7	8	1998	1990
ENST00000394149.8	35	2123	2088
ENST00000394150.5	2659	5003	2344
ENST00000394152.7	2661	14698	12037
ENST00000394153.6	36796	41220	4424
ENST00000394155.8	58900	63381	4481
ENST00000394156.7	4341	63183	58842
ENST00000394157.7	11573	37881	26308
ENST00000394159.2	0	12096	12096
ENST00000394161.9	3	4970	4967
ENST00000394162.5	35737	62038	26301
ENST00000394163.2	1698	16190	14492
ENST00000394164.5	11203	83848	72645
ENST00000394166.8	1406	8158	6752
ENST00000394168.1	967	47613	46646
ENST00000394169.5	276	2382	2106
ENST00000394170.6	1095	29807	28712
ENST00000394171.6	1528	5835	4307
ENST00000394173.8	531	5722	5191
ENST00000394175.6	220	13895	13675
ENST00000394179.5	218	13919	13701
ENST00000394180.6	1182	6699	5517
ENST00000394181.6	1179	8194	7015
ENST00000394185.6	1179	6696	5517
ENST00000394186.3	21	8092	8071
ENST00000394189.6	509	99818	99309
ENST00000394191.3	5161	7021	1860
ENST00000394196.9	914	129824	128910
ENST00000394198.7	3369	27161	23792
ENST00000394199.6	0	59034	59034
ENST00000394202.8	796	30788	29992
ENST00000394203.7	178	38002	37824
ENST00000394204.1	50	5256	5206
ENST00000394205.7	86353	124177	37824
ENST00000394207.6	7	12053	12046
ENST00000394209.6	2335	8509	6174
ENST00000394211.7	3965	10139	6174
ENST00000394215.7	1777	553433	551656
ENST00000394216.6	568	3686	3118
ENST00000394217.6	491	3670	3179
ENST00000394221.3	3029	4149	1120
ENST00000394222.8	269	74379	74110
ENST00000394223.2	2622	6092	3470
ENST00000394224.3	801	13702	12901
ENST00000394228.5	2636	6106	3470
ENST00000394231.8	1015	2326	1311
ENST00000394232.6	126007	194329	68322
ENST00000394234.6	13849	33498	19649
ENST00000394235.6	1766	82216	80450
ENST00000394236.9	1197	102711	101514
ENST00000394239.7	291	32149	31858
ENST00000394241.3	0	97786	97786
ENST00000394243.5	17288	52035	34747
ENST00000394246.1	1740	2955	1215
ENST00000394249.8	1094	30222	29128
ENST00000394250.8	16388	27029	10641
ENST00000394251.2	0	10079	10079
ENST00000394252.4	19	3040	3021
ENST00000394253.7	6640	19146	12506
ENST00000394256.2	28	1880	1852
ENST00000394258.7	1851	8003	6152
ENST00000394259.5	0	3520	3520
ENST00000394260.2	0	4034	4034
ENST00000394261.2	54996	80379	25383
ENST00000394264.7	100	1820	1720
ENST00000394265.5	699	7862	7163
ENST00000394266.8	56	4747	4691
ENST00000394267.2	699	7862	7163
ENST00000394269.7	29	28890	28861
ENST00000394272.8	1310	3105	1795
ENST00000394275.7	5145	26300	21155
ENST00000394276.3	2063	3272	1209
ENST00000394279.6	22957	47849	24892
ENST00000394282.8	407	48706	48299
ENST00000394283.5	564	5482	4918
ENST00000394285.3	270	6530	6260
ENST00000394287.7	996	48427	47431
ENST00000394288.7	13617	47561	33944
ENST00000394294.7	876	142013	141137
ENST00000394295.6	39432	84329	44897
ENST00000394299.7	382	451504	451122
ENST00000394300.7	0	12784	12784
ENST00000394302.5	577	13113	12536
ENST00000394303.8	1743	25822	24079
ENST00000394305.5	136	19467	19331
ENST00000394308.8	585	19151	18566
ENST00000394309.7	134	18700	18566
ENST00000394310.7	112	21780	21668
ENST00000394311.7	460	27839	27379
ENST00000394313.7	1123	16469	15346
ENST00000394315.3	28	52325	52297
ENST00000394319.9	2181	27324	25143
ENST00000394320.7	42	118733	118691
ENST00000394323.3	859	4481	3622
ENST00000394327.2	0	29880	29880
ENST00000394329.9	1457	191742	190285
ENST00000394330.6	1531	8520	6989
ENST00000394331.3	12871	14519	1648
ENST00000394332.5	2270	6260	3990
ENST00000394333.5	77	6183	6106
ENST00000394334.7	316	52091	51775
ENST00000394335.6	313	51858	51545
ENST00000394337.8	3144	39054	35910
ENST00000394339.2	2082	3994	1912
ENST00000394348.2	94	2004	1910
ENST00000394349.9	147	7863	7716
ENST00000394351.9	131	29901	29770
ENST00000394353.7	21	48704	48683
ENST00000394357.6	406	5553	5147
ENST00000394362.5	1435	96794	95359
ENST00000394363.6	2992	82622	79630
ENST00000394366.6	1064	5174	4110
ENST00000394370.7	10775	61460	50685
ENST00000394374.8	4102	7237	3135
ENST00000394375.7	1100	15451	14351
ENST00000394376.7	821	8405	7584
ENST00000394384.7	33	15530	15497
ENST00000394391.9	986	13669	12683
ENST00000394393.3	0	6921	6921
ENST00000394409.7	8804	298245	289441
ENST00000394411.9	9208	298649	289441
ENST00000394412.8	445	28964	28519
ENST00000394413.7	278	492929	492651
ENST00000394414.5	446	467751	467305
ENST00000394417.7	15351	51737	36386
ENST00000394419.9	734	107648	106914
ENST00000394420.9	18330	54357	36027
ENST00000394421.7	17	66516	66499
ENST00000394422.8	47	25739	25692
ENST00000394426.5	1112	6334	5222
ENST00000394427.3	675	53292	52617
ENST00000394428.5	184	2185	2001
ENST00000394429.5	184	2195	2011
ENST00000394430.5	7	2438	2431
ENST00000394431.6	121	14330	14209
ENST00000394432.8	394	17767	17373
ENST00000394434.7	1075	72955	71880
ENST00000394435.2	1897	85592	83695
ENST00000394439.5	4207	115345	111138
ENST00000394440.8	610	22025	21415
ENST00000394441.5	36	62068	62032
ENST00000394449.6	104	129362	129258
ENST00000394450.6	4688	63305	58617
ENST00000394456.10	712	14961	14249
ENST00000394458.7	114	6902	6788
ENST00000394464.7	3958	125228	121270
ENST00000394466.6	754	122027	121273
ENST00000394468.7	736	39288	38552
ENST00000394477.5	62416	71044	8628
ENST00000394478.1	59458	74758	15300
ENST00000394479.4	267	42709	42442
ENST00000394480.6	17187	398860	381673
ENST00000394481.5	2474	6172	3698
ENST00000394485.5	71	1756	1685
ENST00000394487.5	4398	12848	8450
ENST00000394496.2	0	13500	13500
ENST00000394503.6	366	43811	43445
ENST00000394505.7	1326	44914	43588
ENST00000394507.5	1770	45358	43588
ENST00000394510.6	142	128997	128855
ENST00000394511.3	514	55536	55022
ENST00000394514.6	9264	19715	10451
ENST00000394518.7	105118	372474	267356
ENST00000394519.5	6752	22365	15613
ENST00000394520.7	4484	20097	15613
ENST00000394522.7	725	305917	305192
ENST00000394524.7	3483	311452	307969
ENST00000394525.6	1009	8886	7877
ENST00000394530.7	13384	67586	54202
ENST00000394531.3	1386	14598	13212
ENST00000394532.7	382	15039	14657
ENST00000394534.7	0	43941	43941
ENST00000394536.4	499	18787	18288
ENST00000394537.7	53	337363	337310
ENST00000394546.6	79	2818	2739
ENST00000394547.7	80	2315	2235
ENST00000394549.7	433	19556	19123
ENST00000394552.4	125	1209	1084
ENST00000394553.6	307	158509	158202
ENST00000394555.6	1109	57942	56833
ENST00000394562.5	281	13699	13418
ENST00000394566.5	2054	16201	14147
ENST00000394570.7	447	41507	41060
ENST00000394571.3	0	38841	38841
ENST00000394573.6	3099	62465	59366
ENST00000394576.3	212	175202	174990
ENST00000394580.2	192	1614	1422
ENST00000394583.7	146	15138	14992
ENST00000394586.6	150442	333001	182559
ENST00000394588.3	144	3482	3338
ENST00000394589.8	1164	20795	19631
ENST00000394593.7	111148	116294	5146
ENST00000394595.8	705	16522	15817
ENST00000394597.7	5981	21646	15665
ENST00000394600.7	30	29405	29375
ENST00000394601.8	46	15006	14960
ENST00000394602.6	383	78765	78382
ENST00000394604.5	9229	10351	1122
ENST00000394605.2	9210	10672	1462
ENST00000394606.6	2288	27516	25228
ENST00000394607.7	5495	153280	147785
ENST00000394609.6	972	38523	37551
ENST00000394610.7	8434	77431	68997
ENST00000394611.6	970	58242	57272
ENST00000394615.2	4958	27598	22640
ENST00000394618.9	375	11239	10864
ENST00000394620.2	67	1763	1696
ENST00000394621.7	13343	22347	9004
ENST00000394622.6	13223	22227	9004
ENST00000394626.5	13339	26532	13193
ENST00000394627.5	67	1276	1209
ENST00000394629.2	11263	24456	13193
ENST00000394630.3	67	1676	1609
ENST00000394631.7	655	9563	8908
ENST00000394632.5	13223	26355	13132
ENST00000394633.7	0	225697	225697
ENST00000394634.7	201	63012	62811
ENST00000394635.8	201	63035	62834
ENST00000394636.9	334	4451	4117
ENST00000394638.1	70	6238	6168
ENST00000394641.7	25	20999	20974
ENST00000394642.7	3619	13752	10133
ENST00000394646.7	150	97281	97131
ENST00000394649.8	2153	290739	288586
ENST00000394650.7	92	128343	128251
ENST00000394652.6	2517	13769	11252
ENST00000394654.4	426	202986	202560
ENST00000394657.12	1375	10086	8711
ENST00000394660.6	28521	115891	87370
ENST00000394665.5	1370	4966	3596
ENST00000394666.8	215	189608	189393
ENST00000394667.8	1384	4980	3596
ENST00000394668.2	1304	4900	3596
ENST00000394669.8	65	450	385
ENST00000394670.9	129	21069	20940
ENST00000394671.8	77	7111	7034
ENST00000394672.8	68	67266	67198
ENST00000394673.6	148	20996	20848
ENST00000394679.9	1723	15820	14097
ENST00000394684.8	70991	87077	16086
ENST00000394685.8	94510	173606	79096
ENST00000394686.3	2280	18366	16086
ENST00000394688.8	3257	54753	51496
ENST00000394689.2	184	51683	51499
ENST00000394690.5	547	25049	24502
ENST00000394691.7	23196	42739	19543
ENST00000394692.6	13	83980	83967
ENST00000394697.7	21629	52166	30537
ENST00000394701.6	11573	31801	20228
ENST00000394703.9	12388	44847	32459
ENST00000394705.3	225	3463	3238
ENST00000394706.7	482	265406	264924
ENST00000394707.7	9420	14730	5310
ENST00000394708.7	4974	270015	265041
ENST00000394709.2	4945	8777	3832
ENST00000394711.2	45	33843	33798
ENST00000394714.6	61352	65280	3928
ENST00000394715.1	87	4997	4910
ENST00000394717.3	187	81926	81739
ENST00000394718.4	2896	5456	2560
ENST00000394722.7	47	72253	72206
ENST00000394723.7	114	72353	72239
ENST00000394725.3	1052	2742	1690
ENST00000394728.4	5103	134951	129848
ENST00000394729.6	17303	33154	15851
ENST00000394730.7	8830	138417	129587
ENST00000394733.2	0	993	993
ENST00000394735.5	109	18758	18649
ENST00000394738.7	241	40229	39988
ENST00000394744.6	243	45321	45078
ENST00000394745.3	205	43458	43253
ENST00000394747.5	366	69127	68761
ENST00000394748.5	366	69127	68761
ENST00000394751.5	27	102229	102202
ENST00000394752.8	1567	68134	66567
ENST00000394754.5	11614	113955	102341
ENST00000394762.7	647	33772	33125
ENST00000394765.7	491	10161	9670
ENST00000394767.3	4017	24593	20576
ENST00000394773.7	260	12905	12645
ENST00000394775.3	37	3152	3115
ENST00000394776.8	86	12088	12002
ENST00000394777.8	600	77202	76602
ENST00000394779.7	600	77306	76706
ENST00000394780.8	49	82210	82161
ENST00000394783.7	356	7072	6716
ENST00000394785.9	4120	46897	42777
ENST00000394788.7	8065	36872	28807
ENST00000394789.7	188	108077	107889
ENST00000394790.2	43	4646	4603
ENST00000394795.6	21343	26731	5388
ENST00000394797.8	989	118293	117304
ENST00000394799.6	776	9853	9077
ENST00000394800.6	33312	57959	24647
ENST00000394801.8	1442	30966	29524
ENST00000394802.4	0	12762	12762
ENST00000394803.9	1442	30966	29524
ENST00000394804.6	3032	32556	29524
ENST00000394805.8	13676	38179	24503
ENST00000394806.6	6348	34818	28470
ENST00000394807.5	1130	4272	3142
ENST00000394809.9	5425	48355	42930
ENST00000394810.3	1835	13963	12128
ENST00000394815.3	2405	24253	21848
ENST00000394817.7	396	182493	182097
ENST00000394818.8	4151	30698	26547
ENST00000394820.8	24188	118141	93953
ENST00000394821.2	0	25304	25304
ENST00000394824.2	2887	9287	6400
ENST00000394825.6	2887	9287	6400
ENST00000394826.8	24	55875	55851
ENST00000394828.6	1439	60615	59176
ENST00000394829.6	1439	60644	59205
ENST00000394830.7	225	136587	136362
ENST00000394833.6	1381	84368	82987
ENST00000394834.8	1527	48366	46839
ENST00000394835.8	163	170873	170710
ENST00000394836.7	980	21202	20222
ENST00000394839.6	41	71288	71247
ENST00000394846.7	160	16631	16471
ENST00000394847.3	0	4766	4766
ENST00000394849.1	38	5423	5385
ENST00000394850.6	256	135259	135003
ENST00000394852.8	202	17079	16877
ENST00000394853.8	1540	323988	322448
ENST00000394854.8	2450	324927	322477
ENST00000394855.7	228	17641	17413
ENST00000394857.8	15	18367	18352
ENST00000394858.6	274	5690	5416
ENST00000394859.8	490	22310	21820
ENST00000394860.3	0	9351	9351
ENST00000394861.3	59236	62450	3214
ENST00000394863.8	37	6793	6756
ENST00000394865.3	21771	24706	2935
ENST00000394869.7	1230	18192	16962
ENST00000394872.6	1395	287663	286268
ENST00000394874.1	510	10484	9974
ENST00000394876.7	2380	13637	11257
ENST00000394877.7	2382	13639	11257
ENST00000394883.3	87	18107	18020
ENST00000394884.7	595	7891	7296
ENST00000394885.8	93	18414	18321
ENST00000394886.7	1331	27437	26106
ENST00000394888.8	8297	27991	19694
ENST00000394890.7	1008	69254	68246
ENST00000394892.2	0	26707	26707
ENST00000394893.5	38838	72954	34116
ENST00000394894.8	569	10950	10381
ENST00000394897.5	2369	17392	15023
ENST00000394899.6	1583	17629	16046
ENST00000394900.8	1501	14980	13479
ENST00000394901.7	663	5874	5211
ENST00000394903.6	2983	23388	20405
ENST00000394904.9	2336	43987	41651
ENST00000394905.2	163	2922	2759
ENST00000394906.6	1229	19675	18446
ENST00000394907.8	2705	70634	67929
ENST00000394908.9	1225	19508	18283
ENST00000394909.7	383	17892	17509
ENST00000394915.7	3	112118	112115
ENST00000394917.3	0	7997	7997
ENST00000394920.6	38	3126	3088
ENST00000394926.7	98	99870	99772
ENST00000394931.1	70	51811	51741
ENST00000394933.7	60	2951	2891
ENST00000394935.7	0	4133	4133
ENST00000394936.8	1146	36481	35335
ENST00000394938.8	48	4211	4163
ENST00000394942.2	1743	4063	2320
ENST00000394943.7	1279	75233	73954
ENST00000394945.6	3359	524567	521208
ENST00000394947.8	2603	64795	62192
ENST00000394949.8	852	63044	62192
ENST00000394950.7	930	4819	3889
ENST00000394951.5	3117	7380	4263
ENST00000394955.3	165	4334	4169
ENST00000394957.8	3700	26809	23109
ENST00000394961.6	311	5178	4867
ENST00000394963.9	28	15187	15159
ENST00000394965.6	1148	17993	16845
ENST00000394967.3	139	4033	3894
ENST00000394968.2	450	306475	306025
ENST00000394970.6	604	80153	79549
ENST00000394971.7	136	3874	3738
ENST00000394973.4	1905	52742	50837
ENST00000394975.3	283	4361	4078
ENST00000394976.4	8933	10059	1126
ENST00000394979.2	423	11395	10972
ENST00000394980.5	15440	77559	62119
ENST00000394983.6	221	5464	5243
ENST00000394986.5	578	110029	109451
ENST00000394987.5	4167	12370	8203
ENST00000394989.6	2526	111936	109410
ENST00000394990.8	411	1638	1227
ENST00000394991.8	2532	111983	109451
ENST00000394997.5	265	54008	53743
ENST00000394998.5	426	7580	7154
ENST00000395001.5	565	23071	22506
ENST00000395002.6	2581	99039	96458
ENST00000395003.5	9750	55566	45816
ENST00000395005.6	144	22552	22408
ENST00000395006.8	38	11139	11101
ENST00000395008.6	899	3767	2868
ENST00000395009.3	518	1558	1040
ENST00000395010.5	2387	41949	39562
ENST00000395011.5	2387	77962	75575
ENST00000395018.6	77	4195	4118
ENST00000395019.3	6	6495	6489
ENST00000395023.5	313	31474	31161
ENST00000395029.5	195	33238	33043
ENST00000395032.6	10382	13913	3531
ENST00000395035.4	3	52113	52110
ENST00000395038.6	141	138668	138527
ENST00000395040.6	213	8246	8033
ENST00000395042.2	675	4351	3676
ENST00000395044.7	859	21938	21079
ENST00000395045.6	211	12883	12672
ENST00000395047.6	822	21901	21079
ENST00000395048.6	950	5085	4135
ENST00000395049.8	62	4111	4049
ENST00000395051.4	215	10439	10224
ENST00000395052.8	1916	13652	11736
ENST00000395053.7	155	7592	7437
ENST00000395056.2	460	139987	139527
ENST00000395057.5	3031	33674	30643
ENST00000395064.3	525	3361	2836
ENST00000395065.8	483	18787	18304
ENST00000395066.9	3361	15502	12141
ENST00000395067.7	14796	24643	9847
ENST00000395068.9	1168	3889	2721
ENST00000395069.3	1835	5482	3647
ENST00000395074.7	586	50050	49464
ENST00000395076.9	33483	44399	10916
ENST00000395079.2	152	1980	1828
ENST00000395080.8	1182	8115	6933
ENST00000395081.7	116	14020	13904
ENST00000395089.5	801	159534	158733
ENST00000395090.5	771	14732	13961
ENST00000395091.3	1433	5636	4203
ENST00000395094.3	2695	4880	2185
ENST00000395095.7	0	13318	13318
ENST00000395097.7	6158	43851	37693
ENST00000395098.5	126	47774	47648
ENST00000395102.8	1798	15190	13392
ENST00000395103.2	1990	7422	5432
ENST00000395104.5	3265	48852	45587
ENST00000395105.9	617	24784	24167
ENST00000395107.8	0	4733	4733
ENST00000395108.2	0	4964	4964
ENST00000395109.6	254	1932	1678
ENST00000395111.7	36	98231	98195
ENST00000395116.2	2986	5948	2962
ENST00000395117.6	2341	11291	8950
ENST00000395118.1	358	2924	2566
ENST00000395119.7	67	7953	7886
ENST00000395120.2	0	8337	8337
ENST00000395123.6	841	20679	19838
ENST00000395124.6	841	20679	19838
ENST00000395125.1	23	108610	108587
ENST00000395126.7	796	2833	2037
ENST00000395127.6	2133	44301	42168
ENST00000395131.5	555	1923	1368
ENST00000395132.6	96	42640	42544
ENST00000395135.7	140	50395	50255
ENST00000395136.7	241	30867	30626
ENST00000395138.6	869	4935	4066
ENST00000395139.7	323	4096	3773
ENST00000395143.6	175	3858	3683
ENST00000395144.7	593	4365	3772
ENST00000395145.3	393	1711	1318
ENST00000395146.9	13523	204321	190798
ENST00000395147.9	468	3418	2950
ENST00000395148.6	13459	20763	7304
ENST00000395149.6	3484	8811	5327
ENST00000395153.8	241	11562	11321
ENST00000395154.7	156	19733	19577
ENST00000395155.3	3	19575	19572
ENST00000395156.7	1269	21168	19899
ENST00000395157.9	884	179177	178293
ENST00000395159.7	542	3714	3172
ENST00000395160.9	871	179164	178293
ENST00000395164.5	0	8634	8634
ENST00000395166.6	751	144206	143455
ENST00000395168.7	1299	77016	75717
ENST00000395169.9	2227	180520	178293
ENST00000395174.6	0	6439	6439
ENST00000395176.3	1828	3182	1354
ENST00000395183.6	144959	223965	79006
ENST00000395184.6	95392	527804	432412
ENST00000395194.1	110	6660	6550
ENST00000395198.7	1026	154347	153321
ENST00000395199.7	3	7436	7433
ENST00000395200.5	36	7413	7377
ENST00000395202.5	3	7539	7536
ENST00000395205.6	38406	52437	14031
ENST00000395209.8	11862	43681	31819
ENST00000395211.6	23009	99583	76574
ENST00000395212.8	778	4504	3726
ENST00000395216.3	1907	6167	4260
ENST00000395218.3	1087	235344	234257
ENST00000395224.7	435	6700	6265
ENST00000395226.6	515	69946	69431
ENST00000395236.2	48	15122	15074
ENST00000395238.5	2830	9441	6611
ENST00000395240.7	1478	5528	4050
ENST00000395243.7	1772	4012	2240
ENST00000395244.5	400	7415	7015
ENST00000395245.9	362	3749	3387
ENST00000395246.5	95485	127328	31843
ENST00000395248.6	371	12200	11829
ENST00000395254.8	1825	26634	24809
ENST00000395255.7	2002	106696	104694
ENST00000395258.7	1317	7395	6078
ENST00000395260.3	1490	30937	29447
ENST00000395266.5	621	69609	68988
ENST00000395270.5	47048	72087	25039
ENST00000395275.7	8287	624655	616368
ENST00000395276.6	8287	499964	491677
ENST00000395284.8	1688	16378	14690
ENST00000395287.5	169	10480	10311
ENST00000395288.6	735	7352	6617
ENST00000395290.6	6289	24513	18224
ENST00000395292.6	3840	22058	18218
ENST00000395296.5	3	3015	3012
ENST00000395297.6	2573	242159	239586
ENST00000395301.8	31	3113	3082
ENST00000395303.7	254	5099	4845
ENST00000395305.7	254	4917	4663
ENST00000395306.1	6	1975	1969
ENST00000395307.6	64	3093	3029
ENST00000395308.5	31725	104240	72515
ENST00000395309.7	72	72587	72515
ENST00000395310.7	568	67061	66493
ENST00000395311.5	10257	86185	75928
ENST00000395314.8	31842	107921	76079
ENST00000395319.7	414	3418	3004
ENST00000395321.6	414	3501	3087
ENST00000395322.3	4473	4957	484
ENST00000395323.9	205	26396	26191
ENST00000395324.6	3212	38849	35637
ENST00000395325.7	157	150988	150831
ENST00000395326.8	116	37945	37829
ENST00000395330.5	12011	15976	3965
ENST00000395331.4	138	18282	18144
ENST00000395332.8	193	18396	18203
ENST00000395334.6	578	79008	78430
ENST00000395336.7	3767	63240	59473
ENST00000395338.7	569	6820	6251
ENST00000395339.7	245	4029	3784
ENST00000395340.5	3720	27952	24232
ENST00000395343.6	1493	40575	39082
ENST00000395344.7	4231	64054	59823
ENST00000395346.6	836	19441	18605
ENST00000395347.1	2010	35048	33038
ENST00000395348.8	2011	35049	33038
ENST00000395352.7	874	65781	64907
ENST00000395353.5	10156	30257	20101
ENST00000395354.1	320	43109	42789
ENST00000395358.7	2209	15881	13672
ENST00000395363.5	58	6121	6063
ENST00000395366.3	295	48443	48148
ENST00000395375.3	30	14494	14464
ENST00000395376.5	2249	36491	34242
ENST00000395377.2	0	9576	9576
ENST00000395379.5	2454	36681	34227
ENST00000395384.9	18	19115	19097
ENST00000395386.7	2441	73563	71122
ENST00000395388.7	64	4778	4714
ENST00000395389.2	750	3148	2398
ENST00000395390.6	37	71085	71048
ENST00000395391.2	184	25318	25134
ENST00000395392.6	173	36344	36171
ENST00000395395.7	19515	43874	24359
ENST00000395397.7	10967	20975	10008
ENST00000395404.7	2796	3306	510
ENST00000395405.5	983	4621	3638
ENST00000395407.7	61169	105890	44721
ENST00000395409.7	107	17638	17531
ENST00000395418.8	329	4051	3722
ENST00000395422.4	281	5289	5008
ENST00000395423.7	461	40958	40497
ENST00000395425.6	345	43574	43229
ENST00000395428.3	373	5861	5488
ENST00000395430.5	751	848977	848226
ENST00000395433.5	751	848917	848166
ENST00000395435.7	58	16000	15942
ENST00000395436.7	310	16457	16147
ENST00000395440.5	625	858338	857713
ENST00000395442.5	625	858132	857507
ENST00000395443.7	748	49629	48881
ENST00000395445.6	625	861507	860882
ENST00000395446.5	610	859103	858493
ENST00000395451.8	29	162739	162710
ENST00000395453.2	856	3940	3084
ENST00000395454.6	1447	9661	8214
ENST00000395456.7	366	5645	5279
ENST00000395458.6	1255	2361	1106
ENST00000395460.6	38	225237	225199
ENST00000395461.7	36	5978	5942
ENST00000395463.3	215	6170	5955
ENST00000395466.6	0	34611	34611
ENST00000395467.6	3	1528	1525
ENST00000395468.9	10037	13709	3672
ENST00000395469.6	0	54791	54791
ENST00000395471.7	697	10814	10117
ENST00000395472.2	15812	18450	2638
ENST00000395473.7	78	18845	18767
ENST00000395474.7	280	11670	11390
ENST00000395476.6	5	264709	264704
ENST00000395477.6	0	142081	142081
ENST00000395479.10	89	6654	6565
ENST00000395484.4	0	2145	2145
ENST00000395487.6	662	369708	369046
ENST00000395489.7	72	45922	45850
ENST00000395491.6	249	11638	11389
ENST00000395495.6	92	45918	45826
ENST00000395496.5	1067	4127	3060
ENST00000395497.5	1067	4127	3060
ENST00000395499.5	1067	4127	3060
ENST00000395503.9	184	28173	27989
ENST00000395505.6	1200	35367	34167
ENST00000395506.7	1200	13639	12439
ENST00000395510.7	1865	13563	11698
ENST00000395511.8	8	65154	65146
ENST00000395512.5	1561	4219	2658
ENST00000395514.5	2012	61399	59387
ENST00000395522.6	114	78427	78313
ENST00000395523.5	1018	10268	9250
ENST00000395525.7	108	82910	82802
ENST00000395526.9	4540	68152	63612
ENST00000395527.9	87293	307893	220600
ENST00000395529.7	9631	152220	142589
ENST00000395530.6	208	161021	160813
ENST00000395532.8	2120	11491	9371
ENST00000395534.2	0	5656	5656
ENST00000395535.7	164	5539	5375
ENST00000395536.7	3	73250	73247
ENST00000395540.6	740	253633	252893
ENST00000395542.6	1341	304219	302878
ENST00000395544.9	5522	99668	94146
ENST00000395547.6	167	16652	16485
ENST00000395549.3	26501	39989	13488
ENST00000395550.7	266	11926	11660
ENST00000395555.7	240	8303	8063
ENST00000395556.6	1133	5175	4042
ENST00000395557.4	240	13449	13209
ENST00000395559.6	3462	53811	50349
ENST00000395560.7	5519	17777	12258
ENST00000395562.2	2016	52989	50973
ENST00000395564.9	5519	20012	14493
ENST00000395565.5	347	2205	1858
ENST00000395566.9	389	2247	1858
ENST00000395568.6	9737	121811	112074
ENST00000395569.8	389	2080	1691
ENST00000395571.8	4872	10108	5236
ENST00000395572.6	180	42846	42666
ENST00000395573.8	881	14675	13794
ENST00000395575.7	186	27903	27717
ENST00000395577.2	0	12003	12003
ENST00000395578.3	1028	118632	117604
ENST00000395580.7	6557	116473	109916
ENST00000395585.5	60	45971	45911
ENST00000395587.5	270	26812	26542
ENST00000395589.6	4133	7716	3583
ENST00000395590.5	4562	11377	6815
ENST00000395591.5	1273	15277	14004
ENST00000395592.6	1023	4507	3484
ENST00000395593.7	1273	15494	14221
ENST00000395594.2	4468	22085	17617
ENST00000395595.8	1273	15467	14194
ENST00000395598.7	1273	15464	14191
ENST00000395601.7	3135	277705	274570
ENST00000395602.8	648	7417	6769
ENST00000395603.7	2641	287616	284975
ENST00000395604.8	403	7172	6769
ENST00000395606.5	10026	118977	108951
ENST00000395611.7	95022	129657	34635
ENST00000395614.6	2638	236499	233861
ENST00000395616.7	8	19669	19661
ENST00000395618.7	72578	97916	25338
ENST00000395619.3	115	4265	4150
ENST00000395620.6	1165	54040	52875
ENST00000395621.7	120	4270	4150
ENST00000395626.5	141	53910	53769
ENST00000395628.6	45723	93462	47739
ENST00000395629.2	330	11259	10929
ENST00000395630.5	86	4863	4777
ENST00000395631.6	1112	95326	94214
ENST00000395633.5	105	3188	3083
ENST00000395634.7	940	247087	246147
ENST00000395635.5	99	20592	20493
ENST00000395636.6	21902	127459	105557
ENST00000395640.5	236	8649	8413
ENST00000395641.2	485	1668	1183
ENST00000395643.6	18	69933	69915
ENST00000395645.4	41	70036	69995
ENST00000395647.6	41	70084	70043
ENST00000395648.7	2539	6548	4009
ENST00000395650.6	257	11129	10872
ENST00000395652.7	9080	71121	62041
ENST00000395653.9	228	12903	12675
ENST00000395654.3	110	24421	24311
ENST00000395655.8	228	10692	10464
ENST00000395656.6	7697	19839	12142
ENST00000395659.1	1631	3724	2093
ENST00000395663.1	4336	6429	2093
ENST00000395665.9	191	38383	38192
ENST00000395667.7	3411	56158	52747
ENST00000395673.8	12035	150747	138712
ENST00000395675.7	4683	14889	10206
ENST00000395676.4	134	3696	3562
ENST00000395678.7	17	5390	5373
ENST00000395680.6	21	5394	5373
ENST00000395681.6	21	5409	5388
ENST00000395686.8	3658	56954	53296
ENST00000395690.6	11105	61407	50302
ENST00000395693.8	46	1640	1594
ENST00000395694.7	238	4185	3947
ENST00000395698.7	95	12001	11906
ENST00000395699.5	8114	9984	1870
ENST00000395700.4	47	74392	74345
ENST00000395701.7	94	16760	16666
ENST00000395703.8	2117	3310	1193
ENST00000395704.8	2124	4103	1979
ENST00000395705.3	1239	10079	8840
ENST00000395706.2	26	5042	5016
ENST00000395710.5	31619	41148	9529
ENST00000395711.8	467	42484	42017
ENST00000395713.6	0	4239	4239
ENST00000395715.8	5530	219017	213487
ENST00000395718.6	37979	77997	40018
ENST00000395719.7	2651	20678	18027
ENST00000395721.6	35141	90310	55169
ENST00000395722.7	35151	89468	54317
ENST00000395723.5	0	36444	36444
ENST00000395724.7	482	273367	272885
ENST00000395725.7	35141	89699	54558
ENST00000395726.8	99	20281	20182
ENST00000395727.6	55	89636	89581
ENST00000395728.7	328	21217	20889
ENST00000395732.7	22	3746	3724
ENST00000395733.7	114	3723	3609
ENST00000395734.8	2100	151553	149453
ENST00000395736.7	39	24055	24016
ENST00000395737.2	305	1799	1494
ENST00000395738.2	292	1786	1494
ENST00000395739.8	289	126336	126047
ENST00000395740.5	74188	98955	24767
ENST00000395741.7	50586	103699	53113
ENST00000395743.8	3285	50095	46810
ENST00000395744.7	50578	103688	53110
ENST00000395745.6	7550	16226	8676
ENST00000395747.6	3	106894	106891
ENST00000395748.8	210	8249	8039
ENST00000395749.7	2911	110242	107331
ENST00000395750.6	3945	164687	160742
ENST00000395753.6	3945	62239	58294
ENST00000395754.4	2828	23642	20814
ENST00000395756.5	5575	6589	1014
ENST00000395757.6	402	28655	28253
ENST00000395758.3	80	234027	233947
ENST00000395759.6	27	144727	144700
ENST00000395761.4	78	1457	1379
ENST00000395762.7	26230	52319	26089
ENST00000395763.7	2767	9583	6816
ENST00000395764.5	1236	7657	6421
ENST00000395769.6	736	76572	75836
ENST00000395770.3	20710	73095	52385
ENST00000395774.1	10817	16471	5654
ENST00000395777.6	1667	38124	36457
ENST00000395778.3	214	4173	3959
ENST00000395780.5	501	9099	8598
ENST00000395781.6	272	86749	86477
ENST00000395782.5	231	72040	71809
ENST00000395783.5	231	72040	71809
ENST00000395785.7	11114	25478	14364
ENST00000395787.4	425	34708	34283
ENST00000395792.7	42	20869	20827
ENST00000395793.7	269	12689	12420
ENST00000395794.2	588	8257	7669
ENST00000395796.8	13842	14967	1125
ENST00000395797.1	193	3090	2897
ENST00000395799.8	191	100014	99823
ENST00000395802.7	147	55143	54996
ENST00000395805.6	893	46907	46014
ENST00000395806.5	89	15128	15039
ENST00000395808.7	746	26010	25264
ENST00000395809.5	154	11454	11300
ENST00000395810.6	1712	13012	11300
ENST00000395811.9	89	145222	145133
ENST00000395812.6	186	111660	111474
ENST00000395813.5	19889	70983	51094
ENST00000395814.5	19	8327	8308
ENST00000395816.7	3664	11972	8308
ENST00000395819.3	0	57851	57851
ENST00000395822.7	730	17504	16774
ENST00000395824.5	472	18622	18150
ENST00000395825.4	4905	23055	18150
ENST00000395826.7	224	4711	4487
ENST00000395827.5	2463	9037	6574
ENST00000395829.1	47	7238	7191
ENST00000395831.7	809	11697	10888
ENST00000395833.7	783	11281	10498
ENST00000395834.6	3812	70665	66853
ENST00000395835.7	1670	17326	15656
ENST00000395837.1	567	1939	1372
ENST00000395839.5	618	1990	1372
ENST00000395840.6	2495	27645	25150
ENST00000395841.7	2784	27934	25150
ENST00000395842.3	0	10571	10571
ENST00000395844.8	17	109419	109402
ENST00000395848.5	294	105728	105434
ENST00000395849.6	207	51110	50903
ENST00000395850.9	1414	14111	12697
ENST00000395851.5	895	170131	169236
ENST00000395852.5	177	15486	15309
ENST00000395854.6	35	369	334
ENST00000395855.7	2929	24560	21631
ENST00000395856.3	74137	188148	114011
ENST00000395858.7	24	74850	74826
ENST00000395859.2	165	7592	7427
ENST00000395860.7	1065	8596	7531
ENST00000395862.7	19774	48815	29041
ENST00000395863.8	2209	98655	96446
ENST00000395864.7	431	96680	96249
ENST00000395867.8	2855	29280	26425
ENST00000395868.7	760	7430	6670
ENST00000395869.5	375	6097	5722
ENST00000395871.7	168	22079	21911
ENST00000395872.5	478	11938	11460
ENST00000395873.7	0	23551	23551
ENST00000395874.2	0	18870	18870
ENST00000395876.6	2195	26631	24436
ENST00000395878.8	16	13780	13764
ENST00000395879.5	328	9790	9462
ENST00000395881.7	84	50157	50073
ENST00000395882.6	2198	143444	141246
ENST00000395884.3	1349	6089	4740
ENST00000395887.8	162	45075	44913
ENST00000395889.6	157	371396	371239
ENST00000395891.7	131259	454066	322807
ENST00000395892.5	264	6436	6172
ENST00000395893.6	197	10189	9992
ENST00000395894.6	591	16617	16026
ENST00000395898.3	183	203305	203122
ENST00000395901.6	153	89391	89238
ENST00000395905.8	3632	37311	33679
ENST00000395906.8	5092	37870	32778
ENST00000395907.5	808	19566	18758
ENST00000395911.5	771	20008	19237
ENST00000395912.6	3	31630	31627
ENST00000395913.7	771	20008	19237
ENST00000395914.5	772	20009	19237
ENST00000395915.8	771	20008	19237
ENST00000395923.5	2769	33662	30893
ENST00000395925.8	3384	267030	263646
ENST00000395927.1	50511	175754	125243
ENST00000395930.6	127	29236	29109
ENST00000395931.6	10452	28441	17989
ENST00000395934.2	7	275241	275234
ENST00000395936.7	5433	31260	25827
ENST00000395938.7	959	31595	30636
ENST00000395939.5	113004	175347	62343
ENST00000395940.3	22699	24827	2128
ENST00000395942.2	31	2159	2128
ENST00000395946.3	3925	5921	1996
ENST00000395948.6	93	28554	28461
ENST00000395949.2	0	3296	3296
ENST00000395951.7	66	28989	28923
ENST00000395952.8	260	17980	17720
ENST00000395953.6	109	29032	28923
ENST00000395954.3	2469	18087	15618
ENST00000395955.7	3220	20951	17731
ENST00000395956.7	2013	30936	28923
ENST00000395957.6	4171	33094	28923
ENST00000395958.6	4173	33096	28923
ENST00000395961.7	1384	116918	115534
ENST00000395962.6	429	27952	27523
ENST00000395963.2	14316	16456	2140
ENST00000395965.8	3265	458264	454999
ENST00000395969.6	694	186078	185384
ENST00000395978.7	2931	4411	1480
ENST00000395979.1	291	8405	8114
ENST00000395981.7	2931	4411	1480
ENST00000395983.7	2931	4411	1480
ENST00000395986.6	2931	45296	42365
ENST00000395987.8	262	88939	88677
ENST00000395989.7	0	20241	20241
ENST00000395990.6	131	52126	51995
ENST00000395995.5	2585	159590	157005
ENST00000395997.3	3	19987	19984
ENST00000395999.5	29844	109896	80052
ENST00000396005.8	4085	56533	52448
ENST00000396007.6	188	51642	51454
ENST00000396009.7	4442	158307	153865
ENST00000396013.5	29154	51195	22041
ENST00000396014.8	176	56817	56641
ENST00000396020.7	6831	15560	8729
ENST00000396024.7	499	39946	39447
ENST00000396026.7	17404	30486	13082
ENST00000396027.9	27373	276687	249314
ENST00000396028.6	218	97705	97487
ENST00000396029.8	2360	18251	15891
ENST00000396032.8	1072	16963	15891
ENST00000396033.6	1254	37618	36364
ENST00000396037.9	8164	141904	133740
ENST00000396039.1	122	25417	25295
ENST00000396040.6	1092	41287	40195
ENST00000396043.4	1126	101100	99974
ENST00000396044.8	3	180767	180764
ENST00000396045.7	1193	41388	40195
ENST00000396048.6	4826	6450	1624
ENST00000396049.5	4043	26788	22745
ENST00000396050.5	3845	21326	17481
ENST00000396051.2	48405	80333	31928
ENST00000396052.3	14452	23372	8920
ENST00000396053.9	1045	27812	26767
ENST00000396056.7	2336	12790	10454
ENST00000396057.6	653	2601	1948
ENST00000396058.1	167	18311	18144
ENST00000396060.7	1073	14538	13465
ENST00000396061.5	26	13491	13465
ENST00000396062.4	602	19522	18920
ENST00000396063.5	266	13731	13465
ENST00000396064.7	265	13612	13347
ENST00000396065.3	6456	9082	2626
ENST00000396068.6	206	66014	65808
ENST00000396070.6	83	3930	3847
ENST00000396073.4	757	19526	18769
ENST00000396075.5	0	16996	16996
ENST00000396076.5	203	20324	20121
ENST00000396077.8	14873	26931	12058
ENST00000396078.7	16331	20016	3685
ENST00000396081.5	1034	62881	61847
ENST00000396082.2	23	11219	11196
ENST00000396083.7	3219	9130	5911
ENST00000396085.6	859	412675	411816
ENST00000396087.7	99	412081	411982
ENST00000396091.7	550	241264	240714
ENST00000396093.7	0	16757	16757
ENST00000396094.6	48	7513	7465
ENST00000396095.6	128	169543	169415
ENST00000396096.6	6969	21320	14351
ENST00000396097.5	17086	103229	86143
ENST00000396098.5	17068	60939	43871
ENST00000396099.5	17068	82234	65166
ENST00000396101.7	0	1411	1411
ENST00000396103.7	1927	129067	127140
ENST00000396104.2	11	28289	28278
ENST00000396105.6	1370	35680	34310
ENST00000396111.6	74070	100641	26571
ENST00000396112.6	183	1704	1521
ENST00000396113.5	136265	162836	26571
ENST00000396115.6	241	103435	103194
ENST00000396119.6	33942	56900	22958
ENST00000396123.2	236	31018	30782
ENST00000396124.9	20	33935	33915
ENST00000396127.6	16713	478218	461505
ENST00000396128.9	4707	23313	18606
ENST00000396133.7	135	13718	13583
ENST00000396134.6	265	19693	19428
ENST00000396136.6	79078	82251	3173
ENST00000396137.5	520	83127	82607
ENST00000396138.9	266	19596	19330
ENST00000396144.8	2257	105957	103700
ENST00000396147.6	4271	13965	9694
ENST00000396148.2	1663	6063	4400
ENST00000396150.4	147	10276	10129
ENST00000396151.7	578	170969	170391
ENST00000396153.7	4415	524714	520299
ENST00000396154.7	167	11320	11153
ENST00000396158.6	336	85540	85204
ENST00000396161.10	5227	8437	3210
ENST00000396165.8	10990	86595	75605
ENST00000396166.7	1007	2545	1538
ENST00000396168.1	1005	39509	38504
ENST00000396169.7	275	6147	5872
ENST00000396170.5	1007	45613	44606
ENST00000396172.6	211	11580	11369
ENST00000396175.5	193	66235	66042
ENST00000396182.6	49	282078	282029
ENST00000396183.7	24635	42234	17599
ENST00000396184.7	6745	288774	282029
ENST00000396185.8	24680	42279	17599
ENST00000396189.2	0	189681	189681
ENST00000396191.6	2208	321323	319115
ENST00000396192.7	12218	52911	40693
ENST00000396193.5	2208	549844	547636
ENST00000396194.6	1060	12134	11074
ENST00000396196.6	34200	56564	22364
ENST00000396197.8	2714	60446	57732
ENST00000396198.7	128	20464	20336
ENST00000396199.7	3342	178044	174702
ENST00000396200.3	968	8407	7439
ENST00000396203.7	133	5529	5396
ENST00000396204.2	0	71415	71415
ENST00000396205.6	52230	52642	412
ENST00000396207.1	836	11083	10247
ENST00000396208.4	3607	29953	26346
ENST00000396209.5	6475	16722	10247
ENST00000396210.8	6608	16855	10247
ENST00000396211.7	10957	55845	44888
ENST00000396212.6	4071	30417	26346
ENST00000396213.7	857	24032	23175
ENST00000396215.7	395	17591	17196
ENST00000396217.7	234410	450799	216389
ENST00000396218.5	1321	105348	104027
ENST00000396219.7	69	68211	68142
ENST00000396221.6	517	63491	62974
ENST00000396222.6	2281	13627	11346
ENST00000396224.1	272	8426	8154
ENST00000396225.1	82	48502	48420
ENST00000396227.6	258	5356	5098
ENST00000396229.6	29304	90226	60922
ENST00000396231.6	112	231092	230980
ENST00000396234.7	69	101404	101335
ENST00000396247.7	734	13211	12477
ENST00000396249.7	33	22847	22814
ENST00000396251.1	2446	9596	7150
ENST00000396252.6	48664	51396	2732
ENST00000396253.7	1217	35233	34016
ENST00000396257.6	338	102194	101856
ENST00000396259.5	322	102145	101823
ENST00000396263.6	151	16766	16615
ENST00000396265.4	7304	11557	4253
ENST00000396267.3	10315	12773	2458
ENST00000396268.8	156	17756	17600
ENST00000396271.8	2219	47036	44817
ENST00000396272.7	144	20832	20688
ENST00000396275.2	16248	18178	1930
ENST00000396276.7	144	126846	126702
ENST00000396279.2	4728	7818	3090
ENST00000396280.9	3	331602	331599
ENST00000396281.8	1550	144211	142661
ENST00000396282.7	486	108355	107869
ENST00000396283.5	2339	89640	87301
ENST00000396285.5	3	331632	331629
ENST00000396289.5	0	11635	11635
ENST00000396290.2	110	1240	1130
ENST00000396292.8	3	331670	331667
ENST00000396293.5	11	11152	11141
ENST00000396294.7	49925	350319	300394
ENST00000396296.7	0	19930	19930
ENST00000396298.6	170	134395	134225
ENST00000396299.6	195609	521371	325762
ENST00000396300.6	52578	385154	332576
ENST00000396301.7	14725	18310	3585
ENST00000396302.7	574	11879	11305
ENST00000396307.6	2544	32626	30082
ENST00000396308.4	2236	8643	6407
ENST00000396314.3	305	4087	3782
ENST00000396315.5	0	7743	7743
ENST00000396317.5	0	7690	7690
ENST00000396319.7	8363	91015	82652
ENST00000396324.7	822	140976	140154
ENST00000396327.7	664	8404	7740
ENST00000396328.5	3961	222695	218734
ENST00000396330.6	1913	41424	39511
ENST00000396331.5	13916	21653	7737
ENST00000396332.8	562	8302	7740
ENST00000396333.3	3	10440	10437
ENST00000396335.8	1821	59780	57959
ENST00000396340.1	18	3995	3977
ENST00000396342.6	5754	8461	2707
ENST00000396344.4	682	8715	8033
ENST00000396345.1	1446	2252	806
ENST00000396349.3	765	15236	14471
ENST00000396352.8	1734	5783	4049
ENST00000396354.6	14534	75000	60466
ENST00000396355.5	21512	81978	60466
ENST00000396356.7	6363	377208	370845
ENST00000396359.1	2522	3997	1475
ENST00000396365.6	407	5637	5230
ENST00000396366.6	21	37530	37509
ENST00000396367.5	7838	28493	20655
ENST00000396368.8	2309	50046	47737
ENST00000396372.2	96	2906	2810
ENST00000396373.9	454	242717	242263
ENST00000396376.5	53389	80112	26723
ENST00000396383.5	634	3554	2920
ENST00000396384.1	1269	3809	2540
ENST00000396385.4	144	12939	12795
ENST00000396386.7	1254	11004	9750
ENST00000396388.3	57	2977	2920
ENST00000396389.5	593	4001	3408
ENST00000396391.5	1308	30567	29259
ENST00000396392.5	229	110417	110188
ENST00000396394.7	319	16202	15883
ENST00000396396.6	517	174732	174215
ENST00000396398.8	1948	13187	11239
ENST00000396399.6	200	28765	28565
ENST00000396400.4	38	2318	2280
ENST00000396401.7	1555	56404	54849
ENST00000396402.6	2754	36355	33601
ENST00000396403.9	16090	26198	10108
ENST00000396404.8	630	34231	33601
ENST00000396408.8	2867	15541	12674
ENST00000396410.9	174	63587	63413
ENST00000396417.2	15	10864	10849
ENST00000396418.7	82045	85704	3659
ENST00000396420.8	586	11093	10507
ENST00000396423.4	94	25579	25485
ENST00000396424.5	2032	22505	20473
ENST00000396425.8	287	19015	18728
ENST00000396426.7	255	21217	20962
ENST00000396428.6	133	96754	96621
ENST00000396429.5	51	94869	94818
ENST00000396431.5	261	95094	94833
ENST00000396432.7	801	144134	143333
ENST00000396439.7	260	8948	8688
ENST00000396442.7	11455	62436	50981
ENST00000396444.7	14692	78038	63346
ENST00000396445.5	6697	81290	74593
ENST00000396446.5	6697	81171	74474
ENST00000396448.6	1560	21479	19919
ENST00000396451.4	6516	15862	9346
ENST00000396463.7	172	16640	16468
ENST00000396464.7	143	24955	24812
ENST00000396465.5	5	2268	2263
ENST00000396466.5	7	2270	2263
ENST00000396467.5	763	3026	2263
ENST00000396475.6	50202	115754	65552
ENST00000396477.5	104	13256	13152
ENST00000396478.4	1258	49444	48186
ENST00000396481.6	815	3352	2537
ENST00000396482.6	2128	4665	2537
ENST00000396484.6	393	12514	12121
ENST00000396495.3	112	3034	2922
ENST00000396496.7	2557	41887	39330
ENST00000396499.5	2039	41369	39330
ENST00000396501.8	35	4183	4148
ENST00000396502.5	128	5802	5674
ENST00000396503.7	10077	13909	3832
ENST00000396504.6	3482	18903	15421
ENST00000396505.7	8260	53418	45158
ENST00000396507.7	182	9773	9591
ENST00000396509.6	30977	159245	128268
ENST00000396512.3	17	61877	61860
ENST00000396516.6	734	34659	33925
ENST00000396521.3	256	4926	4670
ENST00000396525.7	649	12712	12063
ENST00000396526.7	2031	45405	43374
ENST00000396533.5	123	607	484
ENST00000396535.7	807	52643	51836
ENST00000396542.5	798	3147	2349
ENST00000396545.4	253	2949	2696
ENST00000396547.5	429	14914	14485
ENST00000396548.5	2398	16794	14396
ENST00000396549.6	504	14995	14491
ENST00000396551.9	2391	16787	14396
ENST00000396553.7	6256	52904	46648
ENST00000396554.7	341	57513	57172
ENST00000396556.7	1250	322634	321384
ENST00000396559.5	44566	97461	52895
ENST00000396560.6	44566	98227	53661
ENST00000396563.8	0	77166	77166
ENST00000396568.1	418	3571	3153
ENST00000396570.8	15611	21460	5849
ENST00000396573.6	9748	431387	421639
ENST00000396576.6	501	280754	280253
ENST00000396577.7	1418	99851	98433
ENST00000396578.8	103	152201	152098
ENST00000396581.6	897	12438	11541
ENST00000396582.6	292	78577	78285
ENST00000396589.6	518	51204	50686
ENST00000396591.8	242	37879	37637
ENST00000396592.7	3392	32358	28966
ENST00000396593.6	2225	6824	4599
ENST00000396594.8	2927	64750	61823
ENST00000396595.7	173	86965	86792
ENST00000396596.2	18556	85869	67313
ENST00000396597.7	10322	68430	58108
ENST00000396600.6	22771	69943	47172
ENST00000396602.7	10297	68497	58200
ENST00000396603.6	94	21510	21416
ENST00000396604.5	10787	68984	58197
ENST00000396613.7	243	26072	25829
ENST00000396618.9	380	16868	16488
ENST00000396620.7	8714	35957	27243
ENST00000396621.7	17	15160	15143
ENST00000396623.8	13	37232	37219
ENST00000396625.5	4614	149792	145178
ENST00000396627.7	319	8342	8023
ENST00000396628.7	336	8359	8023
ENST00000396629.6	11670	114902	103232
ENST00000396634.5	1294	5279	3985
ENST00000396637.7	422	19860	19438
ENST00000396638.7	146	3800	3654
ENST00000396641.7	86901	88453	1552
ENST00000396642.7	1714	120970	119256
ENST00000396648.6	112	8684	8572
ENST00000396649.7	302	65782	65480
ENST00000396650.7	187	2648	2461
ENST00000396651.8	57	3760	3703
ENST00000396652.1	1008	4812	3804
ENST00000396653.2	268	72558	72290
ENST00000396654.7	3392	82581	79189
ENST00000396658.8	703	31299	30596
ENST00000396659.8	988	18589	17601
ENST00000396662.5	1399	2597	1198
ENST00000396663.2	969	2167	1198
ENST00000396664.2	1347	2545	1198
ENST00000396667.7	3511	21487	17976
ENST00000396668.8	3517	21493	17976
ENST00000396671.7	5734	113181	107447
ENST00000396672.5	642	84564	83922
ENST00000396675.7	617	124053	123436
ENST00000396679.6	712	37939	37227
ENST00000396680.3	870	3074	2204
ENST00000396681.9	14	4257	4243
ENST00000396682.6	71	3845	3774
ENST00000396684.3	6043	17379	11336
ENST00000396686.5	734	5141	4407
ENST00000396688.5	1223	5630	4407
ENST00000396689.2	604	5011	4407
ENST00000396693.9	131	10904	10773
ENST00000396698.5	6	26579	26573
ENST00000396700.5	3056	165787	162731
ENST00000396701.6	0	14869	14869
ENST00000396703.6	5373	387099	381726
ENST00000396704.7	0	14636	14636
ENST00000396705.10	36	3589	3553
ENST00000396706.2	3057	12428	9371
ENST00000396707.6	3128	12499	9371
ENST00000396709.5	3094	12465	9371
ENST00000396713.6	3128	12499	9371
ENST00000396720.7	65379	98883	33504
ENST00000396721.6	1473	17127	15654
ENST00000396723.9	1100	5911	4811
ENST00000396735.6	354	2804	2450
ENST00000396736.2	3	2643	2640
ENST00000396737.6	2713	5163	2450
ENST00000396738.7	521	3985	3464
ENST00000396743.7	1149	37231	36082
ENST00000396751.6	456	8136	7680
ENST00000396757.6	0	2661	2661
ENST00000396758.6	151	3289	3138
ENST00000396761.6	1070	11147	10077
ENST00000396763.6	250	5610	5360
ENST00000396774.6	236	127395	127159
ENST00000396776.6	3102	4042	940
ENST00000396777.8	597	4918	4321
ENST00000396779.7	284	4960	4676
ENST00000396782.2	952	3062	2110
ENST00000396787.5	282	246853	246571
ENST00000396789.4	2341	4451	2110
ENST00000396791.7	15217	34635	19418
ENST00000396792.2	330	2224	1894
ENST00000396801.7	1069	14594	13525
ENST00000396802.7	76	6671	6595
ENST00000396806.3	917	2811	1894
ENST00000396807.8	607	13249	12642
ENST00000396809.6	1277	8862	7585
ENST00000396811.6	11404	16956	5552
ENST00000396813.5	262	9437	9175
ENST00000396817.6	39438	45998	6560
ENST00000396819.8	19	32819	32800
ENST00000396821.8	2498	24977	22479
ENST00000396822.6	0	1278	1278
ENST00000396825.4	3788	9092	5304
ENST00000396827.3	3273	20994	17721
ENST00000396828.8	1275	15557	14282
ENST00000396832.6	2599	24705	22106
ENST00000396833.2	106	2373	2267
ENST00000396834.6	75	2061	1986
ENST00000396836.6	192	59012	58820
ENST00000396838.6	1432	6161	4729
ENST00000396840.6	958	18169	17211
ENST00000396841.4	8015	10039	2024
ENST00000396842.7	182	12352	12170
ENST00000396847.7	1893	17595	15702
ENST00000396852.9	770	17557	16787
ENST00000396854.8	298	6440	6142
ENST00000396856.5	2275	4409	2134
ENST00000396857.7	110	32686	32576
ENST00000396858.5	1289	3737	2448
ENST00000396859.5	79	4410	4331
ENST00000396861.5	299	4630	4331
ENST00000396862.2	160	3452	3292
ENST00000396863.8	265	51080	50815
ENST00000396864.8	880	6099	5219
ENST00000396865.7	649	73779	73130
ENST00000396868.7	1570	12608	11038
ENST00000396870.8	559	11597	11038
ENST00000396871.8	1553	12591	11038
ENST00000396872.8	4874	21573	16699
ENST00000396878.8	2252	7687	5435
ENST00000396879.8	2201	21136	18935
ENST00000396884.8	1186	12867	11681
ENST00000396886.7	338	50749	50411
ENST00000396887.7	490	4416	3926
ENST00000396890.6	173	4410	4237
ENST00000396893.6	19328	27634	8306
ENST00000396894.8	3093	7563	4470
ENST00000396895.3	127	1983	1856
ENST00000396901.5	321	10345	10024
ENST00000396904.2	2166	26886	24720
ENST00000396908.9	63	11818	11755
ENST00000396912.2	2217	21876	19659
ENST00000396913.6	508	17453	16945
ENST00000396914.4	813	13022	12209
ENST00000396920.7	461	25118	24657
ENST00000396923.7	1215	55312	54097
ENST00000396925.1	650	1968	1318
ENST00000396926.8	1625	17241	15616
ENST00000396930.4	1447	124212	122765
ENST00000396934.7	178	10131	9953
ENST00000396936.5	1623	9258	7635
ENST00000396941.8	269	9526	9257
ENST00000396946.9	499	55802	55303
ENST00000396947.7	166	5546	5380
ENST00000396948.5	2917	10093	7176
ENST00000396950.4	1581	3499	1918
ENST00000396952.6	8545	10451	1906
ENST00000396953.6	37	4579	4542
ENST00000396954.8	2926	12054	9128
ENST00000396957.5	1151	5693	4542
ENST00000396958.8	13235	16349	3114
ENST00000396965.5	1318	15656	14338
ENST00000396966.6	1256	28797	27541
ENST00000396969.8	294	2026	1732
ENST00000396973.8	247	7459	7212
ENST00000396974.2	62101	62669	568
ENST00000396976.6	2904	14292	11388
ENST00000396978.1	150	1294	1144
ENST00000396979.1	584	1728	1144
ENST00000396981.7	13579	97562	83983
ENST00000396984.2	60	814	754
ENST00000396986.6	25	28562	28537
ENST00000396987.7	20940	44154	23214
ENST00000396988.7	1294	19564	18270
ENST00000396990.6	0	29569	29569
ENST00000396991.6	3001	17975	14974
ENST00000396992.8	996	7960	6964
ENST00000396993.8	26418	27844	1426
ENST00000396995.1	231	817	586
ENST00000396997.1	362	2680	2318
ENST00000396999.3	6	20212	20206
ENST00000397000.6	67324	122263	54939
ENST00000397002.6	1132	3450	2318
ENST00000397004.9	993	73305	72312
ENST00000397007.10	993	73356	72363
ENST00000397010.7	92344	148193	55849
ENST00000397011.2	40	27036	26996
ENST00000397013.2	28976	37600	8624
ENST00000397015.7	91828	147677	55849
ENST00000397016.6	2100	8546	6446
ENST00000397017.6	0	24571	24571
ENST00000397021.5	63	2193	2130
ENST00000397022.7	160	7911	7751
ENST00000397023.5	24	20437	20413
ENST00000397024.1	18	25515	25497
ENST00000397026.7	90641	146490	55849
ENST00000397029.8	92324	94491	2167
ENST00000397030.5	37	131244	131207
ENST00000397032.8	367	136123	135756
ENST00000397033.7	269	81206	80937
ENST00000397034.3	1396	2370	974
ENST00000397035.7	1561	43481	41920
ENST00000397036.4	8	7270	7262
ENST00000397040.5	15533	106517	90984
ENST00000397041.8	1552	43394	41842
ENST00000397042.7	15617	106592	90975
ENST00000397043.7	79	41918	41839
ENST00000397046.5	2316	9204	6888
ENST00000397048.5	731	9270	8539
ENST00000397049.2	99	6987	6888
ENST00000397053.6	1278	119195	117917
ENST00000397054.7	501	22712	22211
ENST00000397056.1	6339	9259	2920
ENST00000397060.8	529	25014	24485
ENST00000397061.4	140	21255	21115
ENST00000397062.8	480	36078	35598
ENST00000397063.9	483	5726	5243
ENST00000397064.6	3217	5470	2253
ENST00000397066.9	35	29911	29876
ENST00000397067.7	307	4063	3756
ENST00000397068.8	229	4219	3990
ENST00000397070.6	530	5208	4678
ENST00000397071.5	130	17750	17620
ENST00000397072.7	31092	42621	11529
ENST00000397074.7	3	15552	15549
ENST00000397075.7	10	15660	15650
ENST00000397076.2	7133	15697	8564
ENST00000397077.6	4794	129095	124301
ENST00000397080.8	1973	10360	8387
ENST00000397081.8	139	318921	318782
ENST00000397082.2	3	39425	39422
ENST00000397083.6	1	5919	5918
ENST00000397085.3	0	10636	10636
ENST00000397086.6	851	12435	11584
ENST00000397087.7	390	232762	232372
ENST00000397088.4	3616	5864	2248
ENST00000397091.9	2493	48751	46258
ENST00000397092.5	4922	7170	2248
ENST00000397095.2	2231	4227	1996
ENST00000397097.4	0	6406	6406
ENST00000397098.8	622	130957	130335
ENST00000397100.6	641	130976	130335
ENST00000397103.5	697	46695	45998
ENST00000397108.8	109	46367	46258
ENST00000397109.7	333	18040	17707
ENST00000397110.6	2024	8877	6853
ENST00000397111.9	195	58667	58472
ENST00000397113.6	903	47161	46258
ENST00000397117.5	159	17949	17790
ENST00000397118.7	1599	11294	9695
ENST00000397119.8	2687	62314	59627
ENST00000397120.8	185	10081	9896
ENST00000397121.3	864	19305	18441
ENST00000397122.6	57514	81465	23951
ENST00000397124.5	345	4103	3758
ENST00000397126.9	5099	48535	43436
ENST00000397128.7	3392	40468	37076
ENST00000397130.8	6257	11317	5060
ENST00000397131.1	21	541	520
ENST00000397132.6	41	51307	51266
ENST00000397133.2	325	983	658
ENST00000397134.1	61	581	520
ENST00000397135.1	98	618	520
ENST00000397137.5	1497	2017	520
ENST00000397138.5	0	20096	20096
ENST00000397143.3	1765	2341	576
ENST00000397145.6	920	97581	96661
ENST00000397146.7	3816	110434	106618
ENST00000397147.7	184	16117	15933
ENST00000397149.4	5531	36370	30839
ENST00000397150.5	11615	12814	1199
ENST00000397151.1	3919	19320	15401
ENST00000397152.7	11601	27002	15401
ENST00000397154.7	13	8785	8772
ENST00000397162.5	1590	21260	19670
ENST00000397163.8	305	54708	54403
ENST00000397165.7	1590	36417	34827
ENST00000397166.7	1410	30650	29240
ENST00000397167.6	5149	225936	220787
ENST00000397168.7	131	30387	30256
ENST00000397169.3	55	8893	8838
ENST00000397170.8	19	11487	11468
ENST00000397172.8	885	18078	17193
ENST00000397176.6	1067	89905	88838
ENST00000397180.6	2702	15392	12690
ENST00000397183.6	127	32549	32422
ENST00000397195.10	44635	89365	44730
ENST00000397196.7	2124	18091	15967
ENST00000397200.8	404	10295	9891
ENST00000397202.6	23553	61551	37998
ENST00000397203.7	36656	502309	465653
ENST00000397204.9	4985	7426	2441
ENST00000397206.6	25559	63602	38043
ENST00000397209.6	0	63739	63739
ENST00000397210.7	5803	18895	13092
ENST00000397223.4	24	18479	18455
ENST00000397224.9	2821	21276	18455
ENST00000397225.2	1179	7363	6184
ENST00000397226.2	3182	5435	2253
ENST00000397227.7	215	2758	2543
ENST00000397230.6	0	3677	3677
ENST00000397238.7	267	60180	59913
ENST00000397242.3	158	3548	3390
ENST00000397246.7	0	13654	13654
ENST00000397248.6	726	26276	25550
ENST00000397250.6	47	24943	24896
ENST00000397251.7	3	27665	27662
ENST00000397255.7	3	24981	24978
ENST00000397256.5	8	43567	43559
ENST00000397260.7	2981	7156	4175
ENST00000397261.8	40	13628	13588
ENST00000397262.5	76	1520	1444
ENST00000397265.7	862	46383	45521
ENST00000397267.6	337	8364	8027
ENST00000397269.7	15899	50012	34113
ENST00000397270.1	989	14942	13953
ENST00000397272.7	2953	20042	17089
ENST00000397274.6	62	116154	116092
ENST00000397275.6	191	4596	4405
ENST00000397276.6	13	3721	3708
ENST00000397277.6	8788	10472	1684
ENST00000397278.8	1823	14086	12263
ENST00000397280.8	15	3259	3244
ENST00000397281.6	2452	5852	3400
ENST00000397282.2	41872	95743	53871
ENST00000397283.6	2635	9727	7092
ENST00000397286.7	3410	35471	32061
ENST00000397287.6	873	2083	1210
ENST00000397289.6	8745	20850	12105
ENST00000397292.8	2142	46044	43902
ENST00000397293.6	873	2083	1210
ENST00000397294.7	19	25908	25889
ENST00000397296.6	994	21737	20743
ENST00000397297.7	31	37748	37717
ENST00000397298.8	31	9539	9508
ENST00000397299.9	33	10001	9968
ENST00000397301.5	8	16412	16404
ENST00000397303.6	250	67072	66822
ENST00000397304.6	0	16319	16319
ENST00000397305.3	0	32324	32324
ENST00000397311.4	219710	274601	54891
ENST00000397312.7	2456	73201	70745
ENST00000397317.8	240	2535	2295
ENST00000397323.9	552	174986	174434
ENST00000397325.6	738	8003	7265
ENST00000397326.7	536	10952	10416
ENST00000397327.7	370	134109	133739
ENST00000397328.5	536	10952	10416
ENST00000397332.3	1947	7639	5692
ENST00000397333.4	2681	9685	7004
ENST00000397334.2	0	2229	2229
ENST00000397337.6	424	24660	24236
ENST00000397338.5	2555	33848	31293
ENST00000397341.7	571	14304	13733
ENST00000397344.7	271	35501	35230
ENST00000397345.8	424	273212	272788
ENST00000397350.7	9875	38548	28673
ENST00000397353.6	183	14638	14455
ENST00000397354.7	866	31832	30966
ENST00000397356.8	1657	20073	18416
ENST00000397358.7	73464	161999	88535
ENST00000397359.7	921	11116	10195
ENST00000397366.5	250	17442	17192
ENST00000397367.6	253	17445	17192
ENST00000397368.2	11	12449	12438
ENST00000397370.3	22	6280	6258
ENST00000397374.8	2470	13644	11174
ENST00000397375.7	329	1875	1546
ENST00000397376.6	0	2911	2911
ENST00000397377.5	73	12406	12333
ENST00000397378.7	0	92453	92453
ENST00000397379.7	95	13508	13413
ENST00000397380.6	0	3407	3407
ENST00000397382.8	89	13502	13413
ENST00000397386.7	30968	66543	35575
ENST00000397388.7	1631	3636	2005
ENST00000397389.6	1813	5627	3814
ENST00000397391.7	35836	40948	5112
ENST00000397394.8	1921	491221	489300
ENST00000397396.5	19855	24319	4464
ENST00000397397.7	7453	24482	17029
ENST00000397404.5	5859	22888	17029
ENST00000397406.5	6224	23253	17029
ENST00000397408.5	7364	24393	17029
ENST00000397410.10	75	40797	40722
ENST00000397411.6	7493	24522	17029
ENST00000397412.8	2280	65469	63189
ENST00000397416.1	182	1687	1505
ENST00000397417.6	70408	97449	27041
ENST00000397418.4	0	21007	21007
ENST00000397420.9	3118	5989	2871
ENST00000397421.5	3118	5989	2871
ENST00000397424.2	44854	116866	72012
ENST00000397425.5	642	30703	30061
ENST00000397426.5	3944	24486	20542
ENST00000397428.8	2064	5437	3373
ENST00000397440.8	378	10081	9703
ENST00000397441.6	382	10543	10161
ENST00000397442.5	178	8285	8107
ENST00000397443.7	200	8475	8275
ENST00000397450.2	48	4296	4248
ENST00000397452.5	459	45045	44586
ENST00000397454.2	2714	55823	53109
ENST00000397456.2	46822	87244	40422
ENST00000397457.7	2085	51365	49280
ENST00000397459.6	8514	166081	157567
ENST00000397461.5	332675	820444	487769
ENST00000397463.3	2762	27066	24304
ENST00000397464.5	1244	5754	4510
ENST00000397468.5	3274	6806	3532
ENST00000397470.5	141	2125	1984
ENST00000397472.6	31	10982	10951
ENST00000397473.7	141	2125	1984
ENST00000397479.6	78	454	376
ENST00000397488.6	4907	18310	13403
ENST00000397491.6	123006	212536	89530
ENST00000397492.1	212	11843	11631
ENST00000397495.8	595	22249	21654
ENST00000397496.7	26	4792	4766
ENST00000397500.5	1179	7981	6802
ENST00000397501.5	86103	150021	63918
ENST00000397505.2	0	4619	4619
ENST00000397510.9	12	7755	7743
ENST00000397511.6	2297	26414	24117
ENST00000397512.8	4520	7870	3350
ENST00000397514.8	4395	15622	11227
ENST00000397515.6	4396	15623	11227
ENST00000397517.6	2977	127813	124836
ENST00000397518.5	0	20624	20624
ENST00000397519.6	564	40531	39967
ENST00000397520.1	0	20624	20624
ENST00000397523.5	510	52211	51701
ENST00000397524.5	6644	15341	8697
ENST00000397525.5	516	52288	51772
ENST00000397527.6	6770	63319	56549
ENST00000397528.8	323	41632	41309
ENST00000397529.6	360	41669	41309
ENST00000397532.9	388	41697	41309
ENST00000397534.6	243	3014	2771
ENST00000397536.7	3709	10826	7117
ENST00000397537.3	1011	8969	7958
ENST00000397541.6	406	23653	23247
ENST00000397542.7	771	10839	10068
ENST00000397544.6	1066	14702	13636
ENST00000397545.9	21	66536	66515
ENST00000397548.4	3348	5428	2080
ENST00000397550.6	6779	8859	2080
ENST00000397553.6	37360	64840	27480
ENST00000397554.5	2964	68509	65545
ENST00000397555.3	0	3767	3767
ENST00000397556.7	485	81342	80857
ENST00000397558.6	0	104999	104999
ENST00000397560.7	6351	94994	88643
ENST00000397566.5	93	4302	4209
ENST00000397570.5	72	4195	4123
ENST00000397572.5	2180	11116	8936
ENST00000397573.5	3897	18742	14845
ENST00000397575.7	628	227610	226982
ENST00000397579.6	597	227359	226762
ENST00000397581.7	6352	233361	227009
ENST00000397582.7	813	3429	2616
ENST00000397583.8	799	3786	2987
ENST00000397588.8	380	179274	178894
ENST00000397591.2	779	1608	829
ENST00000397594.7	1057	2586	1529
ENST00000397596.6	397	2643	2246
ENST00000397601.5	54802	171089	116287
ENST00000397602.7	153	5429	5276
ENST00000397604.7	179	9021	8842
ENST00000397606.7	472	420924	420452
ENST00000397609.6	35	31820	31785
ENST00000397611.7	3630	424072	420442
ENST00000397614.5	181	9023	8842
ENST00000397615.6	179	9021	8842
ENST00000397617.8	3630	424091	420461
ENST00000397618.7	343	69508	69165
ENST00000397620.6	204550	206538	1988
ENST00000397621.6	1778	6337	4559
ENST00000397622.7	1741	42330	40589
ENST00000397624.7	205377	207365	1988
ENST00000397625.9	281	9227	8946
ENST00000397628.5	1278	14924	13646
ENST00000397631.7	300	6719	6419
ENST00000397632.7	183	5379	5196
ENST00000397637.5	1302	29963	28661
ENST00000397638.6	1337	29998	28661
ENST00000397640.6	6953	21385	14432
ENST00000397641.8	1676	45829	44153
ENST00000397643.3	136	196646	196510
ENST00000397647.7	4098	63251	59153
ENST00000397648.1	85	3408	3323
ENST00000397655.7	70	35481	35411
ENST00000397656.8	77	14543	14466
ENST00000397659.9	54	35522	35468
ENST00000397660.3	0	1626	1626
ENST00000397661.6	230	96073	95843
ENST00000397664.8	162	2229	2067
ENST00000397665.6	3	2315	2312
ENST00000397666.6	99	2470	2371
ENST00000397668.8	282	14580	14298
ENST00000397671.1	486	8453	7967
ENST00000397676.8	216	7944	7728
ENST00000397677.6	3059	18308	15249
ENST00000397679.5	868	14516	13648
ENST00000397680.5	868	14516	13648
ENST00000397682.7	872	14520	13648
ENST00000397683.5	1572	15220	13648
ENST00000397691.1	269	11483	11214
ENST00000397692.5	530	11481	10951
ENST00000397694.5	530	11609	11079
ENST00000397700.6	377	102995	102618
ENST00000397701.9	572	11786	11214
ENST00000397702.6	625	106492	105867
ENST00000397707.6	625	106802	106177
ENST00000397708.1	138	56065	55927
ENST00000397709.1	151	1536	1385
ENST00000397712.7	1513	72379	70866
ENST00000397714.6	1326	72124	70798
ENST00000397717.7	6659	16162	9503
ENST00000397721.4	131	304164	304033
ENST00000397722.5	2384	3961	1577
ENST00000397728.8	2661	42473	39812
ENST00000397732.8	2815	25392	22577
ENST00000397742.7	24085	48054	23969
ENST00000397743.1	470	20217	19747
ENST00000397746.8	211	20353	20142
ENST00000397747.5	12016	60238	48222
ENST00000397748.5	195	20962	20767
ENST00000397752.8	26889	128075	101186
ENST00000397753.5	6675	36893	30218
ENST00000397760.8	1475	15824	14349
ENST00000397761.6	1455	15804	14349
ENST00000397762.6	2179	18492	16313
ENST00000397763.6	13365	34103	20738
ENST00000397764.8	684	1036	352
ENST00000397766.4	449	3957	3508
ENST00000397770.8	965	8988	8023
ENST00000397771.6	374	45935	45561
ENST00000397775.7	274	101211	100937
ENST00000397778.7	1559	49314	47755
ENST00000397779.3	2071	14034	11963
ENST00000397780.5	71	31657	31586
ENST00000397783.5	996	41334	40338
ENST00000397786.7	3866	129092	125226
ENST00000397789.3	0	80807	80807
ENST00000397790.6	52868	91739	38871
ENST00000397792.8	25187	71380	46193
ENST00000397795.7	760	80639	79879
ENST00000397797.1	226	1032	806
ENST00000397799.2	2333	7110	4777
ENST00000397800.5	44617	83993	39376
ENST00000397801.6	146	19945	19799
ENST00000397802.8	215	6466	6251
ENST00000397806.1	236	1035	799
ENST00000397809.10	1118	106880	105762
ENST00000397814.7	266	12361	12095
ENST00000397817.5	2418	9595	7177
ENST00000397820.5	94	21632	21538
ENST00000397821.8	2443	355310	352867
ENST00000397826.8	29	37410	37381
ENST00000397827.7	1056	12750	11694
ENST00000397828.3	345	52248	51903
ENST00000397832.7	114	193741	193627
ENST00000397833.3	3789	5437	1648
ENST00000397838.8	0	26028	26028
ENST00000397843.7	831	153252	152421
ENST00000397844.6	748	7474	6726
ENST00000397846.7	19	3116	3097
ENST00000397847.6	826	7607	6781
ENST00000397850.6	418	27121	26703
ENST00000397851.6	826	7640	6814
ENST00000397852.5	418	27121	26703
ENST00000397853.7	827	7641	6814
ENST00000397854.7	418	26951	26533
ENST00000397857.5	418	27121	26703
ENST00000397858.5	835	7649	6814
ENST00000397860.7	4038	93070	89032
ENST00000397861.7	3154	24164	21010
ENST00000397863.5	4038	93070	89032
ENST00000397865.9	1569	38622	37053
ENST00000397866.8	1578	38663	37085
ENST00000397869.7	129	37409	37280
ENST00000397871.5	292	43009	42717
ENST00000397872.5	292	43009	42717
ENST00000397873.6	102	42819	42717
ENST00000397875.7	1578	38693	37115
ENST00000397876.6	130	2742	2612
ENST00000397881.7	2485	6161	3676
ENST00000397885.3	182	36282	36100
ENST00000397886.3	177	10897	10720
ENST00000397887.7	1999	24348	22349
ENST00000397890.7	999	69204	68205
ENST00000397893.3	79	10134	10055
ENST00000397898.7	1291	12752	11461
ENST00000397899.7	689	55831	55142
ENST00000397901.8	1634	13734	12100
ENST00000397902.7	2121	11187	9066
ENST00000397906.7	4210	709129	704919
ENST00000397907.1	48	622	574
ENST00000397909.7	568	386735	386167
ENST00000397910.8	91	175731	175640
ENST00000397911.5	79	1829	1750
ENST00000397912.3	49	29291	29242
ENST00000397914.4	149	38805	38656
ENST00000397925.2	23	23000	22977
ENST00000397928.6	80	92670	92590
ENST00000397929.5	1279	32021	30742
ENST00000397932.6	13	92752	92739
ENST00000397936.8	4609	150130	145521
ENST00000397938.7	69	33841	33772
ENST00000397940.5	1115	13179	12064
ENST00000397942.4	35624	38832	3208
ENST00000397944.8	69	221207	221138
ENST00000397955.7	44494	118784	74290
ENST00000397956.7	310	10421	10111
ENST00000397958.5	1374	31727	30353
ENST00000397961.6	55	4388	4333
ENST00000397962.8	45548	119794	74246
ENST00000397967.5	373	1307	934
ENST00000397968.4	11831	132223	120392
ENST00000397970.4	141	1075	934
ENST00000397977.8	122	36499	36377
ENST00000397979.4	68	9797	9729
ENST00000397980.3	96	77695	77599
ENST00000397981.7	102	9852	9750
ENST00000397983.7	60	9836	9776
ENST00000397985.7	8228	18310	10082
ENST00000397988.7	8190	16864	8674
ENST00000397990.5	4801	5681	880
ENST00000397992.5	4282	176416	172134
ENST00000397995.2	14789	15669	880
ENST00000397996.6	0	21148	21148
ENST00000397997.6	11242	18682	7440
ENST00000397998.7	53616	102561	48945
ENST00000398000.7	3282	53747	50465
ENST00000398004.4	202	19645	19443
ENST00000398006.6	116	75623	75507
ENST00000398008.6	87	1279	1192
ENST00000398009.6	182	1374	1192
ENST00000398012.7	57	5229	5172
ENST00000398013.7	13045	29232	16187
ENST00000398014.7	13087	29218	16131
ENST00000398015.8	372	466793	466421
ENST00000398016.7	1591	334677	333086
ENST00000398017.3	0	10121	10121
ENST00000398019.7	6955	30347	23392
ENST00000398020.6	704	4312	3608
ENST00000398022.7	27	57635	57608
ENST00000398023.3	60	3591	3531
ENST00000398027.6	164	21724	21560
ENST00000398030.8	420	3229	2809
ENST00000398033.8	314	32594	32280
ENST00000398035.6	7277	9643	2366
ENST00000398040.8	223	66279	66056
ENST00000398042.6	15727	44223	28496
ENST00000398048.4	1936	7805	5869
ENST00000398051.8	463	78500	78037
ENST00000398052.9	500	78769	78269
ENST00000398054.5	202	22090	21888
ENST00000398055.8	2765	32489	29724
ENST00000398056.6	215	22103	21888
ENST00000398058.5	12752	36579	23827
ENST00000398061.5	77138	100965	23827
ENST00000398063.6	34674	58501	23827
ENST00000398071.4	103	27607	27504
ENST00000398073.7	3678	27313	23635
ENST00000398075.4	429	2023	1594
ENST00000398080.5	12505	16561	4056
ENST00000398081.5	201	18236	18035
ENST00000398083.5	339	2023	1684
ENST00000398084.6	339	2023	1684
ENST00000398090.3	48	28445	28397
ENST00000398092.4	160	38218	38058
ENST00000398097.7	274	101581	101307
ENST00000398104.6	3139	133658	130519
ENST00000398110.6	2478	17011	14533
ENST00000398117.1	5282	196035	190753
ENST00000398119.6	4190	93525	89335
ENST00000398122.7	12961	44825	31864
ENST00000398123.6	20	52749	52729
ENST00000398125.5	32059	84788	52729
ENST00000398129.5	20	54821	54801
ENST00000398130.6	232	121876	121644
ENST00000398131.6	44	7314	7270
ENST00000398132.1	176	2526	2350
ENST00000398133.5	124	3132	3008
ENST00000398136.7	2538	56910	54372
ENST00000398138.5	601	6978	6377
ENST00000398139.7	5305	18954	13649
ENST00000398145.7	2354	32991	30637
ENST00000398146.5	1435	75014	73579
ENST00000398148.7	767	13466	12699
ENST00000398153.7	799	27188	26389
ENST00000398154.5	336	9992	9656
ENST00000398155.4	56	56511	56455
ENST00000398158.5	692	20640	19948
ENST00000398160.6	185	5983	5798
ENST00000398163.6	124	5922	5798
ENST00000398165.8	692	20640	19948
ENST00000398169.7	183	5981	5798
ENST00000398174.9	110	56039	55929
ENST00000398185.6	1332	142106	140774
ENST00000398186.5	1	9757	9756
ENST00000398187.6	10176	21216	11040
ENST00000398189.4	660	3153	2493
ENST00000398193.8	38	103977	103939
ENST00000398201.8	119	250226	250107
ENST00000398203.8	284	249232	248948
ENST00000398204.8	323	264925	264602
ENST00000398208.3	826	31494	30668
ENST00000398209.7	46	264734	264688
ENST00000398212.7	1280	258675	257395
ENST00000398213.4	461	26301	25840
ENST00000398214.5	257	30822	30565
ENST00000398215.3	1791	12740	10949
ENST00000398219.2	0	11694	11694
ENST00000398221.3	1765	2008	243
ENST00000398224.3	54	122858	122804
ENST00000398225.7	88	123148	123060
ENST00000398226.7	1957	7161	5204
ENST00000398227.7	88	122795	122707
ENST00000398229.7	88	122872	122784
ENST00000398232.7	88	123071	122983
ENST00000398234.7	88	122969	122881
ENST00000398235.6	617	2007	1390
ENST00000398236.7	36	123014	122978
ENST00000398238.8	107	167362	167255
ENST00000398245.8	2567	15260	12693
ENST00000398246.8	1193	35821	34628
ENST00000398249.8	607	11182	10575
ENST00000398250.6	79	133078	132999
ENST00000398253.6	35	26841	26806
ENST00000398258.7	212	11532	11320
ENST00000398261.6	8485	52160	43675
ENST00000398263.6	4712	11067	6355
ENST00000398276.6	0	6142	6142
ENST00000398285.7	0	51534	51534
ENST00000398289.2	862	18051	17189
ENST00000398290.7	0	8914	8914
ENST00000398291.4	39	54345	54306
ENST00000398292.3	313	26814	26501
ENST00000398299.1	0	204692	204692
ENST00000398304.5	240	153270	153030
ENST00000398309.6	4809	1470693	1465884
ENST00000398316.7	87	100481	100394
ENST00000398319.6	24100	173399	149299
ENST00000398322.7	458	8787	8329
ENST00000398326.2	476	33654	33178
ENST00000398333.7	1210	79699	78489
ENST00000398337.8	11745	15027	3282
ENST00000398339.5	292	410260	409968
ENST00000398341.7	18823	82305	63482
ENST00000398343.2	3931	4041	110
ENST00000398344.9	184	3395	3211
ENST00000398352.3	124	24294	24170
ENST00000398355.7	243	13528	13285
ENST00000398356.6	618	29471	28853
ENST00000398361.7	210	9706	9496
ENST00000398367.1	29	44766	44737
ENST00000398376.8	49	68208	68159
ENST00000398379.2	0	567	567
ENST00000398389.9	893	32832	31939
ENST00000398391.6	30601	75558	44957
ENST00000398392.2	3464	4464	1000
ENST00000398393.5	905	32994	32089
ENST00000398395.8	174	5630	5456
ENST00000398397.3	109	14565	14456
ENST00000398398.6	426	22599	22173
ENST00000398399.7	9054	53744	44690
ENST00000398402.1	88	3555	3467
ENST00000398405.5	875	24868	23993
ENST00000398409.1	262	4640	4378
ENST00000398411.5	7213	11591	4378
ENST00000398417.6	17433	50495	33062
ENST00000398422.2	71	19560	19489
ENST00000398425.7	2860	23216	20356
ENST00000398427.6	100	83371	83271
ENST00000398431.2	79	3653	3574
ENST00000398437.1	148	42761	42613
ENST00000398439.8	4210	15008	10798
ENST00000398449.8	123	79232	79109
ENST00000398450.5	1279	17529	16250
ENST00000398452.6	791	17963	17172
ENST00000398453.7	593	24215	23622
ENST00000398454.5	73	63594	63521
ENST00000398455.3	77	16869	16792
ENST00000398457.6	1987	98689	96702
ENST00000398458.4	39	45623	45584
ENST00000398462.7	113	13296	13183
ENST00000398465.3	136	1939	1803
ENST00000398468.4	93	9102	9009
ENST00000398470.1	0	1498	1498
ENST00000398472.2	317	1191	874
ENST00000398473.7	126	77132	77006
ENST00000398475.5	5995	15476	9481
ENST00000398477.1	345	1081	736
ENST00000398483.7	56997	76796	19799
ENST00000398484.6	2507	16871	14364
ENST00000398485.6	54	10738	10684
ENST00000398486.2	318	7677	7359
ENST00000398488.5	3	9987	9984
ENST00000398491.6	92	32343	32251
ENST00000398492.8	431	16038	15607
ENST00000398493.5	35	10156	10121
ENST00000398494.8	1442	14655	13213
ENST00000398495.6	462	10633	10171
ENST00000398497.2	0	294	294
ENST00000398499.5	2261	8655	6394
ENST00000398505.7	4067	9857	5790
ENST00000398506.6	338	135511	135173
ENST00000398510.7	87	177542	177455
ENST00000398511.3	2261	8655	6394
ENST00000398514.7	3227	64472	61245
ENST00000398516.3	1179	6147	4968
ENST00000398519.9	252	34926	34674
ENST00000398520.6	336	13300	12964
ENST00000398523.3	4510	150516	146006
ENST00000398526.2	0	12942	12942
ENST00000398527.7	152	18034	17882
ENST00000398529.7	625	42427	41802
ENST00000398530.1	515	1449	934
ENST00000398531.3	25	1235	1210
ENST00000398532.9	642	14228	13586
ENST00000398534.4	31	1151	1120
ENST00000398536.6	34	1022	988
ENST00000398538.5	12	34022	34010
ENST00000398540.8	3082	220286	217204
ENST00000398542.5	306	34054	33748
ENST00000398544.7	178	317801	317623
ENST00000398545.5	191	40745	40554
ENST00000398547.5	306	34152	33846
ENST00000398548.6	3018	65538	62520
ENST00000398556.7	306	36704	36398
ENST00000398558.8	4509	8603	4094
ENST00000398559.7	3353	35521	32168
ENST00000398560.2	7841	45877	38036
ENST00000398564.5	0	135227	135227
ENST00000398568.6	7579	57228	49649
ENST00000398571.7	642	293787	293145
ENST00000398576.6	1674	35608	33934
ENST00000398578.3	1046	5874	4828
ENST00000398580.3	878	323672	322794
ENST00000398585.7	1592	45024	43432
ENST00000398587.7	177	92920	92743
ENST00000398594.4	183	96276	96093
ENST00000398595.7	9667	14838	5171
ENST00000398598.8	5832	34489	28657
ENST00000398599.8	147	20822	20675
ENST00000398600.6	11556	40213	28657
ENST00000398602.2	635	16286	15651
ENST00000398603.6	102	3348	3246
ENST00000398604.3	181	121329	121148
ENST00000398606.10	32	3385	3353
ENST00000398610.3	189	100987	100798
ENST00000398612.3	8440	15410	6970
ENST00000398622.3	12747	14361	1614
ENST00000398631.3	165	137445	137280
ENST00000398634.7	92	30531	30439
ENST00000398636.8	887	3911	3024
ENST00000398637.10	5910	58183	52273
ENST00000398640.7	147	143820	143673
ENST00000398645.6	2048	135783	133735
ENST00000398646.3	15	35141	35126
ENST00000398647.7	66	40934	40868
ENST00000398652.7	66	41193	41127
ENST00000398653.5	346308	362422	16114
ENST00000398654.7	43289	105608	62319
ENST00000398658.2	981	2226	1245
ENST00000398659.8	412	189996	189584
ENST00000398661.6	1290	145780	144490
ENST00000398664.5	68	1984	1916
ENST00000398665.8	252	70439	70187
ENST00000398671.2	431	2292	1861
ENST00000398675.8	5944	64113	58169
ENST00000398682.5	1025	2937	1912
ENST00000398684.6	122	37723	37601
ENST00000398686.8	202	42499	42297
ENST00000398692.8	1014	7772	6758
ENST00000398696.3	160	41542	41382
ENST00000398705.7	668	42635	41967
ENST00000398706.6	255	21392	21137
ENST00000398707.7	164	20503	20339
ENST00000398712.7	244	6269	6025
ENST00000398714.4	30269	32127	1858
ENST00000398718.1	3	1192	1189
ENST00000398729.1	3	1247	1244
ENST00000398731.3	0	53256	53256
ENST00000398733.8	453	65893	65440
ENST00000398734.8	66	65506	65440
ENST00000398738.3	2694	170661	167967
ENST00000398741.5	368	10653	10285
ENST00000398743.6	369	10654	10285
ENST00000398752.11	4037	19630	15593
ENST00000398753.5	10240	16894	6654
ENST00000398754.1	5	8032	8027
ENST00000398755.8	993	7703	6710
ENST00000398762.7	3	104613	104610
ENST00000398763.8	87	110266	110179
ENST00000398774.6	1027	43023	41996
ENST00000398776.2	29	27303	27274
ENST00000398780.5	62	702	640
ENST00000398782.2	0	1802	1802
ENST00000398786.2	4229	5025	796
ENST00000398788.4	1341	22824	21483
ENST00000398793.6	86	21247	21161
ENST00000398795.7	152	33709	33557
ENST00000398799.2	2549	5160	2611
ENST00000398800.8	85	57071	56986
ENST00000398802.6	1218	7617	6399
ENST00000398803.1	84	91487	91403
ENST00000398805.8	56	91676	91620
ENST00000398806.8	1259	53680	52421
ENST00000398809.9	42898	339589	296691
ENST00000398810.6	2892	86154	83262
ENST00000398812.6	2892	144025	141133
ENST00000398814.8	394	101970	101576
ENST00000398822.7	167	99472	99305
ENST00000398823.6	75	19149	19074
ENST00000398824.6	27555	32816	5261
ENST00000398831.8	88	31015	30927
ENST00000398835.7	19292	19585	293
ENST00000398838.8	364	3372	3008
ENST00000398841.6	399	3635	3236
ENST00000398844.7	292	79562	79270
ENST00000398846.6	323	4050	3727
ENST00000398864.7	26	80585	80559
ENST00000398868.8	5235	48858	43623
ENST00000398870.7	38	128328	128290
ENST00000398873.4	598	2290	1692
ENST00000398881.4	4	1851	1847
ENST00000398882.8	1050	8665	7615
ENST00000398884.7	36	1883	1847
ENST00000398888.6	286	14399	14113
ENST00000398896.6	369	14878	14509
ENST00000398897.5	3379	44576	41197
ENST00000398904.6	63285	112196	48911
ENST00000398905.5	3379	119709	116330
ENST00000398907.5	3379	119712	116333
ENST00000398910.5	3379	197053	193674
ENST00000398911.5	3379	197050	193671
ENST00000398919.6	115	193857	193742
ENST00000398925.5	42521	42887	366
ENST00000398927.1	2705	3643	938
ENST00000398928.5	42521	43459	938
ENST00000398930.5	26839	29087	2248
ENST00000398932.5	27012	29260	2248
ENST00000398934.5	26842	29090	2248
ENST00000398937.6	495	11805	11310
ENST00000398938.7	42271	44519	2248
ENST00000398941.6	41	9611	9570
ENST00000398944.7	222	26761	26539
ENST00000398947.1	190	89068	88878
ENST00000398951.6	229994	275860	45866
ENST00000398955.2	437	14709	14272
ENST00000398956.2	0	93153	93153
ENST00000398958.6	23924	33315	9391
ENST00000398960.7	45281	139712	94431
ENST00000398969.8	0	92816	92816
ENST00000398970.5	2957	36037	33080
ENST00000398975.6	0	30681	30681
ENST00000398977.2	14732	15536	804
ENST00000398978.8	518	157248	156730
ENST00000398979.7	1538	6129	4591
ENST00000398982.6	0	40830	40830
ENST00000398984.6	165	17358	17193
ENST00000398988.7	105521	152189	46668
ENST00000398989.2	0	934	934
ENST00000398991.3	19406	42926	23520
ENST00000398997.2	1608	6534	4926
ENST00000398998.1	3	42490	42487
ENST00000399001.5	248	42506	42258
ENST00000399002.7	296	157536	157240
ENST00000399004.7	1901	24266	22365
ENST00000399006.6	27642	34225	6583
ENST00000399010.5	13968	25569	11601
ENST00000399012.6	7866	23973	16107
ENST00000399017.6	5662	126005	120343
ENST00000399022.9	3330	78509	75179
ENST00000399026.1	0	5600	5600
ENST00000399032.2	5461	10011	4550
ENST00000399033.8	82	33276	33194
ENST00000399034.7	31959	104498	72539
ENST00000399035.7	0	72859	72859
ENST00000399036.4	821	2883	2062
ENST00000399044.1	20	1843	1823
ENST00000399050.10	29677	57388	27711
ENST00000399052.8	368	7128	6760
ENST00000399054.6	66	10036	9970
ENST00000399061.3	5008	9524	4516
ENST00000399066.7	727	70739	70012
ENST00000399069.8	142	67269	67127
ENST00000399075.6	3919	8621	4702
ENST00000399079.7	772	7808	7036
ENST00000399080.3	228	11310	11082
ENST00000399082.7	772	7539	6767
ENST00000399084.5	772	7918	7146
ENST00000399098.5	211	7094	6883
ENST00000399100.6	57	109535	109478
ENST00000399102.5	211	7539	7328
ENST00000399103.5	211	7539	7328
ENST00000399107.6	10704	27558	16854
ENST00000399113.7	0	130973	130973
ENST00000399120.5	3057	189860	186803
ENST00000399121.9	162619	293435	130816
ENST00000399126.1	217	480035	479818
ENST00000399127.5	217	480045	479828
ENST00000399132.6	8672	495220	486548
ENST00000399133.2	106	3057	2951
ENST00000399134.5	3160	11361	8201
ENST00000399135.6	358	1790	1432
ENST00000399136.5	358	1790	1432
ENST00000399137.5	358	1790	1432
ENST00000399138.5	416	25743	25327
ENST00000399139.5	358	1790	1432
ENST00000399143.9	177	144686	144509
ENST00000399147.8	3	15855	15852
ENST00000399150.7	108	12834	12726
ENST00000399151.3	199	135891	135692
ENST00000399157.8	0	47881	47881
ENST00000399161.8	2746	194185	191439
ENST00000399162.2	0	65512	65512
ENST00000399163.6	2782	17640	14858
ENST00000399165.8	0	65659	65659
ENST00000399167.6	2837	17715	14878
ENST00000399169.8	83	68155	68072
ENST00000399173.5	625	13200	12575
ENST00000399177.7	0	79775	79775
ENST00000399179.6	15479	58922	43443
ENST00000399182.5	4662	35865	31203
ENST00000399187.6	4737	45363	40626
ENST00000399191.3	81	3070	2989
ENST00000399199.7	883	11465	10582
ENST00000399200.7	1372	31193	29821
ENST00000399201.5	76	14541	14465
ENST00000399202.8	0	29777	29777
ENST00000399205.5	76	14541	14465
ENST00000399207.5	64	16105	16041
ENST00000399208.6	76	16117	16041
ENST00000399212.5	1579	24081	22502
ENST00000399213.2	331	14991	14660
ENST00000399215.5	1579	25657	24078
ENST00000399218.8	4352	209525	205173
ENST00000399219.7	8	6063	6055
ENST00000399220.3	1949	4077	2128
ENST00000399221.3	0	4320	4320
ENST00000399228.6	18589	41238	22649
ENST00000399229.7	3	48536	48533
ENST00000399231.8	6418	227049	220631
ENST00000399232.8	1842	837762	835920
ENST00000399233.7	6416	227121	220705
ENST00000399237.6	0	56091	56091
ENST00000399240.5	352	96488	96136
ENST00000399246.3	2071	16097	14026
ENST00000399249.6	468	25030	24562
ENST00000399256.4	627	22242	21615
ENST00000399262.7	823	306031	305208
ENST00000399272.5	1603	97820	96217
ENST00000399273.5	160	87647	87487
ENST00000399275.7	25714	31498	5784
ENST00000399277.6	1490	23449	21959
ENST00000399284.1	3	775	772
ENST00000399285.5	92	2088	1996
ENST00000399286.3	2558	3330	772
ENST00000399289.7	2558	3330	772
ENST00000399292.8	3998	10304	6306
ENST00000399295.2	3901	10207	6306
ENST00000399298.8	3683	47537	43854
ENST00000399299.5	4005	26794	22789
ENST00000399300.7	5253	11257	6004
ENST00000399304.7	76	92965	92889
ENST00000399306.7	3378	13847	10469
ENST00000399310.3	506	331324	330818
ENST00000399312.3	123	69391	69268
ENST00000399322.7	4085	698601	694516
ENST00000399332.6	816	113607	112791
ENST00000399334.7	101	72435	72334
ENST00000399336.9	139	65403	65264
ENST00000399338.8	19	101807	101788
ENST00000399339.6	0	58546	58546
ENST00000399349.5	76331	197540	121209
ENST00000399351.7	32058	60275	28217
ENST00000399352.5	76333	197753	121420
ENST00000399353.5	76429	197738	121309
ENST00000399355.6	76331	197554	121223
ENST00000399362.8	2389	226257	223868
ENST00000399363.5	1781	22337	20556
ENST00000399365.7	2426	42146	39720
ENST00000399367.7	76346	250924	174578
ENST00000399379.7	1824	5265	3441
ENST00000399380.7	1075	88077	87002
ENST00000399391.7	0	107288	107288
ENST00000399395.8	320	3876	3556
ENST00000399396.7	3896	106786	102890
ENST00000399397.6	114	107365	107251
ENST00000399398.3	2100	3418	1318
ENST00000399402.7	439	78015	77576
ENST00000399408.7	175	196292	196117
ENST00000399409.7	80	7262	7182
ENST00000399410.8	136	196224	196088
ENST00000399422.5	260	26025	25765
ENST00000399423.8	775	3745	2970
ENST00000399425.6	132715	292222	159507
ENST00000399429.8	761	178341	177580
ENST00000399433.7	645	5948	5303
ENST00000399434.2	910	5498	4588
ENST00000399438.8	34	40819	40785
ENST00000399440.7	325	6881	6556
ENST00000399441.4	1369	20704	19335
ENST00000399442.1	438	1569	1131
ENST00000399443.7	1137	64357	63220
ENST00000399444.7	1871	19287	17416
ENST00000399448.5	149	16116	15967
ENST00000399451.6	3037	195298	192261
ENST00000399455.2	120	118202	118082
ENST00000399464.7	498	18341	17843
ENST00000399466.6	125	13456	13331
ENST00000399469.2	0	5149	5149
ENST00000399481.6	4098	19386	15288
ENST00000399489.5	791	3255	2464
ENST00000399494.5	453	3414	2961
ENST00000399496.8	4053	22138	18085
ENST00000399499.5	3631	21716	18085
ENST00000399503.4	25	82644	82619
ENST00000399506.9	3524	32112	28588
ENST00000399510.8	821	31229	30408
ENST00000399516.7	0	274718	274718
ENST00000399518.3	2175	71705	69530
ENST00000399523.5	122	29250	29128
ENST00000399537.8	1319	123331	122012
ENST00000399546.7	13354	67693	54339
ENST00000399560.2	2326	10382	8056
ENST00000399562.9	3382	7114	3732
ENST00000399564.5	35	77545	77510
ENST00000399568.5	761	7039	6278
ENST00000399575.7	1346	12874	11528
ENST00000399577.9	93	63067	62974
ENST00000399583.4	2326	84295	81969
ENST00000399591.5	0	644025	644025
ENST00000399594.7	2363	30044	27681
ENST00000399595.5	0	644025	644025
ENST00000399597.5	0	644000	644000
ENST00000399598.7	25	37172	37147
ENST00000399599.7	1836	4011	2175
ENST00000399600.8	654	25014	24360
ENST00000399601.5	0	644000	644000
ENST00000399602.9	1194	22994	21800
ENST00000399603.6	576	644576	644000
ENST00000399604.4	2300	7140	4840
ENST00000399606.5	0	644059	644059
ENST00000399609.7	2782	54106	51324
ENST00000399613.1	35247	155530	120283
ENST00000399614.6	0	11841	11841
ENST00000399617.6	237	644341	644104
ENST00000399621.5	0	644057	644057
ENST00000399629.5	0	644051	644051
ENST00000399634.6	576	644756	644180
ENST00000399635.4	92	2238	2146
ENST00000399637.5	0	644057	644057
ENST00000399638.5	0	644083	644083
ENST00000399639.6	75426	218266	142840
ENST00000399641.6	576	644576	644000
ENST00000399644.5	0	644000	644000
ENST00000399645.3	358	2564	2206
ENST00000399649.5	0	644019	644019
ENST00000399653.8	487	3139	2652
ENST00000399654.6	279	416476	416197
ENST00000399655.6	576	644576	644000
ENST00000399668.7	8683	74859	66176
ENST00000399672.5	553	7109	6556
ENST00000399676.4	66	1486	1420
ENST00000399677.5	15	7568	7553
ENST00000399682.1	452	1818	1366
ENST00000399683.7	553	5547	4994
ENST00000399685.1	107	1533	1426
ENST00000399686.6	0	39159	39159
ENST00000399688.7	175	24683	24508
ENST00000399696.3	946	1640	694
ENST00000399697.7	205	44534	44329
ENST00000399701.1	9690	21242	11552
ENST00000399703.6	684	51881	51197
ENST00000399713.6	2842	7466	4624
ENST00000399721.6	2976	61425	58449
ENST00000399722.6	3026	95084	92058
ENST00000399725.6	3011	94987	91976
ENST00000399728.5	901	5001	4100
ENST00000399736.5	1431	11435	10004
ENST00000399742.7	179	2816	2637
ENST00000399744.8	387	10992	10605
ENST00000399753.2	1764	4813	3049
ENST00000399756.8	1024	29058	28034
ENST00000399759.7	1374	29408	28034
ENST00000399765.5	1408	5542	4134
ENST00000399766.7	241	68907	68666
ENST00000399767.6	219	4353	4134
ENST00000399770.3	554	138690	138136
ENST00000399775.3	425	879	454
ENST00000399777.1	0	13321	13321
ENST00000399782.5	26796	74071	47275
ENST00000399784.6	7159	20693	13534
ENST00000399788.7	5402	114076	108674
ENST00000399793.6	1691	36620	34929
ENST00000399794.6	3198	5536	2338
ENST00000399796.6	508	37046	36538
ENST00000399798.6	268	36830	36562
ENST00000399799.3	4481	168033	163552
ENST00000399804.5	369	64014	63645
ENST00000399807.7	15827	35361	19534
ENST00000399808.5	165	1534	1369
ENST00000399810.7	1475	21081	19606
ENST00000399813.1	16495	27719	11224
ENST00000399815.2	0	6920	6920
ENST00000399816.4	35	42968	42933
ENST00000399817.9	87	1659	1572
ENST00000399820.8	29	100108	100079
ENST00000399821.2	0	738	738
ENST00000399824.6	9366	9862	496
ENST00000399831.7	247	53888	53641
ENST00000399837.8	2696	32411	29715
ENST00000399838.3	27	14387	14360
ENST00000399839.5	2182	31897	29715
ENST00000399848.7	168936	427727	258791
ENST00000399849.4	1592	5874	4282
ENST00000399850.7	475	165478	165003
ENST00000399852.3	445	22337	21892
ENST00000399855.2	15385	15609	224
ENST00000399874.6	8398	11557	3159
ENST00000399875.1	3095	4431	1336
ENST00000399878.8	995	118775	117780
ENST00000399881.8	37	154963	154926
ENST00000399889.4	299	1347	1048
ENST00000399892.7	111	40297	40186
ENST00000399899.2	1245	2593	1348
ENST00000399903.7	90797	167034	76237
ENST00000399905.5	142	12395	12253
ENST00000399907.6	2611	391290	388679
ENST00000399909.5	306	388941	388635
ENST00000399910.5	55030	88458	33428
ENST00000399913.5	300	405310	405010
ENST00000399914.5	300	405352	405052
ENST00000399916.5	2614	66341	63727
ENST00000399921.5	21865	45618	23753
ENST00000399922.6	967	11884	10917
ENST00000399925.5	2384	44350	41966
ENST00000399926.5	2707	44673	41966
ENST00000399928.6	2701	44667	41966
ENST00000399932.8	19593	31843	12250
ENST00000399933.8	665	95066	94401
ENST00000399934.5	55712	97678	41966
ENST00000399935.6	55712	97678	41966
ENST00000399942.4	493	5274	4781
ENST00000399947.6	5309	95056	89747
ENST00000399949.6	170	33794	33624
ENST00000399953.7	907	54086	53179
ENST00000399959.7	91	15520	15429
ENST00000399973.1	3258	10583	7325
ENST00000399975.7	3285	32004	28719
ENST00000399976.7	3246	31968	28722
ENST00000399977.8	650	16771	16121
ENST00000399985.1	3406	5348	1942
ENST00000399987.5	3855	5797	1942
ENST00000399988.6	3855	5797	1942
ENST00000399989.5	3855	5797	1942
ENST00000399992.5	2197	5892	3695
ENST00000400000.7	241	40933	40692
ENST00000400003.1	2670	4684	2014
ENST00000400004.6	2902	4916	2014
ENST00000400007.8	353	8252	7899
ENST00000400011.6	1446	125462	124016
ENST00000400017.7	7894	74964	67070
ENST00000400018.7	1511	24038	22527
ENST00000400020.7	44870	149666	104796
ENST00000400024.6	201	20841	20640
ENST00000400033.1	117	30941	30824
ENST00000400043.3	103	95361	95258
ENST00000400053.8	19289	655326	636037
ENST00000400060.8	604221	632849	28628
ENST00000400065.7	727	2291	1564
ENST00000400066.8	722	2286	1564
ENST00000400068.7	1281	44902	43621
ENST00000400069.7	54871	55229	358
ENST00000400075.4	6627	35610	28983
ENST00000400079.1	3	7589	7586
ENST00000400081.7	2123	82481	80358
ENST00000400085.8	18856	24712	5856
ENST00000400087.7	163	5635	5472
ENST00000400090.7	163	5635	5472
ENST00000400093.3	163	5635	5472
ENST00000400094.5	163	5635	5472
ENST00000400097.5	117903	122603	4700
ENST00000400099.5	1189	13645	12456
ENST00000400100.5	150807	155507	4700
ENST00000400103.7	182	81567	81385
ENST00000400104.7	2731	283825	281094
ENST00000400105.6	1517	358770	357253
ENST00000400111.8	2253	99870	97617
ENST00000400113.8	94	9320	9226
ENST00000400120.3	21085	26946	5861
ENST00000400122.8	2464	10629	8165
ENST00000400125.6	171	2600	2429
ENST00000400127.5	339213	349386	10173
ENST00000400128.5	355290	365463	10173
ENST00000400131.5	339213	349514	10301
ENST00000400135.5	339213	349514	10301
ENST00000400137.9	3137	24340	21203
ENST00000400143.7	3	3733	3730
ENST00000400145.6	293	345017	344724
ENST00000400147.6	3156	351265	348109
ENST00000400149.7	3156	380186	377030
ENST00000400150.7	3156	380264	377108
ENST00000400151.6	27897	28933	1036
ENST00000400154.2	0	4630	4630
ENST00000400155.5	3156	380235	377079
ENST00000400156.4	2462	8324	5862
ENST00000400159.7	3485	7961	4476
ENST00000400163.7	2092	119353	117261
ENST00000400165.5	0	53078	53078
ENST00000400166.5	84	53317	53233
ENST00000400167.6	2624	4917	2293
ENST00000400169.1	0	81108	81108
ENST00000400175.9	10286	15834	5548
ENST00000400181.9	129	66500	66371
ENST00000400183.7	412	151839	151427
ENST00000400186.7	489	2066413	2065924
ENST00000400188.7	607	83013	82406
ENST00000400191.7	18	206050	206032
ENST00000400198.8	2326	27061	24735
ENST00000400199.5	3484	10430	6946
ENST00000400202.5	3484	10430	6946
ENST00000400206.7	1372	23478	22106
ENST00000400211.3	69	103069	103000
ENST00000400217.7	199	25947	25748
ENST00000400227.8	201	31229	31028
ENST00000400228.6	1142	40296	39154
ENST00000400237.2	337	13143	12806
ENST00000400239.6	38082	55729	17647
ENST00000400242.8	903	63063	62160
ENST00000400245.3	453	2617	2164
ENST00000400246.7	964	145519	144555
ENST00000400247.3	396	2403	2007
ENST00000400248.7	948	157195	156247
ENST00000400249.7	789	157063	156274
ENST00000400256.5	3311	185993	182682
ENST00000400259.5	25852	39455	13603
ENST00000400266.7	163	54179	54016
ENST00000400269.4	347	20815	20468
ENST00000400270.6	578	13194	12616
ENST00000400271.2	0	2915	2915
ENST00000400274.5	233	113383	113150
ENST00000400277.2	0	17619	17619
ENST00000400288.7	11749	125573	113824
ENST00000400289.5	11747	125327	113580
ENST00000400291.2	776	6725	5949
ENST00000400294.6	2847	13327	10480
ENST00000400299.6	196	3158	2962
ENST00000400301.5	1122	107582	106460
ENST00000400304.1	0	46479	46479
ENST00000400305.5	0	46387	46387
ENST00000400308.5	125	92764	92639
ENST00000400309.5	125	92838	92713
ENST00000400310.5	1923	94580	92657
ENST00000400314.5	206392	299108	92716
ENST00000400318.6	185	9066	8881
ENST00000400319.5	3	500525	500522
ENST00000400320.5	3	500597	500594
ENST00000400324.9	1004	501734	500730
ENST00000400331.10	6294	29759	23465
ENST00000400334.7	1310	119569	118259
ENST00000400335.9	96	70439	70343
ENST00000400345.8	435	354934	354499
ENST00000400358.9	115	121314	121199
ENST00000400359.4	7	121370	121363
ENST00000400365.3	30	1498	1468
ENST00000400366.6	3	80621	80618
ENST00000400368.1	122	2310	2188
ENST00000400370.8	73	79743	79670
ENST00000400372.1	311	1935	1624
ENST00000400374.4	30	2434	2404
ENST00000400375.1	324	2014	1690
ENST00000400376.2	211	1990	1779
ENST00000400377.4	2203	14532	12329
ENST00000400379.8	2699	15396	12697
ENST00000400380.5	7866	27315	19449
ENST00000400382.6	7889	27338	19449
ENST00000400384.7	103872	171520	67648
ENST00000400389.5	3	24394	24391
ENST00000400393.3	1319	132223	130904
ENST00000400404.1	3	18945	18942
ENST00000400405.4	6144	75192	69048
ENST00000400419.2	771	17958	17187
ENST00000400421.6	0	17156	17156
ENST00000400422.6	318	200570	200252
ENST00000400424.6	13186	78375	65189
ENST00000400427.5	13186	78760	65574
ENST00000400440.7	202	52439	52237
ENST00000400445.8	551	737498	736947
ENST00000400451.7	478	14741	14263
ENST00000400454.6	2038	841665	839627
ENST00000400457.3	734	685864	685130
ENST00000400463.8	573	56761	56188
ENST00000400473.6	59948	123710	63762
ENST00000400479.6	5990	15156	9166
ENST00000400485.6	68	57896	57828
ENST00000400518.5	1591	58317	56726
ENST00000400519.6	1586	67833	66247
ENST00000400520.8	273	3770	3497
ENST00000400521.7	1586	67836	66250
ENST00000400522.9	4870	106521	101651
ENST00000400525.6	1586	67768	66182
ENST00000400532.5	550	75956	75406
ENST00000400546.6	155	542038	541883
ENST00000400548.6	12323	16971	4648
ENST00000400549.1	3	5677	5674
ENST00000400552.1	0	2227	2227
ENST00000400555.7	1001	70472	69471
ENST00000400556.8	998	70520	69522
ENST00000400558.7	3336	25732	22396
ENST00000400559.7	614	26398	25784
ENST00000400561.6	125	75362	75237
ENST00000400564.5	687	61644	60957
ENST00000400566.6	687	62144	61457
ENST00000400577.4	30	11971	11941
ENST00000400585.7	139545	196772	57227
ENST00000400588.5	800	47890	47090
ENST00000400590.8	6133	87683	81550
ENST00000400606.6	21003	54290	33287
ENST00000400613.5	1390	8733	7343
ENST00000400633.3	132	3940	3808
ENST00000400634.2	106	42422	42316
ENST00000400661.3	80	106058	105978
ENST00000400664.3	52	4712	4660
ENST00000400677.5	648	5608	4960
ENST00000400707.7	3253	52537	49284
ENST00000400721.8	982	2508	1526
ENST00000400723.8	4869	10954	6085
ENST00000400751.9	6056	16114	10058
ENST00000400752.6	1011	2658	1647
ENST00000400758.6	163	53132	52969
ENST00000400761.7	74	20624	20550
ENST00000400769.6	595	22279	21684
ENST00000400770.6	2893	11282	8389
ENST00000400771.7	5	31162	31157
ENST00000400772.6	89	14597	14508
ENST00000400777.7	14759	32276	17517
ENST00000400780.8	167	24096	23929
ENST00000400788.9	3879	34893	31014
ENST00000400790.3	0	36445	36445
ENST00000400794.7	1219	56065	54846
ENST00000400796.7	61355	66764	5409
ENST00000400797.3	14821	120849	106028
ENST00000400798.6	30940	136968	106028
ENST00000400809.8	1523	15144	13621
ENST00000400822.7	0	148267	148267
ENST00000400824.8	133	49232	49099
ENST00000400825.8	211	54196	53985
ENST00000400830.4	0	10863	10863
ENST00000400841.8	410	23249	22839
ENST00000400866.4	220	17665	17445
ENST00000400877.7	240	33751	33511
ENST00000400880.3	497	2559	2062
ENST00000400882.2	199	2261	2062
ENST00000400888.2	39	3488	3449
ENST00000400889.3	874	16063	15189
ENST00000400892.3	32	29256	29224
ENST00000400895.6	85	12902	12817
ENST00000400897.8	365	22731	22366
ENST00000400898.3	145	2959	2814
ENST00000400900.6	416	21977	21561
ENST00000400903.6	682	7463	6781
ENST00000400904.7	612	22195	21583
ENST00000400906.2	330	24896	24566
ENST00000400907.6	1147	304091	302944
ENST00000400908.7	2686	308569	305883
ENST00000400911.7	598	8637	8039
ENST00000400913.6	444	13447	13003
ENST00000400915.8	444	32502	32058
ENST00000400918.7	299	10080	9781
ENST00000400919.7	820	10852	10032
ENST00000400921.6	70877	112758	41881
ENST00000400925.2	180	2912	2732
ENST00000400926.5	24328	26665	2337
ENST00000400928.7	2801	12284	9483
ENST00000400929.6	221	8992	8771
ENST00000400930.8	28	13632	13604
ENST00000400935.2	379	11127	10748
ENST00000400952.7	23036	95548	72512
ENST00000400959.7	4008	24618	20610
ENST00000400960.7	121	149337	149216
ENST00000400962.8	686	12946	12260
ENST00000400968.7	9443	26722	17279
ENST00000400999.7	67	5260	5193
ENST00000401000.8	65	112976	112911
ENST00000401026.7	2999	101981	98982
ENST00000401030.4	280	51236	50956
ENST00000401034.7	54	28562	28508
ENST00000401035.7	27594	45827	18233
ENST00000401041.6	39	61588	61549
ENST00000401042.7	149	57512	57363
ENST00000401051.7	0	36119	36119
ENST00000401053.8	3	11261	11258
ENST00000401061.9	33	9754	9721
ENST00000401068.1	946	18633	17687
ENST00000401073.7	125	34329	34204
ENST00000401088.9	16	28347	28331
ENST00000401089.3	40	28308	28268
ENST00000401095.9	4385	167070	162685
ENST00000401096.2	0	220	220
ENST00000401392.5	3376	310731	307355
ENST00000401394.6	54204	76485	22281
ENST00000401395.1	397	121740	121343
ENST00000401396.5	147	123533	123386
ENST00000401399.5	23684	99596	75912
ENST00000401401.8	1401	53750	52349
ENST00000401402.7	169	103674	103505
ENST00000401405.7	310	19328	19018
ENST00000401406.3	25	395	370
ENST00000401408.6	3246	51611	48365
ENST00000401412.5	176	7680	7504
ENST00000401414.4	17364	18809	1445
ENST00000401419.7	4581	10765	6184
ENST00000401424.6	77508	110705	33197
ENST00000401432.7	183	105128	104945
ENST00000401443.5	5	12677	12672
ENST00000401445.4	109	10575	10466
ENST00000401447.1	28	2394	2366
ENST00000401449.5	44471	46764	2293
ENST00000401450.3	929	2656	1727
ENST00000401461.5	4562	11740	7178
ENST00000401463.5	0	1196	1196
ENST00000401466.5	1687	3551	1864
ENST00000401468.7	3	183136	183133
ENST00000401470.3	1148	8400	7252
ENST00000401473.7	3908	8292	4384
ENST00000401475.5	106421	143718	37297
ENST00000401478.5	50211	100383	50172
ENST00000401489.6	3182	8059	4877
ENST00000401494.7	20	17457	17437
ENST00000401498.6	156	5780	5624
ENST00000401500.7	75	54665	54590
ENST00000401503.5	384	6730	6346
ENST00000401506.1	10	25795	25785
ENST00000401507.7	311	81502	81191
ENST00000401510.5	3310	5301	1991
ENST00000401522.7	238	11932	11694
ENST00000401525.7	224	42044	41820
ENST00000401528.5	321	6168	5847
ENST00000401529.3	211	3598	3387
ENST00000401530.5	19494	119439	99945
ENST00000401533.7	133	17782	17649
ENST00000401542.3	128	55513	55385
ENST00000401547.6	1262	25531	24269
ENST00000401548.8	36	103584	103548
ENST00000401557.7	0	8669	8669
ENST00000401558.7	974	59237	58263
ENST00000401576.1	198	743	545
ENST00000401592.6	49	43188	43139
ENST00000401593.5	15	2664	2649
ENST00000401604.8	491	1305004	1304513
ENST00000401605.5	23684	78524	54840
ENST00000401607.6	623	8031	7408
ENST00000401609.5	61	6601	6540
ENST00000401611.6	245	303713	303468
ENST00000401617.6	34472	93573	59101
ENST00000401624.5	0	119778	119778
ENST00000401626.6	0	8411	8411
ENST00000401630.7	39	4908	4869
ENST00000401641.2	179	3562	3383
ENST00000401642.8	990	495002	494012
ENST00000401644.6	0	15491	15491
ENST00000401647.7	16	726628	726612
ENST00000401651.5	1564	3000	1436
ENST00000401669.7	3444	1114269	1110825
ENST00000401670.1	9521	11769	2248
ENST00000401672.7	0	26838	26838
ENST00000401675.7	176	2483	2307
ENST00000401695.8	1654	5547	3893
ENST00000401701.1	49	24852	24803
ENST00000401702.5	536	4567	4031
ENST00000401705.5	11187	13637	2450
ENST00000401707.7	6045	44032	37987
ENST00000401710.5	640	427051	426411
ENST00000401722.7	388	9010	8622
ENST00000401723.5	67606	77392	9786
ENST00000401724.1	540	1618	1078
ENST00000401730.5	964	17176	16212
ENST00000401731.6	4112	15653	11541
ENST00000401738.3	151	163695	163544
ENST00000401751.5	518	11583	11065
ENST00000401752.6	227	8336	8109
ENST00000401753.5	109	47468	47359
ENST00000401755.1	418	7721	7303
ENST00000401756.5	3004	5889	2885
ENST00000401766.6	4140	29516	25376
ENST00000401779.5	36	2388	2352
ENST00000401787.7	35335	57559	22224
ENST00000401790.6	17147	30232	13085
ENST00000401804.6	190	80986	80796
ENST00000401811.3	423	4366	3943
ENST00000401815.1	1782	5140	3358
ENST00000401827.8	4959	128607	123648
ENST00000401833.5	15777	44463	28686
ENST00000401850.5	772	2888	2116
ENST00000401861.1	145744	148538	2794
ENST00000401867.5	1175	28379	27204
ENST00000401869.5	646	14283	13637
ENST00000401874.7	627	45799	45172
ENST00000401878.8	216	133869	133653
ENST00000401884.5	0	78527	78527
ENST00000401885.5	264	2326	2062
ENST00000401886.5	19785	48281	28496
ENST00000401903.5	168	6676	6508
ENST00000401907.5	443	68966	68523
ENST00000401910.7	312	190911	190599
ENST00000401921.5	41	502848	502807
ENST00000401931.1	118	1774	1656
ENST00000401949.6	2887	144020	141133
ENST00000401950.7	87886	146200	58314
ENST00000401957.6	4171	77147	72976
ENST00000401959.6	1003	15244	14241
ENST00000401970.3	177	517485	517308
ENST00000401975.5	319	4022	3703
ENST00000401977.6	145	2794	2649
ENST00000401979.6	675	38953	38278
ENST00000401980.3	0	7990	7990
ENST00000401985.3	88	2674	2586
ENST00000401987.5	0	17272	17272
ENST00000401990.5	8351	35390	27039
ENST00000401994.5	3	18545	18542
ENST00000402003.7	9645	12194	2549
ENST00000402010.8	397	72469	72072
ENST00000402029.3	296	2110	1814
ENST00000402030.6	4093	12312	8219
ENST00000402034.7	2201	25062	22861
ENST00000402038.7	1064	126356	125292
ENST00000402042.7	1103	144987	143884
ENST00000402045.5	691	10088	9397
ENST00000402050.7	203	53243	53040
ENST00000402054.5	388	24241	23853
ENST00000402061.7	8212	25486	17274
ENST00000402064.5	664	60167	59503
ENST00000402066.5	101	115977	115876
ENST00000402077.8	22	11714	11692
ENST00000402091.3	78	2860	2782
ENST00000402092.6	8305	35315	27010
ENST00000402096.5	15938	35632	19694
ENST00000402105.7	1153	29395	28242
ENST00000402114.6	50709	249851	199142
ENST00000402116.2	0	2572	2572
ENST00000402119.9	1358	23591	22233
ENST00000402125.2	0	6359	6359
ENST00000402126.1	21636	60027	38391
ENST00000402131.5	642	1535	893
ENST00000402135.8	521	83192	82671
ENST00000402136.5	204	33500	33296
ENST00000402142.4	0	122281	122281
ENST00000402163.6	185059	249001	63942
ENST00000402174.5	69687	138730	69043
ENST00000402182.7	55	11549	11494
ENST00000402183.3	3705	21908	18203
ENST00000402185.6	570	24771	24201
ENST00000402191.5	50561	114199	63638
ENST00000402192.6	3759	63720	59961
ENST00000402194.6	345	34071	33726
ENST00000402198.7	31324	82778	51454
ENST00000402202.1	11	2337	2326
ENST00000402203.5	80344	280829	200485
ENST00000402217.8	317	3177	2860
ENST00000402218.1	7420	12338	4918
ENST00000402219.8	4278	142849	138571
ENST00000402228.7	5310	49611	44301
ENST00000402229.5	232	42400	42168
ENST00000402238.5	460	7686	7226
ENST00000402239.7	9	18648	18639
ENST00000402247.5	58	188058	188000
ENST00000402249.7	162	4003	3841
ENST00000402252.6	282	5308	5026
ENST00000402255.5	4941	10347	5406
ENST00000402259.5	66	24937	24871
ENST00000402260.2	1238	3390	2152
ENST00000402271.5	45	25174	25129
ENST00000402280.6	23	35386	35363
ENST00000402281.5	421	9376	8955
ENST00000402284.7	384	16866	16482
ENST00000402285.7	922	4134	3212
ENST00000402286.5	518	10245	9727
ENST00000402291.6	4480	58422	53942
ENST00000402297.6	3209	5462	2253
ENST00000402301.5	36	7208	7172
ENST00000402306.7	757	33423	32666
ENST00000402310.5	388	13529	13141
ENST00000402311.5	16027	43973	27946
ENST00000402312.8	4440	155179	150739
ENST00000402314.6	1689	29940	28251
ENST00000402320.6	1353	490498	489145
ENST00000402321.5	321	4024	3703
ENST00000402322.2	929	3449	2520
ENST00000402328.2	0	12656	12656
ENST00000402338.5	322	8147	7825
ENST00000402357.6	40	260683	260643
ENST00000402360.6	135	43118	42983
ENST00000402361.5	12	19793	19781
ENST00000402364.1	1313	24285	22972
ENST00000402367.5	313	6103	5790
ENST00000402369.5	321	4024	3703
ENST00000402377.3	4420	21485	17065
ENST00000402380.3	57	49957	49900
ENST00000402384.8	742	124178	123436
ENST00000402388.1	10593	64932	54339
ENST00000402394.6	683	4721	4038
ENST00000402395.5	201	3163	2962
ENST00000402399.6	1811	4458	2647
ENST00000402412.6	1012	59612	58600
ENST00000402414.1	477	5365	4888
ENST00000402415.8	2825	24241	21416
ENST00000402418.7	461	14725	14264
ENST00000402420.1	4448	7650	3202
ENST00000402430.8	1452	37208	35756
ENST00000402432.4	52	9530	9478
ENST00000402437.2	153	61089	60936
ENST00000402438.6	916	18764	17848
ENST00000402441.5	143	317971	317828
ENST00000402449.8	446	74906	74460
ENST00000402452.5	2398	71888	69490
ENST00000402458.1	11	15917	15906
ENST00000402462.5	1266	5312	4046
ENST00000402465.8	0	34766	34766
ENST00000402468.3	0	5566	5566
ENST00000402472.2	0	4934	4934
ENST00000402479.6	0	27040	27040
ENST00000402497.6	375	83637	83262
ENST00000402506.5	126	15595	15469
ENST00000402508.5	1201	35336	34135
ENST00000402510.2	2697	77057	74360
ENST00000402521.7	157	38415	38258
ENST00000402522.1	10997	61351	50354
ENST00000402527.5	0	5543	5543
ENST00000402530.8	1387	7609	6222
ENST00000402538.7	78813	128464	49651
ENST00000402541.5	3704	16982	13278
ENST00000402543.5	187500	285153	97653
ENST00000402545.5	182	33559	33377
ENST00000402550.5	898	5868	4970
ENST00000402551.5	364	12678	12314
ENST00000402554.7	8364	32001	23637
ENST00000402558.7	2003	63058	61055
ENST00000402563.5	3132	19539	16407
ENST00000402568.5	939	75722	74783
ENST00000402574.5	640	136303	135663
ENST00000402578.5	2887	86149	83262
ENST00000402580.7	710	44209	43499
ENST00000402583.5	0	6007	6007
ENST00000402588.6	140	4230	4090
ENST00000402589.6	1499	13804	12305
ENST00000402592.7	72	26309	26237
ENST00000402603.8	329	16694	16365
ENST00000402604.6	212	220833	220621
ENST00000402613.4	356	27556	27200
ENST00000402615.6	992	24718	23726
ENST00000402618.7	17152	21887	4735
ENST00000402625.6	13152	27396	14244
ENST00000402627.5	588	152871	152283
ENST00000402629.1	339	5198	4859
ENST00000402630.5	73	34355	34282
ENST00000402632.5	3951	23407	19456
ENST00000402641.6	0	3259	3259
ENST00000402655.6	125	1113405	1113280
ENST00000402667.1	85	16075	15990
ENST00000402673.7	5804	23458	17654
ENST00000402675.5	2021	3090	1069
ENST00000402676.7	596	119113	118517
ENST00000402681.7	3692	11518	7826
ENST00000402685.7	136	388665	388529
ENST00000402686.8	1301	22341	21040
ENST00000402687.9	71129	168279	97150
ENST00000402690.6	10279	66596	56317
ENST00000402693.5	894	15337	14443
ENST00000402696.9	48	34301	34253
ENST00000402697.5	303	10588	10285
ENST00000402703.6	4522	19900	15378
ENST00000402708.5	9136	11685	2549
ENST00000402711.6	259	163598	163339
ENST00000402714.6	604	173520	172916
ENST00000402718.4	501	1843	1342
ENST00000402722.5	3007	13280	10273
ENST00000402731.6	157	48393	48236
ENST00000402734.5	113	18128	18015
ENST00000402736.5	44504	118658	74154
ENST00000402738.6	13344	117603	104259
ENST00000402739.9	138506	1137659	999153
ENST00000402744.9	214	120018	119804
ENST00000402746.5	279	408698	408419
ENST00000402752.5	226	10219	9993
ENST00000402753.1	51	5470	5419
ENST00000402764.6	716	4124	3408
ENST00000402766.5	320	12641	12321
ENST00000402774.8	1088	28312	27224
ENST00000402775.6	1025	6723	5698
ENST00000402788.6	24	211668	211644
ENST00000402789.5	198	25553	25355
ENST00000402794.4	140	38721	38581
ENST00000402796.5	208206	231908	23702
ENST00000402799.5	4241	64076	59835
ENST00000402802.8	1309	22325	21016
ENST00000402813.9	447	18762	18315
ENST00000402815.6	4085	698598	694513
ENST00000402825.7	0	45170	45170
ENST00000402834.8	155	35727	35572
ENST00000402835.5	10116	52636	42520
ENST00000402838.3	26648	136629	109981
ENST00000402844.7	749	9795	9046
ENST00000402845.7	0	644057	644057
ENST00000402849.5	1668	16408	14740
ENST00000402860.7	57	11526	11469
ENST00000402866.5	11879	43698	31819
ENST00000402868.8	67	24616	24549
ENST00000402881.5	11195	16699	5504
ENST00000402883.5	2384	325823	323439
ENST00000402886.9	2835	13527	10692
ENST00000402905.7	29689	73568	43879
ENST00000402914.5	665947	853644	187697
ENST00000402918.7	5115	10033	4918
ENST00000402921.6	9617	38470	28853
ENST00000402922.2	140	38721	38581
ENST00000402924.5	12472	49426	36954
ENST00000402931.5	329	24345	24016
ENST00000402932.2	624	14408	13784
ENST00000402934.5	113	267907	267794
ENST00000402937.1	480	11719	11239
ENST00000402938.4	3209	62087	58878
ENST00000402939.7	2855	689145	686290
ENST00000402943.6	6995	26609	19614
ENST00000402956.7	4446	9019	4573
ENST00000402965.5	713	3762	3049
ENST00000402979.1	742	90413	89671
ENST00000402983.5	279	12766	12487
ENST00000402984.7	103	62527	62424
ENST00000402988.6	83	22440	22357
ENST00000402989.5	55	83746	83691
ENST00000402997.5	95	18077	17982
ENST00000403000.6	313	1658	1345
ENST00000403006.6	871	91573	90702
ENST00000403007.4	71	16827	16756
ENST00000403017.2	71655	306100	234445
ENST00000403018.3	43	691687	691644
ENST00000403026.5	53	9669	9616
ENST00000403027.6	4762	17789	13027
ENST00000403028.8	4120	23435	19315
ENST00000403045.6	55810	100954	45144
ENST00000403050.7	452	131270	130818
ENST00000403058.6	28841	488737	459896
ENST00000403059.8	187	19006	18819
ENST00000403066.5	1131	23166	22035
ENST00000403076.5	787	23884	23097
ENST00000403080.5	115621	149969	34348
ENST00000403084.1	575	2391	1816
ENST00000403092.5	225	318158	317933
ENST00000403094.3	1088	28312	27224
ENST00000403096.7	491	39143	38652
ENST00000403097.6	2876	86138	83262
ENST00000403098.6	89	2702	2613
ENST00000403099.5	5015	15827	10812
ENST00000403106.8	222	7339	7117
ENST00000403107.5	3569	47022	43453
ENST00000403121.5	742	90187	89445
ENST00000403131.6	133	17019	16886
ENST00000403138.6	0	26273	26273
ENST00000403140.6	27200	33279	6079
ENST00000403148.6	35	1374	1339
ENST00000403150.5	1706	3351	1645
ENST00000403160.4	0	2511	2511
ENST00000403162.7	481	21209	20728
ENST00000403167.5	143	15079	14936
ENST00000403172.8	833	5288	4455
ENST00000403184.5	20794	23358	2564
ENST00000403197.5	28646	38344	9698
ENST00000403205.6	963	9522	8559
ENST00000403208.7	108	13483	13375
ENST00000403222.7	47148	214025	166877
ENST00000403230.3	2500	24973	22473
ENST00000403231.6	4006	46947	42941
ENST00000403245.8	823	106326	105503
ENST00000403251.1	721	1193	472
ENST00000403262.6	131	11528	11397
ENST00000403263.6	10650	72367	61717
ENST00000403268.1	2098	2907	809
ENST00000403273.5	875	68978	68103
ENST00000403276.7	6545	27737	21192
ENST00000403283.6	185	84037	83852
ENST00000403284.2	390	9208	8818
ENST00000403290.6	76519	110825	34306
ENST00000403295.8	525	83098	82573
ENST00000403298.9	624	8655	8031
ENST00000403299.5	800	31914	31114
ENST00000403303.5	611	477265	476654
ENST00000403304.6	2853	3301	448
ENST00000403305.6	1128	10744	9616
ENST00000403312.6	37	45400	45363
ENST00000403313.5	216	13741	13525
ENST00000403325.5	297	33915	33618
ENST00000403326.5	57	2201	2144
ENST00000403346.7	648	14285	13637
ENST00000403352.1	19	3911	3892
ENST00000403354.5	44529	118537	74008
ENST00000403359.8	1201	101558	100357
ENST00000403362.5	370	13819	13449
ENST00000403363.5	486	11725	11239
ENST00000403368.1	1812	16480	14668
ENST00000403372.6	56374	103856	47482
ENST00000403376.4	21	3146	3125
ENST00000403380.7	654	14071	13417
ENST00000403389.1	18	1938	1920
ENST00000403402.1	306	3714	3408
ENST00000403410.5	26913	85231	58318
ENST00000403412.7	249	48499	48250
ENST00000403422.7	9934	17371	7437
ENST00000403425.5	642	1535	893
ENST00000403427.3	37	9537	9500
ENST00000403433.5	2509	11788	9279
ENST00000403435.5	411	81131	80720
ENST00000403437.2	135	35678	35543
ENST00000403441.1	0	6237	6237
ENST00000403444.7	3591	22445	18854
ENST00000403458.9	157	2730	2573
ENST00000403461.5	1813	20380	18567
ENST00000403463.1	364	2782	2418
ENST00000403470.1	283	4877	4594
ENST00000403477.7	385	36424	36039
ENST00000403482.7	4	31733	31729
ENST00000403486.5	2345	19351	17006
ENST00000403490.3	524	1626	1102
ENST00000403491.8	231	374272	374041
ENST00000403492.5	0	18268	18268
ENST00000403503.1	29	6792	6763
ENST00000403506.1	0	278	278
ENST00000403510.8	76519	110825	34306
ENST00000403525.5	144	32550	32406
ENST00000403527.6	4640	96248	91608
ENST00000403528.7	1504	10556	9052
ENST00000403532.7	992	6760	5768
ENST00000403542.6	36918	37381	463
ENST00000403550.5	75	16401	16326
ENST00000403558.1	366	18397	18031
ENST00000403559.9	11395	276985	265590
ENST00000403562.5	691	162896	162205
ENST00000403564.5	285	6130	5845
ENST00000403565.5	1927	36166	34239
ENST00000403579.1	205	11866	11661
ENST00000403581.5	2715	61383	58668
ENST00000403586.5	340	4995	4655
ENST00000403593.9	5603	16676	11073
ENST00000403601.8	218	18633	18415
ENST00000403609.1	42	25556	25514
ENST00000403610.9	592	8728	8136
ENST00000403625.7	263	578495	578232
ENST00000403627.7	2179	25508	23329
ENST00000403633.6	2452	11225	8773
ENST00000403638.7	1640	33141	31501
ENST00000403642.5	3	48168	48165
ENST00000403646.8	5381	14233	8852
ENST00000403657.5	663	25324	24661
ENST00000403658.5	148	24809	24661
ENST00000403660.3	210	12657	12447
ENST00000403662.8	8580	27549	18969
ENST00000403663.6	5	28469	28464
ENST00000403665.7	948	24283	23335
ENST00000403666.5	68	345546	345478
ENST00000403676.6	44921	82221	37300
ENST00000403681.7	788	139128	138340
ENST00000403682.7	501	12055	11554
ENST00000403683.2	47	861	814
ENST00000403685.5	11	94560	94549
ENST00000403687.8	38488	88139	49651
ENST00000403696.5	257	30625	30368
ENST00000403703.5	6850	7160	310
ENST00000403707.7	691	6894	6203
ENST00000403710.5	20754	27769	7015
ENST00000403712.6	678	46808	46130
ENST00000403714.8	237	114689	114452
ENST00000403716.5	16095	42623	26528
ENST00000403721.5	56	29431	29375
ENST00000403724.5	718	188881	188163
ENST00000403729.7	6286	172861	166575
ENST00000403732.2	0	14958	14958
ENST00000403733.8	235	220022	219787
ENST00000403734.2	16975	39105	22130
ENST00000403744.7	430	42598	42168
ENST00000403747.6	4353	15580	11227
ENST00000403750.5	197	78481	78284
ENST00000403751.8	19	63008	62989
ENST00000403754.7	26	1805	1779
ENST00000403766.8	55	185501	185446
ENST00000403772.8	8727	14249	5522
ENST00000403782.5	7885	34518	26633
ENST00000403792.7	568	181944	181376
ENST00000403796.7	63	26311	26248
ENST00000403799.8	864	46063	45199
ENST00000403807.4	28	981	953
ENST00000403810.6	385	18963	18578
ENST00000403821.6	20	58679	58659
ENST00000403825.8	229	26397	26168
ENST00000403829.7	378	54716	54338
ENST00000403838.5	189	2251	2062
ENST00000403843.5	20	8503	8483
ENST00000403853.7	44	95015	94971
ENST00000403856.1	4181	32770	28589
ENST00000403859.1	24508	26360	1852
ENST00000403868.5	22	11896	11874
ENST00000403870.7	1000	15952	14952
ENST00000403880.5	2478	17011	14533
ENST00000403885.1	17262	52180	34918
ENST00000403888.8	19	11782	11763
ENST00000403890.7	7351	15444	8093
ENST00000403892.7	171	8762	8591
ENST00000403897.4	1628	34422	32794
ENST00000403903.7	291	4183	3892
ENST00000403904.5	40	22146	22106
ENST00000403906.8	12930	31903	18973
ENST00000403915.5	53162	56106	2944
ENST00000403946.7	839	107312	106473
ENST00000403949.5	529	3497	2968
ENST00000403951.6	4085	698601	694516
ENST00000403952.3	673	18009	17336
ENST00000403957.5	994	5487	4493
ENST00000403975.1	12942	96064	83122
ENST00000403987.3	284	3424	3140
ENST00000403994.9	83	23991	23908
ENST00000403997.2	0	10796	10796
ENST00000403999.7	366	81173	80807
ENST00000404008.6	6184	12443	6259
ENST00000404019.2	136	345962	345826
ENST00000404022.5	348	26599	26251
ENST00000404025.3	16532	34684	18152
ENST00000404031.6	228	6663	6435
ENST00000404032.7	39	9773	9734
ENST00000404034.5	953	54196	53243
ENST00000404039.5	587	1007757	1007170
ENST00000404040.5	24	25091	25067
ENST00000404045.6	6730	7610	880
ENST00000404049.7	713	37283	36570
ENST00000404056.1	2560	5013	2453
ENST00000404067.5	449	7929	7480
ENST00000404072.7	610	19162	18552
ENST00000404076.5	73485	149151	75666
ENST00000404077.6	3575	47028	43453
ENST00000404084.5	19545	119410	99865
ENST00000404085.7	20	6484	6464
ENST00000404098.6	126	517552	517426
ENST00000404103.7	2079	277190	275111
ENST00000404104.7	553	23960	23407
ENST00000404115.8	104	36491	36387
ENST00000404125.6	2023	112198	110175
ENST00000404127.6	13215	19379	6164
ENST00000404129.6	3151	5855	2704
ENST00000404136.2	0	49936	49936
ENST00000404138.5	38098	78242	40144
ENST00000404141.6	462	62425	61963
ENST00000404147.3	22	5806	5784
ENST00000404158.5	37819	79835	42016
ENST00000404162.2	0	1591	1591
ENST00000404168.1	799	16269	15470
ENST00000404169.8	3010	38582	35572
ENST00000404171.1	126	14664	14538
ENST00000404172.3	107	4197	4090
ENST00000404190.3	18295	47692	29397
ENST00000404191.5	79	163365	163286
ENST00000404205.5	140	38650	38510
ENST00000404209.8	677	14146	13469
ENST00000404220.7	11952	33727	21775
ENST00000404223.5	36	2180	2144
ENST00000404234.7	196	213870	213674
ENST00000404241.6	1751	3955	2204
ENST00000404249.8	531	22760	22229
ENST00000404251.1	634	84798	84164
ENST00000404257.5	497	7597	7100
ENST00000404261.9	276	4969	4693
ENST00000404276.6	157	48593	48436
ENST00000404282.6	3597	18925	15328
ENST00000404283.9	3	85736	85733
ENST00000404284.6	73	22159	22086
ENST00000404286.6	130	8966	8836
ENST00000404295.7	89	13330	13241
ENST00000404297.1	0	420	420
ENST00000404299.3	1430	10211	8781
ENST00000404301.6	0	576898	576898
ENST00000404312.5	5	5500	5495
ENST00000404334.1	1524	7520	5996
ENST00000404354.3	101	72569	72468
ENST00000404360.5	2418	11150	8732
ENST00000404366.7	588	6805	6217
ENST00000404369.8	73	57458	57385
ENST00000404371.6	868	38933	38065
ENST00000404377.5	2168	12222	10054
ENST00000404390.7	21	13323	13302
ENST00000404393.5	4444	5976	1532
ENST00000404395.3	189	35241	35052
ENST00000404397.5	202	92137	91935
ENST00000404405.7	78	17460	17382
ENST00000404406.6	235	43571	43336
ENST00000404424.5	7393	69994	62601
ENST00000404433.5	1254	5252	3998
ENST00000404436.2	467	4274	3807
ENST00000404450.8	57120	62038	4918
ENST00000404453.5	431	7734	7303
ENST00000404455.2	0	6034	6034
ENST00000404459.2	1386	19404	18018
ENST00000404460.5	15589	249091	233502
ENST00000404464.8	132	18489	18357
ENST00000404473.6	9	7279	7270
ENST00000404484.9	105	23434	23329
ENST00000404488.7	135	9864	9729
ENST00000404525.5	99	267899	267800
ENST00000404526.6	1516	14598	13082
ENST00000404530.6	541	143306	142765
ENST00000404532.5	192	2254	2062
ENST00000404535.3	751	3518	2767
ENST00000404537.6	110	26171	26061
ENST00000404542.5	2500	288138	285638
ENST00000404547.5	0	1112411	1112411
ENST00000404548.5	24	24583	24559
ENST00000404554.5	382	65721	65339
ENST00000404568.4	318	9738	9420
ENST00000404569.5	8918	13328	4410
ENST00000404574.5	90	8974	8884
ENST00000404576.6	0	1109131	1109131
ENST00000404580.1	1057	13277	12220
ENST00000404583.5	1084	4624	3540
ENST00000404589.8	6660	10242	3582
ENST00000404590.1	537	84183	83646
ENST00000404603.5	1666	16340	14674
ENST00000404621.5	990	178164	177174
ENST00000404622.5	19753	25789	6036
ENST00000404625.5	1379	6317	4938
ENST00000404627.3	678	106039	105361
ENST00000404643.5	214	23171	22957
ENST00000404648.7	209	9776	9567
ENST00000404664.7	611	14306	13695
ENST00000404666.6	52949	116835	63886
ENST00000404674.7	350	2352	2002
ENST00000404694.3	51	4821	4770
ENST00000404699.7	930	20263	19333
ENST00000404704.7	174	42014	41840
ENST00000404716.7	362	3075	2713
ENST00000404724.7	31	40510	40479
ENST00000404735.1	147	3359	3212
ENST00000404739.8	1637	88586	86949
ENST00000404742.5	117417	117923	506
ENST00000404743.9	167	19028	18861
ENST00000404744.1	2629	4575	1946
ENST00000404751.7	473	6276	5803
ENST00000404752.6	50480	67347	16867
ENST00000404753.7	173	13875	13702
ENST00000404754.2	43118	45270	2152
ENST00000404755.7	127	54281	54154
ENST00000404760.6	953	54589	53636
ENST00000404767.8	303	40206	39903
ENST00000404771.8	17	763751	763734
ENST00000404774.7	1410	53831	52421
ENST00000404783.7	475	174968	174493
ENST00000404789.8	41	15393	15352
ENST00000404790.5	244	38965	38721
ENST00000404792.5	922	3372	2450
ENST00000404795.4	1118	5610	4492
ENST00000404798.6	2676	12213	9537
ENST00000404801.2	1605	9200	7595
ENST00000404802.7	4520	10704	6184
ENST00000404814.8	63	6098	6035
ENST00000404816.7	372	456718	456346
ENST00000404820.7	127	54349	54222
ENST00000404824.2	400	55194	54794
ENST00000404826.7	335	970723	970388
ENST00000404843.5	107	20463	20356
ENST00000404857.6	3	762975	762972
ENST00000404858.5	0	151219	151219
ENST00000404876.1	7558	49856	42298
ENST00000404885.5	11389	12515	1126
ENST00000404894.1	620	1818	1198
ENST00000404895.7	310	557927	557617
ENST00000404898.5	0	122177	122177
ENST00000404909.5	970	58242	57272
ENST00000404910.6	18345	53263	34918
ENST00000404914.8	22	35734	35712
ENST00000404917.6	28675	32555	3880
ENST00000404920.1	0	2041	2041
ENST00000404922.8	21231	92467	71236
ENST00000404924.5	31003	73323	42320
ENST00000404929.6	1610	31334	29724
ENST00000404933.7	116	54726	54610
ENST00000404938.7	7619	143698	136079
ENST00000404951.5	315	27721	27406
ENST00000404953.7	477	5216	4739
ENST00000404970.3	1062	1550	488
ENST00000404971.5	1597	1112541	1110944
ENST00000404976.5	138	28996	28858
ENST00000404989.1	101	100582	100481
ENST00000404991.2	2162	5982	3820
ENST00000404992.6	485	58748	58263
ENST00000404995.5	2080	10411	8331
ENST00000405002.6	1946	33868	31922
ENST00000405005.8	416	217996	217580
ENST00000405006.8	99	367362	367263
ENST00000405008.5	50709	153050	102341
ENST00000405009.5	203	33567	33364
ENST00000405010.7	557	172537	171980
ENST00000405011.6	0	20927	20927
ENST00000405015.7	33341	375104	341763
ENST00000405018.5	1534	20089	18555
ENST00000405021.7	202	9423	9221
ENST00000405022.3	206	11462	11256
ENST00000405025.5	952	24448	23496
ENST00000405044.7	2218	7728	5510
ENST00000405074.7	51561	56479	4918
ENST00000405076.5	208	13144	12936
ENST00000405089.5	690	15566	14876
ENST00000405091.6	57	13697	13640
ENST00000405093.9	56	31016	30960
ENST00000405094.2	114	186529	186415
ENST00000405108.5	5766	40337	34571
ENST00000405109.5	7830	70907	63077
ENST00000405123.7	131	32244	32113
ENST00000405128.3	139	4908	4769
ENST00000405135.5	4	2473	2469
ENST00000405140.7	436	14102	13666
ENST00000405141.5	166620	280240	113620
ENST00000405142.1	9	1586	1577
ENST00000405147.7	27	11287	11260
ENST00000405148.6	234	64301	64067
ENST00000405154.6	96286	111010	14724
ENST00000405158.2	624	3951	3327
ENST00000405159.8	2167	25558	23391
ENST00000405164.5	170	9761	9591
ENST00000405189.7	17	120427	120410
ENST00000405192.6	2839	97373	94534
ENST00000405198.6	1142	42358	41216
ENST00000405201.6	990	178331	177341
ENST00000405202.5	28387	60909	32522
ENST00000405204.6	11548	23737	12189
ENST00000405206.3	83	18166	18083
ENST00000405218.6	1488	96090	94602
ENST00000405219.7	960	6075	5115
ENST00000405222.5	2079	277081	275002
ENST00000405233.5	39	7535	7496
ENST00000405237.7	480	11352	10872
ENST00000405239.6	5858	71650	65792
ENST00000405240.5	970	58242	57272
ENST00000405243.1	1516	166072	164556
ENST00000405256.5	3	63080	63077
ENST00000405260.5	274	40689	40415
ENST00000405266.5	24	43273	43249
ENST00000405269.5	6	317834	317828
ENST00000405271.5	23918	42469	18551
ENST00000405289.5	0	341870	341870
ENST00000405290.5	3182	6565	3383
ENST00000405300.5	2847	13327	10480
ENST00000405303.7	2806	67639	64833
ENST00000405308.6	1302	3160	1858
ENST00000405309.7	1470	21399	19929
ENST00000405312.8	673	14085	13412
ENST00000405314.2	97	10412	10315
ENST00000405315.9	485	23480	22995
ENST00000405322.8	647	28147	27500
ENST00000405331.3	70	7336	7266
ENST00000405333.5	126	5804	5678
ENST00000405334.5	3	42049	42046
ENST00000405335.5	3094	36946	33852
ENST00000405340.6	217	20255	20038
ENST00000405348.6	1057	34192	33135
ENST00000405356.5	235	12204	11969
ENST00000405358.8	2601	96959	94358
ENST00000405362.1	4515	10413	5898
ENST00000405364.2	46	7129	7083
ENST00000405370.5	5298	9307	4009
ENST00000405375.5	5392	7577	2185
ENST00000405379.6	93	40814	40721
ENST00000405384.6	23382	81796	58414
ENST00000405385.7	6747	9040	2293
ENST00000405392.6	747	103213	102466
ENST00000405399.5	25177	29673	4496
ENST00000405402.6	37229	64452	27223
ENST00000405409.6	5462	102571	97109
ENST00000405413.6	2886	43938	41052
ENST00000405415.5	225	43561	43336
ENST00000405420.2	38	106190	106152
ENST00000405430.5	661	45494	44833
ENST00000405431.2	3	13192	13189
ENST00000405436.5	18045	34262	16217
ENST00000405440.7	1624	51533	49909
ENST00000405442.5	91	16852	16761
ENST00000405454.1	340	85685	85345
ENST00000405460.9	99	623928	623829
ENST00000405465.3	395	6247	5852
ENST00000405472.7	184	1110975	1110791
ENST00000405478.5	984	24404	23420
ENST00000405481.8	0	3203	3203
ENST00000405482.5	1540	160175	158635
ENST00000405484.5	3	18024	18021
ENST00000405485.2	0	8058	8058
ENST00000405486.5	995	37179	36184
ENST00000405489.7	882	5082	4200
ENST00000405491.5	425	9565	9140
ENST00000405493.6	2898	25902	23004
ENST00000405496.5	884	3400	2516
ENST00000405506.2	59	43495	43436
ENST00000405510.5	1545	20037	18492
ENST00000405515.5	1262	25531	24269
ENST00000405520.5	120	3531	3411
ENST00000405523.7	352	38890	38538
ENST00000405531.7	170	67385	67215
ENST00000405535.3	902	8449	7547
ENST00000405546.7	502	36116	35614
ENST00000405547.7	0	93587	93587
ENST00000405557.5	77	72325	72248
ENST00000405570.6	29201	46800	17599
ENST00000405575.8	75	22176	22101
ENST00000405576.5	10967	20796	9829
ENST00000405578.8	11	8761	8750
ENST00000405581.3	3183	112280	109097
ENST00000405585.5	416	13823	13407
ENST00000405591.3	28	5629	5601
ENST00000405592.5	84610	260423	175813
ENST00000405598.5	138	48574	48436
ENST00000405600.5	250	4288	4038
ENST00000405615.2	0	341599	341599
ENST00000405617.4	145	2291	2146
ENST00000405623.5	169	4656	4487
ENST00000405626.5	57	70034	69977
ENST00000405633.4	6867	19559	12692
ENST00000405636.6	196	13020	12824
ENST00000405640.1	5024	7206	2182
ENST00000405643.5	378	215482	215104
ENST00000405646.5	98	52348	52250
ENST00000405655.8	369	10654	10285
ENST00000405659.5	9366	22353	12987
ENST00000405666.5	953	10999	10046
ENST00000405673.5	12256	18953	6697
ENST00000405675.7	902	18877	17975
ENST00000405677.5	417	9372	8955
ENST00000405679.4	1155	7614	6459
ENST00000405692.2	0	6900	6900
ENST00000405709.7	961	859323	858362
ENST00000405717.7	80	20626	20546
ENST00000405727.6	49663	131261	81598
ENST00000405731.7	3128	12499	9371
ENST00000405737.2	0	142	142
ENST00000405742.7	180	20626	20446
ENST00000405749.5	74	51403	51329
ENST00000405755.6	104	384329	384225
ENST00000405763.7	515	29223	28708
ENST00000405764.7	2762	53892	51130
ENST00000405767.1	6703	9083	2380
ENST00000405772.5	485	189000	188515
ENST00000405785.5	5601	42829	37228
ENST00000405786.3	405	17037	16632
ENST00000405799.3	13500	25102	11602
ENST00000405801.2	8573	9722	1149
ENST00000405805.5	2613	5574	2961
ENST00000405807.10	5194	139927	134733
ENST00000405808.5	117	20019	19902
ENST00000405816.5	83	20761	20678
ENST00000405822.6	24170	173233	149063
ENST00000405837.5	95	18301	18206
ENST00000405844.6	2816	53913	51097
ENST00000405845.8	143	12097	11954
ENST00000405846.5	3626	5628	2002
ENST00000405847.5	37	20770	20733
ENST00000405852.5	19226	76166	56940
ENST00000405853.7	1219	11848	10629
ENST00000405858.6	2418	18827	16409
ENST00000405860.7	17826	34079	16253
ENST00000405863.6	2105	318968	316863
ENST00000405867.7	9329	46064	36735
ENST00000405876.9	2753	17828	15075
ENST00000405878.5	544	44166	43622
ENST00000405883.7	643	14050	13407
ENST00000405885.6	868	7358	6490
ENST00000405894.3	1602	31159	29557
ENST00000405898.5	17445	75801	58356
ENST00000405901.7	211	318130	317919
ENST00000405912.8	908	46935	46027
ENST00000405913.7	944	22183	21239
ENST00000405914.1	228	55535	55307
ENST00000405925.2	1097	6561	5464
ENST00000405930.3	0	17603	17603
ENST00000405931.6	1109	24816	23707
ENST00000405938.5	30	20785	20755
ENST00000405940.6	3420	6634	3214
ENST00000405941.3	160	7640	7480
ENST00000405944.7	1301	28658	27357
ENST00000405953.6	2832	8167	5335
ENST00000405954.2	328	1633	1305
ENST00000405957.6	11547	19709	8162
ENST00000405961.3	7737	12983	5246
ENST00000405964.2	0	23834	23834
ENST00000405975.7	100	367363	367263
ENST00000405977.5	27448	34397	6949
ENST00000405982.1	134	6865	6731
ENST00000405983.5	269	13437	13168
ENST00000405984.8	2160	3607	1447
ENST00000405990.3	6	18595	18589
ENST00000405993.2	0	14168	14168
ENST00000406005.2	3402	4654	1252
ENST00000406022.6	668	2446	1778
ENST00000406027.2	14045	19509	5464
ENST00000406028.1	578	2394	1816
ENST00000406029.5	220	20991	20771
ENST00000406039.5	0	390536	390536
ENST00000406041.5	296	26704	26408
ENST00000406043.3	371	12340	11969
ENST00000406053.5	72161	234297	162136
ENST00000406058.6	1058	9562	8504
ENST00000406070.7	679	14195	13516
ENST00000406071.6	14983	91528	76545
ENST00000406072.5	52	172078	172026
ENST00000406076.5	124	38519	38395
ENST00000406087.5	202	26071	25869
ENST00000406106.7	16	17416	17400
ENST00000406109.5	76	2442	2366
ENST00000406116.7	40	55792	55752
ENST00000406117.6	120	3678	3558
ENST00000406122.5	1332	24698	23366
ENST00000406134.5	62	112048	111986
ENST00000406172.6	60	8054	7994
ENST00000406174.2	485	2132	1647
ENST00000406189.4	1804	24745	22941
ENST00000406191.5	144	52409	52265
ENST00000406197.5	28865	35104	6239
ENST00000406199.3	157	2215	2058
ENST00000406200.4	3	31071	31068
ENST00000406205.7	244	435928	435684
ENST00000406207.5	12637	82911	70274
ENST00000406208.7	0	3735	3735
ENST00000406216.7	292	18153	17861
ENST00000406217.8	79	11037	10958
ENST00000406226.1	50448	67315	16867
ENST00000406230.5	74	19061	18987
ENST00000406236.8	0	576889	576889
ENST00000406245.6	620	11168	10548
ENST00000406246.8	780	10873	10093
ENST00000406247.7	854	667585	666731
ENST00000406256.8	65	9612	9547
ENST00000406259.1	3	22418	22415
ENST00000406263.5	17051	409903	392852
ENST00000406271.7	798	20915	20117
ENST00000406272.6	0	40865	40865
ENST00000406285.7	28	26919	26891
ENST00000406287.5	939	75719	74780
ENST00000406293.7	20	27550	27530
ENST00000406297.7	1533	164556	163023
ENST00000406310.6	0	11977	11977
ENST00000406316.6	3442	1114178	1110736
ENST00000406323.3	24	69067	69043
ENST00000406324.5	28	10444	10416
ENST00000406326.5	403	536716	536313
ENST00000406334.3	26226	86853	60627
ENST00000406335.1	0	2077	2077
ENST00000406337.6	2729	125500	122771
ENST00000406341.5	31035	82489	51454
ENST00000406359.8	175	123034	122859
ENST00000406360.2	292	105952	105660
ENST00000406361.6	321	4024	3703
ENST00000406363.2	84	2983	2899
ENST00000406369.2	18408	55992	37584
ENST00000406374.5	276	390847	390571
ENST00000406376.1	252	6097	5845
ENST00000406381.6	12076	36759	24683
ENST00000406384.5	519	89697	89178
ENST00000406385.1	60	30987	30927
ENST00000406391.2	3	317831	317828
ENST00000406395.5	85	8804	8719
ENST00000406397.1	50915	114801	63886
ENST00000406419.1	0	3376	3376
ENST00000406420.7	16	15669	15653
ENST00000406423.5	121	8915	8794
ENST00000406424.8	1217	19982	18765
ENST00000406427.6	444	94236	93792
ENST00000406432.5	586	17477	16891
ENST00000406434.5	3	36142	36139
ENST00000406438.5	497	10583	10086
ENST00000406439.7	70	20098	20028
ENST00000406449.8	0	15999	15999
ENST00000406451.8	557	503486	502929
ENST00000406452.8	1962	37203	35241
ENST00000406453.3	4788	21445	16657
ENST00000406454.8	576	644788	644212
ENST00000406462.6	10173	56625	46452
ENST00000406470.6	739	124175	123436
ENST00000406477.7	130	170641	170511
ENST00000406482.5	4241	63411	59170
ENST00000406486.8	75270	243455	168185
ENST00000406487.6	2351	19360	17009
ENST00000406492.2	0	27682	27682
ENST00000406503.1	12	6421	6409
ENST00000406506.4	7	1770	1763
ENST00000406508.5	824	7481	6657
ENST00000406509.7	7802	25339	17537
ENST00000406516.5	46135	66736	20601
ENST00000406520.7	11024	18039	7015
ENST00000406522.5	3	18528	18525
ENST00000406524.6	342	477067	476725
ENST00000406525.6	0	22332	22332
ENST00000406533.7	2391	522111	519720
ENST00000406540.5	436	9576	9140
ENST00000406548.5	64	33833	33769
ENST00000406549.7	1083	6828	5745
ENST00000406555.7	5353	10164	4811
ENST00000406563.7	624	8401	7777
ENST00000406566.1	128	13619	13491
ENST00000406567.7	642	4715	4073
ENST00000406569.8	4430	37476	33046
ENST00000406575.1	23	3133	3110
ENST00000406576.7	16	38681	38665
ENST00000406581.6	101	8763	8662
ENST00000406590.6	30822	35993	5171
ENST00000406593.1	132	2091	1959
ENST00000406595.5	142	20038	19896
ENST00000406599.5	234	292282	292048
ENST00000406606.7	2171	232874	230703
ENST00000406610.7	525	1073927	1073402
ENST00000406618.3	757	11632	10875
ENST00000406620.6	2160	13387	11227
ENST00000406622.5	361	18853	18492
ENST00000406625.6	213	96824	96611
ENST00000406629.1	9	58239	58230
ENST00000406636.7	638	13742	13104
ENST00000406638.6	9976	18138	8162
ENST00000406641.5	607	83869	83262
ENST00000406644.7	200	29439	29239
ENST00000406651.1	114	76389	76275
ENST00000406652.5	11134	186947	175813
ENST00000406653.5	436	205924	205488
ENST00000406659.3	939	33027	32088
ENST00000406660.4	199	3153	2954
ENST00000406686.8	4085	189634	185549
ENST00000406687.5	187	81926	81739
ENST00000406691.7	156	19778	19622
ENST00000406696.5	2198	332781	330583
ENST00000406697.5	73654	84442	10788
ENST00000406711.5	3200	5453	2253
ENST00000406725.6	647	40370	39723
ENST00000406733.1	19596	401095	381499
ENST00000406735.6	275	2547	2272
ENST00000406752.1	0	6824	6824
ENST00000406755.5	3748	53600	49852
ENST00000406757.3	3	218501	218498
ENST00000406771.6	81098	90104	9006
ENST00000406772.5	9423	25352	15929
ENST00000406775.6	735	1195761	1195026
ENST00000406780.5	111148	208860	97712
ENST00000406785.7	3001	320829	317828
ENST00000406787.7	5087	223082	217995
ENST00000406797.5	1235	163440	162205
ENST00000406799.1	132	9375	9243
ENST00000406818.8	2079	277279	275200
ENST00000406835.6	123984	163797	39813
ENST00000406846.7	579	194335	193756
ENST00000406852.7	90	21287	21197
ENST00000406854.6	15716	45801	30085
ENST00000406855.7	327	5194	4867
ENST00000406856.7	647	40435	39788
ENST00000406861.6	27222	66127	38905
ENST00000406869.5	279	416476	416197
ENST00000406870.7	1080	14422	13342
ENST00000406875.8	11360	219632	208272
ENST00000406876.1	103	4543	4440
ENST00000406877.8	1426	46257	44831
ENST00000406880.1	110	56753	56643
ENST00000406881.3	0	787443	787443
ENST00000406884.6	125	1112835	1112710
ENST00000406890.6	363	76142	75779
ENST00000406895.3	1768	12011	10243
ENST00000406900.5	14771	26432	11661
ENST00000406902.6	6414	58578	52164
ENST00000406904.2	0	3051	3051
ENST00000406910.6	10807	16613	5806
ENST00000406911.5	71	141969	141898
ENST00000406915.4	136	5555	5419
ENST00000406921.7	578	111481	110903
ENST00000406925.6	4481	6020	1539
ENST00000406927.6	306	12283	11977
ENST00000406934.5	1931	40368	38437
ENST00000406935.5	4080	19796	15716
ENST00000406938.3	221	4992	4771
ENST00000406941.5	20	21894	21874
ENST00000406948.7	6799	62040	55241
ENST00000406949.5	22786	79428	56642
ENST00000406955.5	321	4024	3703
ENST00000406957.5	123	58386	58263
ENST00000406958.5	190	80003	79813
ENST00000406961.5	166746	280760	114014
ENST00000406962.1	1254	5053	3799
ENST00000406964.5	105	3098	2993
ENST00000406969.5	29509	81233	51724
ENST00000406971.6	21629	27140	5511
ENST00000406974.7	21	8471	8450
ENST00000406979.6	95	11820	11725
ENST00000406998.7	987	79939	78952
ENST00000407004.8	16260	32217	15957
ENST00000407006.8	135	1369	1234
ENST00000407008.8	197	153526	153329
ENST00000407010.7	4173	335140	330967
ENST00000407017.5	10749	21085	10336
ENST00000407019.6	7629	21980	14351
ENST00000407022.7	75	16401	16326
ENST00000407025.5	858	34252	33394
ENST00000407029.7	1104	55719	54615
ENST00000407032.5	477	23472	22995
ENST00000407038.7	2079	277101	275022
ENST00000407045.3	1001	64374	63373
ENST00000407050.8	2384	341871	339487
ENST00000407067.1	305	2163	1858
ENST00000407071.7	440	553927	553487
ENST00000407073.5	437748	496399	58651
ENST00000407075.3	290	25247	24957
ENST00000407079.1	3	5574	5571
ENST00000407082.4	153	16822	16669
ENST00000407086.8	1607	716987	715380
ENST00000407087.4	71	44851	44780
ENST00000407095.3	5	5839	5834
ENST00000407096.6	0	126	126
ENST00000407106.5	275	34669	34394
ENST00000407112.1	12250	25126	12876
ENST00000407117.6	0	7063	7063
ENST00000407122.5	144	48509	48365
ENST00000407129.3	90	7493	7403
ENST00000407131.5	52	269970	269918
ENST00000407142.5	3668	15503	11835
ENST00000407144.6	3784	24017	20233
ENST00000407148.5	89	20844	20755
ENST00000407149.7	187	223316	223129
ENST00000407170.6	29795	36841	7046
ENST00000407184.5	64359	90220	25861
ENST00000407186.5	2064	277155	275091
ENST00000407188.5	0	70388	70388
ENST00000407192.5	2517	12690	10173
ENST00000407193.7	1654	5547	3893
ENST00000407202.6	0	13482	13482
ENST00000407215.7	563	4279	3716
ENST00000407217.7	37	9525	9488
ENST00000407218.5	598	67608	67010
ENST00000407221.5	214	22203	21989
ENST00000407228.7	1223	83181	81958
ENST00000407230.5	118740	207538	88798
ENST00000407236.6	47858	86249	38391
ENST00000407242.6	2082	10413	8331
ENST00000407246.6	111	124969	124858
ENST00000407249.7	180	24264	24084
ENST00000407253.7	437	8643	8206
ENST00000407257.5	147	55487	55340
ENST00000407263.2	17	81612	81595
ENST00000407270.7	229	142130	141901
ENST00000407275.2	0	19361	19361
ENST00000407277.6	226	60208	59982
ENST00000407280.4	29	4838	4809
ENST00000407292.1	58	417757	417699
ENST00000407293.5	159	2268	2109
ENST00000407298.7	107	11158	11051
ENST00000407308.1	11389	12515	1126
ENST00000407315.6	204	54337	54133
ENST00000407319.7	0	14571	14571
ENST00000407322.8	0	576889	576889
ENST00000407324.5	683	11494	10811
ENST00000407325.6	867	2995	2128
ENST00000407327.8	21	42962	42941
ENST00000407332.6	963	31414	30451
ENST00000407343.3	0	12252	12252
ENST00000407351.5	100	343219	343119
ENST00000407356.5	2355	19662	17307
ENST00000407360.7	1184	9725	8541
ENST00000407364.8	4947	223666	218719
ENST00000407373.5	144	214475	214331
ENST00000407381.7	115	412313	412198
ENST00000407404.5	10261	20890	10629
ENST00000407417.7	352	379535	379183
ENST00000407418.8	4790	11999	7209
ENST00000407422.8	239	48365	48126
ENST00000407426.8	32	54122	54090
ENST00000407431.5	89	20844	20755
ENST00000407433.6	1057	102526	101469
ENST00000407439.7	262	74918	74656
ENST00000407441.5	47789	70939	23150
ENST00000407445.8	265	5525	5260
ENST00000407449.5	5242	40376	35134
ENST00000407461.5	74	15495	15421
ENST00000407464.7	25461	31212	5751
ENST00000407467.5	1145	5692	4547
ENST00000407471.7	2571	15267	12696
ENST00000407472.5	5032	7214	2182
ENST00000407479.5	12436	15850	3414
ENST00000407482.5	3	7432	7429
ENST00000407492.5	1497	4761	3264
ENST00000407501.6	608	8868	8260
ENST00000407521.7	23734	29428	5694
ENST00000407526.6	192	83454	83262
ENST00000407528.6	62	1108529	1108467
ENST00000407537.5	20739	27754	7015
ENST00000407540.8	1062	22029	20967
ENST00000407550.3	63	3139	3076
ENST00000407552.5	0	10681	10681
ENST00000407558.9	32548	41893	9345
ENST00000407559.8	178	92391	92213
ENST00000407564.7	634	193877	193243
ENST00000407568.5	2355	19130	16775
ENST00000407572.6	7081	13512	6431
ENST00000407573.5	1053	7784	6731
ENST00000407583.7	50	22610	22560
ENST00000407585.5	1585	43631	42046
ENST00000407587.6	18859	293103	274244
ENST00000407595.3	635	202015	201380
ENST00000407597.7	190267	254639	64372
ENST00000407598.2	22196	27947	5751
ENST00000407599.4	1214	16445	15231
ENST00000407609.7	12398	69486	57088
ENST00000407610.8	3171	11880	8709
ENST00000407614.8	6	20432	20426
ENST00000407621.1	351	27751	27400
ENST00000407622.3	1665	34113	32448
ENST00000407623.8	930	18778	17848
ENST00000407627.7	4913	34215	29302
ENST00000407633.1	1313	18229	16916
ENST00000407637.5	13328	64671	51343
ENST00000407642.6	0	4222	4222
ENST00000407643.5	0	31040	31040
ENST00000407644.6	1298	46442	45144
ENST00000407653.1	2618	35234	32616
ENST00000407654.7	326	34851	34525
ENST00000407661.7	2079	277226	275147
ENST00000407673.5	0	119674	119674
ENST00000407683.6	5292	9301	4009
ENST00000407684.1	1756	9524	7768
ENST00000407689.8	506	5358	4852
ENST00000407690.6	776	21531	20755
ENST00000407693.7	557	35833	35276
ENST00000407714.2	4473	6325	1852
ENST00000407721.6	964	11956	10992
ENST00000407753.2	0	12635	12635
ENST00000407755.2	5675	32024	26349
ENST00000407758.5	243	19172	18929
ENST00000407775.7	504	488542	488038
ENST00000407780.8	6046	18725	12679
ENST00000407787.5	173	71235	71062
ENST00000407796.7	995	24721	23726
ENST00000407800.2	341	2155	1814
ENST00000407806.2	12145	35854	23709
ENST00000407811.5	1262	50910	49648
ENST00000407816.7	112	26244	26132
ENST00000407817.3	128	20505	20377
ENST00000407818.8	267	81571	81304
ENST00000407834.4	130	7337	7207
ENST00000407835.6	14888	40629	25741
ENST00000407838.7	406	27460	27054
ENST00000407844.6	2734	50627	47893
ENST00000407847.5	774	99735	98961
ENST00000407859.7	4241	64135	59894
ENST00000407877.8	604	4662	4058
ENST00000407879.1	313	4316	4003
ENST00000407886.1	226	3550	3324
ENST00000407889.6	1245	1901	656
ENST00000407893.3	131	87027	86896
ENST00000407904.7	2623	87330	84707
ENST00000407906.5	313	80412	80099
ENST00000407911.2	59	8664	8605
ENST00000407925.5	81	268040	267959
ENST00000407929.6	63039	317529	254490
ENST00000407930.2	2250	25700	23450
ENST00000407935.6	0	4066	4066
ENST00000407936.5	91	87860	87769
ENST00000407946.5	227	9373	9146
ENST00000407950.5	825	695318	694493
ENST00000407951.6	5871	14920	9049
ENST00000407963.2	24	21400	21376
ENST00000407965.1	319	1830	1511
ENST00000407967.7	2207	115668	113461
ENST00000407969.5	14	51525	51511
ENST00000407970.7	34706	137626	102920
ENST00000407971.5	10221	35241	25020
ENST00000407973.2	0	8453	8453
ENST00000407977.7	1270	64241	62971
ENST00000407981.6	0	22705	22705
ENST00000407982.6	48557	59193	10636
ENST00000407983.7	65	7688	7623
ENST00000407991.3	1876	12883	11007
ENST00000407997.4	87	11287	11200
ENST00000408006.7	526	5768	5242
ENST00000408011.7	772	47028	46256
ENST00000408028.6	3	317913	317910
ENST00000408031.1	96	2939	2843
ENST00000408038.6	74	198444	198370
ENST00000408041.5	3	9104	9101
ENST00000408042.5	306	210585	210279
ENST00000408045.7	234159	250273	16114
ENST00000408047.5	6947	9696	2749
ENST00000408888.8	533	31322	30789
ENST00000408889.7	721	46350	45629
ENST00000408890.6	39	1813	1774
ENST00000408894.7	288	436638	436350
ENST00000408896.4	91	1973	1882
ENST00000408898.2	38	1896	1858
ENST00000408899.2	55	1913	1858
ENST00000408900.7	48	182256	182208
ENST00000408901.8	13	9254	9241
ENST00000408903.7	5199	469346	464147
ENST00000408905.7	0	715445	715445
ENST00000408907.5	14	1812	1798
ENST00000408908.6	721	72453	71732
ENST00000408909.6	3	331631	331628
ENST00000408910.7	0	70232	70232
ENST00000408911.8	3691	221415	217724
ENST00000408912.7	317	11888	11571
ENST00000408915.6	1499	4948	3449
ENST00000408916.1	0	1840	1840
ENST00000408918.8	497	7690	7193
ENST00000408919.7	439	14974	14535
ENST00000408922.3	68	1932	1864
ENST00000408923.8	101	15831	15730
ENST00000408925.4	221	825	604
ENST00000408926.8	11720	66198	54478
ENST00000408927.8	182	182536	182354
ENST00000408929.7	250	196972	196722
ENST00000408930.7	501	1027	526
ENST00000408931.4	3	52523	52520
ENST00000408936.8	142	134412	134270
ENST00000408937.7	11515	277129	265614
ENST00000408938.2	0	3212	3212
ENST00000408939.4	1771	5759	3988
ENST00000408941.7	83	33144	33061
ENST00000408945.5	4155	11465	7310
ENST00000408946.7	462	26957	26495
ENST00000408947.4	42	1978	1936
ENST00000408948.7	18	16105	16087
ENST00000408949.2	60	1918	1858
ENST00000408953.4	561	4123	3562
ENST00000408954.8	1211	213759	212548
ENST00000408955.3	0	1900	1900
ENST00000408957.7	4227	7771	3544
ENST00000408962.6	5525	20655	15130
ENST00000408965.4	401	2013	1612
ENST00000408968.4	131	1443	1312
ENST00000408973.3	594	2504	1910
ENST00000408974.8	35	115414	115379
ENST00000408978.9	141	478959	478818
ENST00000408979.3	0	1906	1906
ENST00000408980.6	505	51362	50857
ENST00000408981.6	13351	17634	4283
ENST00000408983.2	0	193931	193931
ENST00000408984.7	85	592660	592575
ENST00000408989.6	0	70617	70617
ENST00000408990.8	1031	5613	4582
ENST00000408991.4	234	1006	772
ENST00000408993.6	1040	6547	5507
ENST00000408995.5	425	26487	26062
ENST00000408998.1	0	3121	3121
ENST00000408999.4	122	69087	68965
ENST00000409000.5	473	2293	1820
ENST00000409001.5	82	39972	39890
ENST00000409002.7	554	2291	1737
ENST00000409003.5	8258	432809	424551
ENST00000409006.3	156	14098	13942
ENST00000409007.1	418	2492	2074
ENST00000409010.1	236	20752	20516
ENST00000409011.5	27457	30197	2740
ENST00000409012.6	496	11221	10725
ENST00000409013.8	2430	37322	34892
ENST00000409014.5	37327	51047	13720
ENST00000409015.5	852	7426	6574
ENST00000409016.8	75195	145541	70346
ENST00000409017.1	1633	4284	2651
ENST00000409018.7	17960	51441	33481
ENST00000409019.5	8	185262	185254
ENST00000409020.6	2573	15429	12856
ENST00000409021.9	32	89124	89092
ENST00000409022.2	0	5385	5385
ENST00000409024.3	6799	22818	16019
ENST00000409025.5	53	34258	34205
ENST00000409027.1	3586	10841	7255
ENST00000409028.8	419	17132	16713
ENST00000409029.5	53427	137729	84302
ENST00000409030.7	380	53294	52914
ENST00000409031.5	1149	32770	31621
ENST00000409032.5	425	36874	36449
ENST00000409033.7	3470	10219	6749
ENST00000409035.1	87521	150152	62631
ENST00000409036.5	17	318598	318581
ENST00000409038.5	409	15995	15586
ENST00000409039.8	149	186808	186659
ENST00000409041.8	0	33396	33396
ENST00000409042.5	56	58650	58594
ENST00000409043.5	14996	373678	358682
ENST00000409044.7	143	478881	478738
ENST00000409045.7	111662	203720	92058
ENST00000409046.5	0	9185	9185
ENST00000409048.1	61	10539	10478
ENST00000409049.7	3933	88102	84169
ENST00000409050.1	3	88293	88290
ENST00000409051.6	331	53561	53230
ENST00000409052.6	28367	33933	5566
ENST00000409053.1	13	82199	82186
ENST00000409056.3	2839	18302	15463
ENST00000409057.5	75	136593	136518
ENST00000409058.5	106	58213	58107
ENST00000409059.5	1633	26067	24434
ENST00000409060.1	305	12498	12193
ENST00000409061.2	0	6258	6258
ENST00000409063.5	221	58311	58090
ENST00000409064.5	587	54593	54006
ENST00000409065.5	1903	4801	2898
ENST00000409067.2	0	15432	15432
ENST00000409068.5	270	183648	183378
ENST00000409069.5	51	94777	94726
ENST00000409074.8	42	27897	27855
ENST00000409075.5	1180	94005	92825
ENST00000409076.6	95281	147331	52050
ENST00000409077.2	4631	6610	1979
ENST00000409078.8	3088	272494	269406
ENST00000409079.1	153	34107	33954
ENST00000409080.6	203	79911	79708
ENST00000409082.5	0	6225	6225
ENST00000409083.7	1857	50609	48752
ENST00000409085.9	17875	187905	170030
ENST00000409086.7	23296	80775	57479
ENST00000409087.3	69	32294	32225
ENST00000409088.3	1647	6555	4908
ENST00000409089.7	0	24815	24815
ENST00000409090.1	435	20273	19838
ENST00000409091.5	12661	26424	13763
ENST00000409092.1	324	944	620
ENST00000409093.1	140	774880	774740
ENST00000409094.5	596	5634	5038
ENST00000409096.5	326	86145	85819
ENST00000409097.5	181	2435	2254
ENST00000409098.5	42	30952	30910
ENST00000409101.7	435	92503	92068
ENST00000409102.5	6001	7515	1514
ENST00000409103.5	50	30541	30491
ENST00000409104.7	85	10374	10289
ENST00000409105.5	3592	7732	4140
ENST00000409106.5	3425	43059	39634
ENST00000409107.1	0	12123	12123
ENST00000409108.6	34	6094	6060
ENST00000409109.6	2679	17627	14948
ENST00000409110.6	1374	40293	38919
ENST00000409112.5	31	93818	93787
ENST00000409114.7	56	136627	136571
ENST00000409115.8	182	4648	4466
ENST00000409116.5	26	10889	10863
ENST00000409119.5	443	5872	5429
ENST00000409120.5	195	317314	317119
ENST00000409122.7	146	20573	20427
ENST00000409123.5	28239	99339	71100
ENST00000409124.1	202	48513	48311
ENST00000409126.5	139	33578	33439
ENST00000409127.1	627	4253	3626
ENST00000409128.5	140	4587	4447
ENST00000409129.2	2578	4417	1839
ENST00000409130.5	688	41320	40632
ENST00000409131.2	5440	6613	1173
ENST00000409133.1	444	44243	43799
ENST00000409134.8	3127	54956	51829
ENST00000409136.5	112	20052	19940
ENST00000409137.7	243	131746	131503
ENST00000409138.6	591	4216	3625
ENST00000409140.8	82552	172998	90446
ENST00000409141.5	134	14158	14024
ENST00000409143.5	108	50570	50462
ENST00000409144.5	462	8356	7894
ENST00000409145.5	5018	14035	9017
ENST00000409146.3	5227	20374	15147
ENST00000409147.1	98	2874	2776
ENST00000409148.1	374	3504	3130
ENST00000409149.7	111	55646	55535
ENST00000409150.8	4854	31559	26705
ENST00000409151.5	100	128525	128425
ENST00000409153.5	804	234513	233709
ENST00000409155.8	1991	8226	6235
ENST00000409156.7	130	206210	206080
ENST00000409157.5	1145	19330	18185
ENST00000409158.5	16095	42606	26511
ENST00000409160.7	825	2274	1449
ENST00000409161.5	5016	197657	192641
ENST00000409163.5	847726	1382952	535226
ENST00000409164.1	614	24210	23596
ENST00000409167.8	36	17118	17082
ENST00000409168.7	0	318374	318374
ENST00000409169.5	0	34184	34184
ENST00000409170.3	32	21326	21294
ENST00000409171.5	50	83787	83737
ENST00000409173.5	21560	78607	57047
ENST00000409174.1	19144	58418	39274
ENST00000409175.6	16517	56936	40419
ENST00000409176.6	15318	193414	178096
ENST00000409177.6	3574	29636	26062
ENST00000409180.1	28	14709	14681
ENST00000409181.1	3905	31751	27846
ENST00000409182.1	225	1882	1657
ENST00000409183.5	0	41285	41285
ENST00000409184.8	1133	160736	159603
ENST00000409185.5	5030	35350	30320
ENST00000409186.1	1388	8151	6763
ENST00000409187.5	572	196307	195735
ENST00000409188.5	5454	43060	37606
ENST00000409189.7	70	3519	3449
ENST00000409190.8	1947	24195	22248
ENST00000409192.7	89	22811	22722
ENST00000409193.1	470	9856	9386
ENST00000409194.5	224	3748	3524
ENST00000409195.6	15003	376281	361278
ENST00000409196.7	37860	163371	125511
ENST00000409197.5	2484	62035	59551
ENST00000409198.5	427	267679	267252
ENST00000409199.5	607	317726	317119
ENST00000409200.7	878	6769	5891
ENST00000409202.8	389	93307	92918
ENST00000409203.3	6809	44499	37690
ENST00000409204.5	1561	8324	6763
ENST00000409205.5	225	7556	7331
ENST00000409206.5	204	2088	1884
ENST00000409207.5	508	4648	4140
ENST00000409208.5	19188	54348	35160
ENST00000409210.1	15374	101268	85894
ENST00000409211.5	0	112711	112711
ENST00000409212.5	56318	78013	21695
ENST00000409213.5	243	846231	845988
ENST00000409214.5	1301	264392	263091
ENST00000409215.5	2804	5472	2668
ENST00000409216.5	2481	4392	1911
ENST00000409217.5	173	2505	2332
ENST00000409218.5	72	4212	4140
ENST00000409219.5	317	17707	17390
ENST00000409220.5	380	53297	52917
ENST00000409222.7	2731	7261	4530
ENST00000409223.2	2087	14121	12034
ENST00000409224.5	704	6051	5347
ENST00000409225.2	363	24325	23962
ENST00000409226.5	123	11247	11124
ENST00000409228.5	3	27045	27042
ENST00000409229.7	0	40173	40173
ENST00000409230.5	710	7081	6371
ENST00000409231.7	180	60189	60009
ENST00000409232.7	814	7423	6609
ENST00000409234.3	109	2889	2780
ENST00000409235.8	1405	38408	37003
ENST00000409236.6	6058	562691	556633
ENST00000409237.5	0	503924	503924
ENST00000409238.5	121	12645	12524
ENST00000409240.5	345	20751	20406
ENST00000409241.5	2334	29989	27655
ENST00000409242.5	37052	50772	13720
ENST00000409244.5	1007	2521	1514
ENST00000409245.5	1039	160215	159176
ENST00000409246.5	3516	29476	25960
ENST00000409248.10	357	2210	1853
ENST00000409249.5	1005	21435	20430
ENST00000409251.7	606	22537	21931
ENST00000409252.6	1810	57434	55624
ENST00000409254.1	87	4339	4252
ENST00000409255.1	26	9016	8990
ENST00000409257.10	9	20470	20461
ENST00000409258.2	12115	36571	24456
ENST00000409260.5	108	3707	3599
ENST00000409261.6	1504	851447	849943
ENST00000409262.8	1494	122637	121143
ENST00000409263.5	395	5059	4664
ENST00000409264.6	185	18336	18151
ENST00000409266.5	17016	53182	36166
ENST00000409267.5	600	4134	3534
ENST00000409270.5	240	21194	20954
ENST00000409271.5	2439	37973	35534
ENST00000409272.5	532	41055	40523
ENST00000409273.6	23556	76814	53258
ENST00000409275.1	0	3650	3650
ENST00000409276.5	243	7060	6817
ENST00000409279.1	2051	28538	26487
ENST00000409280.5	1278	46372	45094
ENST00000409281.5	6842	19987	13145
ENST00000409282.1	799	6154	5355
ENST00000409283.6	1085	64562	63477
ENST00000409284.1	4886	178864	173978
ENST00000409285.6	1128	11447	10319
ENST00000409286.5	858	5110	4252
ENST00000409287.5	298	16736	16438
ENST00000409288.5	14939	34229	19290
ENST00000409289.6	1180	94005	92825
ENST00000409291.5	663	7447	6784
ENST00000409292.5	235	2456	2221
ENST00000409293.6	20	2161	2141
ENST00000409294.5	4120	14548	10428
ENST00000409295.5	146	26648	26502
ENST00000409296.7	130	211446	211316
ENST00000409297.1	67	20202	20135
ENST00000409298.5	1039	263777	262738
ENST00000409299.8	4951	18081	13130
ENST00000409300.6	7	29559	29552
ENST00000409301.5	184	90253	90069
ENST00000409302.1	215	5052	4837
ENST00000409303.6	550	83346	82796
ENST00000409304.6	825	28038	27213
ENST00000409306.5	42	27236	27194
ENST00000409308.6	2167	75263	73096
ENST00000409309.3	153	9920	9767
ENST00000409310.6	13747	19509	5762
ENST00000409311.5	135	43223	43088
ENST00000409312.5	462	14579	14117
ENST00000409314.5	2048	307402	305354
ENST00000409315.5	53	83733	83680
ENST00000409316.5	2513	10039	7526
ENST00000409317.5	2448	62058	59610
ENST00000409318.2	596	147470	146874
ENST00000409319.5	113	1595	1482
ENST00000409320.7	409	4155	3746
ENST00000409321.5	82	5551	5469
ENST00000409322.5	33	18916	18883
ENST00000409323.1	719	12440	11721
ENST00000409324.7	257	10639	10382
ENST00000409326.6	25	2404	2379
ENST00000409327.2	864	18248	17384
ENST00000409328.5	153	40106	39953
ENST00000409329.5	53156	72446	19290
ENST00000409330.5	2101	49966	47865
ENST00000409331.6	2479	17444	14965
ENST00000409332.5	6026	74734	68708
ENST00000409333.1	1682	13687	12005
ENST00000409334.5	81	12367	12286
ENST00000409335.6	298	5999	5701
ENST00000409336.5	179	3256	3077
ENST00000409338.5	33	21205	21172
ENST00000409339.3	1671	65544	63873
ENST00000409340.5	66	13165	13099
ENST00000409341.5	50	55287	55237
ENST00000409342.1	796	14729	13933
ENST00000409343.5	1260	304921	303661
ENST00000409344.7	2446	37338	34892
ENST00000409346.5	3152	7682	4530
ENST00000409347.5	865	10280	9415
ENST00000409349.7	103	160073	159970
ENST00000409350.6	212	319431	319219
ENST00000409351.5	102	11910	11808
ENST00000409354.6	53417	313747	260330
ENST00000409355.2	3	24193	24190
ENST00000409356.1	362	1015	653
ENST00000409357.5	2529	15385	12856
ENST00000409358.2	5	7843	7838
ENST00000409359.7	40	214886	214846
ENST00000409360.1	7500	35055	27555
ENST00000409361.5	168	16850	16682
ENST00000409363.5	10738	55482	44744
ENST00000409364.3	449	20752	20303
ENST00000409365.6	7041	288162	281121
ENST00000409366.5	141	226037	225896
ENST00000409367.6	72555	81059	8504
ENST00000409368.5	606	32233	31627
ENST00000409369.1	4576	33855	29279
ENST00000409370.6	0	2543	2543
ENST00000409371.8	28	88567	88539
ENST00000409372.1	91	8129	8038
ENST00000409373.5	6151	67741	61590
ENST00000409374.5	5	9349	9344
ENST00000409375.1	4896	72547	67651
ENST00000409377.1	19	36632	36613
ENST00000409378.1	0	5533	5533
ENST00000409379.8	371	19747	19376
ENST00000409380.5	1018	36767	35749
ENST00000409381.5	107724	141371	33647
ENST00000409382.8	5081	43959	38878
ENST00000409383.6	3186	11026	7840
ENST00000409385.5	110252	173354	63102
ENST00000409386.3	822	101490	100668
ENST00000409387.5	72	44410	44338
ENST00000409390.5	179	8201	8022
ENST00000409391.1	64	102417	102353
ENST00000409392.5	9531	17385	7854
ENST00000409393.6	393	1868	1475
ENST00000409394.5	21	30797	30776
ENST00000409395.3	4229	4895	666
ENST00000409396.5	29	8771	8742
ENST00000409397.6	82373	163877	81504
ENST00000409398.5	68	20988	20920
ENST00000409399.6	66	31135	31069
ENST00000409400.1	491	60208	59717
ENST00000409401.7	53244	169821	116577
ENST00000409402.9	3129	213605	210476
ENST00000409403.6	1575	9805	8230
ENST00000409404.6	17	552660	552643
ENST00000409406.1	777	6284	5507
ENST00000409408.5	3151	7681	4530
ENST00000409409.5	397	1125	728
ENST00000409410.6	1239	27719	26480
ENST00000409411.6	3752	30636	26884
ENST00000409412.5	181	1663	1482
ENST00000409413.4	2901	6621	3720
ENST00000409415.7	427	15609	15182
ENST00000409416.6	0	19905	19905
ENST00000409417.6	130	14479	14349
ENST00000409418.9	2049	307332	305283
ENST00000409419.5	17806	30951	13145
ENST00000409420.1	250	107487	107237
ENST00000409421.5	547	17875	17328
ENST00000409422.5	3	8772	8769
ENST00000409423.5	355	73987	73632
ENST00000409425.5	3425	29385	25960
ENST00000409426.5	445	50049	49604
ENST00000409428.5	2825	35827	33002
ENST00000409429.5	6606	9108	2502
ENST00000409432.7	32323	62256	29933
ENST00000409433.2	134	2103	1969
ENST00000409434.5	420	12237	11817
ENST00000409436.2	349	7730	7381
ENST00000409437.5	2347	59078	56731
ENST00000409438.5	345	16586	16241
ENST00000409440.7	782	121130	120348
ENST00000409441.5	89	63806	63717
ENST00000409442.2	1035	22152	21117
ENST00000409443.6	26403	164930	138527
ENST00000409444.6	4074	23629	19555
ENST00000409445.8	267	52116	51849
ENST00000409446.8	1047	12297	11250
ENST00000409447.2	207	5994	5787
ENST00000409448.1	139	11990	11851
ENST00000409449.5	131	16837	16706
ENST00000409450.7	73	50092	50019
ENST00000409451.7	37852	163443	125591
ENST00000409452.5	34301	94379	60078
ENST00000409453.5	2380	62004	59624
ENST00000409455.5	856	20129	19273
ENST00000409456.2	0	2925	2925
ENST00000409457.5	598	359966	359368
ENST00000409458.3	149	11047	10898
ENST00000409459.5	1205	33258	32053
ENST00000409462.1	1646	247556	245910
ENST00000409463.5	75191	143656	68465
ENST00000409464.1	1292	6392	5100
ENST00000409465.5	415	41939	41524
ENST00000409466.6	250	38107	37857
ENST00000409467.6	282	13311	13029
ENST00000409468.1	58	3094	3036
ENST00000409469.5	32209	104972	72763
ENST00000409470.5	27	34318	34291
ENST00000409471.1	367	2929	2562
ENST00000409472.6	9806	19647	9841
ENST00000409473.2	14	18256	18242
ENST00000409474.8	339	50970	50631
ENST00000409475.5	553	80896	80343
ENST00000409476.5	71	18635	18564
ENST00000409477.1	578	6036	5458
ENST00000409478.5	73345	195680	122335
ENST00000409479.5	258	7466	7208
ENST00000409480.5	37888	163482	125594
ENST00000409481.1	0	832	832
ENST00000409483.5	1661	1051522	1049861
ENST00000409484.5	26	33257	33231
ENST00000409487.7	1436	132965	131529
ENST00000409489.5	26	44997	44971
ENST00000409493.3	1	2901	2900
ENST00000409494.5	61	130732	130671
ENST00000409495.6	36	17252	17216
ENST00000409496.7	748	51181	50433
ENST00000409497.5	286	46628	46342
ENST00000409498.6	248	7579	7331
ENST00000409499.5	107	62366	62259
ENST00000409500.7	85	6040	5955
ENST00000409501.7	521	101978	101457
ENST00000409502.7	1512	4336	2824
ENST00000409503.5	581	42165	41584
ENST00000409504.5	363	277844	277481
ENST00000409506.1	234	6247	6013
ENST00000409508.8	207	371678	371471
ENST00000409510.5	3752	7929	4177
ENST00000409511.6	1312	6913	5601
ENST00000409512.5	7704	165887	158183
ENST00000409514.5	42	24323	24281
ENST00000409516.7	517	3629	3112
ENST00000409519.5	839	8195	7356
ENST00000409520.7	254	60881	60627
ENST00000409522.5	55	33071	33016
ENST00000409523.1	31	37888	37857
ENST00000409525.1	884	2336	1452
ENST00000409527.6	7066	17756	10690
ENST00000409528.5	27477	78453	50976
ENST00000409529.6	62	5147	5085
ENST00000409531.5	84	18580	18496
ENST00000409532.5	40098	77297	37199
ENST00000409533.5	1328	7699	6371
ENST00000409534.1	12817	48773	35956
ENST00000409535.6	48841	126217	77376
ENST00000409537.2	4	4141	4137
ENST00000409538.5	496	457705	457209
ENST00000409539.1	14	4494	4480
ENST00000409540.7	75099	139641	64542
ENST00000409541.5	1004	2518	1514
ENST00000409542.5	317	17701	17384
ENST00000409543.6	6188	23217	17029
ENST00000409544.5	17191	108947	91756
ENST00000409545.2	49615	50019	404
ENST00000409546.5	192	173729	173537
ENST00000409547.5	37867	163396	125529
ENST00000409548.7	691	7818	7127
ENST00000409549.5	356	21460	21104
ENST00000409550.2	24	228018	227994
ENST00000409551.7	53	98697	98644
ENST00000409552.4	137	184393	184256
ENST00000409554.1	917	5752	4835
ENST00000409555.5	34246	94125	59879
ENST00000409556.5	1247	55253	54006
ENST00000409557.5	1781	3856	2075
ENST00000409558.8	1287	94726	93439
ENST00000409559.7	260	35610	35350
ENST00000409560.1	2422	2622	200
ENST00000409561.2	127	35569	35442
ENST00000409562.7	1443	361723	360280
ENST00000409563.5	40	7494	7454
ENST00000409564.6	0	93087	93087
ENST00000409565.5	5407	32504	27097
ENST00000409566.1	781	3657	2876
ENST00000409567.7	3	22269	22266
ENST00000409568.6	20263	26645	6382
ENST00000409570.3	25	22285	22260
ENST00000409571.6	1022	112615	111593
ENST00000409572.5	649	6876	6227
ENST00000409573.7	19392	44317	24925
ENST00000409574.1	266	1377	1111
ENST00000409576.1	110	11984	11874
ENST00000409578.5	3152	10240	7088
ENST00000409579.5	356	557063	556707
ENST00000409580.5	184871	302078	117207
ENST00000409581.5	10107	42714	32607
ENST00000409582.7	277	239065	238788
ENST00000409583.5	95908	100598	4690
ENST00000409584.5	1007	7106	6099
ENST00000409585.5	827	83952	83125
ENST00000409586.7	120	4766	4646
ENST00000409587.5	17799	30944	13145
ENST00000409588.1	27	12471	12444
ENST00000409589.5	53162	73186	20024
ENST00000409591.5	79	35363	35284
ENST00000409592.7	634	188345	187711
ENST00000409593.5	0	60964	60964
ENST00000409594.5	195	2079	1884
ENST00000409595.2	0	6225	6225
ENST00000409597.5	604	47692	47088
ENST00000409598.8	1815	57371	55556
ENST00000409599.5	6732	42567	35835
ENST00000409600.6	1308	11511	10203
ENST00000409601.1	26	16418	16392
ENST00000409602.2	93	49533	49440
ENST00000409603.5	3800	329562	325762
ENST00000409604.1	3390	61429	58039
ENST00000409605.1	23556	74218	50662
ENST00000409606.5	18409	141128	122719
ENST00000409607.5	138	1464	1326
ENST00000409609.5	183885	301092	117207
ENST00000409611.1	118	2786	2668
ENST00000409612.5	13386	39873	26487
ENST00000409613.5	103	76084	75981
ENST00000409614.1	171	1064	893
ENST00000409616.5	4484	32637	28153
ENST00000409617.6	23	8261	8238
ENST00000409618.5	1068	11145	10077
ENST00000409619.6	14422	92842	78420
ENST00000409623.8	16	64462	64446
ENST00000409624.1	8304	27684	19380
ENST00000409625.1	7651	13525	5874
ENST00000409627.6	12948	31525	18577
ENST00000409628.6	8556	42078	33522
ENST00000409631.5	21258	113301	92043
ENST00000409632.7	1275	10539	9264
ENST00000409633.5	6094	74805	68711
ENST00000409634.5	339	141616	141277
ENST00000409635.5	332	57213	56881
ENST00000409636.5	2207	42486	40279
ENST00000409637.7	184864	249077	64213
ENST00000409638.7	545	4009	3464
ENST00000409640.5	309	8485	8176
ENST00000409641.5	118	32722	32604
ENST00000409642.8	92250	176623	84373
ENST00000409643.6	177	116517	116340
ENST00000409644.6	256	18791	18535
ENST00000409645.5	134222	330869	196647
ENST00000409646.5	47	6992	6945
ENST00000409647.1	759	27155	26396
ENST00000409648.8	14259	20995	6736
ENST00000409649.5	2525	3965	1440
ENST00000409650.5	409	15965	15556
ENST00000409651.5	141	226067	225926
ENST00000409652.5	7980	12174	4194
ENST00000409653.5	35	22691	22656
ENST00000409654.5	19	46952	46933
ENST00000409655.5	1567	7031	5464
ENST00000409656.5	0	754	754
ENST00000409657.5	42676	47701	5025
ENST00000409658.7	1943	9421	7478
ENST00000409659.6	98	55747	55649
ENST00000409660.5	797	36312	35515
ENST00000409662.5	66	55601	55535
ENST00000409663.7	52	175019	174967
ENST00000409664.5	125368	207034	81666
ENST00000409665.5	5431	6736	1305
ENST00000409667.7	73	49830	49757
ENST00000409668.1	495	4170	3675
ENST00000409670.5	68	8352	8284
ENST00000409671.5	23	10444	10421
ENST00000409672.5	3490	122476	118986
ENST00000409673.7	12	33390	33378
ENST00000409674.5	2534	111508	108974
ENST00000409675.5	37303	51023	13720
ENST00000409676.5	101	25937	25836
ENST00000409677.5	95	50331	50236
ENST00000409678.8	457	9879	9422
ENST00000409679.5	187	11016	10829
ENST00000409680.7	179	54919	54740
ENST00000409681.1	1098	84391	83293
ENST00000409682.8	10401	103892	93491
ENST00000409683.5	171	4628	4457
ENST00000409684.2	8809	9353	544
ENST00000409685.4	878	24433	23555
ENST00000409687.5	2535	9509	6974
ENST00000409688.1	149	22825	22676
ENST00000409689.5	17506	69604	52098
ENST00000409690.5	1277	2867	1590
ENST00000409691.1	0	3793	3793
ENST00000409692.5	702	103465	102763
ENST00000409696.7	564	4530	3966
ENST00000409697.8	1360	50453	49093
ENST00000409698.1	269	5532	5263
ENST00000409699.6	2858	236434	233576
ENST00000409700.4	524	5430	4906
ENST00000409701.5	3	14493	14490
ENST00000409702.1	89	131592	131503
ENST00000409704.6	8215	13438	5223
ENST00000409705.5	0	11503	11503
ENST00000409707.6	1895	34557	32662
ENST00000409708.5	24695	43953	19258
ENST00000409709.9	2389	93044	90655
ENST00000409710.1	149	882	733
ENST00000409711.1	11	1831	1820
ENST00000409712.5	405	31827	31422
ENST00000409714.7	19689	55373	35684
ENST00000409716.6	56	5316	5260
ENST00000409717.5	38935	60902	21967
ENST00000409718.5	83352	173798	90446
ENST00000409719.1	53	2406	2353
ENST00000409720.5	1006	83986	82980
ENST00000409721.2	0	3922	3922
ENST00000409724.5	3	8287	8284
ENST00000409725.1	0	22519	22519
ENST00000409726.5	17615	52533	34918
ENST00000409727.5	1279	59360	58081
ENST00000409728.5	14996	373776	358780
ENST00000409729.1	297	3254	2957
ENST00000409731.7	8345	27597	19252
ENST00000409733.5	409	4456	4047
ENST00000409734.3	1293	2143	850
ENST00000409735.9	17789	30934	13145
ENST00000409736.6	24	31196	31172
ENST00000409737.5	134	3003	2869
ENST00000409738.4	6	10120	10114
ENST00000409739.2	127	4928	4801
ENST00000409740.3	308	17774	17466
ENST00000409741.5	0	38721	38721
ENST00000409743.1	104	3473	3369
ENST00000409744.5	141	225996	225855
ENST00000409745.2	1176	3016	1840
ENST00000409746.5	5177	89640	84463
ENST00000409747.5	1234	10241	9007
ENST00000409749.8	1416	72278	70862
ENST00000409750.5	89	59064	58975
ENST00000409751.1	625	42558	41933
ENST00000409752.5	162	75872	75710
ENST00000409753.8	857	19606	18749
ENST00000409754.5	858	5110	4252
ENST00000409757.9	13564	122629	109065
ENST00000409759.5	34284	94255	59971
ENST00000409760.1	54	4277	4223
ENST00000409761.5	76263	115471	39208
ENST00000409762.5	277	239003	238726
ENST00000409763.1	96	13286	13190
ENST00000409764.5	260	988	728
ENST00000409765.5	13874	46088	32214
ENST00000409766.7	2	33225	33223
ENST00000409767.5	55	136462	136407
ENST00000409769.6	211	5921	5710
ENST00000409772.5	216	48585	48369
ENST00000409773.5	2412	62039	59627
ENST00000409777.5	309	86128	85819
ENST00000409778.7	24	30378	30354
ENST00000409779.1	680	3566	2886
ENST00000409780.5	46377	132684	86307
ENST00000409781.1	3	5494	5491
ENST00000409782.5	224	2445	2221
ENST00000409783.6	24	18064	18040
ENST00000409784.8	1642	43670	42028
ENST00000409785.9	291	83381	83090
ENST00000409787.4	211	19373	19162
ENST00000409788.7	46454	106168	59714
ENST00000409789.5	415	5876	5461
ENST00000409790.6	154	237258	237104
ENST00000409791.5	22	4648	4626
ENST00000409792.4	660	155159	154499
ENST00000409795.5	5202	10875	5673
ENST00000409796.5	1721	5480	3759
ENST00000409797.6	422	13340	12918
ENST00000409798.5	10784	44533	33749
ENST00000409799.6	267	51908	51641
ENST00000409800.5	3592	6368	2776
ENST00000409801.5	5176	10938	5762
ENST00000409804.5	32	16290	16258
ENST00000409805.5	185663	302564	116901
ENST00000409806.8	3891	29324	25433
ENST00000409807.5	429	26491	26062
ENST00000409808.6	856	20129	19273
ENST00000409811.5	21644	35156	13512
ENST00000409812.6	197	84910	84713
ENST00000409813.7	79	84784	84705
ENST00000409815.6	0	5239	5239
ENST00000409816.8	24040	108110	84070
ENST00000409817.1	523	2657	2134
ENST00000409818.7	9441	45057	35616
ENST00000409820.2	0	41876	41876
ENST00000409821.5	44	21567	21523
ENST00000409822.1	284	2824	2540
ENST00000409823.7	7309	95600	88291
ENST00000409824.5	57	55220	55163
ENST00000409825.5	0	1464	1464
ENST00000409826.1	26	8140	8114
ENST00000409828.7	478	5626	5148
ENST00000409829.7	194	133053	132859
ENST00000409830.6	185829	303036	117207
ENST00000409831.5	219	60957	60738
ENST00000409833.5	446	22821	22375
ENST00000409834.5	1375	391114	389739
ENST00000409836.3	80	40279	40199
ENST00000409837.5	261	15103	14842
ENST00000409838.1	762	8592	7830
ENST00000409839.7	226	2922	2696
ENST00000409840.7	717	27930	27213
ENST00000409841.1	28	10004	9976
ENST00000409842.5	1367	15375	14008
ENST00000409843.5	186034	303151	117117
ENST00000409848.3	214	148827	148613
ENST00000409849.5	3364	8194	4830
ENST00000409850.5	138	126840	126702
ENST00000409851.8	75191	145640	70449
ENST00000409852.2	3619	4816	1197
ENST00000409853.5	189	174460	174271
ENST00000409854.5	864	149480	148616
ENST00000409856.8	83	6435	6352
ENST00000409857.7	250	48648	48398
ENST00000409858.8	16	6721	6705
ENST00000409860.1	302	2155	1853
ENST00000409861.5	2534	139316	136782
ENST00000409862.1	1155	3888	2733
ENST00000409863.5	34540	94526	59986
ENST00000409864.6	14432	38359	23927
ENST00000409865.7	413	16788	16375
ENST00000409867.6	543	14882	14339
ENST00000409868.5	344	20807	20463
ENST00000409869.5	64129	145022	80893
ENST00000409870.1	19379	19947	568
ENST00000409871.6	398	60443	60045
ENST00000409872.1	3	100676	100673
ENST00000409874.9	54	127733	127679
ENST00000409875.5	1296	15521	14225
ENST00000409876.5	92231	176533	84302
ENST00000409877.5	31	37888	37857
ENST00000409878.8	447	10337	9890
ENST00000409879.6	421	36488	36067
ENST00000409880.5	4753	20317	15564
ENST00000409882.5	981	15196	14215
ENST00000409883.7	4072	24425	20353
ENST00000409884.6	1013	775753	774740
ENST00000409885.1	53	15568	15515
ENST00000409886.4	1816	70133	68317
ENST00000409888.1	22	145986	145964
ENST00000409889.1	132	118604	118472
ENST00000409890.6	2124	37016	34892
ENST00000409891.5	886	20885	19999
ENST00000409892.5	1641	43479	41838
ENST00000409893.6	0	11578	11578
ENST00000409894.7	269	36343	36074
ENST00000409896.1	1192	25759	24567
ENST00000409897.5	23800	54674	30874
ENST00000409899.5	152	2650	2498
ENST00000409900.9	1310	207467	206157
ENST00000409902.5	102	11154	11052
ENST00000409903.5	230	50201	49971
ENST00000409904.7	258	10775	10517
ENST00000409906.9	579	6175	5596
ENST00000409907.8	540	185563	185023
ENST00000409908.5	86	18528	18442
ENST00000409909.7	459	2680	2221
ENST00000409911.5	979	776166	775187
ENST00000409913.5	3592	6368	2776
ENST00000409914.7	712	50190	49478
ENST00000409915.8	2044	18535	16491
ENST00000409916.5	24800	35436	10636
ENST00000409917.5	15	2878	2863
ENST00000409918.5	8330	10097	1767
ENST00000409919.5	338	212218	211880
ENST00000409920.5	39592	84423	44831
ENST00000409921.5	129	8368	8239
ENST00000409923.5	2473	47849	45376
ENST00000409924.7	70	9937	9867
ENST00000409925.1	2427	4338	1911
ENST00000409927.5	185689	237328	51639
ENST00000409929.5	87349	107984	20635
ENST00000409930.4	27	5797	5770
ENST00000409931.7	3272	85395	82123
ENST00000409933.6	27147	70503	43356
ENST00000409934.1	0	92835	92835
ENST00000409935.5	56	4219	4163
ENST00000409936.5	2593	43116	40523
ENST00000409938.5	130	149288	149158
ENST00000409939.8	845	15496	14651
ENST00000409941.1	3	8802	8799
ENST00000409943.8	271	6643	6372
ENST00000409944.5	8579	14962	6383
ENST00000409946.6	224	38540	38316
ENST00000409947.5	8852	46240	37388
ENST00000409948.1	99	15517	15418
ENST00000409949.5	37092	50812	13720
ENST00000409951.1	1651	6830	5179
ENST00000409952.3	201	2422	2221
ENST00000409953.5	6	74728	74722
ENST00000409954.6	13501	63446	49945
ENST00000409955.1	1411	11728	10317
ENST00000409957.5	2596	29480	26884
ENST00000409958.6	1133	11262	10129
ENST00000409959.8	38	175008	174970
ENST00000409960.6	47	2146	2099
ENST00000409965.5	66	13460	13394
ENST00000409967.6	54	100408	100354
ENST00000409968.6	116634	915848	799214
ENST00000409970.6	640	21730	21090
ENST00000409971.6	136935	343793	206858
ENST00000409972.5	1120	93945	92825
ENST00000409973.5	195	4335	4140
ENST00000409975.5	1130	10545	9415
ENST00000409977.2	2340	32866	30526
ENST00000409978.7	29573	86559	56986
ENST00000409979.6	270	84078	83808
ENST00000409980.5	8383	91106	82723
ENST00000409983.7	3960	112016	108056
ENST00000409984.2	0	5835	5835
ENST00000409985.5	7360	21969	14609
ENST00000409986.5	149	20654	20505
ENST00000409987.5	688	3519	2831
ENST00000409988.7	83094	173540	90446
ENST00000409990.7	235	48686	48451
ENST00000409991.5	2676	17624	14948
ENST00000409992.1	8	88875	88867
ENST00000409993.6	498	6367	5869
ENST00000409994.3	35	22584	22549
ENST00000409995.5	332	17060	16728
ENST00000409996.5	23424	71028	47604
ENST00000409997.1	228	6239	6011
ENST00000409998.5	3058	43837	40779
ENST00000409999.4	82	8937	8855
ENST00000410001.5	314	113631	113317
ENST00000410002.7	48	6475	6427
ENST00000410003.5	9	10153	10144
ENST00000410004.1	1001	2515	1514
ENST00000410005.2	208	1712	1504
ENST00000410006.6	1287	3825	2538
ENST00000410007.5	75	136518	136443
ENST00000410009.5	842	6543	5701
ENST00000410010.1	165	25205	25040
ENST00000410011.5	856	20129	19273
ENST00000410012.6	4116	33086	28970
ENST00000410013.1	5290	8115	2825
ENST00000410014.5	5451	6756	1305
ENST00000410015.6	7702	69953	62251
ENST00000410016.5	8224	12674	4450
ENST00000410017.5	2126	21998	19872
ENST00000410018.5	1460	38344	36884
ENST00000410019.3	92	13768	13676
ENST00000410020.8	144	226091	225947
ENST00000410022.7	123	42050	41927
ENST00000410023.6	14979	35707	20728
ENST00000410024.5	6900	26757	19857
ENST00000410025.5	35	3049	3014
ENST00000410026.7	3820	7997	4177
ENST00000410027.5	1260	2887	1627
ENST00000410029.1	54	4300	4246
ENST00000410031.5	81	77551	77470
ENST00000410032.5	7017	68538	61521
ENST00000410034.7	370	8719	8349
ENST00000410035.1	320	7510	7190
ENST00000410037.5	396	13636	13240
ENST00000410038.5	814	5066	4252
ENST00000410039.5	0	8894	8894
ENST00000410040.5	51132	86967	35835
ENST00000410041.1	141	226026	225885
ENST00000410042.1	31206	40620	9414
ENST00000410043.5	165	73261	73096
ENST00000410044.5	229	2450	2221
ENST00000410045.5	105	45188	45083
ENST00000410047.1	11613	19945	8332
ENST00000410048.5	96	11471	11375
ENST00000410049.1	56	8401	8345
ENST00000410050.5	231	6283	6052
ENST00000410051.5	185757	249970	64213
ENST00000410052.1	0	7526	7526
ENST00000410053.8	256	51170	50914
ENST00000410054.5	16324	141149	124825
ENST00000410055.5	100	41212	41112
ENST00000410056.7	0	26795	26795
ENST00000410057.6	218	63695	63477
ENST00000410058.1	48	49883	49835
ENST00000410059.6	138	1402063	1401925
ENST00000410061.4	450	1972	1522
ENST00000410062.9	1438	82896	81458
ENST00000410063.5	45	68023	67978
ENST00000410064.5	398	3470	3072
ENST00000410065.5	62	127430	127368
ENST00000410066.7	1271	329268	327997
ENST00000410067.8	1762	6599	4837
ENST00000410068.5	260	41039	40779
ENST00000410069.1	13155	45369	32214
ENST00000410070.6	18818	29658	10840
ENST00000410071.5	88	25443	25355
ENST00000410072.5	333	71441	71108
ENST00000410074.5	186	86392	86206
ENST00000410075.5	72362	121419	49057
ENST00000410076.5	800	22610	21810
ENST00000410077.2	176	60420	60244
ENST00000410079.7	2685	62290	59605
ENST00000410080.8	4716	68994	64278
ENST00000410081.5	437	40960	40523
ENST00000410083.6	18	18133	18115
ENST00000410084.7	46454	106168	59714
ENST00000410085.5	6223	6386	163
ENST00000410086.3	54	5815	5761
ENST00000410087.8	1515	121917	120402
ENST00000410089.5	748	54451	53703
ENST00000410091.7	17063	101570	84507
ENST00000410092.7	3128	213563	210435
ENST00000410093.5	87	77812	77725
ENST00000410095.5	103	19361	19258
ENST00000410096.6	2643	7860	5217
ENST00000410097.5	502	13509	13007
ENST00000410101.7	92	13997	13905
ENST00000410102.5	0	2462	2462
ENST00000410103.2	363	356080	355717
ENST00000410104.1	3621	366459	362838
ENST00000410105.2	2468	11456	8988
ENST00000410106.5	8	14638	14630
ENST00000410107.5	16869	134726	117857
ENST00000410108.5	1177	39988	38811
ENST00000410110.6	1672	8147	6475
ENST00000410111.8	335	53705	53370
ENST00000410112.6	236658	329574	92916
ENST00000410113.5	753	26108	25355
ENST00000410115.5	472	50977	50505
ENST00000411410.1	10400	11434	1034
ENST00000411411.1	0	730	730
ENST00000411412.5	0	6689	6689
ENST00000411414.1	0	3149	3149
ENST00000411416.6	4002	17575	13573
ENST00000411419.7	1205	52064	50859
ENST00000411423.1	1233	19102	17869
ENST00000411425.1	982	6147	5165
ENST00000411426.1	17003	21225	4222
ENST00000411432.6	310	12287	11977
ENST00000411443.1	7586	9069	1483
ENST00000411458.5	2186	6267	4081
ENST00000411462.5	0	11084	11084
ENST00000411463.2	0	9596	9596
ENST00000411464.3	0	620	620
ENST00000411466.7	2616	51179	48563
ENST00000411469.1	0	7555	7555
ENST00000411471.6	1924	10318	8394
ENST00000411478.5	0	29649	29649
ENST00000411482.1	6230	10973	4743
ENST00000411484.5	4340	21978	17638
ENST00000411486.7	878	20033	19155
ENST00000411494.5	0	231902	231902
ENST00000411496.2	13910	134306	120396
ENST00000411501.5	9503	11435	1932
ENST00000411502.7	1123	34077	32954
ENST00000411503.5	1555	4427	2872
ENST00000411510.5	0	70110	70110
ENST00000411518.5	11766	34415	22649
ENST00000411527.5	358	8048	7690
ENST00000411528.4	53	1005	952
ENST00000411529.6	51	7605	7554
ENST00000411531.5	0	23363	23363
ENST00000411532.1	0	8783	8783
ENST00000411533.5	11601	19717	8116
ENST00000411534.1	2203	3585	1382
ENST00000411538.5	5671	10395	4724
ENST00000411539.7	249	29807	29558
ENST00000411543.6	547	20703	20156
ENST00000411544.5	4078	9302	5224
ENST00000411549.5	6623	14779	8156
ENST00000411552.5	0	356	356
ENST00000411557.6	11415	16967	5552
ENST00000411566.5	0	556	556
ENST00000411571.6	13732	14515	783
ENST00000411577.5	0	1895	1895
ENST00000411578.6	8258	19687	11429
ENST00000411582.4	967	6085	5118
ENST00000411584.1	0	3617	3617
ENST00000411589.6	761	4495	3734
ENST00000411591.5	0	31838	31838
ENST00000411593.2	25	14798	14773
ENST00000411594.6	314	24295	23981
ENST00000411604.5	145	21473	21328
ENST00000411611.1	108	4988	4880
ENST00000411612.5	35481	43343	7862
ENST00000411613.5	0	2964	2964
ENST00000411621.6	0	6197	6197
ENST00000411624.5	0	88218	88218
ENST00000411628.5	0	114136	114136
ENST00000411637.6	119	114102	113983
ENST00000411641.7	82	8961	8879
ENST00000411642.6	0	20908	20908
ENST00000411646.2	47	2253	2206
ENST00000411647.5	1260	10672	9412
ENST00000411649.3	0	21449	21449
ENST00000411650.5	557	13547	12990
ENST00000411651.6	1337	12770	11433
ENST00000411653.6	127	192138	192011
ENST00000411677.1	0	233541	233541
ENST00000411679.2	15531	16844	1313
ENST00000411680.1	0	12406	12406
ENST00000411681.5	0	3547	3547
ENST00000411682.2	190	49071	48881
ENST00000411683.1	0	4409	4409
ENST00000411688.1	3690	7771	4081
ENST00000411689.6	278	24490	24212
ENST00000411695.1	0	18707	18707
ENST00000411696.7	5013	28753	23740
ENST00000411698.6	394	39405	39011
ENST00000411700.6	428	23423	22995
ENST00000411704.1	0	2523	2523
ENST00000411719.1	0	440	440
ENST00000411726.6	52	41039	40987
ENST00000411731.6	164	5718	5554
ENST00000411732.4	1210	5155	3945
ENST00000411734.1	1340	9951	8611
ENST00000411739.6	10419	46513	36094
ENST00000411743.5	0	4794	4794
ENST00000411744.6	3	22053	22050
ENST00000411750.5	1151	2842	1691
ENST00000411752.5	2737	18806	16069
ENST00000411762.5	0	4427	4427
ENST00000411763.6	2139	10125	7986
ENST00000411764.5	132248	197693	65445
ENST00000411765.2	79081	81487	2406
ENST00000411767.7	40942	227641	186699
ENST00000411768.2	211	12039	11828
ENST00000411769.1	501	33314	32813
ENST00000411772.5	39687	49688	10001
ENST00000411783.5	161	127551	127390
ENST00000411788.5	78401	89538	11137
ENST00000411789.6	54	3679	3625
ENST00000411792.1	0	260	260
ENST00000411793.6	5962	7707	1745
ENST00000411796.6	112	7071	6959
ENST00000411805.1	426	3271	2845
ENST00000411809.7	1902	75086	73184
ENST00000411812.1	18853	19635	782
ENST00000411813.6	4164	11366	7202
ENST00000411817.2	0	39173	39173
ENST00000411819.2	6783	26450	19667
ENST00000411821.5	0	1675	1675
ENST00000411823.5	0	9105	9105
ENST00000411827.2	25818	39421	13603
ENST00000411828.5	7663	7735	72
ENST00000411829.6	126	7868	7742
ENST00000411832.5	930	21637	20707
ENST00000411840.6	57008	76807	19799
ENST00000411841.1	0	4096	4096
ENST00000411845.3	0	9183	9183
ENST00000411850.5	125	48866	48741
ENST00000411851.3	59	7072	7013
ENST00000411852.5	2424	3935	1511
ENST00000411855.5	18	12266	12248
ENST00000411858.1	11128	13405	2277
ENST00000411860.5	329	3129	2800
ENST00000411863.2	25100	30721	5621
ENST00000411864.6	439	22316	21877
ENST00000411874.6	5505	11598	6093
ENST00000411884.2	30505	33935	3430
ENST00000411888.5	0	33922	33922
ENST00000411890.3	240	1676	1436
ENST00000411894.5	2529	15740	13211
ENST00000411896.6	53	27833	27780
ENST00000411900.5	76049	121354	45305
ENST00000411902.6	1147	7222	6075
ENST00000411912.5	642	57792	57150
ENST00000411915.1	783	13388	12605
ENST00000411917.1	0	7050	7050
ENST00000411922.5	3190	6958	3768
ENST00000411926.1	176	2725	2549
ENST00000411929.5	14859	18505	3646
ENST00000411932.1	0	392	392
ENST00000411934.6	13319	17608	4289
ENST00000411935.5	1095	15326	14231
ENST00000411937.6	39	176568	176529
ENST00000411938.1	57	4468	4411
ENST00000411939.5	2185	15496	13311
ENST00000411947.1	3354	17329	13975
ENST00000411948.7	57	7865	7808
ENST00000411953.5	2401	28044	25643
ENST00000411955.5	457	9959	9502
ENST00000411960.1	0	244	244
ENST00000411961.6	11	13148	13137
ENST00000411962.5	261	14498	14237
ENST00000411968.5	660	1961	1301
ENST00000411971.5	6756	11067	4311
ENST00000411972.1	0	6424	6424
ENST00000411973.3	0	34236	34236
ENST00000411974.5	16268	20652	4384
ENST00000411975.5	0	192920	192920
ENST00000411976.2	86	2796	2710
ENST00000411985.5	10	45336	45326
ENST00000411986.6	198	29014	28816
ENST00000411987.5	64	26275	26211
ENST00000411988.6	601	62351	61750
ENST00000411990.6	20302	28492	8190
ENST00000411991.5	13302	18269	4967
ENST00000411994.1	609	7937	7328
ENST00000411995.6	855	15076	14221
ENST00000412006.6	10168	41638	31470
ENST00000412008.5	0	2916	2916
ENST00000412011.5	0	43570	43570
ENST00000412025.5	0	19347	19347
ENST00000412028.5	791	19170	18379
ENST00000412033.7	33	661	628
ENST00000412034.5	0	15135	15135
ENST00000412035.5	0	12249	12249
ENST00000412036.6	253	7211	6958
ENST00000412043.6	381	43969	43588
ENST00000412048.5	2131	4668	2537
ENST00000412050.8	5523	195701	190178
ENST00000412051.5	612	31854	31242
ENST00000412052.4	2976	20540	17564
ENST00000412055.6	688	7513	6825
ENST00000412056.5	0	2922	2922
ENST00000412064.6	13	30153	30140
ENST00000412074.6	550	17413	16863
ENST00000412076.1	0	2768	2768
ENST00000412080.1	0	14780	14780
ENST00000412081.1	19	62983	62964
ENST00000412082.6	23780	23976	196
ENST00000412090.2	543	1603	1060
ENST00000412094.6	720	52292	51572
ENST00000412096.6	209	20466	20257
ENST00000412097.5	713	2786	2073
ENST00000412104.6	41709	114210	72501
ENST00000412107.5	241	886	645
ENST00000412111.6	1259	7323	6064
ENST00000412113.5	94	29267	29173
ENST00000412116.5	0	43347	43347
ENST00000412117.1	185	4973	4788
ENST00000412128.1	0	2859	2859
ENST00000412135.7	642	16355	15713
ENST00000412138.6	25	2106	2081
ENST00000412139.6	2060	20087	18027
ENST00000412142.5	182	39800	39618
ENST00000412145.5	3865	75461	71596
ENST00000412146.6	2321	25025	22704
ENST00000412148.6	3630	42990	39360
ENST00000412155.6	201	24544	24343
ENST00000412157.2	366	7506	7140
ENST00000412160.1	0	122	122
ENST00000412167.7	92	83526	83434
ENST00000412168.7	133	8941	8808
ENST00000412170.5	0	3120	3120
ENST00000412172.4	594	5584	4990
ENST00000412177.6	14	3968	3954
ENST00000412184.1	0	2616	2616
ENST00000412186.2	1761	20165	18404
ENST00000412190.6	2621	11846	9225
ENST00000412198.5	0	12103	12103
ENST00000412206.5	7404	11017	3613
ENST00000412210.5	0	8005	8005
ENST00000412215.5	145	2106	1961
ENST00000412217.1	0	16317	16317
ENST00000412227.6	3376	13917	10541
ENST00000412232.3	386	49464	49078
ENST00000412233.5	28	5674	5646
ENST00000412236.2	8954	12750	3796
ENST00000412237.6	20240	37406	17166
ENST00000412247.2	0	83904	83904
ENST00000412248.5	0	15039	15039
ENST00000412249.5	3067	13752	10685
ENST00000412252.6	607	189707	189100
ENST00000412253.1	2837	6841	4004
ENST00000412254.1	17033	17605	572
ENST00000412256.1	0	15044	15044
ENST00000412261.5	0	61886	61886
ENST00000412264.1	0	2499	2499
ENST00000412268.1	0	2358	2358
ENST00000412271.1	475	15610	15135
ENST00000412272.6	1026	154115	153089
ENST00000412274.6	5796	6236	440
ENST00000412277.6	2018	14298	12280
ENST00000412278.2	95	28518	28423
ENST00000412279.1	0	23158	23158
ENST00000412285.6	15573	120682	105109
ENST00000412290.6	13886	26285	12399
ENST00000412304.6	2758	6796	4038
ENST00000412306.1	3636	260633	256997
ENST00000412309.6	507	11461	10954
ENST00000412314.5	34	30671	30637
ENST00000412315.5	1599	54066	52467
ENST00000412318.5	3034	195295	192261
ENST00000412331.6	453	41401	40948
ENST00000412332.1	0	894	894
ENST00000412341.6	7288	8576	1288
ENST00000412342.6	103359	108258	4899
ENST00000412343.5	5660	6259	599
ENST00000412350.6	1259	6091	4832
ENST00000412352.6	14794	21610	6816
ENST00000412355.5	347	3168	2821
ENST00000412356.5	154	4916	4762
ENST00000412359.7	154	62858	62704
ENST00000412363.1	0	4424	4424
ENST00000412364.2	0	14840	14840
ENST00000412366.5	1251	4896	3645
ENST00000412367.6	275	35609	35334
ENST00000412370.5	2145	27765	25620
ENST00000412371.5	120	19365	19245
ENST00000412373.5	107264	115562	8298
ENST00000412383.5	25366	36956	11590
ENST00000412389.5	220	6073	5853
ENST00000412390.6	10252	17811	7559
ENST00000412391.6	193	3514	3321
ENST00000412398.6	241	2590	2349
ENST00000412401.3	187	53616	53429
ENST00000412402.5	340185	452259	112074
ENST00000412411.1	0	21648	21648
ENST00000412417.1	0	5485	5485
ENST00000412418.5	7704	66650	58946
ENST00000412423.8	66	624430	624364
ENST00000412432.6	37	11601	11564
ENST00000412433.5	33823	62355	28532
ENST00000412435.7	353	3628	3275
ENST00000412438.5	0	4140	4140
ENST00000412441.5	137	180901	180764
ENST00000412444.5	90587	141425	50838
ENST00000412450.1	0	8040	8040
ENST00000412458.6	0	11613	11613
ENST00000412468.4	71	2564	2493
ENST00000412471.5	0	2199	2199
ENST00000412476.5	1138	17088	15950
ENST00000412477.7	29	11618	11589
ENST00000412480.6	138	180635	180497
ENST00000412481.1	27859	28239	380
ENST00000412482.1	0	2836	2836
ENST00000412494.1	5629	12010	6381
ENST00000412505.6	437	2475	2038
ENST00000412507.1	1791	7127	5336
ENST00000412508.6	1	37742	37741
ENST00000412516.7	0	258554	258554
ENST00000412517.3	106	30614	30508
ENST00000412521.5	38828	65663	26835
ENST00000412522.1	2471	9731	7260
ENST00000412524.5	0	9788	9788
ENST00000412530.1	0	42	42
ENST00000412531.7	310	23827	23517
ENST00000412532.6	589	8532	7943
ENST00000412539.1	0	65808	65808
ENST00000412543.6	61145	81496	20351
ENST00000412544.5	5014	8551	3537
ENST00000412557.5	21048	45121	24073
ENST00000412564.5	71	58106	58035
ENST00000412565.2	0	2166	2166
ENST00000412566.6	1	2874	2873
ENST00000412568.6	0	34825	34825
ENST00000412570.5	22152	25352	3200
ENST00000412573.1	0	2089	2089
ENST00000412575.1	0	26328	26328
ENST00000412582.5	232	9650	9418
ENST00000412584.6	422	570328	569906
ENST00000412585.7	611	4362	3751
ENST00000412586.6	3	12636	12633
ENST00000412587.5	41262	134272	93010
ENST00000412591.5	2137	12956	10819
ENST00000412596.5	4181	23192	19011
ENST00000412604.1	14141	44881	30740
ENST00000412608.5	363	10492	10129
ENST00000412611.6	16026	29141	13115
ENST00000412612.1	5328	10706	5378
ENST00000412613.1	0	5160	5160
ENST00000412615.7	4963	28963	24000
ENST00000412616.2	52	9955	9903
ENST00000412622.5	24898	118994	94096
ENST00000412625.5	0	3016	3016
ENST00000412632.6	748	29113	28365
ENST00000412633.3	195	15077	14882
ENST00000412636.5	1965	12802	10837
ENST00000412641.1	44267	44737	470
ENST00000412653.5	0	23360	23360
ENST00000412658.5	7935	26367	18432
ENST00000412661.3	121	53820	53699
ENST00000412663.5	725	2331	1606
ENST00000412670.1	71	8549	8478
ENST00000412671.6	12517	78903	66386
ENST00000412676.5	3800	6664	2864
ENST00000412678.7	103	11425	11322
ENST00000412681.2	40	5908	5868
ENST00000412686.5	8701	11705	3004
ENST00000412691.5	23671	33157	9486
ENST00000412692.5	0	21049	21049
ENST00000412697.1	1995	5160	3165
ENST00000412698.3	5366	56395	51029
ENST00000412711.7	58	33668	33610
ENST00000412715.3	0	72818	72818
ENST00000412716.8	82	4129	4047
ENST00000412717.1	30821	34082	3261
ENST00000412718.3	546	11313	10767
ENST00000412720.6	89	22339	22250
ENST00000412723.6	804	7410	6606
ENST00000412731.5	53	30593	30540
ENST00000412732.5	1057	12548	11491
ENST00000412733.1	0	1206	1206
ENST00000412734.6	8155	13603	5448
ENST00000412735.5	75	13606	13531
ENST00000412738.5	15959	16422	463
ENST00000412742.5	53	21438	21385
ENST00000412743.1	0	13855	13855
ENST00000412752.5	100	1587	1487
ENST00000412756.6	69	6906	6837
ENST00000412761.5	0	6637	6637
ENST00000412770.7	752	19944	19192
ENST00000412774.5	0	1941	1941
ENST00000412779.2	245	1179	934
ENST00000412786.5	11585	18312	6727
ENST00000412791.5	0	6068	6068
ENST00000412793.5	16934	50370	33436
ENST00000412795.5	642	21641	20999
ENST00000412796.2	0	1868	1868
ENST00000412805.5	9125	25117	15992
ENST00000412806.1	3847	77573	73726
ENST00000412814.1	0	636	636
ENST00000412827.6	781	99146	98365
ENST00000412830.8	101	27906	27805
ENST00000412832.1	0	11003	11003
ENST00000412833.1	25103	67259	42156
ENST00000412839.5	0	6702	6702
ENST00000412844.6	3	9315	9312
ENST00000412846.5	0	879	879
ENST00000412847.5	0	5340	5340
ENST00000412850.5	0	2429	2429
ENST00000412853.1	0	50788	50788
ENST00000412863.1	0	6661	6661
ENST00000412865.1	9256	9290	34
ENST00000412866.2	497	19137	18640
ENST00000412869.5	0	23476	23476
ENST00000412873.2	0	114475	114475
ENST00000412877.1	1770	1838	68
ENST00000412879.5	15310	42051	26741
ENST00000412881.5	0	13146	13146
ENST00000412887.5	54	10314	10260
ENST00000412893.5	813	7298	6485
ENST00000412894.5	443	7597	7154
ENST00000412898.5	7867	11874	4007
ENST00000412899.5	40162	48311	8149
ENST00000412901.6	218	7726	7508
ENST00000412903.1	0	2482	2482
ENST00000412905.1	22907	23137	230
ENST00000412908.6	44	27748	27704
ENST00000412910.1	7901	100024	92123
ENST00000412911.5	16226	18498	2272
ENST00000412913.1	341	13187	12846
ENST00000412916.7	259	70181	69922
ENST00000412920.7	3	7100	7097
ENST00000412922.6	2126	10037	7911
ENST00000412923.6	1329	15783	14454
ENST00000412924.5	94	14075	13981
ENST00000412933.5	203	3098	2895
ENST00000412937.5	2225	4023	1798
ENST00000412945.7	70	21740	21670
ENST00000412947.6	1154	6812	5658
ENST00000412952.1	0	170	170
ENST00000412964.6	66	91085	91019
ENST00000412965.5	538	2750	2212
ENST00000412966.5	3520	28414	24894
ENST00000412971.6	67	12180	12113
ENST00000412973.1	0	4554	4554
ENST00000412979.1	34146	50508	16362
ENST00000412981.5	1810	103994	102184
ENST00000412982.5	0	7339	7339
ENST00000412985.5	1975	2839	864
ENST00000412988.6	79	19123	19044
ENST00000412997.6	1223	16117	14894
ENST00000413000.1	2021	10461	8440
ENST00000413002.5	2082	7573	5491
ENST00000413009.6	4239	51666	47427
ENST00000413013.6	713	1547	834
ENST00000413014.6	14254	20241	5987
ENST00000413017.2	240	15598	15358
ENST00000413020.6	224	31712	31488
ENST00000413021.2	123	15299	15176
ENST00000413025.5	326	34877	34551
ENST00000413026.1	0	10273	10273
ENST00000413034.3	209	60568	60359
ENST00000413037.1	29	4210	4181
ENST00000413040.7	3578	37239	33661
ENST00000413051.2	0	8917	8917
ENST00000413052.6	492	29072	28580
ENST00000413054.5	74	128807	128733
ENST00000413057.6	1683	15416	13733
ENST00000413064.5	0	72183	72183
ENST00000413065.5	306	36570	36264
ENST00000413073.1	106	27167	27061
ENST00000413079.1	0	16974	16974
ENST00000413081.1	0	12835	12835
ENST00000413082.1	0	23030	23030
ENST00000413084.5	0	11196	11196
ENST00000413095.6	17	27970	27953
ENST00000413099.6	10	11361	11351
ENST00000413111.5	0	454	454
ENST00000413114.6	1353	490653	489300
ENST00000413118.5	56331	66334	10003
ENST00000413119.2	550	2366	1816
ENST00000413127.1	1802	5336	3534
ENST00000413133.6	0	28044	28044
ENST00000413137.6	1403	5987	4584
ENST00000413138.7	8	23277	23269
ENST00000413139.2	215	265097	264882
ENST00000413140.5	72	12331	12259
ENST00000413141.5	0	36209	36209
ENST00000413146.6	12384	17023	4639
ENST00000413150.6	55	196653	196598
ENST00000413154.5	7769	9326	1557
ENST00000413157.6	1619	32981	31362
ENST00000413164.6	314	93354	93040
ENST00000413165.5	0	11958	11958
ENST00000413169.2	0	20029	20029
ENST00000413170.1	0	123417	123417
ENST00000413172.1	137	2557	2420
ENST00000413174.1	5690	14986	9296
ENST00000413183.3	8732	24101	15369
ENST00000413184.6	0	9589	9589
ENST00000413186.6	531	197238	196707
ENST00000413188.5	1690	24716	23026
ENST00000413191.1	37023	39103	2080
ENST00000413194.1	0	19430	19430
ENST00000413196.6	0	5101	5101
ENST00000413197.5	2137	8036	5899
ENST00000413199.1	1733	3303	1570
ENST00000413203.5	10373	16799	6426
ENST00000413208.1	93	40329	40236
ENST00000413209.6	443	91733	91290
ENST00000413210.1	14	390	376
ENST00000413211.5	701	2079	1378
ENST00000413212.2	20693	31998	11305
ENST00000413213.5	64625	83414	18789
ENST00000413217.1	0	112056	112056
ENST00000413218.5	0	12	12
ENST00000413219.6	11817	29406	17589
ENST00000413223.3	15	23599	23584
ENST00000413225.5	0	28424	28424
ENST00000413232.5	0	13415	13415
ENST00000413239.5	16228	19075	2847
ENST00000413241.5	0	4195	4195
ENST00000413242.6	589	19104	18515
ENST00000413243.4	2457	6667	4210
ENST00000413251.5	4493	7984	3491
ENST00000413253.1	0	30396	30396
ENST00000413258.1	0	1000	1000
ENST00000413259.7	494	22366	21872
ENST00000413265.5	379	17412	17033
ENST00000413266.6	0	44282	44282
ENST00000413268.6	2092	43975	41883
ENST00000413272.7	1356	54816	53460
ENST00000413276.6	12533	44783	32250
ENST00000413278.5	0	23568	23568
ENST00000413280.5	0	4797	4797
ENST00000413284.5	0	8040	8040
ENST00000413289.1	128	8065	7937
ENST00000413295.6	44	41885	41841
ENST00000413297.5	78273	80038	1765
ENST00000413298.5	199	1627	1428
ENST00000413299.6	1125	8724	7599
ENST00000413300.2	0	7296	7296
ENST00000413301.5	0	26189	26189
ENST00000413302.7	10	12760	12750
ENST00000413303.5	56	30699	30643
ENST00000413305.5	14379	25815	11436
ENST00000413307.6	49	122646	122597
ENST00000413309.3	270	33173	32903
ENST00000413312.5	246	80489	80243
ENST00000413316.1	47210	47736	526
ENST00000413325.1	2912	3348	436
ENST00000413330.5	35	32260	32225
ENST00000413331.1	11110	11558	448
ENST00000413338.5	32126	46272	14146
ENST00000413340.5	148	469	321
ENST00000413344.5	0	3475	3475
ENST00000413350.5	0	29721	29721
ENST00000413354.5	0	11153	11153
ENST00000413359.6	0	35917	35917
ENST00000413360.5	1001	46891	45890
ENST00000413364.6	3727	9184	5457
ENST00000413366.8	239	503420	503181
ENST00000413368.5	4922	5362	440
ENST00000413369.8	1683	114515	112832
ENST00000413371.6	15240	39947	24707
ENST00000413374.1	272	5204	4932
ENST00000413378.5	2007	8320	6313
ENST00000413379.7	102	79383	79281
ENST00000413380.5	593	96274	95681
ENST00000413381.6	909	2936	2027
ENST00000413382.6	3767	9079	5312
ENST00000413384.7	2399	20476	18077
ENST00000413387.5	607	72838	72231
ENST00000413388.2	36	7251	7215
ENST00000413392.5	0	3952	3952
ENST00000413393.5	93274	164284	71010
ENST00000413397.5	0	7689	7689
ENST00000413407.5	119	14798	14679
ENST00000413408.5	330	10441	10111
ENST00000413409.6	172	55339	55167
ENST00000413411.5	0	11569	11569
ENST00000413416.1	33007	33081	74
ENST00000413420.5	50	357002	356952
ENST00000413424.5	1324	14445	13121
ENST00000413427.6	709	34699	33990
ENST00000413432.2	0	9742	9742
ENST00000413433.5	0	356	356
ENST00000413434.5	208	152637	152429
ENST00000413437.1	82	4390	4308
ENST00000413440.5	23767	41561	17794
ENST00000413442.5	0	33069	33069
ENST00000413446.5	3940	17969	14029
ENST00000413447.1	0	704	704
ENST00000413453.7	192	6469	6277
ENST00000413456.6	130	11853	11723
ENST00000413459.7	69	12137	12068
ENST00000413463.6	54	21685	21631
ENST00000413464.6	75	21220	21145
ENST00000413465.6	163	15663	15500
ENST00000413468.1	0	9681	9681
ENST00000413469.1	0	16829	16829
ENST00000413473.6	902	59510	58608
ENST00000413476.6	269	80887	80618
ENST00000413489.5	24755	82592	57837
ENST00000413491.5	45	6007	5962
ENST00000413497.5	738	11812	11074
ENST00000413502.1	0	854	854
ENST00000413505.1	0	120	120
ENST00000413506.5	0	1002	1002
ENST00000413507.3	39	8932	8893
ENST00000413509.6	205881	300476	94595
ENST00000413513.7	22	14577	14555
ENST00000413517.1	0	59471	59471
ENST00000413518.6	6792	9728	2936
ENST00000413538.5	103	33539	33436
ENST00000413539.6	277	239044	238767
ENST00000413543.6	20433	52442	32009
ENST00000413545.5	1363	14031	12668
ENST00000413546.1	0	63478	63478
ENST00000413551.1	0	4675	4675
ENST00000413553.1	1538	89755	88217
ENST00000413554.5	0	58009	58009
ENST00000413555.5	0	49797	49797
ENST00000413561.7	1253	6859	5606
ENST00000413566.6	6129	68278	62149
ENST00000413569.5	31578	59427	27849
ENST00000413573.6	154	15503	15349
ENST00000413574.6	359	18953	18594
ENST00000413576.1	0	25532	25532
ENST00000413578.5	1302	4169	2867
ENST00000413580.5	879	2629	1750
ENST00000413582.6	62	15704	15642
ENST00000413583.5	0	2512	2512
ENST00000413584.1	0	14012	14012
ENST00000413587.5	0	15902	15902
ENST00000413588.1	0	5123	5123
ENST00000413590.5	0	39832	39832
ENST00000413592.5	289	14999	14710
ENST00000413593.5	20022	23402	3380
ENST00000413601.3	567	8074	7507
ENST00000413604.5	490	44529	44039
ENST00000413605.6	4560	137354	132794
ENST00000413608.2	0	18377	18377
ENST00000413619.3	120	1606	1486
ENST00000413620.6	4680	18311	13631
ENST00000413622.5	0	3079	3079
ENST00000413623.5	3776	12578	8802
ENST00000413626.2	821	8414	7593
ENST00000413630.1	0	2625	2625
ENST00000413632.6	3911	54207	50296
ENST00000413635.5	120	38645	38525
ENST00000413636.6	1602	3892	2290
ENST00000413642.8	0	15011	15011
ENST00000413643.5	517	24780	24263
ENST00000413644.6	1768	16424	14656
ENST00000413648.2	87057	98043	10986
ENST00000413651.3	7749	35342	27593
ENST00000413654.5	0	2535	2535
ENST00000413656.5	0	176	176
ENST00000413658.6	758	13713	12955
ENST00000413668.5	0	6449	6449
ENST00000413672.5	15036	24984	9948
ENST00000413673.5	4	6969	6965
ENST00000413682.5	0	2499	2499
ENST00000413683.5	140475	189063	48588
ENST00000413687.3	3501	20451	16950
ENST00000413689.6	2262	91266	89004
ENST00000413692.6	144	12911	12767
ENST00000413693.5	422	107225	106803
ENST00000413695.1	0	8414	8414
ENST00000413697.5	50526	64229	13703
ENST00000413698.5	14334	64158	49824
ENST00000413699.7	728	2975	2247
ENST00000413702.5	43530	52512	8982
ENST00000413704.5	0	4064	4064
ENST00000413710.2	4178	12030	7852
ENST00000413712.7	559	102605	102046
ENST00000413716.7	3866	136589	132723
ENST00000413720.5	558	36195	35637
ENST00000413724.5	4274	16423	12149
ENST00000413725.5	305	2547	2242
ENST00000413726.6	8452	29985	21533
ENST00000413728.6	1852	49278	47426
ENST00000413735.1	0	32336	32336
ENST00000413737.2	0	1736	1736
ENST00000413740.2	191	59116	58925
ENST00000413743.5	109	2558	2449
ENST00000413748.6	1917	55558	53641
ENST00000413749.2	0	17797	17797
ENST00000413751.1	0	128	128
ENST00000413756.5	23	16401	16378
ENST00000413758.1	0	6073	6073
ENST00000413760.5	0	2183	2183
ENST00000413761.7	161	4317	4156
ENST00000413764.6	20724	347592	326868
ENST00000413765.6	2287	96043	93756
ENST00000413767.2	364	1496	1132
ENST00000413769.1	0	950	950
ENST00000413778.6	10742	39399	28657
ENST00000413780.5	0	43938	43938
ENST00000413787.1	0	1984	1984
ENST00000413795.5	490	667809	667319
ENST00000413800.5	687	9306	8619
ENST00000413802.1	182	6071	5889
ENST00000413807.6	10693	41379	30686
ENST00000413809.5	39	10869	10830
ENST00000413811.3	31251	58639	27388
ENST00000413816.6	0	46046	46046
ENST00000413817.8	3112	19693	16581
ENST00000413821.1	206819	206879	60
ENST00000413823.1	0	15167	15167
ENST00000413830.6	64	6621	6557
ENST00000413831.1	13074	23956	10882
ENST00000413832.1	0	21859	21859
ENST00000413834.5	221	48630	48409
ENST00000413844.3	521	2961	2440
ENST00000413851.3	82	1997	1915
ENST00000413852.5	18794	35063	16269
ENST00000413854.5	7975	59371	51396
ENST00000413858.5	6962	14514	7552
ENST00000413869.5	50188	131312	81124
ENST00000413871.1	743	1826	1083
ENST00000413872.6	4992	40177	35185
ENST00000413878.2	0	32926	32926
ENST00000413881.5	14888	33114	18226
ENST00000413882.6	514	47608	47094
ENST00000413890.6	72	76000	75928
ENST00000413891.5	0	3242	3242
ENST00000413894.6	3815	123983	120168
ENST00000413905.6	163	33169	33006
ENST00000413907.1	0	658	658
ENST00000413908.1	1188	1816	628
ENST00000413910.6	210	13157	12947
ENST00000413916.5	7669	21608	13939
ENST00000413917.5	55	10429	10374
ENST00000413919.1	22	19940	19918
ENST00000413927.5	28334	28814	480
ENST00000413931.6	5	46083	46078
ENST00000413936.6	18794	45739	26945
ENST00000413938.5	31095	38903	7808
ENST00000413939.6	821	68019	67198
ENST00000413942.1	0	11887	11887
ENST00000413947.6	211	11888	11677
ENST00000413951.5	7728	8246	518
ENST00000413952.7	57	15063	15006
ENST00000413956.5	3686	10512	6826
ENST00000413966.2	354	27036	26682
ENST00000413967.5	1229	5396	4167
ENST00000413971.5	17589	21073	3484
ENST00000413976.1	0	274	274
ENST00000413981.5	4896	5908	1012
ENST00000413982.5	306	82882	82576
ENST00000413984.6	4978	10205	5227
ENST00000413985.1	0	15994	15994
ENST00000413988.3	702	29070	28368
ENST00000413995.1	0	2274	2274
ENST00000413996.7	1021	7734	6713
ENST00000413998.7	0	16792	16792
ENST00000413999.5	5970	6503	533
ENST00000414000.3	520	3071	2551
ENST00000414009.2	382	14950	14568
ENST00000414011.1	718	6538	5820
ENST00000414017.5	345	4476	4131
ENST00000414023.6	1376	17240	15864
ENST00000414028.6	50	69502	69452
ENST00000414029.1	25	11291	11266
ENST00000414031.5	1690	25050	23360
ENST00000414034.7	1138	5908	4770
ENST00000414035.5	0	5533	5533
ENST00000414037.5	0	38831	38831
ENST00000414040.6	1229	5320	4091
ENST00000414041.2	89	77038	76949
ENST00000414043.7	712	22661	21949
ENST00000414057.6	12441	19187	6746
ENST00000414060.5	3983	26312	22329
ENST00000414061.1	1903	5818	3915
ENST00000414062.5	9374	17329	7955
ENST00000414063.6	18216	27561	9345
ENST00000414069.2	2563	3467	904
ENST00000414073.6	10798	26800	16002
ENST00000414078.5	0	5145	5145
ENST00000414079.5	117	7673	7556
ENST00000414080.1	0	370	370
ENST00000414082.1	4005	4838	833
ENST00000414083.6	187	4979	4792
ENST00000414084.1	0	40438	40438
ENST00000414094.6	34	3271	3237
ENST00000414097.6	1705	48302	46597
ENST00000414099.6	2267	91218	88951
ENST00000414108.6	1584	82945	81361
ENST00000414109.2	0	382	382
ENST00000414113.5	0	19745	19745
ENST00000414115.5	0	3159	3159
ENST00000414117.6	19	9547	9528
ENST00000414122.1	0	14043	14043
ENST00000414138.6	798	1706	908
ENST00000414139.6	252223	722405	470182
ENST00000414144.7	1570	12611	11041
ENST00000414146.5	0	9872	9872
ENST00000414150.6	11127	79735	68608
ENST00000414154.6	4860	11310	6450
ENST00000414158.1	0	3864	3864
ENST00000414160.7	103	142223	142120
ENST00000414162.5	0	8890	8890
ENST00000414163.1	0	12376	12376
ENST00000414170.7	21461	156203	134742
ENST00000414172.1	0	2228	2228
ENST00000414174.1	951	14926	13975
ENST00000414176.5	4172	15179	11007
ENST00000414179.6	1436	13983	12547
ENST00000414180.5	6095	23127	17032
ENST00000414183.6	21	33807	33786
ENST00000414184.1	0	12889	12889
ENST00000414185.1	0	18820	18820
ENST00000414186.5	38820	65809	26989
ENST00000414188.6	998	30300	29302
ENST00000414192.2	23921	34633	10712
ENST00000414200.6	958	7320	6362
ENST00000414202.7	203	149379	149176
ENST00000414204.5	1154	3074	1920
ENST00000414212.5	19919	79053	59134
ENST00000414217.5	284	75962	75678
ENST00000414218.1	30263	96630	66367
ENST00000414222.2	2518	45362	42844
ENST00000414226.6	125	10726	10601
ENST00000414235.5	0	3275	3275
ENST00000414236.5	0	2955	2955
ENST00000414237.5	0	5245	5245
ENST00000414239.5	1587	36302	34715
ENST00000414241.7	165	29820	29655
ENST00000414242.3	0	4469	4469
ENST00000414243.1	13252	23162	9910
ENST00000414247.1	0	2362	2362
ENST00000414248.6	599	13174	12575
ENST00000414250.2	1324	36209	34885
ENST00000414253.5	2683	10851	8168
ENST00000414255.1	288	2197	1909
ENST00000414262.6	367	8909	8542
ENST00000414263.5	0	18343	18343
ENST00000414264.6	371	645	274
ENST00000414269.1	0	26991	26991
ENST00000414274.7	869	24769	23900
ENST00000414276.6	734	3990	3256
ENST00000414277.1	0	18992	18992
ENST00000414278.1	3752	11959	8207
ENST00000414279.5	0	52364	52364
ENST00000414281.5	18615	26200	7585
ENST00000414284.6	23	12431	12408
ENST00000414288.5	707	27814	27107
ENST00000414289.5	0	28753	28753
ENST00000414294.6	72	67268	67196
ENST00000414301.5	4578	28507	23929
ENST00000414303.7	14	9839	9825
ENST00000414305.5	8924	121092	112168
ENST00000414306.6	5710	7972	2262
ENST00000414307.6	19700	50020	30320
ENST00000414310.5	1644	5563	3919
ENST00000414316.5	30	14157	14127
ENST00000414320.1	0	220	220
ENST00000414322.5	6007	6540	533
ENST00000414324.5	59	42637	42578
ENST00000414326.1	170	5041	4871
ENST00000414331.5	16529	23800	7271
ENST00000414342.1	0	5345	5345
ENST00000414343.1	0	16310	16310
ENST00000414349.5	0	103992	103992
ENST00000414351.5	636	7531	6895
ENST00000414362.6	1023	157825	156802
ENST00000414367.5	32255	857110	824855
ENST00000414370.5	9661	12586	2925
ENST00000414371.6	7409	24926	17517
ENST00000414373.5	4326	5388	1062
ENST00000414376.6	11456	21334	9878
ENST00000414379.5	5112	6870	1758
ENST00000414380.1	0	6215	6215
ENST00000414381.5	0	216	216
ENST00000414387.6	409	44371	43962
ENST00000414390.5	16	1380	1364
ENST00000414399.1	0	2659	2659
ENST00000414408.5	0	470	470
ENST00000414413.5	0	8695	8695
ENST00000414416.2	829	1655	826
ENST00000414417.6	339	2764	2425
ENST00000414419.6	0	5501	5501
ENST00000414420.5	70008	81547	11539
ENST00000414423.9	4692	51528	46836
ENST00000414427.1	0	14497	14497
ENST00000414428.2	736	43523	42787
ENST00000414429.5	1429	6158	4729
ENST00000414431.1	0	1151	1151
ENST00000414439.5	40276	73195	32919
ENST00000414441.5	2609	5390	2781
ENST00000414443.5	6153	74832	68679
ENST00000414447.5	12	194515	194503
ENST00000414461.6	596	97714	97118
ENST00000414465.5	180	80397	80217
ENST00000414468.3	260	15945	15685
ENST00000414474.5	11311	13992	2681
ENST00000414478.1	2252	55690	53438
ENST00000414487.7	61	8601	8540
ENST00000414489.1	3765	4643	878
ENST00000414490.5	29658	30740	1082
ENST00000414496.5	39412	47289	7877
ENST00000414498.1	1125	3801	2676
ENST00000414499.1	0	794	794
ENST00000414501.2	0	10004	10004
ENST00000414509.5	0	4371	4371
ENST00000414510.5	2437	7634	5197
ENST00000414517.6	5751	31552	25801
ENST00000414521.6	2326	45507	43181
ENST00000414522.6	6208	241166	234958
ENST00000414527.6	1554	29221	27667
ENST00000414533.5	95	11064	10969
ENST00000414534.1	0	45594	45594
ENST00000414542.6	1496	2016	520
ENST00000414543.5	1071	6724	5653
ENST00000414546.6	728	9034	8306
ENST00000414552.6	225	87124	86899
ENST00000414558.2	0	14535	14535
ENST00000414563.6	889	293396	292507
ENST00000414567.5	5485	8059	2574
ENST00000414568.5	0	95874	95874
ENST00000414576.6	0	52150	52150
ENST00000414580.2	32760	37114	4354
ENST00000414589.1	9206	11342	2136
ENST00000414593.5	119	14605	14486
ENST00000414594.5	0	910	910
ENST00000414602.5	9505	34126	24621
ENST00000414605.2	0	18606	18606
ENST00000414606.1	232	17913	17681
ENST00000414610.1	0	11228	11228
ENST00000414615.6	1353	4148	2795
ENST00000414619.1	85973	86299	326
ENST00000414620.1	0	615	615
ENST00000414626.2	889	39864	38975
ENST00000414630.6	12502	14225	1723
ENST00000414632.5	0	112953	112953
ENST00000414635.5	0	119670	119670
ENST00000414636.1	2169	5986	3817
ENST00000414637.1	3371	37521	34150
ENST00000414641.5	5206	8127	2921
ENST00000414644.5	6091	51452	45361
ENST00000414645.6	99	72157	72058
ENST00000414650.1	1241	2301	1060
ENST00000414651.3	5	10183	10178
ENST00000414658.5	29545	57337	27792
ENST00000414664.5	0	2843	2843
ENST00000414665.5	0	8412	8412
ENST00000414670.2	0	3182	3182
ENST00000414671.1	3219	21045	17826
ENST00000414672.5	0	5396	5396
ENST00000414675.6	15	94554	94539
ENST00000414678.8	0	437214	437214
ENST00000414679.7	238984	413414	174430
ENST00000414681.1	5375	10322	4947
ENST00000414683.5	6849	12424	5575
ENST00000414689.6	22259	31373	9114
ENST00000414691.8	958	65920	64962
ENST00000414694.5	48	7587	7539
ENST00000414696.5	127	1589	1462
ENST00000414700.7	747	5710	4963
ENST00000414701.1	0	2152	2152
ENST00000414705.5	7462	174094	166632
ENST00000414706.2	5370	15299	9929
ENST00000414708.6	9576	75505	65929
ENST00000414711.5	0	1118	1118
ENST00000414712.2	30	688	658
ENST00000414716.8	3183	34331	31148
ENST00000414717.5	0	82135	82135
ENST00000414720.6	1854	18724	16870
ENST00000414723.1	0	15371	15371
ENST00000414724.5	0	23050	23050
ENST00000414725.6	1828	69769	67941
ENST00000414729.1	45	5260	5215
ENST00000414730.5	0	5859	5859
ENST00000414734.5	1452	3694	2242
ENST00000414736.1	26631	26957	326
ENST00000414747.5	0	29496	29496
ENST00000414749.6	674	33831	33157
ENST00000414754.7	585	47903	47318
ENST00000414766.5	0	68623	68623
ENST00000414770.6	537	19254	18717
ENST00000414771.5	2536	8645	6109
ENST00000414773.5	772	26439	25667
ENST00000414777.5	9667	14838	5171
ENST00000414781.1	0	35049	35049
ENST00000414785.5	0	2316	2316
ENST00000414789.5	364	11855	11491
ENST00000414791.6	3	9505	9502
ENST00000414802.5	388	55330	54942
ENST00000414803.1	2559	3437	878
ENST00000414809.7	2337	4123	1786
ENST00000414812.5	1753	18564	16811
ENST00000414814.5	2576	8340	5764
ENST00000414818.1	0	9542	9542
ENST00000414820.6	175	9058	8883
ENST00000414822.8	794	3222	2428
ENST00000414826.1	0	191019	191019
ENST00000414829.2	22	7532	7510
ENST00000414832.2	85	2043	1958
ENST00000414833.2	0	45688	45688
ENST00000414835.7	257	91752	91495
ENST00000414836.1	0	25746	25746
ENST00000414841.1	90021	90719	698
ENST00000414843.5	0	111679	111679
ENST00000414845.5	2606	6360	3754
ENST00000414849.6	87	48621	48534
ENST00000414851.6	15916	297900	281984
ENST00000414852.1	0	30	30
ENST00000414854.5	0	7254	7254
ENST00000414857.5	29630	40766	11136
ENST00000414861.6	0	47667	47667
ENST00000414862.5	390	5094	4704
ENST00000414866.6	1434	13698	12264
ENST00000414869.6	1365	23173	21808
ENST00000414871.1	190	16075	15885
ENST00000414879.5	0	34519	34519
ENST00000414880.1	0	10517	10517
ENST00000414883.2	185	55140	54955
ENST00000414884.1	0	168	168
ENST00000414892.5	383	6020	5637
ENST00000414893.5	18627	29475	10848
ENST00000414897.5	0	10521	10521
ENST00000414902.5	1546	6319	4773
ENST00000414906.5	28605	29551	946
ENST00000414912.2	3269	12768	9499
ENST00000414914.5	0	101838	101838
ENST00000414921.5	0	2640	2640
ENST00000414924.5	0	15390	15390
ENST00000414935.1	0	21867	21867
ENST00000414941.5	0	13701	13701
ENST00000414944.1	235	2396	2161
ENST00000414946.1	0	993	993
ENST00000414952.6	114	6203	6089
ENST00000414955.6	3421	8645	5224
ENST00000414963.2	139	16630	16491
ENST00000414964.5	0	9801	9801
ENST00000414968.1	14700	33113	18413
ENST00000414971.1	0	1071	1071
ENST00000414977.5	0	342	342
ENST00000414978.5	703	72901	72198
ENST00000414979.1	0	19051	19051
ENST00000414982.7	801	30901	30100
ENST00000414983.5	269	9909	9640
ENST00000414984.5	5890	161524	155634
ENST00000414985.5	103	6118	6015
ENST00000414986.5	395	48205	47810
ENST00000414993.1	0	3944	3944
ENST00000414996.1	19	2567	2548
ENST00000414999.5	1452	1662	210
ENST00000415002.7	494	13191	12697
ENST00000415003.1	0	14405	14405
ENST00000415005.6	419	33539	33120
ENST00000415009.5	16505	84338	67833
ENST00000415017.1	0	5957	5957
ENST00000415022.1	0	6048	6048
ENST00000415023.1	0	11508	11508
ENST00000415025.5	0	25297	25297
ENST00000415028.1	0	284	284
ENST00000415035.2	6354	47878	41524
ENST00000415038.1	0	7456	7456
ENST00000415039.7	135	6105	5970
ENST00000415040.6	361	3683	3322
ENST00000415041.1	0	3178	3178
ENST00000415044.3	180	2605	2425
ENST00000415045.2	19679	698962	679283
ENST00000415046.6	0	79959	79959
ENST00000415049.5	40816	75884	35068
ENST00000415050.3	89	1838	1749
ENST00000415051.5	43	16783	16740
ENST00000415053.5	193	4622	4429
ENST00000415055.2	0	17988	17988
ENST00000415061.8	761	19702	18941
ENST00000415068.1	0	5495	5495
ENST00000415069.6	285	74358	74073
ENST00000415072.1	110	9270	9160
ENST00000415073.6	32	18516	18484
ENST00000415074.1	0	44719	44719
ENST00000415075.6	1248	4580	3332
ENST00000415076.6	31129	40591	9462
ENST00000415077.1	0	2238	2238
ENST00000415078.1	0	428	428
ENST00000415083.7	2104	75559	73455
ENST00000415086.5	0	1406	1406
ENST00000415095.5	247	69365	69118
ENST00000415098.1	0	652	652
ENST00000415099.2	135	3622	3487
ENST00000415100.5	0	20557	20557
ENST00000415107.5	5	14513	14508
ENST00000415109.5	89	1278	1189
ENST00000415111.1	0	12567	12567
ENST00000415112.2	0	16550	16550
ENST00000415116.1	309	5302	4993
ENST00000415118.1	0	14	14
ENST00000415130.6	122	46797	46675
ENST00000415131.1	305	2502	2197
ENST00000415132.5	3908	14958	11050
ENST00000415136.6	615	10991	10376
ENST00000415139.5	4798	17139	12341
ENST00000415140.6	0	72291	72291
ENST00000415142.1	6884	7518	634
ENST00000415148.6	134	92240	92106
ENST00000415149.6	187525	285237	97712
ENST00000415155.5	493	23554	23061
ENST00000415162.5	0	22031	22031
ENST00000415163.5	0	31935	31935
ENST00000415164.5	196	12801	12605
ENST00000415165.6	41	17249	17208
ENST00000415167.2	54	76231	76177
ENST00000415168.5	20460	36479	16019
ENST00000415177.6	651	91900	91249
ENST00000415183.7	29	18937	18908
ENST00000415188.1	353	24374	24021
ENST00000415192.6	59	18397	18338
ENST00000415196.1	0	17604	17604
ENST00000415204.5	268	6733	6465
ENST00000415210.5	173	17378	17205
ENST00000415213.7	315	19633	19318
ENST00000415217.7	1272	16602	15330
ENST00000415220.6	299	353311	353012
ENST00000415224.5	1591	10921	9330
ENST00000415228.5	90	18579	18489
ENST00000415229.6	530	55751	55221
ENST00000415231.1	4	3777	3773
ENST00000415234.1	0	2094	2094
ENST00000415241.1	607	1311	704
ENST00000415248.1	8067	8461	394
ENST00000415251.6	41368	124989	83621
ENST00000415253.5	7528	23247	15719
ENST00000415254.5	11875	37103	25228
ENST00000415259.5	3050	33693	30643
ENST00000415261.5	0	65545	65545
ENST00000415264.5	5606	32374	26768
ENST00000415265.6	36	9590	9554
ENST00000415267.1	0	9221	9221
ENST00000415268.1	32552	34481	1929
ENST00000415271.6	161	20234	20073
ENST00000415272.2	0	2421	2421
ENST00000415273.2	178	39092	38914
ENST00000415274.5	0	22834	22834
ENST00000415280.1	1339	4644	3305
ENST00000415281.1	0	3306	3306
ENST00000415282.5	0	6653	6653
ENST00000415287.5	1461	14248	12787
ENST00000415288.6	527	22555	22028
ENST00000415296.5	0	38029	38029
ENST00000415298.5	16342	80769	64427
ENST00000415300.6	105	5268	5163
ENST00000415301.2	0	23312	23312
ENST00000415309.6	4047	21658	17611
ENST00000415314.7	0	5305	5305
ENST00000415318.2	47	5855	5808
ENST00000415325.5	87	12540	12453
ENST00000415329.7	0	658	658
ENST00000415332.1	24	25091	25067
ENST00000415337.6	723	8704	7981
ENST00000415348.5	0	14655	14655
ENST00000415352.6	61	6872	6811
ENST00000415354.6	0	1464	1464
ENST00000415355.7	120	3857	3737
ENST00000415360.1	0	2643	2643
ENST00000415361.6	33816	57092	23276
ENST00000415365.5	19313	59745	40432
ENST00000415368.5	0	12975	12975
ENST00000415369.5	0	80966	80966
ENST00000415372.1	544	7228	6684
ENST00000415374.5	1671	61575	59904
ENST00000415379.6	201	7726	7525
ENST00000415380.6	949	87731	86782
ENST00000415383.5	22711	40178	17467
ENST00000415384.2	0	95714	95714
ENST00000415385.7	53	121641	121588
ENST00000415388.5	1297	8164	6867
ENST00000415389.6	466	10985	10519
ENST00000415392.5	9121	9949	828
ENST00000415395.6	292	15957	15665
ENST00000415397.6	16534	29463	12929
ENST00000415400.5	7577	16253	8676
ENST00000415409.6	160	188674	188514
ENST00000415413.5	67	38818	38751
ENST00000415421.5	19242	28915	9673
ENST00000415424.5	6634	8778	2144
ENST00000415427.7	3088	27090	24002
ENST00000415428.5	1870	212345	210475
ENST00000415430.7	161	33669	33508
ENST00000415431.5	243	37176	36933
ENST00000415432.6	359	116307	115948
ENST00000415439.5	31068	83043	51975
ENST00000415442.2	9436	16467	7031
ENST00000415443.5	34465	46055	11590
ENST00000415452.5	626	27518	26892
ENST00000415454.1	0	51478	51478
ENST00000415455.5	23573	32471	8898
ENST00000415458.5	0	30296	30296
ENST00000415460.5	0	11213	11213
ENST00000415464.6	206	5471	5265
ENST00000415472.6	320	35152	34832
ENST00000415475.6	4580	15887	11307
ENST00000415480.5	36	10497	10461
ENST00000415482.6	45592	103210	57618
ENST00000415483.1	0	15995	15995
ENST00000415484.5	1478	3369	1891
ENST00000415485.7	36303	106823	70520
ENST00000415486.7	372	3399	3027
ENST00000415488.1	0	180722	180722
ENST00000415489.1	8763	24376	15613
ENST00000415491.6	614	9220	8606
ENST00000415493.7	398	21986	21588
ENST00000415495.5	61	11128	11067
ENST00000415496.5	137	63046	62909
ENST00000415497.6	987	2011	1024
ENST00000415498.2	0	328	328
ENST00000415500.1	1205	1983	778
ENST00000415508.6	284	68412	68128
ENST00000415514.5	2859	12847	9988
ENST00000415516.5	1432	102797	101365
ENST00000415524.1	0	4968	4968
ENST00000415526.5	48	27003	26955
ENST00000415527.1	1108	1766	658
ENST00000415529.2	15174	61439	46265
ENST00000415531.5	0	16394	16394
ENST00000415537.1	0	2632	2632
ENST00000415541.5	81769	253126	171357
ENST00000415548.1	0	13680	13680
ENST00000415550.6	5778	8014	2236
ENST00000415553.1	72	50311	50239
ENST00000415555.5	87053	123611	36558
ENST00000415557.2	139	14966	14827
ENST00000415562.5	10297	16618	6321
ENST00000415565.1	0	13379	13379
ENST00000415567.1	232	3259	3027
ENST00000415568.2	1161	2449	1288
ENST00000415569.5	232909	262944	30035
ENST00000415571.6	2327	10423	8096
ENST00000415576.7	97	59282	59185
ENST00000415585.7	26	19744	19718
ENST00000415593.6	841	18542	17701
ENST00000415597.5	13113	47737	34624
ENST00000415598.5	0	18427	18427
ENST00000415602.5	3004	4898	1894
ENST00000415603.1	0	8732	8732
ENST00000415608.1	0	85140	85140
ENST00000415609.6	710	26873	26163
ENST00000415613.6	0	64144	64144
ENST00000415614.6	0	130629	130629
ENST00000415615.1	733	1421	688
ENST00000415617.5	0	45407	45407
ENST00000415624.5	0	36285	36285
ENST00000415638.3	127	5103	4976
ENST00000415641.8	1244	23197	21953
ENST00000415644.5	443	4673	4230
ENST00000415650.5	31066	35813	4747
ENST00000415653.5	4693	9988	5295
ENST00000415665.5	3551	8558	5007
ENST00000415666.1	96	3130	3034
ENST00000415669.4	399	2401	2002
ENST00000415670.1	2696	3056	360
ENST00000415673.7	77	77421	77344
ENST00000415674.1	0	860	860
ENST00000415680.6	114	127542	127428
ENST00000415683.2	989	2815	1826
ENST00000415684.6	5366	49590	44224
ENST00000415688.1	0	2283	2283
ENST00000415690.6	1431	125121	123690
ENST00000415691.2	72	29743	29671
ENST00000415701.6	324	6049	5725
ENST00000415707.1	0	9744	9744
ENST00000415708.6	6257	33220	26963
ENST00000415717.5	26828	27432	604
ENST00000415719.5	712	2959	2247
ENST00000415724.2	3	81553	81550
ENST00000415732.1	0	14030	14030
ENST00000415733.1	0	15630	15630
ENST00000415737.1	93	613	520
ENST00000415738.3	2578	8090	5512
ENST00000415745.5	411	21259	20848
ENST00000415750.5	45235	132640	87405
ENST00000415751.1	422	15540	15118
ENST00000415753.5	0	26852	26852
ENST00000415756.1	0	2989	2989
ENST00000415757.7	84	568753	568669
ENST00000415758.1	4442	5985	1543
ENST00000415759.6	189	32700	32511
ENST00000415760.5	57946	158335	100389
ENST00000415761.5	47	19350	19303
ENST00000415762.6	1294	2330	1036
ENST00000415763.5	0	10602	10602
ENST00000415766.7	385	23140	22755
ENST00000415769.1	0	13981	13981
ENST00000415775.2	260917	364152	103235
ENST00000415782.1	0	17056	17056
ENST00000415783.6	3278	40099	36821
ENST00000415784.6	10449	12343	1894
ENST00000415785.5	47832	48246	414
ENST00000415788.3	478	69297	68819
ENST00000415790.5	156	9948	9792
ENST00000415792.5	187	41308	41121
ENST00000415798.5	0	8378	8378
ENST00000415803.2	1622	12556	10934
ENST00000415806.2	56	35530	35474
ENST00000415807.7	72902	361481	288579
ENST00000415811.7	65	12726	12661
ENST00000415814.6	0	125140	125140
ENST00000415816.7	164	8363	8199
ENST00000415817.2	0	1246	1246
ENST00000415822.8	99	28304	28205
ENST00000415826.3	486	40034	39548
ENST00000415827.6	2260	30861	28601
ENST00000415828.5	3182	8018	4836
ENST00000415832.5	4198	14259	10061
ENST00000415833.6	23465	46211	22746
ENST00000415834.5	623	1724	1101
ENST00000415844.1	0	10239	10239
ENST00000415845.2	2564	35293	32729
ENST00000415846.3	117	12669	12552
ENST00000415847.3	13000	28696	15696
ENST00000415849.1	7679	15870	8191
ENST00000415850.6	0	36852	36852
ENST00000415852.1	0	2355	2355
ENST00000415854.5	6498	9744	3246
ENST00000415855.6	0	7650	7650
ENST00000415858.3	1313	3925	2612
ENST00000415862.6	1647	34705	33058
ENST00000415863.5	0	416	416
ENST00000415868.5	3152	49603	46451
ENST00000415871.5	221	69297	69076
ENST00000415876.6	181	356632	356451
ENST00000415884.6	9	14354	14345
ENST00000415886.2	107	4917	4810
ENST00000415888.1	0	6601	6601
ENST00000415891.5	23648	64096	40448
ENST00000415893.1	0	2980	2980
ENST00000415895.9	329	28775	28446
ENST00000415897.5	0	9248	9248
ENST00000415899.2	4553	16856	12303
ENST00000415901.6	788	19167	18379
ENST00000415904.1	53	1161	1108
ENST00000415905.5	3102	43987	40885
ENST00000415906.1	0	138024	138024
ENST00000415912.6	2711	130374	127663
ENST00000415913.5	817	16520	15703
ENST00000415914.4	2062	8619	6557
ENST00000415915.5	0	21849	21849
ENST00000415919.3	3433	8712	5279
ENST00000415920.5	108	5031	4923
ENST00000415922.7	2965	5375	2410
ENST00000415928.6	134	25632	25498
ENST00000415929.5	0	15887	15887
ENST00000415930.8	170	37065	36895
ENST00000415933.5	43	3546	3503
ENST00000415935.1	0	5605	5605
ENST00000415936.5	5420	8070	2650
ENST00000415942.5	705	14942	14237
ENST00000415943.6	11	290475	290464
ENST00000415944.3	0	59921	59921
ENST00000415947.1	207	140687	140480
ENST00000415948.6	6743	8185	1442
ENST00000415949.5	161	5536	5375
ENST00000415950.5	351	4426	4075
ENST00000415951.6	175	84983	84808
ENST00000415952.1	0	20670	20670
ENST00000415953.5	422	21709	21287
ENST00000415954.6	277	41337	41060
ENST00000415955.5	43838	62064	18226
ENST00000415960.6	0	18586	18586
ENST00000415967.2	0	10690	10690
ENST00000415969.6	0	7235	7235
ENST00000415974.1	1305	11506	10201
ENST00000415980.2	73756	135162	61406
ENST00000415986.5	2548	10916	8368
ENST00000415993.5	4884	6134	1250
ENST00000415995.5	5306	10925	5619
ENST00000415997.1	0	76377	76377
ENST00000415999.1	74	3539	3465
ENST00000416000.1	163	35800	35637
ENST00000416001.5	124	74466	74342
ENST00000416005.6	144	40090	39946
ENST00000416006.7	34	93849	93815
ENST00000416007.9	522	23047	22525
ENST00000416012.1	0	8031	8031
ENST00000416015.2	0	47398	47398
ENST00000416016.2	1265	3724	2459
ENST00000416018.5	0	2505	2505
ENST00000416020.1	7470	8850	1380
ENST00000416021.5	82927	89423	6496
ENST00000416026.2	33	18412	18379
ENST00000416035.1	0	11825	11825
ENST00000416044.1	40	650	610
ENST00000416052.1	0	21497	21497
ENST00000416053.5	0	1705	1705
ENST00000416057.2	63	57327	57264
ENST00000416062.5	10845	46738	35893
ENST00000416065.1	0	20782	20782
ENST00000416071.1	137	6542	6405
ENST00000416073.7	4063	37601	33538
ENST00000416074.6	242	18569	18327
ENST00000416081.5	3530	5811	2281
ENST00000416084.5	0	8252	8252
ENST00000416093.2	7873	14844	6971
ENST00000416107.5	13	7512	7499
ENST00000416108.5	11057	11520	463
ENST00000416109.2	2444	93534	91090
ENST00000416114.3	0	10148	10148
ENST00000416116.2	56	7845	7789
ENST00000416121.5	3042	462733	459691
ENST00000416123.6	3	125143	125140
ENST00000416125.1	0	4154	4154
ENST00000416132.5	9187	46448	37261
ENST00000416135.5	19842	24185	4343
ENST00000416136.1	90	2680	2590
ENST00000416138.1	738	24486	23748
ENST00000416140.6	624	8655	8031
ENST00000416144.5	1989	5001	3012
ENST00000416149.6	155	32392	32237
ENST00000416151.6	115	11356	11241
ENST00000416156.6	103	3011	2908
ENST00000416159.5	5	494	489
ENST00000416160.1	7197	10122	2925
ENST00000416162.7	9194	19744	10550
ENST00000416165.6	17512	27508	9996
ENST00000416166.1	224	48126	47902
ENST00000416167.7	3873	6943	3070
ENST00000416172.1	38678	40662	1984
ENST00000416177.1	0	14671	14671
ENST00000416181.1	15	2751	2736
ENST00000416188.3	5043	40231	35188
ENST00000416189.6	47667	75260	27593
ENST00000416195.1	1414	58231	56817
ENST00000416199.5	92	10252	10160
ENST00000416206.5	0	16575	16575
ENST00000416208.5	3149	23860	20711
ENST00000416214.1	0	1420	1420
ENST00000416219.6	89	98099	98010
ENST00000416222.1	15231	34240	19009
ENST00000416223.5	1758	2557	799
ENST00000416230.1	1397	14110	12713
ENST00000416235.6	18090	52399	34309
ENST00000416236.5	66	1216	1150
ENST00000416239.1	171	5568	5397
ENST00000416240.6	973	203745	202772
ENST00000416245.5	4386	14153	9767
ENST00000416246.6	72625	81129	8504
ENST00000416247.4	480	41036	40556
ENST00000416248.5	531	16317	15786
ENST00000416255.5	5690	8632	2942
ENST00000416256.5	58	12915	12857
ENST00000416258.5	592	11479	10887
ENST00000416268.1	0	1336	1336
ENST00000416269.6	10821	26823	16002
ENST00000416272.1	0	1185	1185
ENST00000416273.7	21	3950	3929
ENST00000416274.7	267	37735	37468
ENST00000416277.5	5857	95120	89263
ENST00000416283.6	41464	158419	116955
ENST00000416284.8	2136	159541	157405
ENST00000416285.6	11394	16946	5552
ENST00000416286.7	617	24761	24144
ENST00000416288.6	17687	38862	21175
ENST00000416291.5	2308	2464	156
ENST00000416292.5	6094	74689	68595
ENST00000416293.7	96	44083	43987
ENST00000416298.5	0	25336	25336
ENST00000416299.6	0	11509	11509
ENST00000416305.1	264	92872	92608
ENST00000416307.6	360	1370	1010
ENST00000416314.5	397	87397	87000
ENST00000416319.5	1485	8752	7267
ENST00000416321.5	270	15690	15420
ENST00000416322.5	28956	30008	1052
ENST00000416333.1	0	5680	5680
ENST00000416334.5	0	21464	21464
ENST00000416337.1	0	544	544
ENST00000416345.5	0	98	98
ENST00000416348.1	113	2212	2099
ENST00000416357.6	3	775	772
ENST00000416358.5	0	2187	2187
ENST00000416362.5	0	23084	23084
ENST00000416370.2	5	365411	365406
ENST00000416372.5	299	27750	27451
ENST00000416373.6	18050	46603	28553
ENST00000416379.6	1571	24670	23099
ENST00000416380.6	3317	4231	914
ENST00000416382.6	67	325240	325173
ENST00000416400.1	20830	27096	6266
ENST00000416410.6	202	2972	2770
ENST00000416412.5	2691	8861	6170
ENST00000416415.2	0	6041	6041
ENST00000416417.5	585	29171	28586
ENST00000416420.5	679	108126	107447
ENST00000416425.5	0	74627	74627
ENST00000416426.6	1251	422134	420883
ENST00000416427.5	1366	4797	3431
ENST00000416431.5	102	8489	8387
ENST00000416436.5	0	10620	10620
ENST00000416441.2	1173	10803	9630
ENST00000416445.6	10673	33168	22495
ENST00000416447.1	6694	6778	84
ENST00000416449.6	41	196326	196285
ENST00000416452.1	0	54447	54447
ENST00000416454.5	285	737	452
ENST00000416457.5	0	21263	21263
ENST00000416460.6	282	250108	249826
ENST00000416464.6	658	56410	55752
ENST00000416465.5	74	11610	11536
ENST00000416469.6	4680	11130	6450
ENST00000416476.6	187418	284351	96933
ENST00000416479.1	0	700	700
ENST00000416480.1	0	8143	8143
ENST00000416488.5	589	12684	12095
ENST00000416492.5	0	97412	97412
ENST00000416494.6	23	38099	38076
ENST00000416495.6	259	47682	47423
ENST00000416496.6	2894	45560	42666
ENST00000416500.5	0	7613	7613
ENST00000416503.6	106	59091	58985
ENST00000416504.5	0	6748	6748
ENST00000416505.7	0	24551	24551
ENST00000416516.2	2909	28177	25268
ENST00000416518.1	118	4970	4852
ENST00000416524.2	166	14986	14820
ENST00000416526.5	533	4805	4272
ENST00000416529.5	4617	6262	1645
ENST00000416537.2	0	50	50
ENST00000416538.5	62	12052	11990
ENST00000416541.5	0	17829	17829
ENST00000416543.5	0	4708	4708
ENST00000416547.6	650	45069	44419
ENST00000416557.5	0	5205	5205
ENST00000416562.7	520	5134	4614
ENST00000416565.1	373	2305	1932
ENST00000416568.5	76	38475	38399
ENST00000416569.3	1910	307214	305304
ENST00000416571.5	0	1827	1827
ENST00000416585.1	0	28284	28284
ENST00000416587.5	63884	81603	17719
ENST00000416588.2	166	1316	1150
ENST00000416589.5	3009	33652	30643
ENST00000416590.1	0	3894	3894
ENST00000416591.5	41	10440	10399
ENST00000416592.1	0	12	12
ENST00000416594.2	141	2125	1984
ENST00000416596.5	0	3309	3309
ENST00000416600.6	14664	20538	5874
ENST00000416603.1	0	14229	14229
ENST00000416605.6	104945	132073	27128
ENST00000416606.1	127	1666	1539
ENST00000416608.5	1063	6582	5519
ENST00000416611.5	1023	19729	18706
ENST00000416614.7	898	27936	27038
ENST00000416617.3	132	14063	13931
ENST00000416618.5	741	11283	10542
ENST00000416623.5	1125	9221	8096
ENST00000416627.1	0	76	76
ENST00000416629.5	237	20816	20579
ENST00000416644.5	15971	16205	234
ENST00000416649.6	703	14095	13392
ENST00000416653.5	410	10190	9780
ENST00000416658.5	0	62626	62626
ENST00000416660.1	2983	6579	3596
ENST00000416661.1	78983	79091	108
ENST00000416668.5	272	88646	88374
ENST00000416671.5	33860	47595	13735
ENST00000416672.5	10	557641	557631
ENST00000416675.5	1421	9182	7761
ENST00000416676.5	17	38626	38609
ENST00000416681.5	6156	15207	9051
ENST00000416682.6	577	120010	119433
ENST00000416683.5	0	20081	20081
ENST00000416688.6	279	106934	106655
ENST00000416690.5	0	3760	3760
ENST00000416691.5	100	134552	134452
ENST00000416695.6	2416	4310	1894
ENST00000416698.1	7	7430	7423
ENST00000416699.5	3966	5266	1300
ENST00000416701.6	12296	73781	61485
ENST00000416704.1	859	2154	1295
ENST00000416707.1	1329	2011	682
ENST00000416711.5	0	5593	5593
ENST00000416713.5	61372	82561	21189
ENST00000416719.5	0	21041	21041
ENST00000416721.6	60	97185	97125
ENST00000416728.3	709	5198	4489
ENST00000416732.5	145	37892	37747
ENST00000416739.5	16040	82891	66851
ENST00000416740.2	7879	18483	10604
ENST00000416741.6	0	2004	2004
ENST00000416743.1	0	4580	4580
ENST00000416746.1	7	25888	25881
ENST00000416750.1	0	3763	3763
ENST00000416751.2	1768	31939	30171
ENST00000416754.1	0	156069	156069
ENST00000416756.5	0	3374	3374
ENST00000416757.1	0	8840	8840
ENST00000416760.5	0	7879	7879
ENST00000416762.7	27	35465	35438
ENST00000416766.6	0	14592	14592
ENST00000416767.8	28	49476	49448
ENST00000416776.6	380	25981	25601
ENST00000416778.5	0	2063	2063
ENST00000416779.1	1351	1603	252
ENST00000416783.1	0	5229	5229
ENST00000416784.5	252249	455761	203512
ENST00000416786.5	3483	4981	1498
ENST00000416789.1	0	17054	17054
ENST00000416792.2	1183	12562	11379
ENST00000416793.6	3956	10997	7041
ENST00000416795.6	614	11318	10704
ENST00000416796.5	28873	88757	59884
ENST00000416801.6	8378	29806	21428
ENST00000416804.1	0	6571	6571
ENST00000416810.7	875	10468	9593
ENST00000416815.5	0	20795	20795
ENST00000416820.5	793	2445	1652
ENST00000416823.1	1488	2316	828
ENST00000416836.5	141457	171839	30382
ENST00000416837.1	530	4756	4226
ENST00000416841.8	9896	11172	1276
ENST00000416847.5	0	14887	14887
ENST00000416848.6	1772	28733	26961
ENST00000416856.5	7288	8216	928
ENST00000416858.7	462	14726	14264
ENST00000416859.6	8	24659	24651
ENST00000416864.5	69	22087	22018
ENST00000416865.6	66152	153773	87621
ENST00000416872.6	8	15959	15951
ENST00000416880.5	0	5819	5819
ENST00000416888.5	2534	22221	19687
ENST00000416889.6	419	21201	20782
ENST00000416896.1	0	18497	18497
ENST00000416899.7	126	134775	134649
ENST00000416904.5	1262	7438	6176
ENST00000416905.1	269	7242	6973
ENST00000416907.5	7250	22590	15340
ENST00000416910.1	0	2480	2480
ENST00000416913.5	185	13981	13796
ENST00000416915.1	116	3878	3762
ENST00000416916.2	38	5913	5875
ENST00000416918.5	0	14146	14146
ENST00000416919.6	2632	25611	22979
ENST00000416929.3	0	2440	2440
ENST00000416938.5	0	3763	3763
ENST00000416943.1	134	2404	2270
ENST00000416950.5	25569	32614	7045
ENST00000416957.5	65567	354146	288579
ENST00000416961.6	87	3230	3143
ENST00000416965.5	27956	32691	4735
ENST00000416967.1	761	9957	9196
ENST00000416973.1	10282	11224	942
ENST00000416978.1	0	22876	22876
ENST00000416983.7	903	18028	17125
ENST00000416984.6	488	124116	123628
ENST00000416985.5	0	116	116
ENST00000416991.5	12	15179	15167
ENST00000416992.6	277088	289618	12530
ENST00000416994.6	0	10393	10393
ENST00000417004.5	35151	88897	53746
ENST00000417007.1	0	3604	3604
ENST00000417008.5	8413	8669	256
ENST00000417009.5	57	87393	87336
ENST00000417012.5	13903	17033	3130
ENST00000417013.5	0	7022	7022
ENST00000417015.3	33695	40865	7170
ENST00000417017.5	123	22588	22465
ENST00000417018.1	68	10863	10795
ENST00000417023.5	0	4288	4288
ENST00000417024.6	832	63571	62739
ENST00000417030.2	134	13841	13707
ENST00000417033.1	0	7377	7377
ENST00000417036.1	2098	2340	242
ENST00000417037.8	149	3480	3331
ENST00000417040.1	0	52976	52976
ENST00000417041.1	0	2471	2471
ENST00000417042.5	42387	42501	114
ENST00000417043.5	934	2303	1369
ENST00000417044.1	0	5929	5929
ENST00000417045.5	107	46285	46178
ENST00000417046.2	17313	151600	134287
ENST00000417052.5	6563	7679	1116
ENST00000417056.5	304	15555	15251
ENST00000417060.5	1491	18540	17049
ENST00000417064.1	0	4512	4512
ENST00000417065.5	941	9625	8684
ENST00000417066.5	52073	167894	115821
ENST00000417067.5	905	48953	48048
ENST00000417068.5	0	8100	8100
ENST00000417069.6	3	18786	18783
ENST00000417074.5	0	295508	295508
ENST00000417080.5	18556	63113	44557
ENST00000417085.2	0	1441	1441
ENST00000417090.1	0	13596	13596
ENST00000417091.5	15	20659	20644
ENST00000417094.5	21	1133	1112
ENST00000417097.5	13	24180	24167
ENST00000417098.6	2709	188721	186012
ENST00000417101.2	0	709	709
ENST00000417105.6	0	2881	2881
ENST00000417107.5	0	597	597
ENST00000417114.5	6793	22484	15691
ENST00000417119.5	34202	54805	20603
ENST00000417122.7	1240	37604	36364
ENST00000417128.7	1408	172072	170664
ENST00000417133.6	3379	197121	193742
ENST00000417137.6	143	30546	30403
ENST00000417141.5	13669	15857	2188
ENST00000417142.5	124	38633	38509
ENST00000417145.2	36	2180	2144
ENST00000417154.6	0	18123	18123
ENST00000417157.2	194	5538	5344
ENST00000417164.5	4699	20383	15684
ENST00000417165.1	0	19487	19487
ENST00000417167.2	0	17143	17143
ENST00000417171.6	454	18585	18131
ENST00000417172.5	123482	225692	102210
ENST00000417175.1	8	27478	27470
ENST00000417176.1	0	1348	1348
ENST00000417178.7	137	22161	22024
ENST00000417180.1	0	1418	1418
ENST00000417181.5	3291	4074	783
ENST00000417187.2	2359	2555	196
ENST00000417189.5	784	62725	61941
ENST00000417191.2	0	31492	31492
ENST00000417196.5	0	3049	3049
ENST00000417201.4	4265	24435	20170
ENST00000417203.5	0	132	132
ENST00000417206.6	0	138773	138773
ENST00000417207.5	47	38962	38915
ENST00000417208.1	0	11969	11969
ENST00000417209.2	26045	49581	23536
ENST00000417212.5	2066	3254	1188
ENST00000417220.6	1011	7721	6710
ENST00000417224.5	237	20892	20655
ENST00000417225.6	132	26695	26563
ENST00000417226.6	887	26907	26020
ENST00000417227.5	27	99047	99020
ENST00000417231.5	6082	6784	702
ENST00000417235.6	14005	36585	22580
ENST00000417237.5	16664	71038	54374
ENST00000417238.5	202741	219584	16843
ENST00000417239.1	13	563	550
ENST00000417243.5	0	57613	57613
ENST00000417245.7	155	10171	10016
ENST00000417247.6	357	49269	48912
ENST00000417251.6	41	69929	69888
ENST00000417253.7	0	52968	52968
ENST00000417254.1	161	831	670
ENST00000417256.3	1313	3925	2612
ENST00000417257.6	3124	325986	322862
ENST00000417268.3	45	104040	103995
ENST00000417270.2	144	6133	5989
ENST00000417271.2	3106	320957	317851
ENST00000417279.3	49	909	860
ENST00000417285.7	0	14891	14891
ENST00000417287.5	18567	25960	7393
ENST00000417289.1	616	1837	1221
ENST00000417292.5	6682	8507	1825
ENST00000417294.5	0	196197	196197
ENST00000417295.6	287	40003	39716
ENST00000417300.1	1188	4695	3507
ENST00000417302.7	1057	2586	1529
ENST00000417307.3	9636	10120	484
ENST00000417314.2	49	11874	11825
ENST00000417318.3	80	20379	20299
ENST00000417321.1	0	6025	6025
ENST00000417323.1	0	15014	15014
ENST00000417329.1	0	52453	52453
ENST00000417330.6	10985	20305	9320
ENST00000417331.6	47	39814	39767
ENST00000417332.5	0	1992	1992
ENST00000417339.4	1038	2668	1630
ENST00000417342.1	7021	17457	10436
ENST00000417344.2	2787	24187	21400
ENST00000417345.2	0	13489	13489
ENST00000417348.2	0	2877	2877
ENST00000417349.5	0	554	554
ENST00000417352.5	0	21759	21759
ENST00000417353.6	592	5917	5325
ENST00000417361.2	44918	82218	37300
ENST00000417362.7	27	147628	147601
ENST00000417363.5	0	60	60
ENST00000417364.1	63	14201	14138
ENST00000417368.7	2943	62932	59989
ENST00000417376.5	0	3060	3060
ENST00000417377.1	0	1756	1756
ENST00000417379.6	7918	24399	16481
ENST00000417382.5	362	3186	2824
ENST00000417391.1	3683	10148	6465
ENST00000417392.5	111352	112030	678
ENST00000417393.1	202	1916	1714
ENST00000417394.6	0	41055	41055
ENST00000417398.5	760	4715	3955
ENST00000417399.5	0	19549	19549
ENST00000417400.1	0	1406	1406
ENST00000417403.5	26	63690	63664
ENST00000417405.2	269	31322	31053
ENST00000417410.7	4888	11338	6450
ENST00000417413.7	16547	74845	58298
ENST00000417424.1	0	1261	1261
ENST00000417433.6	30	36484	36454
ENST00000417435.5	6056	19423	13367
ENST00000417438.1	7002	12561	5559
ENST00000417439.5	5	30781	30776
ENST00000417440.2	0	17936	17936
ENST00000417443.3	188	654	466
ENST00000417448.2	532	13737	13205
ENST00000417449.6	3	58216	58213
ENST00000417450.5	0	63458	63458
ENST00000417453.5	1513	9761	8248
ENST00000417454.5	1219	25540	24321
ENST00000417456.1	2990	11112	8122
ENST00000417464.6	5408	17666	12258
ENST00000417466.5	0	106930	106930
ENST00000417467.5	129	22518	22389
ENST00000417469.6	0	274	274
ENST00000417470.1	0	10187	10187
ENST00000417472.5	0	2880	2880
ENST00000417475.5	111	1426	1315
ENST00000417477.2	13468	36249	22781
ENST00000417478.6	136	86298	86162
ENST00000417493.1	118	3000	2882
ENST00000417494.5	24415	90831	66416
ENST00000417495.7	103	89174	89071
ENST00000417496.6	75376	581327	505951
ENST00000417499.1	14226	14636	410
ENST00000417500.5	40	6935	6895
ENST00000417504.5	38	13141	13103
ENST00000417507.6	0	72768	72768
ENST00000417508.1	19030	22002	2972
ENST00000417509.5	432	8543	8111
ENST00000417512.1	126	5014	4888
ENST00000417515.5	2778	9451	6673
ENST00000417521.5	0	8180	8180
ENST00000417523.5	3218	12678	9460
ENST00000417525.5	100	16041	15941
ENST00000417528.5	0	8854	8854
ENST00000417530.5	95	33484	33389
ENST00000417536.5	5134	16812	11678
ENST00000417537.2	193	12639	12446
ENST00000417538.6	0	57590	57590
ENST00000417540.5	0	84	84
ENST00000417545.5	113	7847	7734
ENST00000417547.1	887	3166	2279
ENST00000417550.7	4563	15054	10491
ENST00000417551.5	87	29605	29518
ENST00000417563.3	184	2224	2040
ENST00000417564.3	241	113403	113162
ENST00000417570.6	77	28229	28152
ENST00000417572.5	615	21786	21171
ENST00000417573.5	296	3705	3409
ENST00000417581.1	0	15691	15691
ENST00000417582.6	79323	107218	27895
ENST00000417583.5	0	3208	3208
ENST00000417584.6	2703	8145	5442
ENST00000417588.5	24114	47439	23325
ENST00000417599.6	1356	35096	33740
ENST00000417602.5	833	47089	46256
ENST00000417604.6	48	26369	26321
ENST00000417606.3	34	4322	4288
ENST00000417608.1	0	12784	12784
ENST00000417621.5	353	3410	3057
ENST00000417625.5	73	39124	39051
ENST00000417626.8	462	5856	5394
ENST00000417628.6	26116	37431	11315
ENST00000417633.1	0	536	536
ENST00000417637.1	0	732	732
ENST00000417640.7	112	164774	164662
ENST00000417641.6	141181	248284	107103
ENST00000417645.1	322	7204	6882
ENST00000417647.7	80	16148	16068
ENST00000417652.6	386	10547	10161
ENST00000417656.6	788	17823	17035
ENST00000417658.5	4929	27860	22931
ENST00000417661.1	0	11704	11704
ENST00000417662.1	563	667	104
ENST00000417664.7	1701	56860	55159
ENST00000417665.5	86	83372	83286
ENST00000417669.6	13790	95389	81599
ENST00000417678.5	3502	4696	1194
ENST00000417682.6	0	36389	36389
ENST00000417686.1	0	6792	6792
ENST00000417689.6	1192	11195	10003
ENST00000417693.8	176	38998	38822
ENST00000417694.6	1134	2593	1459
ENST00000417700.6	126	67568	67442
ENST00000417701.5	0	43353	43353
ENST00000417702.5	7618	7666	48
ENST00000417709.5	79	1384	1305
ENST00000417710.5	0	7223	7223
ENST00000417712.1	0	372	372
ENST00000417717.6	1233	75401	74168
ENST00000417718.7	190	16628	16438
ENST00000417723.1	11885	13929	2044
ENST00000417724.1	0	136	136
ENST00000417725.1	102	3802	3700
ENST00000417726.1	9307	12168	2861
ENST00000417731.5	69	14616	14547
ENST00000417737.5	11698	57364	45666
ENST00000417740.5	3	65482	65479
ENST00000417744.5	85006	86558	1552
ENST00000417746.6	25909	40807	14898
ENST00000417748.1	537	4126	3589
ENST00000417749.6	0	47361	47361
ENST00000417750.5	9546	13638	4092
ENST00000417752.1	0	8698	8698
ENST00000417753.5	36543	37215	672
ENST00000417758.5	21563	49273	27710
ENST00000417761.2	24267	26839	2572
ENST00000417762.5	81	29493	29412
ENST00000417764.5	1104	6068	4964
ENST00000417766.5	9334	16639	7305
ENST00000417767.1	1932	2110	178
ENST00000417768.1	15977	29092	13115
ENST00000417772.7	0	8242	8242
ENST00000417775.5	809	20310	19501
ENST00000417778.5	17173	17347	174
ENST00000417784.5	211	15389	15178
ENST00000417788.5	77	4436	4359
ENST00000417803.5	756	941	185
ENST00000417807.7	246	8304	8058
ENST00000417808.1	0	671	671
ENST00000417809.1	0	3814	3814
ENST00000417814.3	41067	80588	39521
ENST00000417816.2	1844	390730	388886
ENST00000417819.6	75	16929	16854
ENST00000417826.3	1270	3808	2538
ENST00000417833.2	0	64208	64208
ENST00000417836.1	0	3558	3558
ENST00000417841.5	0	31882	31882
ENST00000417849.5	7821	30926	23105
ENST00000417852.5	0	104602	104602
ENST00000417855.1	0	3026	3026
ENST00000417856.5	1301	11510	10209
ENST00000417857.1	404	7414	7010
ENST00000417864.5	108	100310	100202
ENST00000417865.5	0	952	952
ENST00000417867.1	844	1912	1068
ENST00000417871.5	8138	11129	2991
ENST00000417874.6	52	72278	72226
ENST00000417876.1	146	2276	2130
ENST00000417877.1	3398	7036	3638
ENST00000417896.1	557	1335	778
ENST00000417901.6	365	15221	14856
ENST00000417902.5	0	22063	22063
ENST00000417903.5	151	3399	3248
ENST00000417905.1	65	9992	9927
ENST00000417906.1	20312	35069	14757
ENST00000417912.6	54	160588	160534
ENST00000417913.1	553	1514	961
ENST00000417919.5	145312	166342	21030
ENST00000417925.5	1967	116591	114624
ENST00000417934.6	8290	15768	7478
ENST00000417935.1	0	550	550
ENST00000417936.5	0	7726	7726
ENST00000417938.2	2	5024	5022
ENST00000417945.1	0	3178	3178
ENST00000417948.5	11058	12339	1281
ENST00000417951.6	0	13317	13317
ENST00000417952.5	69	4140	4071
ENST00000417954.5	2766	38770	36004
ENST00000417955.5	3654	30173	26519
ENST00000417956.6	475	165478	165003
ENST00000417958.5	27675	27927	252
ENST00000417959.4	3	2467	2464
ENST00000417960.5	3805	72131	68326
ENST00000417961.5	210	76995	76785
ENST00000417962.5	36035	36311	276
ENST00000417963.6	5893	34550	28657
ENST00000417965.5	1208	3104	1896
ENST00000417972.5	1104	6068	4964
ENST00000417977.2	0	1034	1034
ENST00000417979.5	0	20040	20040
ENST00000417981.6	185	13814	13629
ENST00000417982.6	16305	22792	6487
ENST00000417996.2	360	8232	7872
ENST00000417998.5	5664	12224	6560
ENST00000417999.5	197	12157	11960
ENST00000418000.5	0	144299	144299
ENST00000418005.1	22594	23374	780
ENST00000418018.5	0	5814	5814
ENST00000418019.5	118	106752	106634
ENST00000418021.1	0	5921	5921
ENST00000418022.2	463	13970	13507
ENST00000418026.1	0	1082	1082
ENST00000418030.7	60	19499	19439
ENST00000418032.3	6	27563	27557
ENST00000418033.5	0	10509	10509
ENST00000418034.1	0	2340	2340
ENST00000418037.5	6137	8911	2774
ENST00000418038.5	1746	8786	7040
ENST00000418040.5	14697	32992	18295
ENST00000418045.5	22968	25376	2408
ENST00000418046.1	0	212	212
ENST00000418047.5	2287	14927	12640
ENST00000418055.5	0	4925	4925
ENST00000418058.1	0	35293	35293
ENST00000418061.2	1910	37809	35899
ENST00000418063.3	133	43156	43023
ENST00000418067.1	0	13244	13244
ENST00000418068.6	159	13295	13136
ENST00000418075.1	199	8227	8028
ENST00000418081.5	0	16866	16866
ENST00000418082.1	430	35329	34899
ENST00000418087.1	0	2972	2972
ENST00000418089.5	558	36088	35530
ENST00000418097.7	66	80824	80758
ENST00000418099.5	2852	83723	80871
ENST00000418100.6	789	30496	29707
ENST00000418101.1	0	9797	9797
ENST00000418102.5	19	10407	10388
ENST00000418103.2	6822	26106	19284
ENST00000418105.5	154	4916	4762
ENST00000418107.3	338	6954	6616
ENST00000418109.5	115	17115	17000
ENST00000418110.5	37875	55231	17356
ENST00000418113.5	11953	30969	19016
ENST00000418114.5	3	52282	52279
ENST00000418115.6	1067	17019	15952
ENST00000418118.1	6079	6293	214
ENST00000418120.5	633	73075	72442
ENST00000418121.5	1118	5610	4492
ENST00000418122.1	0	3015	3015
ENST00000418123.1	0	10406	10406
ENST00000418124.5	18611	129760	111149
ENST00000418127.5	0	9892	9892
ENST00000418133.5	0	21589	21589
ENST00000418137.1	34	4932	4898
ENST00000418139.5	4851	6186	1335
ENST00000418140.5	989	2329	1340
ENST00000418143.1	0	2460	2460
ENST00000418146.1	1866	1936	70
ENST00000418148.5	2384	151196	148812
ENST00000418153.6	490	152762	152272
ENST00000418160.5	0	2606	2606
ENST00000418162.1	182	38471	38289
ENST00000418163.5	40	10917	10877
ENST00000418169.5	34	23850	23816
ENST00000418170.5	4904	6783	1879
ENST00000418176.1	2034	6162	4128
ENST00000418178.2	0	8193	8193
ENST00000418179.1	105	15406	15301
ENST00000418185.6	16353	41245	24892
ENST00000418186.2	5770	8006	2236
ENST00000418189.5	258	16609	16351
ENST00000418194.7	1414	57439	56025
ENST00000418197.1	0	10340	10340
ENST00000418198.5	171	9420	9249
ENST00000418199.1	0	634	634
ENST00000418201.5	0	4301	4301
ENST00000418203.3	1450	6977	5527
ENST00000418208.5	105	9512	9407
ENST00000418210.2	3679	24892	21213
ENST00000418212.5	2931	4411	1480
ENST00000418217.1	0	34871	34871
ENST00000418224.7	7725	91432	83707
ENST00000418229.6	31121	37336	6215
ENST00000418232.5	1638	6984	5346
ENST00000418233.7	1345	27798	26453
ENST00000418234.6	555	21152	20597
ENST00000418236.5	0	168877	168877
ENST00000418239.1	0	5614	5614
ENST00000418241.5	0	1220	1220
ENST00000418247.1	0	38978	38978
ENST00000418259.5	430	24036	23606
ENST00000418260.3	748	2084	1336
ENST00000418261.5	93	11292	11199
ENST00000418265.1	7453	74381	66928
ENST00000418268.5	1282	14268	12986
ENST00000418277.5	0	2824	2824
ENST00000418281.5	6181	10448	4267
ENST00000418284.5	0	3847	3847
ENST00000418286.1	0	6015	6015
ENST00000418288.5	0	12828	12828
ENST00000418289.1	1329	2071	742
ENST00000418294.1	0	9000	9000
ENST00000418299.5	31	3529	3498
ENST00000418301.3	3089	10555	7466
ENST00000418304.1	0	108426	108426
ENST00000418306.6	755	816416	815661
ENST00000418310.5	102	40380	40278
ENST00000418314.1	8653	10398	1745
ENST00000418316.2	0	1876	1876
ENST00000418319.5	0	68505	68505
ENST00000418321.1	0	11287	11287
ENST00000418323.6	4912	135293	130381
ENST00000418325.1	0	1409	1409
ENST00000418329.5	329	24280	23951
ENST00000418331.7	354	190786	190432
ENST00000418333.6	689	104065	103376
ENST00000418337.6	1080	76947	75867
ENST00000418338.1	22762	23117	355
ENST00000418339.5	144	7774	7630
ENST00000418341.1	8680	9036	356
ENST00000418347.6	10986	13633	2647
ENST00000418354.5	103	21459	21356
ENST00000418356.1	0	12225	12225
ENST00000418359.7	35197	112487	77290
ENST00000418364.1	0	800	800
ENST00000418367.1	0	3891	3891
ENST00000418370.6	1798	8443	6645
ENST00000418373.1	1244	10246	9002
ENST00000418375.1	11242	14754	3512
ENST00000418378.5	430	28208	27778
ENST00000418386.3	454	2013	1559
ENST00000418388.6	1895	2727	832
ENST00000418389.6	1644	13112	11468
ENST00000418390.7	56	12365	12309
ENST00000418391.6	5458	11024	5566
ENST00000418394.2	0	21801	21801
ENST00000418404.8	89	69440	69351
ENST00000418406.1	3561	3913	352
ENST00000418408.2	7819	11675	3856
ENST00000418425.6	19	12200	12181
ENST00000418427.1	121	21021	20900
ENST00000418431.5	1660	4235	2575
ENST00000418434.5	1507	29765	28258
ENST00000418435.1	10751	18540	7789
ENST00000418438.2	157	8819	8662
ENST00000418446.6	3	8714	8711
ENST00000418447.1	559	1245	686
ENST00000418450.5	211	13295	13084
ENST00000418457.6	0	51669	51669
ENST00000418458.6	61	9872	9811
ENST00000418460.4	34	5462	5428
ENST00000418463.5	5734	22010	16276
ENST00000418464.1	204	49926	49722
ENST00000418472.6	92145	93340	1195
ENST00000418473.7	43165	45317	2152
ENST00000418476.2	40	21240	21200
ENST00000418483.6	284	156772	156488
ENST00000418488.6	3902	39625	35723
ENST00000418492.5	0	40027	40027
ENST00000418497.5	0	69807	69807
ENST00000418498.5	2676	17317	14641
ENST00000418500.1	0	306	306
ENST00000418501.5	20181	34359	14178
ENST00000418503.1	0	9314	9314
ENST00000418507.6	1176	2744	1568
ENST00000418509.2	0	6065	6065
ENST00000418511.6	2407	4963	2556
ENST00000418517.5	7355	18186	10831
ENST00000418519.6	220	13959	13739
ENST00000418521.6	3	19196	19193
ENST00000418526.6	76	803134	803058
ENST00000418527.1	348	27286	26938
ENST00000418532.6	227	67293	67066
ENST00000418533.6	141	267975	267834
ENST00000418541.6	0	9354	9354
ENST00000418543.8	2984	9798	6814
ENST00000418547.2	495	54809	54314
ENST00000418549.3	1223	2364	1141
ENST00000418555.6	319	7129	6810
ENST00000418556.5	686	9021	8335
ENST00000418559.6	0	23048	23048
ENST00000418561.2	0	43231	43231
ENST00000418562.5	290	97154	96864
ENST00000418569.5	0	4052	4052
ENST00000418570.6	1193	19694	18501
ENST00000418572.7	623	9185	8562
ENST00000418576.3	790	4753	3963
ENST00000418577.1	576	3546	2970
ENST00000418581.6	5542	38267	32725
ENST00000418588.6	40399	65743	25344
ENST00000418590.4	335	9865	9530
ENST00000418593.6	7606	14665	7059
ENST00000418596.7	7555	51871	44316
ENST00000418597.5	0	20663	20663
ENST00000418600.7	0	31462	31462
ENST00000418601.1	7	10183	10176
ENST00000418606.1	2768	4664	1896
ENST00000418610.1	0	556946	556946
ENST00000418611.5	17643	55860	38217
ENST00000418617.5	34727	36540	1813
ENST00000418619.5	3315	25173	21858
ENST00000418622.7	191	149257	149066
ENST00000418625.5	10	3773	3763
ENST00000418627.1	0	20172	20172
ENST00000418628.5	22	4967	4945
ENST00000418629.6	920	182178	181258
ENST00000418631.5	156	13779	13623
ENST00000418632.1	2154	10282	8128
ENST00000418635.6	68530	84543	16013
ENST00000418644.5	14985	23763	8778
ENST00000418646.5	3225	31852	28627
ENST00000418647.7	355	38082	37727
ENST00000418653.6	23658	41056	17398
ENST00000418654.2	0	631901	631901
ENST00000418658.6	472638	960407	487769
ENST00000418664.2	299	51050	50751
ENST00000418673.2	430	16974	16544
ENST00000418674.1	107	60809	60702
ENST00000418675.5	349	8855	8506
ENST00000418678.5	0	78048	78048
ENST00000418682.5	26290	36815	10525
ENST00000418688.5	0	27853	27853
ENST00000418689.1	0	1888	1888
ENST00000418691.5	9194	27062	17868
ENST00000418698.3	51	70177	70126
ENST00000418700.6	12073	87306	75233
ENST00000418703.7	537	34307	33770
ENST00000418705.2	1195	9513	8318
ENST00000418708.3	0	26572	26572
ENST00000418709.6	28	250137	250109
ENST00000418710.3	2014	6041	4027
ENST00000418713.6	217	4768	4551
ENST00000418719.1	1819	13694	11875
ENST00000418723.1	0	618	618
ENST00000418724.1	609	4411	3802
ENST00000418725.1	0	21068	21068
ENST00000418729.1	0	1164	1164
ENST00000418735.1	6594	18760	12166
ENST00000418736.6	436	168094	167658
ENST00000418738.2	274	3344	3070
ENST00000418740.5	140	570	430
ENST00000418745.5	922	6748	5826
ENST00000418750.5	0	3045	3045
ENST00000418754.6	176	99447	99271
ENST00000418761.6	40462	135187	94725
ENST00000418762.5	107046	133736	26690
ENST00000418766.6	14004	134347	120343
ENST00000418767.5	421	49010	48589
ENST00000418768.5	4571	8333	3762
ENST00000418772.1	0	15333	15333
ENST00000418774.6	1252	4837	3585
ENST00000418776.1	0	15603	15603
ENST00000418777.5	1093	312028	310935
ENST00000418781.7	20	31670	31650
ENST00000418785.5	25	17340	17315
ENST00000418790.5	177	2173	1996
ENST00000418791.5	519	134971	134452
ENST00000418794.1	79	8393	8314
ENST00000418797.5	11427	15802	4375
ENST00000418800.6	6117	19292	13175
ENST00000418802.2	0	128173	128173
ENST00000418807.7	2192	10788	8596
ENST00000418808.1	0	2036	2036
ENST00000418814.7	14835	150936	136101
ENST00000418817.5	0	3955	3955
ENST00000418819.5	0	1060	1060
ENST00000418820.6	671	58613	57942
ENST00000418823.4	0	10420	10420
ENST00000418825.5	1592	2764	1172
ENST00000418828.1	0	2687	2687
ENST00000418829.5	177	7346	7169
ENST00000418831.1	2162	8337	6175
ENST00000418841.5	7723	9383	1660
ENST00000418842.7	485	6831	6346
ENST00000418860.1	0	4994	4994
ENST00000418862.2	477	25687	25210
ENST00000418863.5	0	9117	9117
ENST00000418866.1	0	7019	7019
ENST00000418871.5	1466	22112	20646
ENST00000418876.5	0	3660	3660
ENST00000418878.1	3952	4040	88
ENST00000418880.1	4301	9740	5439
ENST00000418890.5	72	21502	21430
ENST00000418897.5	0	2769	2769
ENST00000418900.6	944	10199	9255
ENST00000418904.5	655	80912	80257
ENST00000418905.1	9897	11743	1846
ENST00000418908.5	31711	101574	69863
ENST00000418909.6	20345	35845	15500
ENST00000418910.2	181	30616	30435
ENST00000418914.2	0	2155	2155
ENST00000418917.7	4333	39617	35284
ENST00000418919.6	3299	40811	37512
ENST00000418920.5	0	15265	15265
ENST00000418921.1	0	6753	6753
ENST00000418923.3	915	680276	679361
ENST00000418926.1	2067	3747	1680
ENST00000418929.7	473	40516	40043
ENST00000418930.6	196	37661	37465
ENST00000418931.7	52	11014	10962
ENST00000418933.1	159	5891	5732
ENST00000418937.6	151	21565	21414
ENST00000418939.1	2785	13635	10850
ENST00000418940.5	137491	178116	40625
ENST00000418949.6	50	7709	7659
ENST00000418951.6	63689	89914	26225
ENST00000418952.1	0	7520	7520
ENST00000418956.2	49	13572	13523
ENST00000418961.5	4295	5650	1355
ENST00000418964.2	111	53326	53215
ENST00000418971.6	1740	43057	41317
ENST00000418975.1	215	11671	11456
ENST00000418976.3	65	12822	12757
ENST00000418978.5	37181	39379	2198
ENST00000418984.7	54818	126518	71700
ENST00000418988.2	131	106719	106588
ENST00000418989.5	0	43615	43615
ENST00000418994.1	344	4761	4417
ENST00000418996.5	36	20233	20197
ENST00000418997.1	0	586	586
ENST00000418998.7	5807	35993	30186
ENST00000419004.2	0	20011	20011
ENST00000419015.1	56	1786	1730
ENST00000419016.6	200	16452	16252
ENST00000419018.1	4835	12416	7581
ENST00000419020.1	0	2044	2044
ENST00000419021.1	0	15272	15272
ENST00000419022.6	5145	22916	17771
ENST00000419023.4	11	78569	78558
ENST00000419026.5	31738	63702	31964
ENST00000419036.5	4044	53748	49704
ENST00000419037.5	3423	4584	1161
ENST00000419040.6	16690	33971	17281
ENST00000419044.6	6249	34906	28657
ENST00000419047.5	267	2274	2007
ENST00000419054.5	44	378	334
ENST00000419057.5	16829	26817	9988
ENST00000419059.1	0	2987	2987
ENST00000419060.5	593	2766	2173
ENST00000419063.5	0	28746	28746
ENST00000419065.6	71	9239	9168
ENST00000419067.6	733	19306	18573
ENST00000419068.1	0	39776	39776
ENST00000419070.6	335	31652	31317
ENST00000419071.6	9481	75321	65840
ENST00000419074.5	19790	26760	6970
ENST00000419079.1	0	83138	83138
ENST00000419081.5	962	8279	7317
ENST00000419085.5	2677	4950	2273
ENST00000419090.1	229	4679	4450
ENST00000419091.7	195	56046	55851
ENST00000419093.5	111	6509	6398
ENST00000419098.6	427	36386	35959
ENST00000419102.1	0	37423	37423
ENST00000419106.5	139	17970	17831
ENST00000419110.5	5091	7930	2839
ENST00000419111.2	8940	25177	16237
ENST00000419112.5	26273	34837	8564
ENST00000419113.5	58	4326	4268
ENST00000419114.6	220	25269	25049
ENST00000419116.2	0	4192	4192
ENST00000419117.5	20	20692	20672
ENST00000419119.1	124	4166	4042
ENST00000419121.6	324	29225	28901
ENST00000419127.5	2252	43511	41259
ENST00000419130.5	0	90174	90174
ENST00000419131.6	1908	159126	157218
ENST00000419132.5	0	6909	6909
ENST00000419133.5	7884	17789	9905
ENST00000419137.2	0	28860	28860
ENST00000419140.7	923	10002	9079
ENST00000419147.6	3388	54863	51475
ENST00000419152.7	59	7945	7886
ENST00000419155.5	2295	12404	10109
ENST00000419156.6	4164	11381	7217
ENST00000419159.2	0	206	206
ENST00000419161.2	5739	7975	2236
ENST00000419162.5	118	36572	36454
ENST00000419164.6	1732	17200	15468
ENST00000419165.5	45627	46810	1183
ENST00000419169.5	43437	75882	32445
ENST00000419173.5	19596	25008	5412
ENST00000419179.5	823	14834	14011
ENST00000419180.6	0	20576	20576
ENST00000419181.5	76	10111	10035
ENST00000419184.1	4004	13010	9006
ENST00000419185.1	6462	12828	6366
ENST00000419187.6	178424	201878	23454
ENST00000419189.1	9703	15016	5313
ENST00000419194.3	1313	3925	2612
ENST00000419197.6	8164	31002	22838
ENST00000419198.6	48	2958	2910
ENST00000419205.5	654	10243	9589
ENST00000419210.1	329	775	446
ENST00000419216.1	0	57338	57338
ENST00000419219.1	0	15546	15546
ENST00000419227.5	61311	229088	167777
ENST00000419229.1	0	6517	6517
ENST00000419233.6	515	24353	23838
ENST00000419234.9	2056	45410	43354
ENST00000419235.7	53	57069	57016
ENST00000419241.1	0	13693	13693
ENST00000419242.5	0	5764	5764
ENST00000419245.5	262	9843	9581
ENST00000419247.5	0	34757	34757
ENST00000419248.5	5854	15275	9421
ENST00000419252.1	0	14541	14541
ENST00000419255.6	29	174149	174120
ENST00000419262.1	2952	3228	276
ENST00000419268.1	0	95028	95028
ENST00000419275.3	213	1195	982
ENST00000419276.1	391	2211	1820
ENST00000419277.5	4084	9777	5693
ENST00000419280.5	23522	33349	9827
ENST00000419281.6	4091	5778	1687
ENST00000419284.6	7730	25102	17372
ENST00000419287.1	74873	291803	216930
ENST00000419291.7	426	4100	3674
ENST00000419292.1	2668	4940	2272
ENST00000419301.1	18366	23866	5500
ENST00000419304.7	1100	10503	9403
ENST00000419307.6	538	21628	21090
ENST00000419308.7	855	4667	3812
ENST00000419312.5	0	8609	8609
ENST00000419318.5	453	5144	4691
ENST00000419322.6	1361	61206	59845
ENST00000419325.5	0	75754	75754
ENST00000419330.5	38131	38387	256
ENST00000419333.5	175	41820	41645
ENST00000419334.1	11	5093	5082
ENST00000419336.6	223	5812	5589
ENST00000419338.5	0	5839	5839
ENST00000419343.7	61	5218	5157
ENST00000419348.6	69	20281	20212
ENST00000419349.3	809	1395	586
ENST00000419354.5	995	256260	255265
ENST00000419358.5	11612	22085	10473
ENST00000419360.5	0	6599	6599
ENST00000419367.8	3948	44489	40541
ENST00000419370.5	23957	26086	2129
ENST00000419372.5	0	2254	2254
ENST00000419374.1	0	1063	1063
ENST00000419378.5	4682	6259	1577
ENST00000419381.1	0	764	764
ENST00000419385.5	92	14208	14116
ENST00000419386.1	15	9789	9774
ENST00000419387.5	12	2930	2918
ENST00000419390.2	9392	38881	29489
ENST00000419395.6	289	44974	44685
ENST00000419396.6	624	8655	8031
ENST00000419398.1	0	1091	1091
ENST00000419399.4	587	26786	26199
ENST00000419408.5	2772	119592	116820
ENST00000419417.5	3	156708	156705
ENST00000419421.3	21	2963	2942
ENST00000419433.1	0	1857	1857
ENST00000419434.5	0	142375	142375
ENST00000419435.5	22414	25906	3492
ENST00000419436.1	0	27305	27305
ENST00000419437.5	2018	8415	6397
ENST00000419443.1	0	9325	9325
ENST00000419445.6	8393	59961	51568
ENST00000419460.5	0	9490	9490
ENST00000419464.5	2790	55039	52249
ENST00000419470.6	675	3949	3274
ENST00000419472.1	0	20169	20169
ENST00000419474.5	1108	22175	21067
ENST00000419475.1	2937	3585	648
ENST00000419477.6	54	28977	28923
ENST00000419478.1	0	6702	6702
ENST00000419479.5	2722	16059	13337
ENST00000419482.7	40	44144	44104
ENST00000419486.1	7508	7855	347
ENST00000419488.5	2242	1440546	1438304
ENST00000419490.5	0	3298	3298
ENST00000419493.3	215	5043	4828
ENST00000419497.5	937	2767	1830
ENST00000419502.5	0	5253	5253
ENST00000419504.6	596	99235	98639
ENST00000419505.5	2246	4808	2562
ENST00000419506.6	50	69321	69271
ENST00000419510.6	10478	12469	1991
ENST00000419513.7	227	62839	62612
ENST00000419516.5	37407	39605	2198
ENST00000419517.2	3	161119	161116
ENST00000419522.5	22437	22547	110
ENST00000419524.6	50	19346	19296
ENST00000419525.5	95	6702	6607
ENST00000419526.6	62	9500	9438
ENST00000419534.2	170	56968	56798
ENST00000419541.4	0	138521	138521
ENST00000419548.4	2939	7491	4552
ENST00000419549.6	3704	19495	15791
ENST00000419552.5	912	12572	11660
ENST00000419553.6	31676	192150	160474
ENST00000419554.6	585	83083	82498
ENST00000419558.7	359	1827	1468
ENST00000419562.6	285	27406	27121
ENST00000419567.7	0	3046	3046
ENST00000419569.5	0	8355	8355
ENST00000419573.7	2200	134342	132142
ENST00000419574.6	624	8655	8031
ENST00000419575.1	465	5514	5049
ENST00000419580.6	314	13373	13059
ENST00000419582.5	799	5996	5197
ENST00000419583.2	0	2584	2584
ENST00000419585.5	2159	79070	76911
ENST00000419593.5	332	45494	45162
ENST00000419594.6	6206	105185	98979
ENST00000419601.1	0	272	272
ENST00000419602.5	1271	17405	16134
ENST00000419606.5	15857	17809	1952
ENST00000419610.5	22579	114435	91856
ENST00000419612.1	85	11293	11208
ENST00000419616.5	493	23889	23396
ENST00000419617.7	1212	372369	371157
ENST00000419619.2	0	6368	6368
ENST00000419625.6	449	57477	57028
ENST00000419626.1	0	3830	3830
ENST00000419631.1	0	10838	10838
ENST00000419632.6	625	163356	162731
ENST00000419636.1	0	26149	26149
ENST00000419642.1	12079	26574	14495
ENST00000419652.5	1507	1929	422
ENST00000419654.6	3	22426	22423
ENST00000419660.1	137	60098	59961
ENST00000419661.5	17749	60885	43136
ENST00000419665.6	19	8377	8358
ENST00000419671.1	0	20712	20712
ENST00000419673.6	2874	79370	76496
ENST00000419676.5	0	86702	86702
ENST00000419681.5	152	26404	26252
ENST00000419686.2	222	2742	2520
ENST00000419687.6	85	35256	35171
ENST00000419690.5	23014	29583	6569
ENST00000419693.1	0	252	252
ENST00000419699.1	0	10068	10068
ENST00000419700.1	0	25399	25399
ENST00000419704.5	256	14484	14228
ENST00000419706.6	29	421112	421083
ENST00000419711.6	1662	4121	2459
ENST00000419712.7	0	2447	2447
ENST00000419716.7	71183	168333	97150
ENST00000419717.3	576	17173	16597
ENST00000419727.6	10205	42242	32037
ENST00000419735.8	3083	274357	271274
ENST00000419739.7	0	26910	26910
ENST00000419740.6	0	276	276
ENST00000419743.7	96	75937	75841
ENST00000419744.1	386	3022	2636
ENST00000419749.5	5957	7043	1086
ENST00000419753.5	1226	3286	2060
ENST00000419755.3	78	24828	24750
ENST00000419759.5	2798	4820	2022
ENST00000419761.6	2358	71591	69233
ENST00000419764.1	0	1679	1679
ENST00000419765.4	328	86221	85893
ENST00000419769.6	293	25091	24798
ENST00000419770.1	64	4272	4208
ENST00000419772.1	0	12427	12427
ENST00000419774.5	27933	29315	1382
ENST00000419776.2	236	17179	16943
ENST00000419781.5	620	28192	27572
ENST00000419782.5	86	7231	7145
ENST00000419783.3	215	1709	1494
ENST00000419791.3	80	45224	45144
ENST00000419795.6	126	919	793
ENST00000419799.5	0	356	356
ENST00000419802.1	51626	52070	444
ENST00000419804.5	658	1222	564
ENST00000419807.5	33231	51698	18467
ENST00000419810.6	95411	99305	3894
ENST00000419816.6	274	33121	32847
ENST00000419819.2	295	29052	28757
ENST00000419821.6	1199	108441	107242
ENST00000419822.2	880	30317	29437
ENST00000419825.2	282	13039	12757
ENST00000419828.5	3708	5690	1982
ENST00000419835.8	5	22333	22328
ENST00000419837.1	4002	4594	592
ENST00000419841.2	2388	3229	841
ENST00000419842.1	0	72853	72853
ENST00000419843.1	0	80	80
ENST00000419845.5	8386	14232	5846
ENST00000419850.1	0	430	430
ENST00000419857.1	0	757	757
ENST00000419859.1	0	10432	10432
ENST00000419862.1	4135	4619	484
ENST00000419867.7	99	10245	10146
ENST00000419868.1	2336	3168	832
ENST00000419869.7	321	21628	21307
ENST00000419872.1	0	4115	4115
ENST00000419880.7	1742	87112	85370
ENST00000419884.6	7126	11827	4701
ENST00000419886.7	132	5394	5262
ENST00000419890.3	0	13556	13556
ENST00000419891.1	2118	12087	9969
ENST00000419898.2	1402	1686	284
ENST00000419900.6	1065	58735	57670
ENST00000419908.5	0	30327	30327
ENST00000419909.6	56	3766	3710
ENST00000419912.1	157	1560	1403
ENST00000419916.8	109	3234	3125
ENST00000419917.5	24	7623	7599
ENST00000419924.2	0	15260	15260
ENST00000419927.1	31750	171752	140002
ENST00000419928.1	1573	1991	418
ENST00000419929.1	4235	41745	37510
ENST00000419930.2	185	749	564
ENST00000419936.5	0	7962	7962
ENST00000419938.5	862	129989	129127
ENST00000419940.5	289	16802	16513
ENST00000419948.5	0	29741	29741
ENST00000419955.5	4	10427	10423
ENST00000419958.5	628	5909	5281
ENST00000419959.5	0	29659	29659
ENST00000419964.1	0	758	758
ENST00000419967.5	2869	17370	14501
ENST00000419968.6	66	8022	7956
ENST00000419981.1	0	634	634
ENST00000419982.3	42	2654	2612
ENST00000419984.6	0	278	278
ENST00000419985.5	1516	3130	1614
ENST00000419986.1	0	4706	4706
ENST00000419989.2	1233	21916	20683
ENST00000419992.6	741	39329	38588
ENST00000419999.5	381	1763	1382
ENST00000420009.6	3906	16356	12450
ENST00000420013.6	11	130852	130841
ENST00000420015.6	447	195608	195161
ENST00000420017.5	3426	4356	930
ENST00000420022.4	244	1353	1109
ENST00000420034.5	11154	11702	548
ENST00000420046.5	19570	27356	7786
ENST00000420047.1	0	84553	84553
ENST00000420054.5	15392	23398	8006
ENST00000420055.1	0	12025	12025
ENST00000420057.2	471	5064	4593
ENST00000420065.5	2014	5222	3208
ENST00000420066.1	3180	4708	1528
ENST00000420069.3	4324	4555	231
ENST00000420072.5	4607	37475	32868
ENST00000420077.5	125	19703	19578
ENST00000420088.1	0	2514	2514
ENST00000420089.5	0	6086	6086
ENST00000420101.6	804	2752	1948
ENST00000420104.5	330	17522	17192
ENST00000420107.1	0	4543	4543
ENST00000420111.6	116	15038	14922
ENST00000420115.6	648	13040	12392
ENST00000420116.1	0	7194	7194
ENST00000420120.6	3	33239	33236
ENST00000420123.6	93	13950	13857
ENST00000420124.4	16	28659	28643
ENST00000420125.5	0	21097	21097
ENST00000420128.6	3436	40100	36664
ENST00000420131.5	18591	18651	60
ENST00000420132.5	2	1341	1339
ENST00000420137.5	29800	31915	2115
ENST00000420138.5	6269	14926	8657
ENST00000420144.1	0	10269	10269
ENST00000420148.5	0	17960	17960
ENST00000420155.5	8600	46282	37682
ENST00000420158.5	0	28710	28710
ENST00000420162.7	186	1721	1535
ENST00000420163.1	0	5425	5425
ENST00000420164.5	10626	31157	20531
ENST00000420165.5	0	3836	3836
ENST00000420166.5	7264	8972	1708
ENST00000420167.6	8220	11988	3768
ENST00000420173.2	927	5522	4595
ENST00000420175.3	417	12828	12411
ENST00000420176.5	1325	2405	1080
ENST00000420189.1	0	1552	1552
ENST00000420191.5	1296	3013	1717
ENST00000420192.1	0	7442	7442
ENST00000420196.5	0	53438	53438
ENST00000420200.1	0	35811	35811
ENST00000420201.5	290	17940	17650
ENST00000420203.1	0	182	182
ENST00000420209.2	5791	8027	2236
ENST00000420216.5	18614	26029	7415
ENST00000420217.1	198	2895	2697
ENST00000420218.3	72021	135814	63793
ENST00000420220.1	14994	16980	1986
ENST00000420223.5	63923	86389	22466
ENST00000420233.1	192	669	477
ENST00000420239.7	914	50244	49330
ENST00000420242.5	0	3652	3652
ENST00000420244.6	4011	10470	6459
ENST00000420246.6	4906	9204	4298
ENST00000420247.6	69	15833	15764
ENST00000420250.1	4670	11040	6370
ENST00000420254.7	113	85717	85604
ENST00000420265.2	573	28719	28146
ENST00000420266.6	209	2423	2214
ENST00000420267.6	11081	23223	12142
ENST00000420282.6	449	48597	48148
ENST00000420283.3	2803	5285	2482
ENST00000420288.1	3088	5755	2667
ENST00000420290.6	15730	42641	26911
ENST00000420291.3	2353	12343	9990
ENST00000420294.1	0	50787	50787
ENST00000420296.1	0	538	538
ENST00000420297.5	23896	28513	4617
ENST00000420304.6	846	5533	4687
ENST00000420306.1	461	33801	33340
ENST00000420312.6	624	8655	8031
ENST00000420316.6	244	139011	138767
ENST00000420317.5	0	4475	4475
ENST00000420321.1	0	19841	19841
ENST00000420323.7	6124	96842	90718
ENST00000420324.5	1	25721	25720
ENST00000420326.6	2320	18915	16595
ENST00000420328.5	0	4200	4200
ENST00000420329.6	147	114051	113904
ENST00000420341.1	0	46	46
ENST00000420342.1	2629	15767	13138
ENST00000420343.1	291	1687	1396
ENST00000420348.1	0	51168	51168
ENST00000420353.7	5086	90384	85298
ENST00000420357.5	20	557438	557418
ENST00000420358.2	334	70528	70194
ENST00000420362.5	58767	61509	2742
ENST00000420363.5	0	1856	1856
ENST00000420366.5	431	18937	18506
ENST00000420368.6	0	6996	6996
ENST00000420369.5	1221	2856	1635
ENST00000420370.5	0	5222	5222
ENST00000420371.2	0	5571	5571
ENST00000420375.5	0	13861	13861
ENST00000420377.6	252	54689	54437
ENST00000420383.5	2485	20684	18199
ENST00000420388.1	0	713	713
ENST00000420393.5	2061	3130	1069
ENST00000420394.5	465	15276	14811
ENST00000420397.1	0	15227	15227
ENST00000420398.3	1155	7614	6459
ENST00000420401.5	131	13854	13723
ENST00000420410.6	193480	663662	470182
ENST00000420415.5	2661	26857	24196
ENST00000420416.1	17927	19249	1322
ENST00000420421.1	110	4376	4266
ENST00000420428.7	10774	324047	313273
ENST00000420430.1	16	9638	9622
ENST00000420433.6	725	10088	9363
ENST00000420434.7	115	89445	89330
ENST00000420436.5	397	19829	19432
ENST00000420440.5	8212	13046	4834
ENST00000420442.5	35	4228	4193
ENST00000420448.1	13323	32902	19579
ENST00000420450.6	25955	28881	2926
ENST00000420451.5	0	2599	2599
ENST00000420455.5	18336	36868	18532
ENST00000420456.5	0	19878	19878
ENST00000420461.6	130	31791	31661
ENST00000420463.7	28	35597	35569
ENST00000420468.6	0	10619	10619
ENST00000420470.3	146	127631	127485
ENST00000420474.5	0	5774	5774
ENST00000420475.1	0	248	248
ENST00000420478.2	52224	53196	972
ENST00000420482.5	49677	102668	52991
ENST00000420483.5	4574	8325	3751
ENST00000420484.2	0	5730	5730
ENST00000420488.6	1489	58452	56963
ENST00000420489.7	410	18725	18315
ENST00000420497.6	47	12986	12939
ENST00000420500.5	19567	25469	5902
ENST00000420501.5	0	3611	3611
ENST00000420504.2	1474	3314	1840
ENST00000420510.5	25860	41066	15206
ENST00000420512.5	3298	9465	6167
ENST00000420515.1	960	3427	2467
ENST00000420517.6	271205	307430	36225
ENST00000420518.5	0	6924	6924
ENST00000420525.1	0	40879	40879
ENST00000420531.1	1551	9303	7752
ENST00000420535.1	0	14350	14350
ENST00000420536.1	1295	4581	3286
ENST00000420541.6	1225	18022	16797
ENST00000420542.5	3534	93183	89649
ENST00000420543.6	182	9649	9467
ENST00000420551.1	0	7205	7205
ENST00000420552.5	25	2007	1982
ENST00000420554.6	299	6963	6664
ENST00000420558.5	0	40349	40349
ENST00000420564.5	7193	11217	4024
ENST00000420567.7	146	3638	3492
ENST00000420568.5	353	29273	28920
ENST00000420570.1	54	943	889
ENST00000420571.6	520	342234	341714
ENST00000420576.6	3	26226	26223
ENST00000420577.1	0	29052	29052
ENST00000420578.7	46	2846	2800
ENST00000420580.6	322	11788	11466
ENST00000420581.7	3033	17998	14965
ENST00000420584.3	889	10637	9748
ENST00000420591.1	0	975	975
ENST00000420596.5	0	846930	846930
ENST00000420600.1	68	3519	3451
ENST00000420605.7	61	2139	2078
ENST00000420607.6	8	39243	39235
ENST00000420611.5	0	98	98
ENST00000420613.7	836	29888	29052
ENST00000420616.6	663	22407	21744
ENST00000420619.5	1686	11371	9685
ENST00000420622.6	878	339442	338564
ENST00000420626.1	440	11453	11013
ENST00000420627.5	16168	24479	8311
ENST00000420629.1	0	16150	16150
ENST00000420631.5	908	17667	16759
ENST00000420632.6	10214	15564	5350
ENST00000420633.1	0	11437	11437
ENST00000420636.5	138527	322375	183848
ENST00000420637.5	0	156	156
ENST00000420641.7	59	39981	39922
ENST00000420643.5	0	141901	141901
ENST00000420646.6	2532	111900	109368
ENST00000420647.5	141	6017	5876
ENST00000420658.6	5054	115789	110735
ENST00000420660.5	374	6671	6297
ENST00000420661.6	290	46941	46651
ENST00000420665.5	123	57407	57284
ENST00000420666.1	0	9910	9910
ENST00000420670.5	0	4	4
ENST00000420679.1	60	4936	4876
ENST00000420681.6	0	12259	12259
ENST00000420682.7	67778	130834	63056
ENST00000420683.1	0	7011	7011
ENST00000420686.5	3527	3775	248
ENST00000420687.2	78	102633	102555
ENST00000420689.1	0	95465	95465
ENST00000420696.7	639	288770	288131
ENST00000420697.1	0	1390	1390
ENST00000420698.5	0	76759	76759
ENST00000420699.9	587	142681	142094
ENST00000420700.5	327	9342	9015
ENST00000420702.6	244	19213	18969
ENST00000420706.1	0	19896	19896
ENST00000420709.5	0	7066	7066
ENST00000420712.1	13	1263	1250
ENST00000420713.2	112	21250	21138
ENST00000420715.6	1343	8561	7218
ENST00000420719.6	272	5429	5157
ENST00000420720.5	24	23268	23244
ENST00000420722.3	502	152870	152368
ENST00000420728.1	0	3850	3850
ENST00000420732.6	1026	10241	9215
ENST00000420738.5	0	7353	7353
ENST00000420739.5	34465	35819	1354
ENST00000420743.6	120	23998	23878
ENST00000420746.1	0	12587	12587
ENST00000420747.1	0	6934	6934
ENST00000420751.4	0	4964	4964
ENST00000420755.5	23243	55778	32535
ENST00000420756.1	243	2194	1951
ENST00000420761.5	0	22148	22148
ENST00000420764.6	266	11923	11657
ENST00000420765.6	1202	55469	54267
ENST00000420770.7	758	115586	114828
ENST00000420772.6	650	42822	42172
ENST00000420775.6	0	164651	164651
ENST00000420783.7	29	1787	1758
ENST00000420786.5	8063	19134	11071
ENST00000420791.5	4587	14461	9874
ENST00000420796.1	4580	15346	10766
ENST00000420798.6	4428	13333	8905
ENST00000420799.7	264	27381	27117
ENST00000420804.5	47778	65156	17378
ENST00000420805.1	0	4459	4459
ENST00000420808.2	25	26809	26784
ENST00000420813.6	7048	26715	19667
ENST00000420814.5	8706	43147	34441
ENST00000420822.1	249	3077	2828
ENST00000420826.7	2756	17529	14773
ENST00000420827.2	463	40610	40147
ENST00000420829.5	0	318	318
ENST00000420831.1	0	3492	3492
ENST00000420833.5	3541	4738	1197
ENST00000420843.7	6044	92723	86679
ENST00000420846.7	121	3605	3484
ENST00000420847.2	0	157096	157096
ENST00000420848.3	30	25093	25063
ENST00000420849.5	20	1371	1351
ENST00000420854.1	301	2959	2658
ENST00000420857.6	2061	8936	6875
ENST00000420858.5	0	9135	9135
ENST00000420864.5	235	1000	765
ENST00000420868.2	138	13827	13689
ENST00000420869.3	181	7651	7470
ENST00000420875.5	72	4905	4833
ENST00000420878.7	2385	14763	12378
ENST00000420879.5	1373	3786	2413
ENST00000420881.6	4636	120248	115612
ENST00000420886.6	6802	65480	58678
ENST00000420891.5	361	10298	9937
ENST00000420892.1	0	8322	8322
ENST00000420893.6	47	81571	81524
ENST00000420894.6	268	11771	11503
ENST00000420895.1	0	6428	6428
ENST00000420903.6	7048	17886	10838
ENST00000420906.6	7810	48818	41008
ENST00000420909.1	0	30038	30038
ENST00000420910.7	29	80482	80453
ENST00000420911.2	17	4677	4660
ENST00000420921.6	2693	189039	186346
ENST00000420922.6	83852	88751	4899
ENST00000420925.5	134	53387	53253
ENST00000420927.5	47	74332	74285
ENST00000420936.6	514	8194	7680
ENST00000420937.5	0	18719	18719
ENST00000420938.1	0	488	488
ENST00000420940.6	6	17114	17108
ENST00000420952.2	0	2650	2650
ENST00000420954.6	12673	294651	281978
ENST00000420959.6	2291	59404	57113
ENST00000420967.5	1348	5918	4570
ENST00000420970.5	5390	49062	43672
ENST00000420971.5	20516	33872	13356
ENST00000420973.5	246	3996	3750
ENST00000420975.2	112	14599	14487
ENST00000420978.6	1422	6481	5059
ENST00000420980.8	1060	14184	13124
ENST00000420982.5	1533	3804	2271
ENST00000420986.6	1489	9754	8265
ENST00000420987.5	1614	46862	45248
ENST00000420990.6	0	4553	4553
ENST00000420993.7	114	16943	16829
ENST00000420995.6	14922	17362	2440
ENST00000420999.2	926	197948	197022
ENST00000421000.1	0	6819	6819
ENST00000421001.5	4036	10105	6069
ENST00000421009.6	8823	103532	94709
ENST00000421012.2	177	8610	8433
ENST00000421016.5	753	19268	18515
ENST00000421017.6	291	39738	39447
ENST00000421022.1	259	2028	1769
ENST00000421025.3	20644	39621	18977
ENST00000421028.1	0	13184	13184
ENST00000421030.7	11141	72345	61204
ENST00000421033.5	500	16458	15958
ENST00000421035.2	110	82683	82573
ENST00000421037.1	16516	31006	14490
ENST00000421038.1	0	6222	6222
ENST00000421043.5	20	80670	80650
ENST00000421047.3	33	177153	177120
ENST00000421049.1	2651	6858	4207
ENST00000421050.2	1218	12676	11458
ENST00000421052.5	119	22207	22088
ENST00000421053.5	0	18250	18250
ENST00000421054.7	164	4345	4181
ENST00000421059.1	38845	39059	214
ENST00000421062.2	3	9443	9440
ENST00000421063.6	41	20227	20186
ENST00000421069.5	0	13080	13080
ENST00000421070.1	691	2182	1491
ENST00000421075.6	0	9076	9076
ENST00000421082.1	0	3459	3459
ENST00000421085.7	26555	77395	50840
ENST00000421087.5	0	21768	21768
ENST00000421088.5	18280	82570	64290
ENST00000421092.1	1820	2104	284
ENST00000421093.6	455	5669	5214
ENST00000421097.6	476	5501	5025
ENST00000421101.1	31730	33370	1640
ENST00000421103.5	199	22987	22788
ENST00000421109.6	372	12521	12149
ENST00000421110.5	1235	12342	11107
ENST00000421113.5	0	248	248
ENST00000421117.1	6037	18235	12198
ENST00000421120.1	172	5149	4977
ENST00000421124.6	3505	6840	3335
ENST00000421126.5	0	27402	27402
ENST00000421127.6	233	5690	5457
ENST00000421133.6	55	15326	15271
ENST00000421134.5	118	128961	128843
ENST00000421138.6	395	31701	31306
ENST00000421139.5	30292	48199	17907
ENST00000421160.6	309	12811	12502
ENST00000421162.2	4	81865	81861
ENST00000421176.4	4231	16873	12642
ENST00000421177.6	39490	69843	30353
ENST00000421182.5	1118	82037	80919
ENST00000421184.5	17103	26134	9031
ENST00000421187.1	0	7194	7194
ENST00000421188.1	0	26718	26718
ENST00000421196.7	565	15284	14719
ENST00000421198.5	122487	131256	8769
ENST00000421199.5	2126	88855	86729
ENST00000421200.1	0	3367	3367
ENST00000421201.1	756	192070	191314
ENST00000421203.6	20032	52581	32549
ENST00000421210.1	650	966	316
ENST00000421213.1	104	10064	9960
ENST00000421216.1	0	1497	1497
ENST00000421217.5	467	16010	15543
ENST00000421218.1	0	11920	11920
ENST00000421223.5	4209	9207	4998
ENST00000421231.5	0	1905	1905
ENST00000421236.5	1716	3789	2073
ENST00000421239.7	48293	60365	12072
ENST00000421241.7	1073	10306	9233
ENST00000421243.5	0	14399	14399
ENST00000421244.6	72	35112	35040
ENST00000421249.2	401	46142	45741
ENST00000421258.1	708	5899	5191
ENST00000421259.2	77	20919	20842
ENST00000421262.7	1718	5044	3326
ENST00000421263.1	455	1376	921
ENST00000421265.5	4266	16021	11755
ENST00000421267.6	0	5083	5083
ENST00000421276.6	850	97238	96388
ENST00000421278.2	0	41494	41494
ENST00000421281.1	0	4961	4961
ENST00000421284.7	1410	67878	66468
ENST00000421285.4	41	13703	13662
ENST00000421287.5	0	15967	15967
ENST00000421306.7	4077	107937	103860
ENST00000421312.5	0	278	278
ENST00000421317.5	250	66433	66183
ENST00000421319.5	0	3468	3468
ENST00000421333.6	7	6826	6819
ENST00000421334.1	0	252	252
ENST00000421337.6	7377	9307	1930
ENST00000421339.3	0	44920	44920
ENST00000421340.5	113	1581	1468
ENST00000421345.5	145376	165563	20187
ENST00000421350.1	0	9421	9421
ENST00000421351.4	3540	19411	15871
ENST00000421355.1	90	23611	23521
ENST00000421359.5	32	13016	12984
ENST00000421362.6	50	7861	7811
ENST00000421364.5	9009	162473	153464
ENST00000421365.2	577	8821	8244
ENST00000421367.7	2040	36565	34525
ENST00000421368.3	2505	4457	1952
ENST00000421369.3	32182	79378	47196
ENST00000421373.1	0	2136	2136
ENST00000421374.5	31410	61939	30529
ENST00000421376.6	724	15268	14544
ENST00000421381.5	0	53522	53522
ENST00000421383.1	0	308	308
ENST00000421386.1	0	862	862
ENST00000421388.4	10563	13771	3208
ENST00000421390.1	611	1291	680
ENST00000421391.5	36	96171	96135
ENST00000421392.1	0	454	454
ENST00000421397.5	20722	22659	1937
ENST00000421412.5	18	15268	15250
ENST00000421415.5	15392	23488	8096
ENST00000421420.6	2101	109735	107634
ENST00000421422.1	22890	27623	4733
ENST00000421427.5	0	7204	7204
ENST00000421433.5	37867	59180	21313
ENST00000421434.5	0	29116	29116
ENST00000421438.5	37065	62642	25577
ENST00000421442.2	274	4784	4510
ENST00000421450.2	4014	16464	12450
ENST00000421451.5	99	24693	24594
ENST00000421460.1	0	258	258
ENST00000421461.6	0	14828	14828
ENST00000421462.5	75730	168186	92456
ENST00000421464.1	554	14780	14226
ENST00000421467.6	50350	159109	108759
ENST00000421471.1	46	10129	10083
ENST00000421474.5	0	8847	8847
ENST00000421484.5	33236	55852	22616
ENST00000421485.5	16974	20359	3385
ENST00000421486.1	13478	13720	242
ENST00000421487.6	20689	50229	29540
ENST00000421491.4	3577	5795	2218
ENST00000421492.5	41497	41687	190
ENST00000421495.6	256	3325	3069
ENST00000421496.5	2456	5441	2985
ENST00000421503.6	176	14257	14081
ENST00000421510.5	0	20816	20816
ENST00000421512.5	2728	13276	10548
ENST00000421514.1	0	10796	10796
ENST00000421515.6	1034	19413	18379
ENST00000421516.3	40	3529	3489
ENST00000421517.5	4013	7663	3650
ENST00000421521.5	0	9537	9537
ENST00000421523.6	0	77286	77286
ENST00000421524.6	72	465341	465269
ENST00000421525.5	0	2623	2623
ENST00000421528.6	5949	71865	65916
ENST00000421532.5	468	3131	2663
ENST00000421535.5	0	27079	27079
ENST00000421536.5	130	18115	17985
ENST00000421539.1	3415	8813	5398
ENST00000421541.1	0	13320	13320
ENST00000421544.6	218021	889959	671938
ENST00000421545.2	0	71775	71775
ENST00000421550.1	0	67283	67283
ENST00000421552.5	892	10871	9979
ENST00000421553.7	4777	11384	6607
ENST00000421556.5	14139	16140	2001
ENST00000421558.1	0	11619	11619
ENST00000421560.6	40403	65747	25344
ENST00000421573.5	11240	61592	50352
ENST00000421577.6	515	20200	19685
ENST00000421578.6	26	31992	31966
ENST00000421579.1	120301	120821	520
ENST00000421580.5	603	10434	9831
ENST00000421582.2	63	2536	2473
ENST00000421584.5	0	6010	6010
ENST00000421586.5	0	12374	12374
ENST00000421587.8	5489	410738	405249
ENST00000421589.5	18764	26321	7557
ENST00000421600.2	0	8940	8940
ENST00000421609.5	0	2234	2234
ENST00000421612.6	250	5514	5264
ENST00000421622.5	328	85865	85537
ENST00000421625.6	714	56550	55836
ENST00000421626.5	0	6739	6739
ENST00000421627.7	0	882371	882371
ENST00000421630.6	4887	13819	8932
ENST00000421631.6	9683	20459	10776
ENST00000421639.5	0	28587	28587
ENST00000421641.2	1259	36687	35428
ENST00000421643.2	202	52335	52133
ENST00000421646.1	701	3855	3154
ENST00000421649.5	0	3353	3353
ENST00000421653.5	13881	26701	12820
ENST00000421656.5	1273	4704	3431
ENST00000421659.1	3402	4130	728
ENST00000421664.1	0	4565	4565
ENST00000421665.6	2353	15598	13245
ENST00000421670.3	668	2739	2071
ENST00000421671.6	17343	18025	682
ENST00000421673.7	636	31116	30480
ENST00000421674.5	45966	322143	276177
ENST00000421678.6	4554	31442	26888
ENST00000421682.1	4085	11092	7007
ENST00000421683.1	0	37258	37258
ENST00000421687.6	14	12432	12418
ENST00000421688.7	393	8822	8429
ENST00000421689.6	0	79794	79794
ENST00000421699.8	1241	23127	21886
ENST00000421701.1	245	9636	9391
ENST00000421702.4	1100	8367	7267
ENST00000421705.1	112	1283	1171
ENST00000421706.1	0	2257	2257
ENST00000421707.1	0	22283	22283
ENST00000421708.1	0	392	392
ENST00000421709.2	0	986	986
ENST00000421710.5	1	30948	30947
ENST00000421712.1	1560	12751	11191
ENST00000421715.3	347	1479	1132
ENST00000421716.1	93	2639	2546
ENST00000421717.1	0	13253	13253
ENST00000421719.5	148	14931	14783
ENST00000421723.2	11649	77166	65517
ENST00000421731.5	0	45007	45007
ENST00000421736.1	0	6226	6226
ENST00000421743.6	160	6682	6522
ENST00000421745.7	139	275375	275236
ENST00000421752.1	0	22259	22259
ENST00000421755.5	51	6559	6508
ENST00000421756.5	356	120345	119989
ENST00000421757.5	72852	147319	74467
ENST00000421760.2	405	28077	27672
ENST00000421763.5	7785	8071	286
ENST00000421765.7	18243	27504	9261
ENST00000421768.2	7423	256841	249418
ENST00000421769.6	3	15306	15303
ENST00000421773.1	0	3012	3012
ENST00000421775.6	0	33437	33437
ENST00000421776.6	95	30102	30007
ENST00000421782.3	16	2965	2949
ENST00000421783.1	0	1463	1463
ENST00000421786.5	8720	20095	11375
ENST00000421787.5	14192	27024	12832
ENST00000421791.1	722	4693	3971
ENST00000421793.5	11386	12164	778
ENST00000421794.1	37	2042	2005
ENST00000421797.6	277132	379542	102410
ENST00000421798.5	609	3001	2392
ENST00000421801.6	294	8307	8013
ENST00000421802.1	0	46657	46657
ENST00000421803.6	1401	7883	6482
ENST00000421806.4	116760	157501	40741
ENST00000421807.7	1249	23254	22005
ENST00000421809.5	0	26235	26235
ENST00000421812.3	3331	8356	5025
ENST00000421814.7	103	13577	13474
ENST00000421817.5	20487	119338	98851
ENST00000421822.2	0	957	957
ENST00000421826.6	37	8376	8339
ENST00000421827.2	0	6334	6334
ENST00000421828.7	874	1754	880
ENST00000421832.3	998	8005	7007
ENST00000421834.7	1012	401546	400534
ENST00000421835.2	0	872	872
ENST00000421836.6	1540	387599	386059
ENST00000421839.1	0	401	401
ENST00000421852.6	1939	10147	8208
ENST00000421853.6	18	4476	4458
ENST00000421861.7	16479	25560	9081
ENST00000421864.2	0	5348	5348
ENST00000421865.3	108	642507	642399
ENST00000421869.5	52	28049	27997
ENST00000421875.5	125419	210968	85549
ENST00000421879.5	0	2892	2892
ENST00000421882.5	0	54562	54562
ENST00000421892.5	1194	7276	6082
ENST00000421900.5	0	5834	5834
ENST00000421903.1	0	242	242
ENST00000421906.5	55	16381	16326
ENST00000421911.1	58	361858	361800
ENST00000421914.6	81	16439	16358
ENST00000421915.5	10595	10985	390
ENST00000421918.1	1163	2284	1121
ENST00000421919.5	234	7339	7105
ENST00000421922.6	1303	4881	3578
ENST00000421923.5	477	5973	5496
ENST00000421924.6	51	17018	16967
ENST00000421929.6	480	5723	5243
ENST00000421930.6	0	8147	8147
ENST00000421938.2	0	3177	3177
ENST00000421939.5	119	2476	2357
ENST00000421952.3	1594	6269	4675
ENST00000421954.5	0	228256	228256
ENST00000421966.1	9695	10089	394
ENST00000421967.5	1376	8624	7248
ENST00000421968.6	0	22768	22768
ENST00000421973.1	0	5475	5475
ENST00000421974.7	1098	7195	6097
ENST00000421975.7	192	35000	34808
ENST00000421977.7	674	14344	13670
ENST00000421979.1	7	6502	6495
ENST00000421980.5	6327	7477	1150
ENST00000421985.2	836	83972	83136
ENST00000421986.5	1427	1935	508
ENST00000421988.6	3055	5790	2735
ENST00000421990.7	46	31115	31069
ENST00000421992.2	39	25764	25725
ENST00000421993.5	0	22287	22287
ENST00000421999.8	118	361350	361232
ENST00000422000.5	22455	53925	31470
ENST00000422003.6	21570	64237	42667
ENST00000422006.5	9028	15687	6659
ENST00000422020.5	0	5440	5440
ENST00000422021.1	93	9908	9815
ENST00000422026.1	0	5636	5636
ENST00000422029.6	0	3494	3494
ENST00000422032.1	0	39024	39024
ENST00000422039.1	0	25134	25134
ENST00000422046.6	198	31885	31687
ENST00000422053.3	1249	16541	15292
ENST00000422063.6	3	123525	123522
ENST00000422066.6	733	41737	41004
ENST00000422067.2	556	6366	5810
ENST00000422070.8	196	1691124	1690928
ENST00000422072.5	225	9766	9541
ENST00000422076.5	0	11065	11065
ENST00000422077.6	23	28963	28940
ENST00000422080.5	0	2507	2507
ENST00000422081.6	206	16650	16444
ENST00000422085.5	2465	3183	718
ENST00000422086.5	5770	6278	508
ENST00000422087.5	777	46201	45424
ENST00000422090.2	1417	4547	3130
ENST00000422091.1	0	1611	1611
ENST00000422095.1	0	15218	15218
ENST00000422097.2	26889	100458	73569
ENST00000422098.6	25951	48951	23000
ENST00000422105.5	12438	37545	25107
ENST00000422109.6	4046	25925	21879
ENST00000422110.7	1624	11775	10151
ENST00000422112.6	174	31255	31081
ENST00000422113.7	2152	834901	832749
ENST00000422114.5	21741	49097	27356
ENST00000422115.2	0	1596	1596
ENST00000422121.2	0	74	74
ENST00000422125.1	0	14224	14224
ENST00000422126.1	0	29838	29838
ENST00000422127.5	3654	194462	190808
ENST00000422133.1	0	4893	4893
ENST00000422135.5	721	72453	71732
ENST00000422136.5	0	21195	21195
ENST00000422138.2	1464	81100	79636
ENST00000422142.7	243	21291	21048
ENST00000422143.2	67	1021	954
ENST00000422149.1	413	97415	97002
ENST00000422156.7	116	11539	11423
ENST00000422159.5	96	4699	4603
ENST00000422163.5	832	32404	31572
ENST00000422164.5	1761	14295	12534
ENST00000422165.6	199	15110	14911
ENST00000422166.5	12	16786	16774
ENST00000422177.5	1443	8565	7122
ENST00000422190.6	129	124392	124263
ENST00000422191.1	0	8346	8346
ENST00000422202.5	68	38472	38404
ENST00000422209.1	0	10184	10184
ENST00000422210.5	0	8054	8054
ENST00000422218.5	1269	3092	1823
ENST00000422219.5	44	16317	16273
ENST00000422222.5	82	62028	61946
ENST00000422228.2	5308	208980	203672
ENST00000422233.5	353	4320	3967
ENST00000422234.2	0	18446	18446
ENST00000422237.5	5319	51462	46143
ENST00000422240.6	11288	26287	14999
ENST00000422241.2	22	38624	38602
ENST00000422242.1	3494	37013	33519
ENST00000422245.5	4127	5863	1736
ENST00000422247.6	3260	11685	8425
ENST00000422248.6	533	109439	108906
ENST00000422249.5	2996	5599	2603
ENST00000422252.1	78	2436	2358
ENST00000422254.5	0	2237	2237
ENST00000422255.5	184	2372	2188
ENST00000422257.7	236	11500	11264
ENST00000422263.2	1581	57853	56272
ENST00000422265.6	55058	57360	2302
ENST00000422266.1	0	1533	1533
ENST00000422269.1	87050	110695	23645
ENST00000422274.2	0	15472	15472
ENST00000422276.3	5032	12176	7144
ENST00000422278.1	0	11084	11084
ENST00000422279.6	770	3480	2710
ENST00000422281.7	0	322601	322601
ENST00000422285.7	111	16882	16771
ENST00000422287.6	274	41178	40904
ENST00000422288.6	295	255409	255114
ENST00000422289.3	2120	42853	40733
ENST00000422290.5	3113	11528	8415
ENST00000422297.5	9986	48282	38296
ENST00000422307.6	4099	7709	3610
ENST00000422313.6	589	110106	109517
ENST00000422314.5	188971	218956	29985
ENST00000422318.7	86	11007	10921
ENST00000422322.5	0	5522	5522
ENST00000422324.1	2146	2392	246
ENST00000422327.5	0	28203	28203
ENST00000422328.6	144	46625	46481
ENST00000422329.1	0	22583	22583
ENST00000422330.5	472691	647219	174528
ENST00000422336.5	0	21589	21589
ENST00000422340.6	1242	16477	15235
ENST00000422344.5	83	4839	4756
ENST00000422354.6	2638	236214	233576
ENST00000422355.5	0	402	402
ENST00000422358.6	37817	39628	1811
ENST00000422359.3	411	2605	2194
ENST00000422361.6	452	59238	58786
ENST00000422365.7	3370	50424	47054
ENST00000422368.5	30475	62468	31993
ENST00000422369.1	0	27041	27041
ENST00000422373.6	323	27409	27086
ENST00000422375.1	0	151501	151501
ENST00000422377.5	173108	183996	10888
ENST00000422378.1	4	20849	20845
ENST00000422379.3	1741	32431	30690
ENST00000422380.5	2093	18084	15991
ENST00000422390.5	25966	30597	4631
ENST00000422392.6	64	98592	98528
ENST00000422393.5	1451	11489	10038
ENST00000422395.1	8385	14792	6407
ENST00000422398.1	0	13943	13943
ENST00000422400.6	8649	14631	5982
ENST00000422409.5	0	57747	57747
ENST00000422422.5	1834	4629	2795
ENST00000422424.7	141	2783	2642
ENST00000422425.6	44	151271	151227
ENST00000422426.5	9019	20805	11786
ENST00000422427.6	328	6683	6355
ENST00000422435.2	291	54452	54161
ENST00000422436.5	27610	28215	605
ENST00000422437.5	373	12868	12495
ENST00000422440.7	1872	112825	110953
ENST00000422441.5	260	179158	178898
ENST00000422442.6	646	41650	41004
ENST00000422444.1	5647	10866	5219
ENST00000422445.5	0	3197	3197
ENST00000422447.8	2280	13704	11424
ENST00000422452.3	4636	595906	591270
ENST00000422453.7	2629	4457	1828
ENST00000422458.6	2237	2505	268
ENST00000422464.5	0	110020	110020
ENST00000422465.6	4528	5611	1083
ENST00000422466.6	170	17979	17809
ENST00000422485.5	50192	116478	66286
ENST00000422489.1	7	15875	15868
ENST00000422491.7	20169	80602	60433
ENST00000422492.1	217	3998	3781
ENST00000422495.5	5163	20161	14998
ENST00000422497.5	76169	81756	5587
ENST00000422503.6	5857	34512	28655
ENST00000422508.6	431	131917	131486
ENST00000422511.6	31	100294	100263
ENST00000422514.7	21	4356	4335
ENST00000422520.6	3856	17673	13817
ENST00000422521.2	2641	94766	92125
ENST00000422525.1	3093	38645	35552
ENST00000422532.2	0	1767	1767
ENST00000422535.6	3785	4568	783
ENST00000422536.2	0	29713	29713
ENST00000422537.6	7431	19666	12235
ENST00000422538.8	1071	16899	15828
ENST00000422544.2	3	208653	208650
ENST00000422549.1	313	1285	972
ENST00000422556.1	2228	6654	4426
ENST00000422559.6	0	18010	18010
ENST00000422569.5	7237	27109	19872
ENST00000422579.1	1671	3064	1393
ENST00000422581.6	197	5101	4904
ENST00000422582.5	1381	5782	4401
ENST00000422583.2	0	23541	23541
ENST00000422589.5	3533	30052	26519
ENST00000422590.6	31	67187	67156
ENST00000422591.5	19602	38510	18908
ENST00000422595.5	0	3253	3253
ENST00000422596.2	874	42823	41949
ENST00000422602.8	96	20428	20332
ENST00000422605.6	1831	17884	16053
ENST00000422610.5	88	2629	2541
ENST00000422614.5	0	4321	4321
ENST00000422617.7	160	10445	10285
ENST00000422619.1	135	2627	2492
ENST00000422620.1	0	6331	6331
ENST00000422622.3	28983	36151	7168
ENST00000422625.5	50203	90652	40449
ENST00000422637.5	1915	25819	23904
ENST00000422643.5	472	11195	10723
ENST00000422646.1	11	36079	36068
ENST00000422647.5	1755	13853	12098
ENST00000422652.6	623	9808	9185
ENST00000422659.5	982	24008	23026
ENST00000422660.6	330	60975	60645
ENST00000422669.1	0	62694	62694
ENST00000422670.7	1717	9594	7877
ENST00000422671.1	0	11344	11344
ENST00000422678.2	1094	2674	1580
ENST00000422680.6	10748	24451	13703
ENST00000422684.1	0	17618	17618
ENST00000422685.5	0	28375	28375
ENST00000422687.1	0	82	82
ENST00000422689.3	43	17115	17072
ENST00000422690.5	2628	5243	2615
ENST00000422695.5	7999	26013	18014
ENST00000422699.5	0	13674	13674
ENST00000422701.1	0	16408	16408
ENST00000422704.7	1472	30793	29321
ENST00000422708.3	59	13851	13792
ENST00000422713.1	0	10257	10257
ENST00000422725.4	1326	2680	1354
ENST00000422728.3	5151	9091	3940
ENST00000422730.4	1226	1764	538
ENST00000422731.1	176	2281	2105
ENST00000422737.7	131	169360	169229
ENST00000422738.5	60	8799	8739
ENST00000422741.5	37	87296	87259
ENST00000422745.5	116	18556	18440
ENST00000422748.5	88314	190598	102284
ENST00000422754.1	213	1261	1048
ENST00000422760.1	1530	8065	6535
ENST00000422767.6	2699	13892	11193
ENST00000422769.6	2120	81083	78963
ENST00000422770.5	13340	57691	44351
ENST00000422774.2	6528	155718	149190
ENST00000422778.1	0	7932	7932
ENST00000422781.6	1230	17006	15776
ENST00000422782.2	305	18407	18102
ENST00000422785.7	1998	6812	4814
ENST00000422786.1	568	3587	3019
ENST00000422787.1	0	121343	121343
ENST00000422788.5	24	4159	4135
ENST00000422797.5	82	51381	51299
ENST00000422800.5	8923	26555	17632
ENST00000422805.2	142	51845	51703
ENST00000422806.2	3	4852	4849
ENST00000422808.5	5957	7043	1086
ENST00000422809.5	0	304071	304071
ENST00000422811.5	0	2610	2610
ENST00000422814.5	2281	40259	37978
ENST00000422815.5	0	30852	30852
ENST00000422832.1	0	1640	1640
ENST00000422838.1	0	222	222
ENST00000422839.5	19141	24015	4874
ENST00000422840.7	5730	163165	157435
ENST00000422843.8	138	73678	73540
ENST00000422850.5	8995	21565	12570
ENST00000422851.1	0	88296	88296
ENST00000422854.5	0	612	612
ENST00000422861.3	104	36038	35934
ENST00000422863.1	9280	9424	144
ENST00000422866.1	2141	13110	10969
ENST00000422867.1	83	10917	10834
ENST00000422869.6	1057	19173	18116
ENST00000422871.5	10374	34448	24074
ENST00000422875.5	169	51520	51351
ENST00000422877.1	0	19100	19100
ENST00000422879.3	4010	42117	38107
ENST00000422886.5	0	98273	98273
ENST00000422887.1	123	16572	16449
ENST00000422888.5	0	1531	1531
ENST00000422890.5	48	7547	7499
ENST00000422891.5	84	13619	13535
ENST00000422892.2	1111	5336	4225
ENST00000422897.6	86	9203	9117
ENST00000422900.1	583	21010	20427
ENST00000422901.1	0	6265	6265
ENST00000422906.6	19952	88394	68442
ENST00000422911.6	3018	65597	62579
ENST00000422918.5	0	8039	8039
ENST00000422920.2	693	57467	56774
ENST00000422922.5	114	216475	216361
ENST00000422925.6	894	36152	35258
ENST00000422927.1	248525	265770	17245
ENST00000422932.5	0	1255	1255
ENST00000422933.5	0	11155	11155
ENST00000422939.1	0	3907	3907
ENST00000422940.5	50188	116474	66286
ENST00000422941.6	1883	18823	16940
ENST00000422942.6	29	4526	4497
ENST00000422945.6	96	165120	165024
ENST00000422948.5	106	2312	2206
ENST00000422951.1	0	2591	2591
ENST00000422955.5	108152	138816	30664
ENST00000422959.8	41483	158337	116854
ENST00000422970.6	1757	109177	107420
ENST00000422973.1	0	150	150
ENST00000422974.2	0	13819	13819
ENST00000422975.1	332	39572	39240
ENST00000422976.6	103	23461	23358
ENST00000422982.8	4967	23473	18506
ENST00000422986.6	41	3514	3473
ENST00000422987.3	31741	35987	4246
ENST00000422989.6	7662	12838	5176
ENST00000422991.1	0	2299	2299
ENST00000422997.6	14953	24626	9673
ENST00000422998.1	0	130547	130547
ENST00000423004.5	33	4582	4549
ENST00000423007.6	0	21097	21097
ENST00000423014.3	147	1599	1452
ENST00000423015.5	869	85893	85024
ENST00000423019.1	1895	3352	1457
ENST00000423022.1	0	80	80
ENST00000423024.1	4330	7821	3491
ENST00000423025.6	208	19064	18856
ENST00000423026.6	1718	11529	9811
ENST00000423027.8	349	130178	129829
ENST00000423032.1	229	1692	1463
ENST00000423034.6	308	127191	126883
ENST00000423035.5	87000	91580	4580
ENST00000423037.5	1781	6334	4553
ENST00000423041.6	7216	74263	67047
ENST00000423048.5	0	71181	71181
ENST00000423049.2	0	23528	23528
ENST00000423057.6	2167	155148	152981
ENST00000423059.9	5432	466524	461092
ENST00000423061.6	752	532746	531994
ENST00000423063.2	0	5582	5582
ENST00000423064.7	1226	19707	18481
ENST00000423068.1	0	5824	5824
ENST00000423069.1	994	3461	2467
ENST00000423070.5	3976	6051	2075
ENST00000423076.1	5602	6106	504
ENST00000423081.1	138	3925	3787
ENST00000423085.7	105	21592	21487
ENST00000423088.5	0	82844	82844
ENST00000423095.7	2448	32827	30379
ENST00000423097.5	0	25580	25580
ENST00000423098.5	5515	5709	194
ENST00000423100.5	3063	8260	5197
ENST00000423104.5	2790	55119	52329
ENST00000423105.5	380	3899	3519
ENST00000423108.5	325	3195	2870
ENST00000423113.6	6754	37628	30874
ENST00000423116.1	21477	32183	10706
ENST00000423118.5	1020	59839	58819
ENST00000423127.5	0	23006	23006
ENST00000423128.5	0	1457	1457
ENST00000423131.5	2201	10867	8666
ENST00000423134.1	0	6664	6664
ENST00000423137.1	179	11996	11817
ENST00000423140.6	271	12635	12364
ENST00000423141.1	326	10197	9871
ENST00000423145.7	120	8439	8319
ENST00000423146.5	11255	26912	15657
ENST00000423147.1	4294	4580	286
ENST00000423156.2	587	84647	84060
ENST00000423158.4	217	63685	63468
ENST00000423159.5	38488	44343	5855
ENST00000423161.3	0	5480	5480
ENST00000423167.6	617	24757	24140
ENST00000423169.6	3630	36823	33193
ENST00000423170.1	818	7280	6462
ENST00000423172.6	10	9168	9158
ENST00000423176.6	0	2955	2955
ENST00000423180.2	109	23998	23889
ENST00000423181.1	3244	3590	346
ENST00000423191.6	57244	153917	96673
ENST00000423196.1	59	11227	11168
ENST00000423206.5	128	12194	12066
ENST00000423207.6	485	382401	381916
ENST00000423209.5	14	89487	89473
ENST00000423210.1	902	14989	14087
ENST00000423214.1	0	7738	7738
ENST00000423215.3	0	2932	2932
ENST00000423218.6	6529	139070	132541
ENST00000423229.1	0	32197	32197
ENST00000423230.6	15791	66337	50546
ENST00000423239.6	132	46939	46807
ENST00000423241.6	11375	46910	35535
ENST00000423243.7	170663	184916	14253
ENST00000423245.6	571	42576	42005
ENST00000423251.1	0	20991	20991
ENST00000423252.5	24680	30695	6015
ENST00000423258.5	232	233819	233587
ENST00000423262.5	1351	10880	9529
ENST00000423263.5	2021	5055	3034
ENST00000423266.5	439	1920	1481
ENST00000423271.8	77	10273	10196
ENST00000423273.5	198	18191	17993
ENST00000423275.6	34900	35312	412
ENST00000423277.5	8822	12336	3514
ENST00000423280.5	92	34029	33937
ENST00000423281.1	0	3854	3854
ENST00000423282.2	40610	40860	250
ENST00000423289.1	0	2448	2448
ENST00000423294.5	0	170682	170682
ENST00000423296.6	13	15161	15148
ENST00000423299.5	0	2059	2059
ENST00000423302.7	3240	123222	119982
ENST00000423306.1	0	10755	10755
ENST00000423312.7	136	46831	46695
ENST00000423313.6	3731	4323	592
ENST00000423316.7	0	2180	2180
ENST00000423320.5	27	39854	39827
ENST00000423324.5	12	12960	12948
ENST00000423325.6	2273	59908	57635
ENST00000423327.2	2029	9095	7066
ENST00000423328.1	270	1335	1065
ENST00000423335.2	308	7482	7174
ENST00000423337.5	68430	77828	9398
ENST00000423339.2	3	32726	32723
ENST00000423344.6	5461	30763	25302
ENST00000423345.5	136	14535	14399
ENST00000423351.5	0	129284	129284
ENST00000423353.1	2425	8033	5608
ENST00000423362.1	8121	8341	220
ENST00000423364.1	0	1166	1166
ENST00000423368.6	1090	78449	77359
ENST00000423371.5	0	1838	1838
ENST00000423375.2	0	380680	380680
ENST00000423376.1	5452	5822	370
ENST00000423377.5	1271	2028	757
ENST00000423381.6	2517	63702	61185
ENST00000423383.3	2882	66982	64100
ENST00000423384.5	701	2065	1364
ENST00000423387.4	138	952	814
ENST00000423391.3	1562	3816	2254
ENST00000423392.5	725	9268	8543
ENST00000423395.5	12164	19308	7144
ENST00000423400.7	615	15522	14907
ENST00000423407.7	1381	20987	19606
ENST00000423413.1	0	39545	39545
ENST00000423416.5	5074	48660	43586
ENST00000423420.1	127	946	819
ENST00000423421.5	4656	6456	1800
ENST00000423422.6	0	22049	22049
ENST00000423423.3	187	5845	5658
ENST00000423424.5	71925	146392	74467
ENST00000423427.1	208315	208391	76
ENST00000423430.1	0	41183	41183
ENST00000423431.5	1719	3091	1372
ENST00000423432.6	35	81512	81477
ENST00000423434.5	13383	27504	14121
ENST00000423436.1	0	3151	3151
ENST00000423446.1	0	252	252
ENST00000423451.5	17225	17985	760
ENST00000423461.6	178	28575	28397
ENST00000423462.6	49424	74907	25483
ENST00000423465.2	26985	29361	2376
ENST00000423467.1	99	2138	2039
ENST00000423479.7	287	30328	30041
ENST00000423484.3	190	36460	36270
ENST00000423485.6	997	33824	32827
ENST00000423487.6	154	49195	49041
ENST00000423490.5	0	172727	172727
ENST00000423494.6	7541	15223	7682
ENST00000423495.1	18904	19070	166
ENST00000423503.1	180	766	586
ENST00000423505.6	111	16995	16884
ENST00000423507.6	1703	126678	124975
ENST00000423508.5	0	8155	8155
ENST00000423516.5	102	32163	32061
ENST00000423517.6	2004	356900	354896
ENST00000423520.5	0	48284	48284
ENST00000423525.6	1045	33083	32038
ENST00000423526.5	2066	4112	2046
ENST00000423529.5	34	7502	7468
ENST00000423535.1	95	4891	4796
ENST00000423537.7	2081	10970	8889
ENST00000423538.6	5916	17459	11543
ENST00000423540.6	4648	6448	1800
ENST00000423542.5	14725	95731	81006
ENST00000423545.1	0	564	564
ENST00000423548.5	263	132672	132409
ENST00000423553.6	51927	52421	494
ENST00000423555.6	1368	33528	32160
ENST00000423556.7	3724	28171	24447
ENST00000423557.1	1037	5362	4325
ENST00000423559.2	74	114929	114855
ENST00000423565.5	2315	29132	26817
ENST00000423566.6	42344	59335	16991
ENST00000423567.1	0	88	88
ENST00000423571.6	305	6172	5867
ENST00000423572.7	2262	91263	89001
ENST00000423577.1	973	5554	4581
ENST00000423582.5	5841	24231	18390
ENST00000423583.5	5250	7487	2237
ENST00000423585.2	146	30931	30785
ENST00000423588.1	245	394039	393794
ENST00000423590.6	12396	14065	1669
ENST00000423591.5	1120	4829	3709
ENST00000423596.5	0	49477	49477
ENST00000423597.5	2372	6092	3720
ENST00000423598.6	13772	70241	56469
ENST00000423601.2	1548	25171	23623
ENST00000423602.1	200	12855	12655
ENST00000423607.6	31	16577	16546
ENST00000423613.6	214	75832	75618
ENST00000423616.1	28644	31608	2964
ENST00000423617.2	0	406	406
ENST00000423620.6	245	66830	66585
ENST00000423624.5	8831	9501	670
ENST00000423625.1	0	25952	25952
ENST00000423627.6	25809	44867	19058
ENST00000423632.3	228	1678	1450
ENST00000423633.5	0	5768	5768
ENST00000423635.5	29995	297127	267132
ENST00000423636.6	388	20258	19870
ENST00000423642.5	202	8905	8703
ENST00000423644.5	5227	102118	96891
ENST00000423645.5	12594	17991	5397
ENST00000423646.5	18793	21360	2567
ENST00000423647.6	46	2735	2689
ENST00000423649.2	84	25579	25495
ENST00000423656.5	2905	92459	89554
ENST00000423659.5	37865	121804	83939
ENST00000423661.1	130	482	352
ENST00000423662.6	2599	50854	48255
ENST00000423664.5	0	7245	7245
ENST00000423665.6	3797	8094	4297
ENST00000423670.1	0	36084	36084
ENST00000423674.5	116869	117047	178
ENST00000423675.5	27	24721	24694
ENST00000423676.8	581	19132	18551
ENST00000423678.2	14	3868	3854
ENST00000423691.2	281	6503	6222
ENST00000423692.5	0	702	702
ENST00000423693.5	0	4193	4193
ENST00000423698.6	2344	16707	14363
ENST00000423701.6	650	21756	21106
ENST00000423703.6	154	12437	12283
ENST00000423707.5	11487	18487	7000
ENST00000423709.6	271	31192	30921
ENST00000423713.1	0	2368	2368
ENST00000423717.1	282	29810	29528
ENST00000423723.1	0	4972	4972
ENST00000423724.5	15174	61486	46312
ENST00000423725.5	369	28082	27713
ENST00000423729.3	185	5700	5515
ENST00000423730.3	14510	33280	18770
ENST00000423734.1	117	22156	22039
ENST00000423738.5	3134	16872	13738
ENST00000423740.7	209	34600	34391
ENST00000423743.7	1983	124974	122991
ENST00000423749.5	82692	113332	30640
ENST00000423751.2	779	8107	7328
ENST00000423759.6	18	103267	103249
ENST00000423760.6	435	16950	16515
ENST00000423761.1	0	7768	7768
ENST00000423763.5	11	14344	14333
ENST00000423767.5	16024	25825	9801
ENST00000423771.5	0	42963	42963
ENST00000423776.1	4388	18002	13614
ENST00000423777.7	1646	4728	3082
ENST00000423778.7	3659	53009	49350
ENST00000423780.1	0	3613	3613
ENST00000423785.5	6501	40542	34041
ENST00000423795.5	34978	200580	165602
ENST00000423798.1	0	12197	12197
ENST00000423799.6	147	2653	2506
ENST00000423800.5	1140	12470	11330
ENST00000423807.5	660	2688	2028
ENST00000423809.5	285	737	452
ENST00000423810.6	0	45785	45785
ENST00000423811.3	1350	23405	22055
ENST00000423813.6	302	4142	3840
ENST00000423817.7	609	15196	14587
ENST00000423822.7	0	17562	17562
ENST00000423823.6	1116	8738	7622
ENST00000423827.5	0	20773	20773
ENST00000423828.5	328	21959	21631
ENST00000423829.2	67	15116	15049
ENST00000423831.5	81	1380	1299
ENST00000423832.5	1843	6879	5036
ENST00000423847.1	0	322	322
ENST00000423850.5	423	4082	3659
ENST00000423854.6	35	46988	46953
ENST00000423855.7	372	27615	27243
ENST00000423859.5	1214	9303	8089
ENST00000423860.2	0	16166	16166
ENST00000423862.5	0	15820	15820
ENST00000423867.2	11095	21653	10558
ENST00000423870.6	64515	141659	77144
ENST00000423893.7	109	2232	2123
ENST00000423894.5	176	78233	78057
ENST00000423897.7	0	48872	48872
ENST00000423898.1	353	903	550
ENST00000423900.1	0	4058	4058
ENST00000423902.7	62693	196144	133451
ENST00000423910.5	1853	37862	36009
ENST00000423915.1	0	2131	2131
ENST00000423927.2	938	8500	7562
ENST00000423932.6	70	1922	1852
ENST00000423934.5	131	8088	7957
ENST00000423935.6	91087	100105	9018
ENST00000423938.1	0	14992	14992
ENST00000423941.6	1316	26849	25533
ENST00000423947.7	237	215995	215758
ENST00000423952.2	0	10491	10491
ENST00000423955.7	27272	35386	8114
ENST00000423956.5	94	39297	39203
ENST00000423958.2	0	15948	15948
ENST00000423959.5	0	42778	42778
ENST00000423960.1	5545	11140	5595
ENST00000423966.6	0	97734	97734
ENST00000423968.7	24305	54306	30001
ENST00000423969.6	123	54833	54710
ENST00000423972.5	73	18027	17954
ENST00000423973.5	1891	4927	3036
ENST00000423980.1	0	516	516
ENST00000423982.6	241	22899	22658
ENST00000423990.6	66	28457	28391
ENST00000423993.5	2498	3408	910
ENST00000423994.6	1870	144044	142174
ENST00000423996.5	1986	5342	3356
ENST00000423998.1	0	446	446
ENST00000424001.5	3244	55075	51831
ENST00000424007.1	0	45346	45346
ENST00000424008.2	0	37004	37004
ENST00000424009.6	129	40522	40393
ENST00000424011.6	774	9143	8369
ENST00000424014.7	1353	14057	12704
ENST00000424016.1	0	3081	3081
ENST00000424018.1	3809	8065	4256
ENST00000424025.5	0	33300	33300
ENST00000424032.6	49	9981	9932
ENST00000424034.5	61	18613	18552
ENST00000424035.1	0	20463	20463
ENST00000424038.2	31774	57340	25566
ENST00000424046.1	0	2458	2458
ENST00000424061.6	935	21678	20743
ENST00000424062.1	45	5245	5200
ENST00000424069.5	2492	4650	2158
ENST00000424071.5	0	31922	31922
ENST00000424077.1	0	1546	1546
ENST00000424078.5	128	3701	3573
ENST00000424080.1	487	8103	7616
ENST00000424082.6	47516	303818	256302
ENST00000424085.6	1708	130875	129167
ENST00000424086.5	1687	3551	1864
ENST00000424088.1	8648	10674	2026
ENST00000424089.5	8264	24283	16019
ENST00000424090.5	7	1361	1354
ENST00000424091.2	236	3294	3058
ENST00000424093.6	3	33335	33332
ENST00000424099.1	0	663	663
ENST00000424100.2	1327	3545	2218
ENST00000424110.1	0	8869	8869
ENST00000424117.5	0	48452	48452
ENST00000424120.6	6051	136364	130313
ENST00000424122.5	14	7725	7711
ENST00000424123.7	0	164405	164405
ENST00000424127.3	2932	77527	74595
ENST00000424128.5	15659	22384	6725
ENST00000424129.7	3861	32688	28827
ENST00000424132.1	29113	29919	806
ENST00000424135.5	2992	3997	1005
ENST00000424136.5	186856	192324	5468
ENST00000424139.1	0	10588	10588
ENST00000424141.6	7098	17692	10594
ENST00000424142.5	829	2298	1469
ENST00000424149.6	313	1658	1345
ENST00000424155.6	105	100872	100767
ENST00000424157.4	1773	10874	9101
ENST00000424158.6	733	72480	71747
ENST00000424163.2	0	4252	4252
ENST00000424168.1	0	1612	1612
ENST00000424171.5	0	1082	1082
ENST00000424173.6	4366	106927	102561
ENST00000424176.5	0	4723	4723
ENST00000424185.7	37	23674	23637
ENST00000424189.6	699	459538	458839
ENST00000424190.1	0	704	704
ENST00000424192.6	43290	50100	6810
ENST00000424196.5	389	24283	23894
ENST00000424197.5	0	82446	82446
ENST00000424201.7	2056	144201	142145
ENST00000424202.6	51	76449	76398
ENST00000424203.5	24386	36291	11905
ENST00000424206.5	182	3832	3650
ENST00000424207.5	0	160	160
ENST00000424212.1	238	5982	5744
ENST00000424214.5	2411	22422	20011
ENST00000424216.1	2064	2354	290
ENST00000424217.1	0	11969	11969
ENST00000424224.5	67588	87068	19480
ENST00000424225.1	0	52248	52248
ENST00000424227.5	145605	202361	56756
ENST00000424232.5	9808	10332	524
ENST00000424234.7	86	84481	84395
ENST00000424236.5	2404	48900	46496
ENST00000424248.2	21	61021	61000
ENST00000424254.6	19	43794	43775
ENST00000424261.6	350	11950	11600
ENST00000424263.6	34424	78987	44563
ENST00000424265.5	20181	46055	25874
ENST00000424266.7	2566	7313	4747
ENST00000424267.6	1333	11277	9944
ENST00000424268.5	49733	167730	117997
ENST00000424270.6	11797	29368	17571
ENST00000424272.5	87349	106639	19290
ENST00000424273.5	76	98620	98544
ENST00000424275.1	156	37025	36869
ENST00000424279.6	190934	254476	63542
ENST00000424280.5	5080	19921	14841
ENST00000424284.5	1063	11953	10890
ENST00000424287.5	92	13887	13795
ENST00000424294.5	4465	11326	6861
ENST00000424296.7	517	188583	188066
ENST00000424298.5	0	16722	16722
ENST00000424300.5	243	49124	48881
ENST00000424301.6	17809	34179	16370
ENST00000424303.5	0	13963	13963
ENST00000424307.5	20	74537	74517
ENST00000424310.7	1264	48187	46923
ENST00000424317.5	425	158067	157642
ENST00000424319.5	2403	167827	165424
ENST00000424320.6	56404	157207	100803
ENST00000424326.5	27205	74454	47249
ENST00000424330.1	6968	28879	21911
ENST00000424337.7	54175	151330	97155
ENST00000424339.1	702	8443	7741
ENST00000424340.7	2911	28883	25972
ENST00000424347.6	289	36837	36548
ENST00000424348.1	0	1916	1916
ENST00000424350.5	0	5837	5837
ENST00000424352.6	2907	208807	205900
ENST00000424354.5	107	49783	49676
ENST00000424358.1	567	991	424
ENST00000424361.5	2980	5930	2950
ENST00000424362.7	2293	19142	16849
ENST00000424363.5	0	3049	3049
ENST00000424365.6	5929	34428	28499
ENST00000424367.5	0	18690	18690
ENST00000424369.5	9233	14371	5138
ENST00000424373.5	2470	24286	21816
ENST00000424374.5	0	2502	2502
ENST00000424381.5	33	80635	80602
ENST00000424383.5	74320	79286	4966
ENST00000424384.2	6134	32261	26127
ENST00000424385.5	7684	50259	42575
ENST00000424387.5	45	22170	22125
ENST00000424388.1	1535	2475	940
ENST00000424390.2	418	8721	8303
ENST00000424392.5	72619	116255	43636
ENST00000424393.5	0	7822	7822
ENST00000424398.6	82	10525	10443
ENST00000424405.5	0	108711	108711
ENST00000424406.2	607	2524	1917
ENST00000424408.6	147	150267	150120
ENST00000424424.2	12762	14278	1516
ENST00000424425.6	0	1274	1274
ENST00000424427.5	258	7618	7360
ENST00000424431.3	916	21715	20799
ENST00000424438.5	180	6361	6181
ENST00000424439.3	1043	1779	736
ENST00000424440.5	113	7238	7125
ENST00000424441.1	0	28370	28370
ENST00000424442.5	40	18117	18077
ENST00000424443.7	808	25485	24677
ENST00000424444.1	0	572	572
ENST00000424445.6	2613	51204	48591
ENST00000424447.5	366	19412	19046
ENST00000424449.2	0	24043	24043
ENST00000424454.5	40	816	776
ENST00000424457.5	0	3589	3589
ENST00000424458.5	0	1744	1744
ENST00000424459.7	40183	90269	50086
ENST00000424463.4	88	14700	14612
ENST00000424464.5	4137	14362	10225
ENST00000424468.1	0	24	24
ENST00000424469.2	53	320068	320015
ENST00000424475.5	0	5177	5177
ENST00000424478.5	11112	12754	1642
ENST00000424479.7	1317	6854	5537
ENST00000424480.5	0	4928	4928
ENST00000424485.6	20133	25729	5596
ENST00000424486.3	1042	1844	802
ENST00000424488.5	0	6251	6251
ENST00000424491.5	5983	54783	48800
ENST00000424492.7	70	24642	24572
ENST00000424495.2	624	8655	8031
ENST00000424496.3	3978	4360	382
ENST00000424499.1	428	4228	3800
ENST00000424501.5	1081	6707	5626
ENST00000424503.1	0	6847	6847
ENST00000424508.5	0	8558	8558
ENST00000424512.5	589	3559	2970
ENST00000424522.5	32	1607	1575
ENST00000424526.7	141287	286324	145037
ENST00000424527.5	0	132949	132949
ENST00000424529.6	89	10750	10661
ENST00000424533.5	33230	177919	144689
ENST00000424536.2	23	10622	10599
ENST00000424537.5	0	9525	9525
ENST00000424542.7	104	12083	11979
ENST00000424544.2	0	3283	3283
ENST00000424546.6	85	41911	41826
ENST00000424549.7	0	12516	12516
ENST00000424550.6	379	7584	7205
ENST00000424555.5	0	114	114
ENST00000424556.2	235	1650	1415
ENST00000424557.1	3392	3636	244
ENST00000424558.5	120	100465	100345
ENST00000424564.2	30	299489	299459
ENST00000424568.1	0	3871	3871
ENST00000424570.6	93	11327	11234
ENST00000424572.1	0	7268	7268
ENST00000424576.6	24	4311	4287
ENST00000424577.5	0	5975	5975
ENST00000424583.7	233	6264	6031
ENST00000424585.1	0	18058	18058
ENST00000424586.7	171	4126	3955
ENST00000424591.6	727	45647	44920
ENST00000424594.1	0	2689	2689
ENST00000424596.1	0	62	62
ENST00000424598.5	4904	9025	4121
ENST00000424599.5	78806	161393	82587
ENST00000424600.5	0	97500	97500
ENST00000424602.1	7302	12684	5382
ENST00000424608.2	747	23652	22905
ENST00000424614.1	0	7016	7016
ENST00000424620.1	0	342	342
ENST00000424625.5	1226	3092	1866
ENST00000424626.5	0	1048	1048
ENST00000424629.5	2877	11000	8123
ENST00000424632.5	2085	38553	36468
ENST00000424634.5	4191	7815	3624
ENST00000424636.2	2357	42583	40226
ENST00000424639.5	3925	7357	3432
ENST00000424644.1	26683	27285	602
ENST00000424645.6	0	6589	6589
ENST00000424646.6	2325	123516	121191
ENST00000424647.1	0	4466	4466
ENST00000424649.6	1870	56842	54972
ENST00000424654.5	2439	386367	383928
ENST00000424656.1	854	47143	46289
ENST00000424658.5	524	5820	5296
ENST00000424659.6	1883	19417	17534
ENST00000424669.6	1013	64490	63477
ENST00000424674.1	0	6694	6694
ENST00000424679.6	23750	31751	8001
ENST00000424685.3	6596	527897	521301
ENST00000424693.1	0	95256	95256
ENST00000424694.5	582	16060	15478
ENST00000424697.5	1174	8719	7545
ENST00000424699.5	15853	19688	3835
ENST00000424702.1	80	4460	4380
ENST00000424703.6	482	55083	54601
ENST00000424705.3	45	12807	12762
ENST00000424709.5	0	37300	37300
ENST00000424710.5	0	41346	41346
ENST00000424712.6	2225	51957	49732
ENST00000424714.1	224	2481	2257
ENST00000424717.6	0	4644	4644
ENST00000424721.5	88	638	550
ENST00000424722.6	0	24269	24269
ENST00000424723.5	0	7155	7155
ENST00000424725.2	11480	147342	135862
ENST00000424728.6	91	115117	115026
ENST00000424732.5	0	23521	23521
ENST00000424747.1	355	3341	2986
ENST00000424749.7	26	32905	32879
ENST00000424754.5	0	5045	5045
ENST00000424760.5	41443	143128	101685
ENST00000424765.2	0	6249	6249
ENST00000424766.5	7267	34217	26950
ENST00000424767.7	12681	67577	54896
ENST00000424768.2	2773	38033	35260
ENST00000424772.2	0	77959	77959
ENST00000424776.5	32	6432	6400
ENST00000424777.6	19	22132	22113
ENST00000424778.1	651	80676	80025
ENST00000424781.6	82	12412	12330
ENST00000424785.7	2109	15497	13388
ENST00000424789.6	4	418341	418337
ENST00000424796.6	384	2410	2026
ENST00000424798.5	26	4061	4035
ENST00000424802.7	0	150457	150457
ENST00000424805.1	574	3350	2776
ENST00000424809.6	423	9046	8623
ENST00000424811.2	1646	41564	39918
ENST00000424814.5	857	30834	29977
ENST00000424818.5	8157	16494	8337
ENST00000424830.6	536	99098	98562
ENST00000424833.5	56422	77709	21287
ENST00000424834.6	243125	326784	83659
ENST00000424842.5	1652	41271	39619
ENST00000424843.6	1445	102180	100735
ENST00000424845.5	1909	3532	1623
ENST00000424847.6	365	1063	698
ENST00000424848.3	10222	229373	219151
ENST00000424854.6	0	267591	267591
ENST00000424859.7	177	578314	578137
ENST00000424861.6	127487	230709	103222
ENST00000424864.1	0	2814	2814
ENST00000424865.1	6143	16599	10456
ENST00000424866.1	123	38869	38746
ENST00000424867.1	0	154	154
ENST00000424869.6	19	211411	211392
ENST00000424875.2	297	5178	4881
ENST00000424877.6	1906	37727	35821
ENST00000424878.4	874	9716	8842
ENST00000424880.2	7351	17961	10610
ENST00000424881.5	1735	16331	14596
ENST00000424889.7	522	12970	12448
ENST00000424894.1	687	8227	7540
ENST00000424898.3	405	17970	17565
ENST00000424901.5	3557	36251	32694
ENST00000424908.5	148	14841	14693
ENST00000424912.2	821	8414	7593
ENST00000424913.5	0	1328	1328
ENST00000424914.1	0	39201	39201
ENST00000424922.5	11	78316	78305
ENST00000424927.5	870	79840	78970
ENST00000424930.6	229	7893	7664
ENST00000424936.6	60	5002	4942
ENST00000424945.5	1299	7786	6487
ENST00000424946.1	0	432	432
ENST00000424947.6	0	46957	46957
ENST00000424952.7	11431	45066	33635
ENST00000424957.8	13317	26617	13300
ENST00000424959.5	14	3517	3503
ENST00000424960.1	2911	5931	3020
ENST00000424963.6	72	84859	84787
ENST00000424964.6	11251	15035	3784
ENST00000424965.5	7574	34996	27422
ENST00000424969.2	0	802	802
ENST00000424970.7	16815	94625	77810
ENST00000424977.1	18567	26114	7547
ENST00000424985.3	395	10914	10519
ENST00000424988.1	5910	30437	24527
ENST00000424990.5	0	2009	2009
ENST00000424991.1	0	26354	26354
ENST00000424992.5	0	51764	51764
ENST00000424998.3	0	20063	20063
ENST00000424999.1	443	17568	17125
ENST00000425006.3	3	15835	15832
ENST00000425009.1	0	4906	4906
ENST00000425011.1	1061	1407	346
ENST00000425012.6	82	7770	7688
ENST00000425013.6	2816	143604	140788
ENST00000425015.5	83	2289	2206
ENST00000425018.1	45	4176	4131
ENST00000425019.6	74	196913	196839
ENST00000425020.6	151	28298	28147
ENST00000425028.5	205	4504	4299
ENST00000425030.1	7389	7763	374
ENST00000425032.7	14687	77718	63031
ENST00000425034.6	71	1835	1764
ENST00000425035.5	9276	34239	24963
ENST00000425040.5	37867	59218	21351
ENST00000425042.7	831	24259	23428
ENST00000425043.5	802	33925	33123
ENST00000425046.1	34	10553	10519
ENST00000425053.5	34	5814	5780
ENST00000425054.6	306	8680	8374
ENST00000425056.5	1115	7851	6736
ENST00000425059.1	186	17058	16872
ENST00000425061.5	99	23937	23838
ENST00000425063.5	1847	13367	11520
ENST00000425072.5	0	1613	1613
ENST00000425073.2	1319	44907	43588
ENST00000425074.3	1218	4282	3064
ENST00000425075.6	56	80498	80442
ENST00000425080.1	0	5448	5448
ENST00000425096.1	0	4719	4719
ENST00000425098.5	2041	15086	13045
ENST00000425103.5	41722	102408	60686
ENST00000425114.2	6188	105528	99340
ENST00000425117.6	90	25627	25537
ENST00000425118.5	435	4092	3657
ENST00000425128.6	4046	114953	110907
ENST00000425132.5	455	42947	42492
ENST00000425133.2	842	16256	15414
ENST00000425134.2	15	2723	2708
ENST00000425141.5	366	7864	7498
ENST00000425146.5	178819	277777	98958
ENST00000425154.6	0	8227	8227
ENST00000425160.1	0	1727	1727
ENST00000425164.7	14	4324	4310
ENST00000425167.6	40	28106	28066
ENST00000425169.1	0	5251	5251
ENST00000425171.2	565	93425	92860
ENST00000425172.1	457	1195	738
ENST00000425173.5	0	15520	15520
ENST00000425175.5	49291	383862	334571
ENST00000425178.5	93	9961	9868
ENST00000425181.3	0	805	805
ENST00000425182.6	3975	5005	1030
ENST00000425184.5	15464	15600	136
ENST00000425186.2	0	20656	20656
ENST00000425190.7	157	32626	32469
ENST00000425191.6	15024	62196	47172
ENST00000425202.6	0	10283	10283
ENST00000425203.1	359	10371	10012
ENST00000425206.6	41	21658	21617
ENST00000425208.6	811	57581	56770
ENST00000425210.5	38488	40024	1536
ENST00000425225.2	193	7213	7020
ENST00000425229.5	19	130059	130040
ENST00000425231.2	252	37096	36844
ENST00000425232.7	70651	76825	6174
ENST00000425234.6	3314	11402	8088
ENST00000425236.5	3575	9156	5581
ENST00000425237.5	40492	78800	38308
ENST00000425241.6	56332	97197	40865
ENST00000425242.5	195	67343	67148
ENST00000425244.6	10	468940	468930
ENST00000425247.6	37826	48850	11024
ENST00000425248.5	441	165019	164578
ENST00000425249.6	1494	96561	95067
ENST00000425253.1	121	26994	26873
ENST00000425263.5	5078	45601	40523
ENST00000425265.6	0	2805	2805
ENST00000425268.5	0	352	352
ENST00000425274.1	9205	9599	394
ENST00000425278.6	2479	35799	33320
ENST00000425280.2	536	13766	13230
ENST00000425282.4	54	11931	11877
ENST00000425288.1	0	7419	7419
ENST00000425289.5	0	40244	40244
ENST00000425291.5	0	3155	3155
ENST00000425297.2	0	22547	22547
ENST00000425300.6	11140	34240	23100
ENST00000425308.6	207	8454	8247
ENST00000425327.6	1966	205918	203952
ENST00000425331.5	392	24516	24124
ENST00000425332.2	0	4394	4394
ENST00000425336.1	524	2843	2319
ENST00000425340.3	6986	9042	2056
ENST00000425343.6	140	7434	7294
ENST00000425345.1	46	29559	29513
ENST00000425346.6	572	3542	2970
ENST00000425354.7	1110	18330	17220
ENST00000425357.1	6968	14092	7124
ENST00000425359.6	0	10475	10475
ENST00000425360.5	0	35567	35567
ENST00000425361.5	0	9248	9248
ENST00000425368.7	127	8206	8079
ENST00000425375.5	125	48729	48604
ENST00000425379.1	0	32	32
ENST00000425380.7	11701	13493	1792
ENST00000425382.5	2835	36441	33606
ENST00000425389.2	78	3478	3400
ENST00000425392.5	29438	43756	14318
ENST00000425393.1	9	5982	5973
ENST00000425394.7	665	19728	19063
ENST00000425395.6	35424	103731	68307
ENST00000425398.6	323	39941	39618
ENST00000425400.5	9659	11908	2249
ENST00000425402.5	199	40290	40091
ENST00000425406.5	12516	30460	17944
ENST00000425407.6	6366	42912	36546
ENST00000425408.5	313	7105	6792
ENST00000425410.1	0	972	972
ENST00000425413.5	0	33433	33433
ENST00000425416.6	17086	103122	86036
ENST00000425417.2	0	9365	9365
ENST00000425424.4	6	1919	1913
ENST00000425427.6	137	196833	196696
ENST00000425428.6	122	47893	47771
ENST00000425430.5	42	21728	21686
ENST00000425432.6	336	21491	21155
ENST00000425441.5	334	55497	55163
ENST00000425443.6	867	37393	36526
ENST00000425444.2	17822	29399	11577
ENST00000425446.6	747	10583	9836
ENST00000425450.5	492	6030	5538
ENST00000425451.2	2042	24707	22665
ENST00000425452.1	59	6048	5989
ENST00000425453.3	581	3567	2986
ENST00000425457.6	47128	80161	33033
ENST00000425459.5	79	52800	52721
ENST00000425460.6	6744	112133	105389
ENST00000425467.5	88	20819	20731
ENST00000425468.6	1810	9231	7421
ENST00000425478.7	3147	21526	18379
ENST00000425479.1	0	200	200
ENST00000425485.5	1853	38194	36341
ENST00000425488.1	0	39572	39572
ENST00000425490.5	6536	9317	2781
ENST00000425491.6	1373	35253	33880
ENST00000425498.1	3511	49543	46032
ENST00000425506.5	70	80111	80041
ENST00000425508.6	6395	168901	162506
ENST00000425520.2	1207	3677	2470
ENST00000425521.1	0	710	710
ENST00000425525.1	0	4479	4479
ENST00000425526.5	465	1029	564
ENST00000425528.6	2148	24444	22296
ENST00000425530.3	6806	28396	21590
ENST00000425533.1	87	13223	13136
ENST00000425534.8	9271	50618	41347
ENST00000425535.5	210	6198	5988
ENST00000425536.1	289	1953	1664
ENST00000425538.6	299	100695	100396
ENST00000425542.5	46	1601	1555
ENST00000425546.5	543	14122	13579
ENST00000425550.5	0	69923	69923
ENST00000425551.1	0	1556	1556
ENST00000425558.1	8079	19611	11532
ENST00000425560.1	0	25620	25620
ENST00000425562.7	25	94719	94694
ENST00000425570.7	3887	12317	8430
ENST00000425574.7	578	35042	34464
ENST00000425583.6	1398	30107	28709
ENST00000425590.1	4694	5130	436
ENST00000425597.8	16277	24116	7839
ENST00000425598.2	2035	6398	4363
ENST00000425599.6	3	59151	59148
ENST00000425608.5	22491	115739	93248
ENST00000425611.9	479	8235	7756
ENST00000425614.3	50	52625	52575
ENST00000425615.3	23	26041	26018
ENST00000425618.3	0	14231	14231
ENST00000425621.5	91111	450824	359713
ENST00000425625.5	16066	34942	18876
ENST00000425626.1	141	8476	8335
ENST00000425628.7	60	43646	43586
ENST00000425629.8	2266	15180	12914
ENST00000425637.3	20290	21002	712
ENST00000425639.3	5923	46052	40129
ENST00000425641.1	0	28487	28487
ENST00000425642.3	97	5039	4942
ENST00000425647.1	38	61564	61526
ENST00000425654.7	480	281091	280611
ENST00000425656.5	20817	26623	5806
ENST00000425658.1	0	37539	37539
ENST00000425660.5	1892	2873	981
ENST00000425662.6	19251	186529	167278
ENST00000425665.1	204	6560	6356
ENST00000425670.1	0	100669	100669
ENST00000425671.1	0	3624	3624
ENST00000425673.6	1418	16762	15344
ENST00000425675.7	326	4111	3785
ENST00000425676.5	3554	6003	2449
ENST00000425679.5	0	33396	33396
ENST00000425682.1	0	16503	16503
ENST00000425683.1	0	1066	1066
ENST00000425686.3	17160	30245	13085
ENST00000425687.5	97355	243235	145880
ENST00000425689.1	0	3199	3199
ENST00000425690.8	187	19141	18954
ENST00000425691.5	2965	3335	370
ENST00000425694.5	0	4691	4691
ENST00000425695.5	451	6308	5857
ENST00000425696.5	5755	13033	7278
ENST00000425699.3	88	1838	1750
ENST00000425700.3	0	25482	25482
ENST00000425703.5	476	4819	4343
ENST00000425705.2	1722	16947	15225
ENST00000425707.7	12934	39027	26093
ENST00000425708.6	6808	18866	12058
ENST00000425715.1	0	117114	117114
ENST00000425718.1	265	3249	2984
ENST00000425719.6	20	424738	424718
ENST00000425720.5	0	3035	3035
ENST00000425728.6	87	20474	20387
ENST00000425731.7	4885	20535	15650
ENST00000425745.1	0	3295	3295
ENST00000425752.6	302	226682	226380
ENST00000425753.7	295	5047	4752
ENST00000425755.5	102	56588	56486
ENST00000425756.1	3316	30013	26697
ENST00000425762.2	190	8139	7949
ENST00000425767.2	0	1806	1806
ENST00000425773.1	0	46495	46495
ENST00000425778.5	5721	8062	2341
ENST00000425780.5	18834	19222	388
ENST00000425781.5	3060	13813	10753
ENST00000425791.1	1844	2339	495
ENST00000425792.5	5680	387406	381726
ENST00000425796.5	979	4504	3525
ENST00000425804.1	0	13619	13619
ENST00000425807.1	144	10589	10445
ENST00000425813.5	10698	26386	15688
ENST00000425815.6	2144	73259	71115
ENST00000425816.5	52	11832	11780
ENST00000425817.6	14607	16000	1393
ENST00000425819.6	398	32785	32387
ENST00000425822.5	0	250	250
ENST00000425825.6	338	5762	5424
ENST00000425826.3	204	99711	99507
ENST00000425827.5	22814	23663	849
ENST00000425829.2	0	1892	1892
ENST00000425834.7	0	3083	3083
ENST00000425835.6	70	15429	15359
ENST00000425836.9	496	15586	15090
ENST00000425838.5	2	2322	2320
ENST00000425841.1	0	102	102
ENST00000425847.6	170	41379	41209
ENST00000425849.1	0	1613	1613
ENST00000425851.1	0	16338	16338
ENST00000425853.5	83	2417	2334
ENST00000425862.5	0	25365	25365
ENST00000425863.5	0	15503	15503
ENST00000425867.3	0	426040	426040
ENST00000425868.5	64528	64670	142
ENST00000425871.1	2766	42645	39879
ENST00000425876.6	88	4990	4902
ENST00000425888.1	0	922	922
ENST00000425892.2	0	66510	66510
ENST00000425895.5	1620	19115	17495
ENST00000425897.3	77	72076	71999
ENST00000425898.2	936	9727	8791
ENST00000425899.5	8287	8895	608
ENST00000425906.1	1428	2414	986
ENST00000425913.5	0	2494	2494
ENST00000425927.5	72	9869	9797
ENST00000425929.6	6459	16228	9769
ENST00000425930.5	0	4357	4357
ENST00000425931.1	0	3227	3227
ENST00000425933.6	1595	30890	29295
ENST00000425934.5	103	17837	17734
ENST00000425936.1	0	158	158
ENST00000425937.1	0	23433	23433
ENST00000425938.6	25231	33107	7876
ENST00000425941.6	4869	7210	2341
ENST00000425944.5	0	104272	104272
ENST00000425946.1	0	2602	2602
ENST00000425947.1	0	5171	5171
ENST00000425950.2	614	9194	8580
ENST00000425953.6	295	9640	9345
ENST00000425954.1	0	968	968
ENST00000425967.8	750	48271	47521
ENST00000425969.5	43	7049	7006
ENST00000425970.5	330	57610	57280
ENST00000425973.5	41	25918	25877
ENST00000425975.1	266	1947	1681
ENST00000425976.5	0	10542	10542
ENST00000425986.1	297	3941	3644
ENST00000425989.5	0	4179	4179
ENST00000425992.2	0	12829	12829
ENST00000426000.6	4503	69173	64670
ENST00000426002.5	1234	5545	4311
ENST00000426003.1	0	6865	6865
ENST00000426004.5	393	2771	2378
ENST00000426005.7	270	5878	5608
ENST00000426013.7	128	25131	25003
ENST00000426031.5	6357	20204	13847
ENST00000426032.5	33	5700	5667
ENST00000426034.5	1635	8156	6521
ENST00000426036.6	0	22709	22709
ENST00000426039.8	2530	27636	25106
ENST00000426047.1	0	2840	2840
ENST00000426052.6	2658	36666	34008
ENST00000426053.5	1885	14095	12210
ENST00000426056.1	26	4494	4468
ENST00000426059.1	146	23099	22953
ENST00000426073.6	30828	118177	87349
ENST00000426075.5	206	12183	11977
ENST00000426077.3	4448	6546	2098
ENST00000426079.5	0	23164	23164
ENST00000426081.5	1038	4249	3211
ENST00000426086.3	250	4347	4097
ENST00000426088.5	284	103087	102803
ENST00000426094.5	40245	40495	250
ENST00000426105.7	1708	131603	129895
ENST00000426106.1	14	34265	34251
ENST00000426113.5	697	6769	6072
ENST00000426119.5	0	692	692
ENST00000426121.1	0	72559	72559
ENST00000426123.5	1228	13424	12196
ENST00000426126.7	122	88746	88624
ENST00000426127.1	4918	7814	2896
ENST00000426128.6	1982	47220	45238
ENST00000426130.6	1648	9255	7607
ENST00000426136.1	0	23251	23251
ENST00000426137.1	579	11152	10573
ENST00000426139.5	0	5746	5746
ENST00000426141.6	13371	32739	19368
ENST00000426142.6	33816	56989	23173
ENST00000426145.1	0	488	488
ENST00000426147.6	2821	14270	11449
ENST00000426151.7	1873	63905	62032
ENST00000426152.5	0	2742	2742
ENST00000426154.5	3856	50198	46342
ENST00000426155.6	639	49795	49156
ENST00000426156.1	0	19167	19167
ENST00000426158.1	13210	13736	526
ENST00000426163.5	0	41735	41735
ENST00000426172.3	52	33710	33658
ENST00000426173.6	17333	28892	11559
ENST00000426174.6	128	38667	38539
ENST00000426184.1	239	12918	12679
ENST00000426197.2	73	5781	5708
ENST00000426198.5	0	3583	3583
ENST00000426203.5	0	6622	6622
ENST00000426208.5	11343	14076	2733
ENST00000426215.5	29697	30051	354
ENST00000426216.6	17	311397	311380
ENST00000426220.5	0	1757	1757
ENST00000426229.1	0	6700	6700
ENST00000426231.5	0	1191	1191
ENST00000426232.5	0	12504	12504
ENST00000426233.1	0	13940	13940
ENST00000426246.2	19381	41786	22405
ENST00000426248.7	76221	168677	92456
ENST00000426253.5	2698	6671	3973
ENST00000426255.6	387	11871	11484
ENST00000426258.5	406	7860	7454
ENST00000426263.10	1691	34764	33073
ENST00000426264.5	665	6514	5849
ENST00000426266.5	0	8850	8850
ENST00000426274.6	251944	330617	78673
ENST00000426280.3	167	8112	7945
ENST00000426286.1	0	486	486
ENST00000426287.3	180	19786	19606
ENST00000426290.1	0	8026	8026
ENST00000426291.5	116	2954	2838
ENST00000426292.7	54	5093	5039
ENST00000426296.1	2301	8964	6663
ENST00000426297.1	0	787	787
ENST00000426304.6	1024	83907	82883
ENST00000426306.2	1360	7335	5975
ENST00000426310.6	386	143083	142697
ENST00000426318.2	51	842	791
ENST00000426319.1	0	4253	4253
ENST00000426324.6	236	2827	2591
ENST00000426333.7	1329	47462	46133
ENST00000426335.6	1186	14018	12832
ENST00000426341.6	10825	26827	16002
ENST00000426343.5	0	4285	4285
ENST00000426344.6	12301	41641	29340
ENST00000426346.1	0	596	596
ENST00000426362.6	243	4796	4553
ENST00000426364.5	130	482	352
ENST00000426366.5	148	37824	37676
ENST00000426377.5	4794	86840	82046
ENST00000426385.4	3628	25312	21684
ENST00000426391.6	644	5490	4846
ENST00000426395.7	247	14051	13804
ENST00000426396.5	1748	42326	40578
ENST00000426398.3	77	93220	93143
ENST00000426402.2	0	816	816
ENST00000426403.1	6148	7998	1850
ENST00000426406.4	3	1873	1870
ENST00000426415.5	0	5212	5212
ENST00000426421.5	12	48143	48131
ENST00000426422.1	1167	9646	8479
ENST00000426426.3	75	47252	47177
ENST00000426431.2	1034	32927	31893
ENST00000426434.1	0	27380	27380
ENST00000426440.5	0	14374	14374
ENST00000426444.1	477	934	457
ENST00000426447.3	6991	12139	5148
ENST00000426449.5	1026	5621	4595
ENST00000426450.1	26548	27068	520
ENST00000426455.5	2994	40091	37097
ENST00000426464.2	660	6045	5385
ENST00000426476.5	16065	38140	22075
ENST00000426480.2	463	13970	13507
ENST00000426481.5	3749	44272	40523
ENST00000426488.6	223	5693	5470
ENST00000426490.1	23	582	559
ENST00000426493.5	393	5684	5291
ENST00000426496.6	57	88230	88173
ENST00000426499.5	451	1106	655
ENST00000426500.5	109750	200887	91137
ENST00000426508.7	520	101196	100676
ENST00000426511.5	4212	18819	14607
ENST00000426513.6	2997	13270	10273
ENST00000426514.2	0	7429	7429
ENST00000426517.1	24927	33685	8758
ENST00000426518.5	0	37028	37028
ENST00000426523.5	79	31151	31072
ENST00000426524.6	2458	3740	1282
ENST00000426530.2	193	6580	6387
ENST00000426532.6	179	25693	25514
ENST00000426537.1	0	562	562
ENST00000426538.6	208	13093	12885
ENST00000426540.6	1855	18436	16581
ENST00000426541.1	486	7996	7510
ENST00000426542.6	20	261258	261238
ENST00000426543.6	122	19518	19396
ENST00000426546.7	88	3736	3648
ENST00000426557.5	94635	103540	8905
ENST00000426559.6	286	19754	19468
ENST00000426563.5	24995	27066	2071
ENST00000426568.5	83	113744	113661
ENST00000426569.1	0	1135	1135
ENST00000426572.5	8016	20171	12155
ENST00000426576.6	1514	44381	42867
ENST00000426583.2	1661	11651	9990
ENST00000426584.5	5921	7918	1997
ENST00000426588.7	257	22060	21803
ENST00000426592.6	8719	11190	2471
ENST00000426595.1	25399	68568	43169
ENST00000426596.1	0	7450	7450
ENST00000426599.1	0	3876	3876
ENST00000426601.1	10279	10877	598
ENST00000426604.7	19194	20983	1789
ENST00000426608.6	14	13007	12993
ENST00000426613.5	83476	150200	66724
ENST00000426620.5	230	28016	27786
ENST00000426621.6	10834	12345	1511
ENST00000426626.1	287	13404	13117
ENST00000426633.6	205	11973	11768
ENST00000426637.5	18566	24761	6195
ENST00000426638.1	2331	14501	12170
ENST00000426639.5	230691	428959	198268
ENST00000426645.2	0	4808	4808
ENST00000426646.1	156	31544	31388
ENST00000426648.1	0	11167	11167
ENST00000426649.5	0	2029	2029
ENST00000426650.7	861	13244	12383
ENST00000426651.1	482	2636	2154
ENST00000426654.6	1208	81759	80551
ENST00000426655.6	42	41747	41705
ENST00000426658.6	14296	25997	11701
ENST00000426659.6	11409	12136	727
ENST00000426663.1	1286	13071	11785
ENST00000426664.6	3690	181855	178165
ENST00000426665.6	13866	28053	14187
ENST00000426666.5	91	4802	4711
ENST00000426668.1	0	16840	16840
ENST00000426672.6	52316	118972	66656
ENST00000426673.6	210	5143	4933
ENST00000426677.7	162	12986	12824
ENST00000426678.1	0	1445	1445
ENST00000426683.5	12573	57130	44557
ENST00000426687.2	0	206792	206792
ENST00000426689.6	643	5072	4429
ENST00000426694.5	576	19217	18641
ENST00000426695.5	19587	19889	302
ENST00000426700.6	37	16580	16543
ENST00000426705.6	241	7125	6884
ENST00000426706.6	1302	32723	31421
ENST00000426712.1	0	1367	1367
ENST00000426713.1	828	1162	334
ENST00000426717.6	4644	179096	174452
ENST00000426722.5	0	4097	4097
ENST00000426726.8	232	10961	10729
ENST00000426727.6	0	40134	40134
ENST00000426738.6	504	11458	10954
ENST00000426739.7	3079	18658	15579
ENST00000426740.8	463	7938	7475
ENST00000426744.5	598	35846	35248
ENST00000426751.7	9164	10803	1639
ENST00000426755.5	77094	91825	14731
ENST00000426756.5	0	638	638
ENST00000426761.2	60	9888	9828
ENST00000426768.2	52	15250	15198
ENST00000426778.5	36579	37003	424
ENST00000426783.5	0	376	376
ENST00000426784.1	0	56965	56965
ENST00000426793.1	746	5465	4719
ENST00000426797.7	106	44133	44027
ENST00000426805.2	0	54633	54633
ENST00000426808.5	39	2674	2635
ENST00000426809.5	0	191266	191266
ENST00000426810.5	16	11993	11977
ENST00000426814.5	206	12704	12498
ENST00000426819.5	0	9217	9217
ENST00000426820.7	11060	47800	36740
ENST00000426821.6	0	51518	51518
ENST00000426824.8	4905	18257	13352
ENST00000426827.5	415	8082	7667
ENST00000426832.1	2003	12901	10898
ENST00000426833.7	2358	59381	57023
ENST00000426836.5	1000	20725	19725
ENST00000426837.6	1941	154637	152696
ENST00000426838.8	21174	197300	176126
ENST00000426850.1	0	8644	8644
ENST00000426851.6	39835	54791	14956
ENST00000426855.6	175	44998	44823
ENST00000426856.1	0	108875	108875
ENST00000426858.1	30	5296	5266
ENST00000426861.5	1630	12524	10894
ENST00000426868.6	18435	147865	129430
ENST00000426871.1	0	5368	5368
ENST00000426877.2	1375	2501	1126
ENST00000426878.2	132	48820	48688
ENST00000426879.5	0	33494	33494
ENST00000426880.2	0	17734	17734
ENST00000426886.1	5658	143460	137802
ENST00000426894.5	3768	6646	2878
ENST00000426895.10	674	27802	27128
ENST00000426896.5	3176	60806	57630
ENST00000426897.6	1575	5562	3987
ENST00000426902.5	258	11947	11689
ENST00000426905.7	261	27722	27461
ENST00000426907.5	1216	20980	19764
ENST00000426909.1	0	420	420
ENST00000426915.1	538	4160	3622
ENST00000426918.2	15970	45368	29398
ENST00000426919.5	0	4756	4756
ENST00000426921.5	144	13932	13788
ENST00000426923.2	1829	15402	13573
ENST00000426924.5	0	18715	18715
ENST00000426925.5	500	15035	14535
ENST00000426927.5	1603	7676	6073
ENST00000426928.7	3	21003	21000
ENST00000426930.5	0	34436	34436
ENST00000426933.6	374	16265	15891
ENST00000426935.5	0	23328	23328
ENST00000426937.5	129413	133541	4128
ENST00000426939.6	0	7808	7808
ENST00000426940.5	152257	152503	246
ENST00000426941.1	0	6986	6986
ENST00000426947.5	0	188	188
ENST00000426948.6	288	50248	49960
ENST00000426950.6	46	3559	3513
ENST00000426951.5	583	9731	9148
ENST00000426954.6	240	7866	7626
ENST00000426955.6	100	15313	15213
ENST00000426956.1	8365	47764	39399
ENST00000426958.1	136	1627	1491
ENST00000426960.6	877	3059	2182
ENST00000426961.1	359	3105	2746
ENST00000426966.5	5721	7886	2165
ENST00000426967.5	0	3572	3572
ENST00000426968.2	24646	102422	77776
ENST00000426971.2	673	13577	12904
ENST00000426972.8	2974	40901	37927
ENST00000426978.5	412	17117	16705
ENST00000426981.5	903	4251	3348
ENST00000426982.7	3	122724	122721
ENST00000426989.5	30	6824	6794
ENST00000426995.2	378	4414	4036
ENST00000426997.5	17991	19799	1808
ENST00000426998.6	54	41242	41188
ENST00000427002.2	3861	32691	28830
ENST00000427004.5	1865	3327	1462
ENST00000427007.5	0	114	114
ENST00000427008.1	0	1154	1154
ENST00000427012.3	800	31815	31015
ENST00000427024.5	5419	27849	22430
ENST00000427025.6	2041	154691	152650
ENST00000427034.1	0	40109	40109
ENST00000427038.5	2476	5649	3173
ENST00000427040.3	758	36638	35880
ENST00000427041.1	0	27748	27748
ENST00000427043.4	2772	7326	4554
ENST00000427047.6	72	12153	12081
ENST00000427057.6	3265	21818	18553
ENST00000427060.6	888	23582	22694
ENST00000427067.6	438	118812	118374
ENST00000427068.1	0	540	540
ENST00000427072.6	2139	10120	7981
ENST00000427077.1	977	4838	3861
ENST00000427078.5	0	42969	42969
ENST00000427084.5	15588	42352	26764
ENST00000427088.1	0	3576	3576
ENST00000427097.5	207	29455	29248
ENST00000427098.1	0	36001	36001
ENST00000427099.1	688	1414	726
ENST00000427101.6	141	55295	55154
ENST00000427103.6	1270	9985	8715
ENST00000427104.5	13357	27350	13993
ENST00000427105.1	825	23678	22853
ENST00000427112.6	3	91836	91833
ENST00000427114.6	0	28938	28938
ENST00000427117.6	6455	63302	56847
ENST00000427118.1	0	104	104
ENST00000427120.6	3915	31328	27413
ENST00000427123.5	116	2673	2557
ENST00000427124.1	3129	165048	161919
ENST00000427125.6	1380	22842	21462
ENST00000427127.1	1456	7176	5720
ENST00000427128.5	0	23081	23081
ENST00000427130.6	339	78389	78050
ENST00000427141.6	2781	5420	2639
ENST00000427152.1	0	5799	5799
ENST00000427155.6	807	13119	12312
ENST00000427159.7	372	9990	9618
ENST00000427167.5	78382	89519	11137
ENST00000427171.5	0	45051	45051
ENST00000427172.5	0	8245	8245
ENST00000427174.5	892	6652	5760
ENST00000427175.2	1874	42410	40536
ENST00000427177.6	37	218902	218865
ENST00000427178.1	675	30932	30257
ENST00000427179.5	3658	9023	5365
ENST00000427180.5	6933	24408	17475
ENST00000427183.6	2337	44060	41723
ENST00000427185.2	31	3738	3707
ENST00000427190.6	115	76972	76857
ENST00000427191.6	40942	227585	186643
ENST00000427193.1	0	3383	3383
ENST00000427197.2	56	8601	8545
ENST00000427199.3	2056	3464	1408
ENST00000427201.2	14734	15414	680
ENST00000427207.5	0	57293	57293
ENST00000427211.3	817	3105	2288
ENST00000427214.5	0	8613	8613
ENST00000427217.6	10985	20863	9878
ENST00000427220.5	727	9272	8545
ENST00000427222.2	0	22309	22309
ENST00000427224.6	249	29728	29479
ENST00000427231.7	424	273212	272788
ENST00000427233.5	37893	37971	78
ENST00000427234.5	5005	6828	1823
ENST00000427237.6	0	41630	41630
ENST00000427238.1	327	728	401
ENST00000427239.5	0	101399	101399
ENST00000427241.5	0	15542	15542
ENST00000427245.6	630	16679	16049
ENST00000427250.5	21	20326	20305
ENST00000427254.1	25084	25334	250
ENST00000427255.2	79	13665	13586
ENST00000427256.6	679	83315	82636
ENST00000427257.5	345	26864	26519
ENST00000427260.6	3642	37625	33983
ENST00000427271.1	0	5775	5775
ENST00000427274.6	14	18533	18519
ENST00000427277.7	791	142872	142081
ENST00000427280.6	253	30443	30190
ENST00000427285.1	145	16016	15871
ENST00000427287.6	282	14283	14001
ENST00000427312.1	0	16781	16781
ENST00000427313.5	0	347	347
ENST00000427314.6	1109	29433	28324
ENST00000427315.5	120801	143824	23023
ENST00000427316.6	212	75318	75106
ENST00000427322.6	0	968	968
ENST00000427323.5	109	9234	9125
ENST00000427324.5	0	23103	23103
ENST00000427329.5	166	127441	127275
ENST00000427331.5	163	487932	487769
ENST00000427332.6	3	17916	17913
ENST00000427334.5	3306	3823	517
ENST00000427335.6	1084	40115	39031
ENST00000427338.3	0	1894	1894
ENST00000427349.5	0	11368	11368
ENST00000427358.5	33	1357	1324
ENST00000427361.5	6900	9626	2726
ENST00000427363.7	295	134463	134168
ENST00000427365.6	354	5412	5058
ENST00000427367.6	269	80574	80305
ENST00000427369.6	8225	25947	17722
ENST00000427372.5	3	20016	20013
ENST00000427375.1	0	10221	10221
ENST00000427376.7	9839	9981	142
ENST00000427382.2	34099	45710	11611
ENST00000427383.6	35	31055	31020
ENST00000427385.6	317	261630	261313
ENST00000427389.5	0	11280	11280
ENST00000427396.5	230	23443	23213
ENST00000427397.5	13	269	256
ENST00000427401.9	6603	29252	22649
ENST00000427402.5	187458	206515	19057
ENST00000427407.5	24	4398	4374
ENST00000427410.6	47155	80019	32864
ENST00000427411.2	4869	46269	41400
ENST00000427412.5	0	3758	3758
ENST00000427413.5	2	127891	127889
ENST00000427414.2	274	55723	55449
ENST00000427417.1	0	135069	135069
ENST00000427419.5	0	686	686
ENST00000427420.1	0	10605	10605
ENST00000427422.5	148	37134	36986
ENST00000427424.1	0	4677	4677
ENST00000427431.5	14391	52031	37640
ENST00000427442.8	5860	35914	30054
ENST00000427443.5	42	3368	3326
ENST00000427444.1	0	16041	16041
ENST00000427445.6	17149	85494	68345
ENST00000427449.1	68	7727	7659
ENST00000427455.1	0	26956	26956
ENST00000427457.2	0	90084	90084
ENST00000427461.1	1768	13584	11816
ENST00000427463.5	27897	29411	1514
ENST00000427466.1	16	7789	7773
ENST00000427468.6	125	52236	52111
ENST00000427469.5	23877	30593	6716
ENST00000427472.2	0	24104	24104
ENST00000427476.4	300	11187	10887
ENST00000427478.7	91	10599	10508
ENST00000427481.6	161416	189400	27984
ENST00000427482.7	193	171975	171782
ENST00000427486.5	116	102656	102540
ENST00000427487.5	0	9104	9104
ENST00000427494.6	407	11802	11395
ENST00000427495.5	1470	362381	360911
ENST00000427497.3	14433	25770	11337
ENST00000427499.5	2421	3203	782
ENST00000427500.7	439	8004	7565
ENST00000427505.5	104	18451	18347
ENST00000427506.5	1646	5619	3973
ENST00000427512.6	3691	5951	2260
ENST00000427521.6	9033	19583	10550
ENST00000427522.6	1163	15790	14627
ENST00000427526.6	202	52754	52552
ENST00000427529.1	0	3487	3487
ENST00000427531.6	33557	317162	283605
ENST00000427533.2	52056	52408	352
ENST00000427534.6	140	107284	107144
ENST00000427538.5	350	12739	12389
ENST00000427542.5	2933	5470	2537
ENST00000427544.6	105	14227	14122
ENST00000427553.5	0	22251	22251
ENST00000427557.1	53	589285	589232
ENST00000427561.5	6891	8706	1815
ENST00000427562.6	495	16162	15667
ENST00000427569.7	70	15138	15068
ENST00000427570.1	0	7003	7003
ENST00000427575.6	671	6892	6221
ENST00000427581.6	333	8330	7997
ENST00000427587.9	1351	14437	13086
ENST00000427590.1	0	32020	32020
ENST00000427594.5	1817	395880	394063
ENST00000427603.5	1231	127505	126274
ENST00000427607.5	235	1701	1466
ENST00000427614.5	1240	2617	1377
ENST00000427617.6	72	45494	45422
ENST00000427623.5	10343	37454	27111
ENST00000427624.2	122	3306	3184
ENST00000427632.2	37	909	872
ENST00000427635.6	72765	151799	79034
ENST00000427641.2	1580	7374	5794
ENST00000427645.5	0	14744	14744
ENST00000427646.1	0	3155	3155
ENST00000427660.6	337	88812	88475
ENST00000427665.1	0	47204	47204
ENST00000427674.6	26392	123828	97436
ENST00000427678.1	53	13656	13603
ENST00000427680.1	859	1089	230
ENST00000427682.5	0	3940	3940
ENST00000427683.2	63	6026	5963
ENST00000427685.2	880	5220	4340
ENST00000427686.3	1216	1568	352
ENST00000427688.5	122994	129476	6482
ENST00000427693.1	1124	3877	2753
ENST00000427697.2	2735	6837	4102
ENST00000427698.1	1141	10985	9844
ENST00000427699.5	80	34685	34605
ENST00000427700.1	81	89755	89674
ENST00000427704.6	130	217395	217265
ENST00000427707.5	8943	10246	1303
ENST00000427708.7	525	83225	82700
ENST00000427710.5	0	546	546
ENST00000427712.5	29611	30588	977
ENST00000427714.2	407	46753	46346
ENST00000427715.2	196079	222680	26601
ENST00000427716.7	74201	140656	66455
ENST00000427720.1	0	7605	7605
ENST00000427721.3	0	10706	10706
ENST00000427724.7	28	45651	45623
ENST00000427726.5	112	16126	16014
ENST00000427736.1	13142	13480	338
ENST00000427737.6	0	1613	1613
ENST00000427738.8	7613	57270	49657
ENST00000427741.5	472638	788907	316269
ENST00000427746.1	0	1898	1898
ENST00000427751.5	70	5419	5349
ENST00000427752.6	16859	32255	15396
ENST00000427758.5	10372	24732	14360
ENST00000427759.5	0	112764	112764
ENST00000427764.3	3	32330	32327
ENST00000427765.1	0	33856	33856
ENST00000427768.5	172	7072	6900
ENST00000427769.5	250	3770	3520
ENST00000427770.1	0	6500	6500
ENST00000427771.1	0	10572	10572
ENST00000427777.1	3960	9956	5996
ENST00000427779.5	0	230	230
ENST00000427785.5	0	10379	10379
ENST00000427786.2	25137	26886	1749
ENST00000427787.5	0	1326	1326
ENST00000427788.2	14779	34813	20034
ENST00000427791.1	0	31917	31917
ENST00000427792.1	5115	33353	28238
ENST00000427797.5	2402	4203	1801
ENST00000427800.2	0	1852	1852
ENST00000427802.2	3	728146	728143
ENST00000427803.6	80	8098	8018
ENST00000427805.6	112	5342	5230
ENST00000427809.5	1540	58914	57374
ENST00000427810.6	0	17541	17541
ENST00000427812.1	2274	4738	2464
ENST00000427814.5	2230	162168	159938
ENST00000427816.1	0	30406	30406
ENST00000427817.1	0	8567	8567
ENST00000427823.3	75	17937	17862
ENST00000427826.1	0	305	305
ENST00000427829.1	0	1870	1870
ENST00000427834.5	0	1971	1971
ENST00000427836.8	7034	182627	175593
ENST00000427839.5	0	6713	6713
ENST00000427843.5	18580	27429	8849
ENST00000427845.5	2271	24251	21980
ENST00000427847.6	10379	61268	50889
ENST00000427848.1	0	2051	2051
ENST00000427849.5	0	36626	36626
ENST00000427854.6	98	28598	28500
ENST00000427860.1	0	7389	7389
ENST00000427862.1	35	23849	23814
ENST00000427865.2	155	2823	2668
ENST00000427867.2	0	890	890
ENST00000427877.1	2203	3468	1265
ENST00000427887.2	140	229877	229737
ENST00000427894.5	7424	9953	2529
ENST00000427895.5	3653	5635	1982
ENST00000427897.1	0	2431	2431
ENST00000427898.5	0	6128	6128
ENST00000427899.5	0	2144	2144
ENST00000427902.5	0	120782	120782
ENST00000427904.1	9110	9866	756
ENST00000427905.5	0	5003	5003
ENST00000427908.6	1622	6903	5281
ENST00000427912.2	2030	2798	768
ENST00000427924.5	206	22094	21888
ENST00000427926.6	749	117056	116307
ENST00000427928.1	0	13696	13696
ENST00000427930.5	11	81853	81842
ENST00000427931.5	1755	13869	12114
ENST00000427934.2	7133	8877	1744
ENST00000427937.1	59	4636	4577
ENST00000427939.2	12	13111	13099
ENST00000427943.1	0	24153	24153
ENST00000427946.5	7005	39352	32347
ENST00000427954.6	43	50233	50190
ENST00000427960.5	11	8125	8114
ENST00000427966.5	0	540	540
ENST00000427970.1	3	1735	1732
ENST00000427971.6	0	6758	6758
ENST00000427972.1	19	12519	12500
ENST00000427975.5	72216	85527	13311
ENST00000427976.1	3	13030	13027
ENST00000427977.6	3980	8670	4690
ENST00000427978.6	52	56863	56811
ENST00000427980.7	3765	7897	4132
ENST00000427982.5	3	20688	20685
ENST00000427987.6	494	6369	5875
ENST00000427990.6	1823	14086	12263
ENST00000427993.7	23576	53462	29886
ENST00000427995.5	7264	7900	636
ENST00000427997.5	693	94893	94200
ENST00000427999.6	29	15789	15760
ENST00000428002.6	703	19928	19225
ENST00000428003.2	0	10177	10177
ENST00000428004.6	1020	153060	152040
ENST00000428010.5	0	358	358
ENST00000428012.1	329	6868	6539
ENST00000428015.5	366	18025	17659
ENST00000428017.5	585	4516	3931
ENST00000428020.5	140	8166	8026
ENST00000428021.1	1703	38296	36593
ENST00000428024.3	130	6401	6271
ENST00000428025.6	9655	10977	1322
ENST00000428026.6	96	93378	93282
ENST00000428028.1	0	458	458
ENST00000428034.1	714	6269	5555
ENST00000428040.6	13	2175	2162
ENST00000428041.4	855	10456	9601
ENST00000428042.1	0	181262	181262
ENST00000428043.5	34	23661	23627
ENST00000428046.7	4434	22243	17809
ENST00000428053.5	18127	24317	6190
ENST00000428054.1	8	8045	8037
ENST00000428056.6	533	3011	2478
ENST00000428061.2	0	10459	10459
ENST00000428068.5	0	46367	46367
ENST00000428069.1	8898	10483	1585
ENST00000428074.5	57493	59976	2483
ENST00000428075.5	0	12791	12791
ENST00000428079.6	114	38917	38803
ENST00000428082.6	1149	27075	25926
ENST00000428084.6	2167	485900	483733
ENST00000428085.1	4831	13569	8738
ENST00000428092.1	0	70784	70784
ENST00000428095.1	70	16381	16311
ENST00000428096.5	0	65637	65637
ENST00000428097.5	921	20784	19863
ENST00000428098.5	0	5853	5853
ENST00000428099.6	1850	10938	9088
ENST00000428101.6	305	44595	44290
ENST00000428104.2	0	2305	2305
ENST00000428106.1	0	2594	2594
ENST00000428109.5	0	10742	10742
ENST00000428112.7	66	25623	25557
ENST00000428113.5	71	43515	43444
ENST00000428119.1	30	6968	6938
ENST00000428120.5	8383	10836	2453
ENST00000428122.1	0	4426	4426
ENST00000428126.6	2196	8733	6537
ENST00000428128.1	0	454	454
ENST00000428130.6	290	18407	18117
ENST00000428133.5	0	8877	8877
ENST00000428135.7	3287	152379	149092
ENST00000428136.2	36	91857	91821
ENST00000428149.7	1934	60147	58213
ENST00000428153.6	4377	8579	4202
ENST00000428154.5	25	16219	16194
ENST00000428161.7	14236	73324	59088
ENST00000428169.1	0	9536	9536
ENST00000428173.3	265	85692	85427
ENST00000428174.1	0	2688	2688
ENST00000428177.2	6473	17822	11349
ENST00000428179.1	0	73921	73921
ENST00000428183.6	392	24515	24123
ENST00000428187.7	819	32229	31410
ENST00000428192.6	445	12337	11892
ENST00000428193.6	426	1558	1132
ENST00000428195.5	9433	19526	10093
ENST00000428196.5	1758	10898	9140
ENST00000428202.7	314	40527	40213
ENST00000428204.6	463	13970	13507
ENST00000428206.5	1082	7437	6355
ENST00000428209.6	291	229567	229276
ENST00000428210.5	48468	56207	7739
ENST00000428214.5	3	44633	44630
ENST00000428216.4	7791	20924	13133
ENST00000428217.6	4752	5502	750
ENST00000428220.1	203	19057	18854
ENST00000428221.5	9322	21690	12368
ENST00000428225.5	3221	11027	7806
ENST00000428226.5	0	3450	3450
ENST00000428228.5	124	399	275
ENST00000428230.6	14307	130108	115801
ENST00000428232.2	1649	36047	34398
ENST00000428236.5	3798	5226	1428
ENST00000428239.5	609	25035	24426
ENST00000428241.1	0	97363	97363
ENST00000428245.5	0	22130	22130
ENST00000428257.5	518	66341	65823
ENST00000428260.1	1882	3320	1438
ENST00000428261.5	34465	46055	11590
ENST00000428262.1	15794	16392	598
ENST00000428265.5	42	13084	13042
ENST00000428266.1	235	1621	1386
ENST00000428274.5	1513	3757	2244
ENST00000428277.6	386	583425	583039
ENST00000428278.6	1255	34863	33608
ENST00000428279.5	23432	35446	12014
ENST00000428282.5	10834	28347	17513
ENST00000428286.5	3092	107893	104801
ENST00000428287.6	538	72486	71948
ENST00000428288.2	106945	137428	30483
ENST00000428304.7	7	13664	13657
ENST00000428307.6	547	172396	171849
ENST00000428311.1	2440	91692	89252
ENST00000428312.6	639	171131	170492
ENST00000428314.5	23921	107914	83993
ENST00000428317.7	223	6076	5853
ENST00000428318.1	5220	45374	40154
ENST00000428326.5	0	4950	4950
ENST00000428330.5	0	24708	24708
ENST00000428331.6	235	109542	109307
ENST00000428336.5	7340	9610	2270
ENST00000428343.6	192	70897	70705
ENST00000428347.2	44	3757	3713
ENST00000428351.2	66	2688	2622
ENST00000428352.5	31773	66981	35208
ENST00000428355.5	0	104286	104286
ENST00000428358.5	172	9175	9003
ENST00000428359.6	2917	46837	43920
ENST00000428361.6	2772	4471	1699
ENST00000428363.1	0	190	190
ENST00000428368.7	2506	193951	191445
ENST00000428369.6	21236	26353	5117
ENST00000428373.5	42163	44700	2537
ENST00000428374.5	0	10183	10183
ENST00000428376.6	887	3911	3024
ENST00000428378.1	0	3315	3315
ENST00000428381.6	34	27547	27513
ENST00000428382.2	0	188	188
ENST00000428383.6	203	45701	45498
ENST00000428386.5	4044	87206	83162
ENST00000428387.5	384	1734	1350
ENST00000428388.6	750	13245	12495
ENST00000428390.3	1423	7006	5583
ENST00000428394.6	134	27967	27833
ENST00000428397.6	196	53308	53112
ENST00000428398.5	0	2029	2029
ENST00000428402.6	412	172632	172220
ENST00000428404.5	2361	2715	354
ENST00000428417.5	62556	67965	5409
ENST00000428425.1	3996	7254	3258
ENST00000428427.1	0	1100	1100
ENST00000428430.1	0	40692	40692
ENST00000428432.6	7927	28262	20335
ENST00000428433.5	550	83145	82595
ENST00000428437.6	125	12683	12558
ENST00000428439.1	0	3455	3455
ENST00000428443.8	8224	92234	84010
ENST00000428445.1	0	2987	2987
ENST00000428446.5	3635	4262	627
ENST00000428450.5	0	4510	4510
ENST00000428457.1	5009	5223	214
ENST00000428458.1	0	7348	7348
ENST00000428459.6	9	12121	12112
ENST00000428460.1	0	2467	2467
ENST00000428462.6	1074	50151	49077
ENST00000428463.5	73966	83790	9824
ENST00000428466.1	0	13159	13159
ENST00000428468.6	19	172878	172859
ENST00000428469.1	0	2475	2475
ENST00000428472.5	0	29300	29300
ENST00000428477.1	523	8542	8019
ENST00000428479.3	2428	5426	2998
ENST00000428481.1	0	5336	5336
ENST00000428482.5	0	11133	11133
ENST00000428488.1	0	20781	20781
ENST00000428492.5	0	39006	39006
ENST00000428497.5	20585	30823	10238
ENST00000428500.1	206	680	474
ENST00000428502.6	5035	154341	149306
ENST00000428515.5	8447	8863	416
ENST00000428517.2	77	3147	3070
ENST00000428518.5	0	350	350
ENST00000428519.1	0	64338	64338
ENST00000428522.5	12026	27161	15135
ENST00000428524.5	8878	19939	11061
ENST00000428526.5	571	146478	145907
ENST00000428527.1	0	2346	2346
ENST00000428530.5	722	3721	2999
ENST00000428534.2	1447	1823	376
ENST00000428540.1	0	18889	18889
ENST00000428545.6	2045	6405	4360
ENST00000428552.1	3142	5476	2334
ENST00000428555.1	1795	2083	288
ENST00000428559.7	52	126356	126304
ENST00000428565.1	5515	6547	1032
ENST00000428567.5	3773	11483	7710
ENST00000428570.1	0	2269	2269
ENST00000428571.5	23114	30305	7191
ENST00000428572.1	163	4357	4194
ENST00000428574.6	3	7895	7892
ENST00000428575.6	879	44315	43436
ENST00000428585.5	29620	73272	43652
ENST00000428592.1	72	1413	1341
ENST00000428595.1	0	14358	14358
ENST00000428599.6	29682	57290	27608
ENST00000428600.3	3995	6825	2830
ENST00000428609.6	103	100605	100502
ENST00000428610.5	1358	6420	5062
ENST00000428612.5	0	39938	39938
ENST00000428617.1	99694	100518	824
ENST00000428619.1	0	5545	5545
ENST00000428621.5	6855	47894	41039
ENST00000428622.1	1456	2314	858
ENST00000428626.5	0	1292	1292
ENST00000428629.5	326	13833	13507
ENST00000428631.6	274	302470	302196
ENST00000428634.1	814	1298	484
ENST00000428637.5	0	6066	6066
ENST00000428648.5	2244	22107	19863
ENST00000428649.5	153	10254	10101
ENST00000428650.5	12343	21986	9643
ENST00000428655.5	483	111253	110770
ENST00000428662.6	0	18190	18190
ENST00000428663.1	0	4741	4741
ENST00000428668.2	234	22322	22088
ENST00000428670.8	2938	71477	68539
ENST00000428675.6	507	345645	345138
ENST00000428680.6	2646	53886	51240
ENST00000428682.5	0	1781	1781
ENST00000428683.5	0	5977	5977
ENST00000428684.1	100	33808	33708
ENST00000428686.1	0	7728	7728
ENST00000428691.5	56062	63300	7238
ENST00000428692.5	82691	82767	76
ENST00000428693.1	0	11180	11180
ENST00000428695.6	239	185900	185661
ENST00000428696.7	29	71980	71951
ENST00000428702.6	607	26160	25553
ENST00000428704.1	30	37628	37598
ENST00000428707.2	20656	26425	5769
ENST00000428708.7	104	82273	82169
ENST00000428710.1	0	6616	6616
ENST00000428711.1	160	9370	9210
ENST00000428713.5	0	135517	135517
ENST00000428715.2	0	6642	6642
ENST00000428724.5	3	7908	7905
ENST00000428726.8	133	92367	92234
ENST00000428728.5	2413	9851	7438
ENST00000428730.5	4825	7512	2687
ENST00000428734.5	3370	3896	526
ENST00000428738.5	19345	40346	21001
ENST00000428740.5	1771	4246	2475
ENST00000428742.6	0	33724	33724
ENST00000428744.1	0	11152	11152
ENST00000428746.6	30450	177215	146765
ENST00000428751.5	0	186	186
ENST00000428757.6	0	21855	21855
ENST00000428760.5	18587	63144	44557
ENST00000428762.6	1026	527882	526856
ENST00000428768.2	0	28098	28098
ENST00000428771.6	100	1749	1649
ENST00000428774.1	0	22058	22058
ENST00000428778.5	0	1438	1438
ENST00000428779.7	40235	65579	25344
ENST00000428787.5	12	20517	20505
ENST00000428789.6	103	78575	78472
ENST00000428792.1	184	1960	1776
ENST00000428797.7	3132	51099	47967
ENST00000428798.7	0	8434	8434
ENST00000428799.1	51	13146	13095
ENST00000428800.5	0	25980	25980
ENST00000428807.5	6234	8986	2752
ENST00000428808.5	9583	10742	1159
ENST00000428819.5	12489	12651	162
ENST00000428823.6	608	4853	4245
ENST00000428826.7	2260	30888	28628
ENST00000428829.1	0	6655	6655
ENST00000428830.6	795	30759	29964
ENST00000428831.1	0	5803	5803
ENST00000428834.1	153	3066	2913
ENST00000428835.5	0	6086	6086
ENST00000428839.1	1374	7202	5828
ENST00000428841.1	0	997	997
ENST00000428842.1	1966	67429	65463
ENST00000428843.5	42	726	684
ENST00000428845.6	46	3523	3477
ENST00000428847.3	454	13903	13449
ENST00000428848.7	123	1170066	1169943
ENST00000428849.7	163	19872	19709
ENST00000428855.5	3418	7838	4420
ENST00000428868.1	0	4436	4436
ENST00000428869.6	963	11761	10798
ENST00000428870.6	55442	251440	195998
ENST00000428875.1	0	48389	48389
ENST00000428878.6	301	208492	208191
ENST00000428879.5	333	18334	18001
ENST00000428880.5	2224	2682	458
ENST00000428883.5	37890	59335	21445
ENST00000428892.1	101	3850	3749
ENST00000428897.5	15062	33809	18747
ENST00000428900.6	316	50878	50562
ENST00000428908.5	274	285074	284800
ENST00000428910.5	0	1508	1508
ENST00000428926.6	45853	112224	66371
ENST00000428929.5	0	17771	17771
ENST00000428931.6	4169	52572	48403
ENST00000428935.6	3126	76646	73520
ENST00000428937.1	0	12015	12015
ENST00000428941.5	60595	83676	23081
ENST00000428943.1	400	2716	2316
ENST00000428944.1	0	17923	17923
ENST00000428946.5	800	1818	1018
ENST00000428953.1	270	20969	20699
ENST00000428956.7	51	25671	25620
ENST00000428959.5	0	21298	21298
ENST00000428960.3	0	15175	15175
ENST00000428962.2	2115	11168	9053
ENST00000428963.6	4696	22310	17614
ENST00000428969.1	0	15065	15065
ENST00000428970.5	0	1344	1344
ENST00000428975.5	14477	16728	2251
ENST00000428978.1	0	3612	3612
ENST00000428981.1	191	1542	1351
ENST00000428982.4	180	24007	23827
ENST00000428984.6	34	68902	68868
ENST00000428985.1	0	11624	11624
ENST00000428989.3	3	2374	2371
ENST00000428992.2	176	11631	11455
ENST00000428993.1	0	177091	177091
ENST00000429000.6	37	24041	24004
ENST00000429001.7	154	77178	77024
ENST00000429009.1	0	360	360
ENST00000429013.5	0	4763	4763
ENST00000429017.2	1225	2231	1006
ENST00000429018.5	280	83439	83159
ENST00000429027.7	67	243866	243799
ENST00000429028.5	8667	27640	18973
ENST00000429029.6	21607	49393	27786
ENST00000429031.5	0	2402	2402
ENST00000429035.1	0	21105	21105
ENST00000429036.2	281	3997	3716
ENST00000429039.5	46	3255	3209
ENST00000429041.6	94981	95219	238
ENST00000429045.6	5489	81135	75646
ENST00000429056.5	0	6599	6599
ENST00000429063.5	0	26097	26097
ENST00000429064.1	3884	4034	150
ENST00000429068.1	233	2185	1952
ENST00000429071.5	231	7055	6824
ENST00000429075.1	29110	41846	12736
ENST00000429078.6	3224	30085	26861
ENST00000429081.1	0	31557	31557
ENST00000429082.1	0	1586	1586
ENST00000429084.5	158	6687	6529
ENST00000429089.6	763	19625	18862
ENST00000429090.5	120482	179341	58859
ENST00000429093.6	0	2739	2739
ENST00000429094.7	659	370019	369360
ENST00000429102.6	387	55507	55120
ENST00000429112.1	0	1562	1562
ENST00000429115.1	26	1206	1180
ENST00000429116.1	0	3239	3239
ENST00000429117.6	7211	58781	51570
ENST00000429120.6	2457	3693	1236
ENST00000429122.1	124	4773	4649
ENST00000429130.7	21281	85736	64455
ENST00000429135.2	0	18251	18251
ENST00000429146.5	0	6618	6618
ENST00000429147.1	0	1086	1086
ENST00000429148.6	49695	130852	81157
ENST00000429149.6	67053	81009	13956
ENST00000429152.6	110	8084	7974
ENST00000429154.7	4122	9922	5800
ENST00000429160.1	37031	77743	40712
ENST00000429161.5	0	13929	13929
ENST00000429163.6	798	18630	17832
ENST00000429164.1	0	1836	1836
ENST00000429168.1	0	20939	20939
ENST00000429172.5	255	4693	4438
ENST00000429174.6	277	239014	238737
ENST00000429175.7	171	70821	70650
ENST00000429176.5	0	1441	1441
ENST00000429178.5	0	32071	32071
ENST00000429179.1	8448	10823	2375
ENST00000429181.6	2994	7773	4779
ENST00000429182.6	61	6624	6563
ENST00000429184.7	0	13993	13993
ENST00000429186.2	2088	12175	10087
ENST00000429187.5	37846	59237	21391
ENST00000429192.5	15	42569	42554
ENST00000429199.6	30	16128	16098
ENST00000429204.6	2984	108599	105615
ENST00000429213.3	159	1373	1214
ENST00000429217.5	19319	71237	51918
ENST00000429218.5	9628	13117	3489
ENST00000429220.5	1208	11403	10195
ENST00000429226.5	133	28151	28018
ENST00000429234.1	0	16194	16194
ENST00000429235.1	0	17467	17467
ENST00000429236.5	0	62981	62981
ENST00000429238.2	0	331796	331796
ENST00000429239.1	0	1848	1848
ENST00000429242.7	8234	35682	27448
ENST00000429243.7	981	4763	3782
ENST00000429244.6	362	1590	1228
ENST00000429246.6	10985	12072	1087
ENST00000429258.6	281	35477	35196
ENST00000429260.7	249	5075	4826
ENST00000429261.2	2741	16553	13812
ENST00000429270.1	35656	54547	18891
ENST00000429275.1	296	3564	3268
ENST00000429277.7	181	66300	66119
ENST00000429279.5	0	1686	1686
ENST00000429285.6	807	178119	177312
ENST00000429288.2	2038	18948	16910
ENST00000429295.1	0	5131	5131
ENST00000429299.3	154	2587	2433
ENST00000429322.6	6730	15180	8450
ENST00000429326.6	4849	38524	33675
ENST00000429335.5	51193	57698	6505
ENST00000429336.5	313	8285	7972
ENST00000429339.5	2529	15740	13211
ENST00000429344.7	1281	18381	17100
ENST00000429346.1	0	18164	18164
ENST00000429348.6	4824	12822	7998
ENST00000429355.6	43	42954	42911
ENST00000429356.5	0	3219	3219
ENST00000429357.2	3	3524	3521
ENST00000429360.6	95	10717	10622
ENST00000429361.5	25	36428	36403
ENST00000429366.5	2004	3330	1326
ENST00000429369.5	4243	17627	13384
ENST00000429370.5	1483	58530	57047
ENST00000429371.7	1045	7860	6815
ENST00000429374.5	4662	5912	1250
ENST00000429375.6	7	197010	197003
ENST00000429376.5	34	5716	5682
ENST00000429378.5	211	17602	17391
ENST00000429379.2	41	6756	6715
ENST00000429381.5	676	10772	10096
ENST00000429383.8	594	350563	349969
ENST00000429387.5	177	17924	17747
ENST00000429397.5	407	111587	111180
ENST00000429400.6	674	33780	33106
ENST00000429402.1	14560	15524	964
ENST00000429403.5	45	6525	6480
ENST00000429411.5	18753	27866	9113
ENST00000429412.1	0	8711	8711
ENST00000429416.8	23151	105719	82568
ENST00000429419.6	3865	18988	15123
ENST00000429422.5	2247	60044	57797
ENST00000429429.6	800	20074	19274
ENST00000429432.5	22457	35052	12595
ENST00000429433.3	3520	36579	33059
ENST00000429434.3	1461	24609	23148
ENST00000429436.7	615	120050	119435
ENST00000429437.5	762	1269	507
ENST00000429440.5	865	32288	31423
ENST00000429442.6	808	183381	182573
ENST00000429448.2	195	29620	29425
ENST00000429455.5	2705	5655	2950
ENST00000429457.1	0	6580	6580
ENST00000429461.5	425	5570	5145
ENST00000429473.1	161	4549	4388
ENST00000429484.6	21707	32887	11180
ENST00000429490.5	5796	39183	33387
ENST00000429492.6	6110	173767	167657
ENST00000429494.5	66	11010	10944
ENST00000429498.5	136	20428	20292
ENST00000429501.5	0	4713	4713
ENST00000429502.1	0	8258	8258
ENST00000429504.6	1020	19168	18148
ENST00000429509.5	12676	24481	11805
ENST00000429510.1	13205	18934	5729
ENST00000429525.1	0	70	70
ENST00000429527.6	2536	46792	44256
ENST00000429529.1	0	62752	62752
ENST00000429533.6	15463	20157	4694
ENST00000429538.8	2539	63736	61197
ENST00000429541.6	176	16325	16149
ENST00000429542.1	519	316616	316097
ENST00000429543.2	0	2394	2394
ENST00000429544.7	557	10600	10043
ENST00000429546.5	102166	112545	10379
ENST00000429547.6	6273	7019	746
ENST00000429550.5	0	20825	20825
ENST00000429553.5	431	12479	12048
ENST00000429557.7	176	2758	2582
ENST00000429560.1	95	27500	27405
ENST00000429565.5	0	14316	14316
ENST00000429566.3	66	1942	1876
ENST00000429568.1	59	5388	5329
ENST00000429572.5	179	6792	6613
ENST00000429575.1	0	60194	60194
ENST00000429576.6	920	376959	376039
ENST00000429579.5	18556	63113	44557
ENST00000429584.3	498	2728	2230
ENST00000429585.5	0	5853	5853
ENST00000429586.7	9	9602	9593
ENST00000429587.2	285	4134	3849
ENST00000429589.5	34	2669	2635
ENST00000429591.4	25181	53872	28691
ENST00000429593.6	826	9792	8966
ENST00000429594.1	1302	17570	16268
ENST00000429602.7	85	109681	109596
ENST00000429604.5	1466	22112	20646
ENST00000429617.5	18311	47898	29587
ENST00000429622.6	2256	19973	17717
ENST00000429629.6	18568	87403	68835
ENST00000429631.1	0	963	963
ENST00000429635.1	837	3967	3130
ENST00000429642.2	2038	5665	3627
ENST00000429644.7	707	273904	273197
ENST00000429651.1	0	33551	33551
ENST00000429654.7	142	20007	19865
ENST00000429658.1	0	4482	4482
ENST00000429662.6	143	24991	24848
ENST00000429667.1	0	3178	3178
ENST00000429670.3	1444	23365	21921
ENST00000429671.7	1097	4017	2920
ENST00000429674.5	20211	22665	2454
ENST00000429677.8	13	49071	49058
ENST00000429683.1	0	2348	2348
ENST00000429686.5	79	30969	30890
ENST00000429687.8	7	15853	15846
ENST00000429690.5	61193	69110	7917
ENST00000429691.6	28574	41980	13406
ENST00000429697.2	466	13973	13507
ENST00000429702.6	821	8414	7593
ENST00000429705.6	16666	64306	47640
ENST00000429709.7	167	26354	26187
ENST00000429710.6	249	18736	18487
ENST00000429711.7	1612	6154	4542
ENST00000429712.5	200	7957	7757
ENST00000429713.7	182	146474	146292
ENST00000429715.1	479	45771	45292
ENST00000429716.5	30	12352	12322
ENST00000429719.5	52	6563	6511
ENST00000429722.3	20	5377	5357
ENST00000429723.6	118	29574	29456
ENST00000429731.1	0	640	640
ENST00000429732.5	4191	5940	1749
ENST00000429740.1	0	8974	8974
ENST00000429742.1	0	1192	1192
ENST00000429746.2	751	9799	9048
ENST00000429747.6	1629	373530	371901
ENST00000429751.6	319	34651	34332
ENST00000429756.5	8345	8655	310
ENST00000429762.7	1039	12109	11070
ENST00000429764.5	2430	16688	14258
ENST00000429769.5	344	1452	1108
ENST00000429770.5	1867	144015	142148
ENST00000429772.7	641	5373	4732
ENST00000429774.6	5771	48864	43093
ENST00000429779.1	0	8026	8026
ENST00000429789.6	99	36129	36030
ENST00000429790.1	279	12523	12244
ENST00000429791.5	8230	10114	1884
ENST00000429794.1	78	1534	1456
ENST00000429800.6	49	58796	58747
ENST00000429801.5	284	32901	32617
ENST00000429804.7	1389	28871	27482
ENST00000429805.1	5315	14352	9037
ENST00000429806.5	1634	9754	8120
ENST00000429812.5	379	5708	5329
ENST00000429814.3	7331	20162	12831
ENST00000429815.6	81	59320	59239
ENST00000429817.1	0	751	751
ENST00000429820.5	55	19022	18967
ENST00000429827.5	4626	37450	32824
ENST00000429828.7	383	11882	11499
ENST00000429836.5	1774	45109	43335
ENST00000429837.5	1271	17358	16087
ENST00000429842.1	28	24546	24518
ENST00000429845.6	371	245457	245086
ENST00000429846.1	0	1779	1779
ENST00000429849.3	120	2231	2111
ENST00000429851.6	31121	37336	6215
ENST00000429860.1	0	14882	14882
ENST00000429877.5	3912	7236	3324
ENST00000429879.5	96	9040	8944
ENST00000429881.2	4535	11371	6836
ENST00000429888.5	325	21056	20731
ENST00000429895.5	0	35580	35580
ENST00000429896.6	2753	45520	42767
ENST00000429898.5	7018	24474	17456
ENST00000429900.6	4260	4446	186
ENST00000429904.6	233	6072	5839
ENST00000429905.5	90557	97008	6451
ENST00000429907.5	13333	15992	2659
ENST00000429909.5	0	4777	4777
ENST00000429911.5	77386	81886	4500
ENST00000429912.1	0	6926	6926
ENST00000429914.5	0	337497	337497
ENST00000429915.1	0	51634	51634
ENST00000429917.5	311	10254	9943
ENST00000429920.1	0	3418	3418
ENST00000429921.5	13347	17689	4342
ENST00000429923.5	57	14379	14322
ENST00000429924.6	527	223735	223208
ENST00000429925.5	1515	5097	3582
ENST00000429927.6	3831	49452	45621
ENST00000429936.6	3	10064	10061
ENST00000429938.1	483	703	220
ENST00000429939.6	24	26028	26004
ENST00000429941.6	116	37620	37504
ENST00000429942.2	0	8629	8629
ENST00000429945.1	186	25683	25497
ENST00000429951.5	1679	10421	8742
ENST00000429958.5	873	3357	2484
ENST00000429964.7	18499	28113	9614
ENST00000429965.6	25672	37398	11726
ENST00000429967.3	3370	9600	6230
ENST00000429968.5	29892	36686	6794
ENST00000429972.6	165	170086	169921
ENST00000429973.6	0	72051	72051
ENST00000429976.5	1458	126741	125283
ENST00000429979.6	8707	39767	31060
ENST00000429984.5	15002	26491	11489
ENST00000429985.1	865	1085	220
ENST00000429987.1	0	9981	9981
ENST00000429989.8	34924	64465	29541
ENST00000429990.1	96	15521	15425
ENST00000429992.2	0	1032	1032
ENST00000429994.5	41	178897	178856
ENST00000430000.1	3311	24337	21026
ENST00000430002.6	1311	23169	21858
ENST00000430004.5	1591	55959	54368
ENST00000430012.6	3	7909	7906
ENST00000430013.1	157	5612	5455
ENST00000430015.5	0	25418	25418
ENST00000430020.5	79	22187	22108
ENST00000430024.5	8100	24811	16711
ENST00000430026.7	0	6276	6276
ENST00000430029.1	0	864	864
ENST00000430038.5	66	8862	8796
ENST00000430040.5	0	133132	133132
ENST00000430041.6	250	7018	6768
ENST00000430044.7	68554	97813	29259
ENST00000430045.1	0	2598	2598
ENST00000430046.7	56	134450	134394
ENST00000430053.1	0	50174	50174
ENST00000430055.6	730	17302	16572
ENST00000430059.6	53	58803	58750
ENST00000430069.5	6146	47150	41004
ENST00000430070.7	736	8352	7616
ENST00000430071.6	156747	173055	16308
ENST00000430075.5	158	12062	11904
ENST00000430076.5	8340	8442	102
ENST00000430077.6	991	7292	6301
ENST00000430081.5	8950	10210	1260
ENST00000430082.6	3	31371	31368
ENST00000430083.2	4935	6229	1294
ENST00000430085.5	88097	153868	65771
ENST00000430087.2	0	42719	42719
ENST00000430088.1	0	19634	19634
ENST00000430092.5	23049	483074	460025
ENST00000430093.5	27844	44282	16438
ENST00000430095.6	849	21756	20907
ENST00000430096.1	285	3962	3677
ENST00000430101.2	207	1628	1421
ENST00000430104.5	0	7213	7213
ENST00000430117.6	828	15928	15100
ENST00000430118.1	69	2223	2154
ENST00000430119.6	104286	111948	7662
ENST00000430120.3	88	296360	296272
ENST00000430121.3	332	78792	78460
ENST00000430124.7	155	6831	6676
ENST00000430127.1	116	26211	26095
ENST00000430129.6	79	13900	13821
ENST00000430132.6	0	4387	4387
ENST00000430142.5	0	4172	4172
ENST00000430147.1	0	8307	8307
ENST00000430149.3	789	3217	2428
ENST00000430154.7	2410	35838	33428
ENST00000430155.6	1257	39726	38469
ENST00000430157.6	1499	3725	2226
ENST00000430158.5	310	24804	24494
ENST00000430167.1	0	215078	215078
ENST00000430169.5	1772	103956	102184
ENST00000430170.6	398	27941	27543
ENST00000430171.1	3762	12753	8991
ENST00000430175.5	11389	11521	132
ENST00000430176.6	0	5380	5380
ENST00000430179.5	128	4774	4646
ENST00000430180.5	49655	92963	43308
ENST00000430182.5	7956	9097	1141
ENST00000430186.5	0	230	230
ENST00000430190.5	376	9633	9257
ENST00000430193.7	310	16975	16665
ENST00000430195.2	25	2037	2012
ENST00000430200.1	54	14455	14401
ENST00000430206.5	0	1138	1138
ENST00000430211.5	3178	15299	12121
ENST00000430215.7	107	13687	13580
ENST00000430219.2	12738	23493	10755
ENST00000430220.7	0	380680	380680
ENST00000430221.5	18665	45455	26790
ENST00000430223.7	3155	105449	102294
ENST00000430224.6	3	6806	6803
ENST00000430227.5	0	2163	2163
ENST00000430232.5	55	27895	27840
ENST00000430246.6	670	24509	23839
ENST00000430249.7	82	204779	204697
ENST00000430252.6	145078	172846	27768
ENST00000430254.1	153	26305	26152
ENST00000430256.3	2069	15403	13334
ENST00000430260.6	396	59672	59276
ENST00000430262.3	9210	30332	21122
ENST00000430265.6	876	8278	7402
ENST00000430267.2	0	12954	12954
ENST00000430273.6	9513	11413	1900
ENST00000430276.5	82862	96496	13634
ENST00000430279.5	133	24341	24208
ENST00000430285.5	27	1068	1041
ENST00000430289.5	7847	12159	4312
ENST00000430293.1	76	8657	8581
ENST00000430297.7	78	5971	5893
ENST00000430300.5	4757	86576	81819
ENST00000430303.5	6799	7931	1132
ENST00000430309.5	111617	111871	254
ENST00000430311.5	16456	16512	56
ENST00000430321.5	0	36747	36747
ENST00000430322.5	2183	3726	1543
ENST00000430324.5	190	3596	3406
ENST00000430325.7	847	5349	4502
ENST00000430328.6	334	72282	71948
ENST00000430330.6	93	36188	36095
ENST00000430331.1	0	7616	7616
ENST00000430334.8	1961	49741	47780
ENST00000430335.1	0	14871	14871
ENST00000430336.1	56426	74489	18063
ENST00000430339.5	0	2329	2329
ENST00000430340.5	252246	252560	314
ENST00000430347.3	3	3602	3599
ENST00000430350.2	12871	14387	1516
ENST00000430352.6	796	79552	78756
ENST00000430354.1	0	44264	44264
ENST00000430355.5	59	27601	27542
ENST00000430362.2	21	23369	23348
ENST00000430365.7	2490	88332	85842
ENST00000430368.6	374	31570	31196
ENST00000430370.1	303	1685	1382
ENST00000430372.1	1950	3298	1348
ENST00000430374.6	2291	73406	71115
ENST00000430379.5	782	42540	41758
ENST00000430382.1	0	9271	9271
ENST00000430385.3	453	12979	12526
ENST00000430390.5	0	15522	15522
ENST00000430393.7	115605	191321	75716
ENST00000430397.5	8070	11192	3122
ENST00000430399.1	5835	12075	6240
ENST00000430403.5	0	6693	6693
ENST00000430405.7	12489	27618	15129
ENST00000430407.1	11172	18440	7268
ENST00000430408.1	0	35823	35823
ENST00000430409.5	435	31061	30626
ENST00000430411.1	3334	9659	6325
ENST00000430412.5	22915	23990	1075
ENST00000430418.5	123	100322	100199
ENST00000430419.1	0	6467	6467
ENST00000430420.5	1869	3019	1150
ENST00000430421.5	4529	6733	2204
ENST00000430423.5	8738	48740	40002
ENST00000430424.8	229	4105	3876
ENST00000430425.1	0	32	32
ENST00000430427.6	423	12510	12087
ENST00000430430.5	1144	36465	35321
ENST00000430431.5	68	342	274
ENST00000430432.5	0	239235	239235
ENST00000430433.5	83	2068	1985
ENST00000430435.1	0	18865	18865
ENST00000430436.5	3550	255534	251984
ENST00000430445.1	0	9932	9932
ENST00000430447.5	24538	402151	377613
ENST00000430448.3	1313	3925	2612
ENST00000430453.6	11005	341305	330300
ENST00000430454.5	89637	94871	5234
ENST00000430455.2	0	37394	37394
ENST00000430465.1	54	87118	87064
ENST00000430466.6	935	4172	3237
ENST00000430469.6	24	79353	79329
ENST00000430474.6	339	2151	1812
ENST00000430479.6	4640	99242	94602
ENST00000430487.6	77	62965	62888
ENST00000430489.1	0	1767	1767
ENST00000430490.7	18801	45746	26945
ENST00000430495.5	2048	3293	1245
ENST00000430497.5	9010	32505	23495
ENST00000430500.6	3	23337	23334
ENST00000430503.5	0	33451	33451
ENST00000430508.1	0	1508	1508
ENST00000430514.6	415	14172	13757
ENST00000430521.2	3032	3574	542
ENST00000430524.6	81	11773	11692
ENST00000430527.6	7811	23772	15961
ENST00000430533.1	299	1773	1474
ENST00000430541.5	0	2362	2362
ENST00000430547.5	4178	14541	10363
ENST00000430553.6	2281	13532	11251
ENST00000430554.1	0	5322	5322
ENST00000430557.1	242	4174	3932
ENST00000430559.5	267	38099	37832
ENST00000430560.1	0	6354	6354
ENST00000430566.6	1316	6767	5451
ENST00000430570.5	0	6785	6785
ENST00000430575.1	24	25722	25698
ENST00000430577.2	0	23078	23078
ENST00000430580.6	1627	33096	31469
ENST00000430587.1	0	17017	17017
ENST00000430591.1	6304	7713	1409
ENST00000430597.6	109	33272	33163
ENST00000430601.1	403	10350	9947
ENST00000430606.3	1368	7787	6419
ENST00000430615.1	4803	11083	6280
ENST00000430619.2	5965	7709	1744
ENST00000430624.5	25899	68292	42393
ENST00000430625.1	25785	26719	934
ENST00000430627.6	311	73981	73670
ENST00000430628.2	1214	14675	13461
ENST00000430636.2	40403	65747	25344
ENST00000430644.5	27849	28624	775
ENST00000430645.1	0	2045	2045
ENST00000430655.6	365	1063	698
ENST00000430656.5	309	93209	92900
ENST00000430669.6	3503	77179	73676
ENST00000430670.5	0	24933	24933
ENST00000430676.6	199	35351	35152
ENST00000430682.5	0	19029	19029
ENST00000430686.2	0	9287	9287
ENST00000430687.1	5870	6288	418
ENST00000430697.1	145	2928	2783
ENST00000430701.5	0	12132	12132
ENST00000430704.6	142	108437	108295
ENST00000430705.5	90595	113689	23094
ENST00000430709.1	0	7480	7480
ENST00000430710.8	422	53491	53069
ENST00000430711.5	2433	15061	12628
ENST00000430714.5	24	583633	583609
ENST00000430715.6	417	8486	8069
ENST00000430718.5	788	6772	5984
ENST00000430720.5	37867	59296	21429
ENST00000430725.6	48012	96525	48513
ENST00000430730.5	15499	21884	6385
ENST00000430736.5	161	10224	10063
ENST00000430738.5	1	25769	25768
ENST00000430739.5	0	5721	5721
ENST00000430742.1	18	3753	3735
ENST00000430743.1	0	1148	1148
ENST00000430746.5	3289	6787	3498
ENST00000430747.5	2022	2050	28
ENST00000430750.1	0	25358	25358
ENST00000430755.5	195	16744	16549
ENST00000430760.5	162808	227233	64425
ENST00000430762.6	47	29975	29928
ENST00000430763.5	5	13395	13390
ENST00000430764.2	0	1867	1867
ENST00000430767.8	54442	126995	72553
ENST00000430769.1	459	5480	5021
ENST00000430773.1	0	1541	1541
ENST00000430778.5	1846	24795	22949
ENST00000430783.5	491	5651	5160
ENST00000430786.5	6125	10029	3904
ENST00000430789.1	428	376794	376366
ENST00000430792.1	0	2671	2671
ENST00000430793.1	359	15924	15565
ENST00000430798.1	0	101898	101898
ENST00000430799.7	36427	93201	56774
ENST00000430800.5	0	6082	6082
ENST00000430803.1	0	8	8
ENST00000430804.5	0	6003	6003
ENST00000430805.6	1144	35050	33906
ENST00000430807.5	15672	35200	19528
ENST00000430811.5	0	9945	9945
ENST00000430814.5	0	542	542
ENST00000430816.3	57	5303	5246
ENST00000430817.5	1535	8705	7170
ENST00000430834.1	0	17490	17490
ENST00000430839.5	8994	14101	5107
ENST00000430841.6	3	42057	42054
ENST00000430850.6	304	12013	11709
ENST00000430857.5	136	16893	16757
ENST00000430860.1	928	1300	372
ENST00000430863.5	129	77241	77112
ENST00000430864.5	0	18187	18187
ENST00000430867.5	0	17844	17844
ENST00000430874.5	0	9273	9273
ENST00000430875.1	155	3068	2913
ENST00000430877.5	108	12732	12624
ENST00000430878.1	0	1854	1854
ENST00000430881.1	2014	16243	14229
ENST00000430882.6	235	64354	64119
ENST00000430885.5	632	10324	9692
ENST00000430886.5	0	29856	29856
ENST00000430889.3	88	2157	2069
ENST00000430892.5	3635	4262	627
ENST00000430899.5	29624	29750	126
ENST00000430901.1	633	6841	6208
ENST00000430909.5	0	14387	14387
ENST00000430911.5	4114	6940	2826
ENST00000430918.5	0	4555	4555
ENST00000430923.7	7835	15796	7961
ENST00000430927.6	4871	76329	71458
ENST00000430935.5	114	57062	56948
ENST00000430939.6	164	61947	61783
ENST00000430942.5	4340	10896	6556
ENST00000430948.6	3064	55496	52432
ENST00000430952.6	39	6350	6311
ENST00000430954.6	333	118840	118507
ENST00000430960.5	0	6933	6933
ENST00000430968.5	48285	49270	985
ENST00000430969.6	1298	123310	122012
ENST00000430974.6	33430	291565	258135
ENST00000430976.5	0	33181	33181
ENST00000430979.1	0	288	288
ENST00000430981.1	10	11568	11558
ENST00000430982.1	0	2352	2352
ENST00000430985.1	0	18268	18268
ENST00000430986.6	2081	55693	53612
ENST00000430991.5	120	3671	3551
ENST00000430992.1	2514	22201	19687
ENST00000430996.2	0	2328	2328
ENST00000431002.6	314	8075	7761
ENST00000431007.1	0	1055	1055
ENST00000431008.7	0	63050	63050
ENST00000431009.1	21447	40394	18947
ENST00000431010.3	104545	107465	2920
ENST00000431011.3	665	1143	478
ENST00000431016.6	4323	37256	32933
ENST00000431018.5	8802	15615	6813
ENST00000431028.5	356	2029	1673
ENST00000431029.5	16720	153676	136956
ENST00000431035.1	0	322	322
ENST00000431039.1	0	13539	13539
ENST00000431041.5	399	5631	5232
ENST00000431042.7	1805	58847	57042
ENST00000431044.5	1220	4968	3748
ENST00000431048.5	90760	92097	1337
ENST00000431051.6	159	10188	10029
ENST00000431052.6	89	100754	100665
ENST00000431054.5	0	85576	85576
ENST00000431056.5	0	14295	14295
ENST00000431062.5	4794	86795	82001
ENST00000431065.1	0	103579	103579
ENST00000431066.5	4624	6754	2130
ENST00000431067.4	36	3859	3823
ENST00000431068.5	539	3260	2721
ENST00000431076.5	0	95869	95869
ENST00000431078.1	364	892892	892528
ENST00000431081.6	41	19300	19259
ENST00000431087.2	0	67130	67130
ENST00000431089.6	3	37946	37943
ENST00000431101.1	0	64248	64248
ENST00000431105.2	306	124854	124548
ENST00000431110.1	0	8900	8900
ENST00000431115.5	1422	5081	3659
ENST00000431118.5	36	13078	13042
ENST00000431122.2	156496	156670	174
ENST00000431124.5	8	5354	5346
ENST00000431125.1	519	1099	580
ENST00000431126.1	0	17769	17769
ENST00000431132.6	5276	5454	178
ENST00000431138.5	199	8578	8379
ENST00000431140.5	4567	5456	889
ENST00000431146.6	74	16008	15934
ENST00000431148.1	0	858	858
ENST00000431153.5	105	6364	6259
ENST00000431155.1	49671	49869	198
ENST00000431156.7	454	15408	14954
ENST00000431160.5	31	23903	23872
ENST00000431162.6	134	35012	34878
ENST00000431166.1	0	11305	11305
ENST00000431168.2	428	6150	5722
ENST00000431170.5	22265	58942	36677
ENST00000431177.5	0	29821	29821
ENST00000431178.2	151	2721	2570
ENST00000431180.5	86994	111222	24228
ENST00000431183.6	1166	32484	31318
ENST00000431187.5	30	2804	2774
ENST00000431193.5	17059	26164	9105
ENST00000431196.3	0	21067	21067
ENST00000431201.5	0	2348	2348
ENST00000431204.5	415	17126	16711
ENST00000431206.6	73	16743	16670
ENST00000431207.5	744	1762	1018
ENST00000431208.1	0	5538	5538
ENST00000431212.6	100905	177268	76363
ENST00000431213.5	570	1896	1326
ENST00000431216.5	0	34207	34207
ENST00000431217.1	0	21155	21155
ENST00000431221.6	22	5831	5809
ENST00000431222.6	0	54688	54688
ENST00000431227.7	4500	7906	3406
ENST00000431229.1	0	38091	38091
ENST00000431232.7	1202	13333	12131
ENST00000431234.1	0	12314	12314
ENST00000431235.6	114584	212020	97436
ENST00000431239.6	9572	54819	45247
ENST00000431250.1	91	10170	10079
ENST00000431254.5	3977	12524	8547
ENST00000431261.6	346	27463	27117
ENST00000431267.2	16984	18233	1249
ENST00000431275.1	0	38092	38092
ENST00000431277.5	0	20333	20333
ENST00000431278.5	7206	9172	1966
ENST00000431279.6	0	380	380
ENST00000431281.5	3545	12052	8507
ENST00000431283.1	0	14741	14741
ENST00000431285.5	31324	32450	1126
ENST00000431289.1	770	1526	756
ENST00000431292.1	216	1691	1475
ENST00000431299.1	242	14848	14606
ENST00000431313.5	0	2754	2754
ENST00000431316.3	334	14182	13848
ENST00000431317.6	318	75991	75673
ENST00000431323.6	0	23689	23689
ENST00000431329.5	0	42543	42543
ENST00000431330.7	1225	19444	18219
ENST00000431332.7	616	19974	19358
ENST00000431346.6	14014	24679	10665
ENST00000431348.1	297	9028	8731
ENST00000431350.7	2960	171882	168922
ENST00000431352.1	0	6758	6758
ENST00000431353.1	218	6617	6399
ENST00000431355.2	11546	43694	32148
ENST00000431357.1	280	35294	35014
ENST00000431364.1	246	1860	1614
ENST00000431365.3	57	3221	3164
ENST00000431366.1	0	3278	3278
ENST00000431367.6	2174	17755	15581
ENST00000431368.5	0	26406	26406
ENST00000431370.1	4396	18716	14320
ENST00000431375.6	187	30651	30464
ENST00000431380.5	538	6122	5584
ENST00000431381.5	86	4328	4242
ENST00000431387.8	333	128774	128441
ENST00000431388.3	46	1914	1868
ENST00000431390.5	5155	6732	1577
ENST00000431391.1	22311	70236	47925
ENST00000431392.1	0	3509	3509
ENST00000431396.1	0	2439	2439
ENST00000431400.2	250	4392	4142
ENST00000431402.5	50076	79543	29467
ENST00000431403.3	33363	289214	255851
ENST00000431404.2	0	80	80
ENST00000431412.3	573	8143	7570
ENST00000431413.5	13390	59978	46588
ENST00000431415.3	3	14785	14782
ENST00000431418.6	10868	64740	53872
ENST00000431421.6	2149	29586	27437
ENST00000431430.1	0	24141	24141
ENST00000431431.6	5629	30836	25207
ENST00000431440.2	0	30	30
ENST00000431446.7	3111	10822	7711
ENST00000431454.2	0	6353	6353
ENST00000431456.6	153	10015	9862
ENST00000431467.1	65	24923	24858
ENST00000431469.6	48	40505	40457
ENST00000431472.5	26	3664	3638
ENST00000431473.4	143	35347	35204
ENST00000431474.6	1011	7721	6710
ENST00000431480.6	2130	200952	198822
ENST00000431481.1	60	2316	2256
ENST00000431484.1	0	538	538
ENST00000431485.2	2641	3059	418
ENST00000431489.6	1479	343242	341763
ENST00000431493.1	0	258	258
ENST00000431504.1	24504	27562	3058
ENST00000431505.6	14	56427	56413
ENST00000431506.3	3	17857	17854
ENST00000431508.5	0	32937	32937
ENST00000431510.1	376	8670	8294
ENST00000431515.6	218	13250	13032
ENST00000431519.6	69	13829	13760
ENST00000431520.5	14356	141980	127624
ENST00000431523.5	28	7384	7356
ENST00000431524.1	33	1897	1864
ENST00000431531.1	370	1212	842
ENST00000431532.6	4638	60143	55505
ENST00000431533.6	426	1076	650
ENST00000431534.5	3296	15623	12327
ENST00000431535.5	0	18382	18382
ENST00000431540.7	123	554551	554428
ENST00000431541.6	2639	11220	8581
ENST00000431543.6	438	40991	40553
ENST00000431544.2	0	1148	1148
ENST00000431547.1	0	84736	84736
ENST00000431549.4	1158	37322	36164
ENST00000431550.1	0	21007	21007
ENST00000431556.6	0	4115	4115
ENST00000431559.5	108	10679	10571
ENST00000431561.7	1550	12591	11041
ENST00000431562.5	87	17619	17532
ENST00000431567.5	85	2084	1999
ENST00000431571.6	0	9226	9226
ENST00000431581.5	62	35045	34983
ENST00000431583.1	0	35083	35083
ENST00000431586.1	9845	19720	9875
ENST00000431594.5	16195	26006	9811
ENST00000431597.5	0	374	374
ENST00000431598.1	1457	1653	196
ENST00000431599.1	181	11392	11211
ENST00000431601.6	1361	6086	4725
ENST00000431606.5	331	9196	8865
ENST00000431610.6	1993	225310	223317
ENST00000431611.5	46	8264	8218
ENST00000431612.5	1296	5098	3802
ENST00000431614.5	14009	17584	3575
ENST00000431622.6	14539	15932	1393
ENST00000431623.6	15618	55300	39682
ENST00000431628.1	4792	7982	3190
ENST00000431629.5	0	91867	91867
ENST00000431630.5	186354	192960	6606
ENST00000431632.5	976	6964	5988
ENST00000431635.6	271	9319	9048
ENST00000431636.5	1855	28618	26763
ENST00000431639.6	2578	19046	16468
ENST00000431640.5	3	9401	9398
ENST00000431642.1	0	12463	12463
ENST00000431643.5	8988	12805	3817
ENST00000431645.1	61	6664	6603
ENST00000431651.5	0	3624	3624
ENST00000431653.1	0	1137	1137
ENST00000431655.2	0	15014	15014
ENST00000431657.5	16007	29122	13115
ENST00000431660.5	816	19771	18955
ENST00000431666.6	634	16109	15475
ENST00000431668.1	68514	69102	588
ENST00000431670.7	24813	119037	94224
ENST00000431672.4	0	113801	113801
ENST00000431674.5	0	13621	13621
ENST00000431676.6	544	181986	181442
ENST00000431678.5	0	28633	28633
ENST00000431679.6	6122	12954	6832
ENST00000431683.7	362	44499	44137
ENST00000431684.1	3168	30824	27656
ENST00000431687.5	0	568	568
ENST00000431690.5	0	13514	13514
ENST00000431692.5	8905	22150	13245
ENST00000431693.1	38	11968	11930
ENST00000431696.1	90	17156	17066
ENST00000431707.5	3	42001	41998
ENST00000431715.5	0	1210	1210
ENST00000431716.2	186	1449	1263
ENST00000431717.6	73	31406	31333
ENST00000431718.5	49	9445	9396
ENST00000431721.6	1381	22381	21000
ENST00000431732.5	25815	28144	2329
ENST00000431736.6	5437	39993	34556
ENST00000431739.5	0	3990	3990
ENST00000431742.2	417	19990	19573
ENST00000431744.5	8604	13252	4648
ENST00000431745.5	9403	9507	104
ENST00000431753.1	0	59673	59673
ENST00000431754.1	7476	17745	10269
ENST00000431758.2	6422	11586	5164
ENST00000431765.6	71	17269	17198
ENST00000431771.6	6187	8950	2763
ENST00000431772.1	0	5392	5392
ENST00000431776.6	184	30869	30685
ENST00000431778.5	19107	118528	99421
ENST00000431779.6	2112	10030	7918
ENST00000431780.6	1632	24925	23293
ENST00000431781.2	4756	6196	1440
ENST00000431787.5	30505	40649	10144
ENST00000431792.2	203	2502	2299
ENST00000431798.6	0	14589	14589
ENST00000431802.5	1216	4861	3645
ENST00000431807.6	213	19466	19253
ENST00000431809.5	1365	3981	2616
ENST00000431811.5	6334	21343	15009
ENST00000431815.5	0	76868	76868
ENST00000431816.6	10985	20863	9878
ENST00000431818.8	127	24927	24800
ENST00000431821.5	4428	15181	10753
ENST00000431822.5	0	3920	3920
ENST00000431823.1	6942	8845	1903
ENST00000431824.2	0	52996	52996
ENST00000431828.6	2442	46577	44135
ENST00000431832.1	0	2398	2398
ENST00000431833.1	0	708	708
ENST00000431834.5	256	29920	29664
ENST00000431839.5	3091	11506	8415
ENST00000431842.6	2495	44128	41633
ENST00000431843.7	183	5379	5196
ENST00000431845.3	597	4399	3802
ENST00000431849.3	1024	3615	2591
ENST00000431857.5	1045	7247	6202
ENST00000431860.1	0	16675	16675
ENST00000431865.1	0	90767	90767
ENST00000431869.1	1817	2287	470
ENST00000431870.1	0	30	30
ENST00000431873.6	31838	35240	3402
ENST00000431877.7	337	40292	39955
ENST00000431879.7	837	20816	19979
ENST00000431881.6	1434	4160	2726
ENST00000431882.4	3225	23385	20160
ENST00000431886.5	116	47983	47867
ENST00000431887.5	0	50137	50137
ENST00000431889.6	320	15259	14939
ENST00000431891.1	9639	12343	2704
ENST00000431893.3	3	41759	41756
ENST00000431894.5	73	12496	12423
ENST00000431899.2	0	4947	4947
ENST00000431901.5	3397	16884	13487
ENST00000431902.5	0	22836	22836
ENST00000431905.1	0	19398	19398
ENST00000431908.5	0	9949	9949
ENST00000431914.6	25390	42989	17599
ENST00000431916.5	0	47465	47465
ENST00000431917.5	53122	55032	1910
ENST00000431918.1	3028	4280	1252
ENST00000431922.1	1298	3528	2230
ENST00000431925.6	24	8908	8884
ENST00000431926.7	456	39966	39510
ENST00000431932.6	77	100232	100155
ENST00000431933.5	0	26795	26795
ENST00000431934.2	0	21619	21619
ENST00000431940.1	0	3888	3888
ENST00000431941.6	3	43097	43094
ENST00000431944.1	0	9978	9978
ENST00000431946.1	0	2577	2577
ENST00000431948.6	1342	304435	303093
ENST00000431952.1	0	39448	39448
ENST00000431959.5	12	10435	10423
ENST00000431960.6	40288	65632	25344
ENST00000431961.6	107	16920	16813
ENST00000431962.1	0	1185	1185
ENST00000431963.6	11170	12268	1098
ENST00000431965.6	878	22077	21199
ENST00000431967.5	49334	67701	18367
ENST00000431969.5	0	22785	22785
ENST00000431971.1	4763	6209	1446
ENST00000431972.6	259	21328	21069
ENST00000431973.5	1456	2543	1087
ENST00000431975.7	297	147292	146995
ENST00000431982.6	109	15688	15579
ENST00000431984.5	3	491680	491677
ENST00000431992.6	1242	54390	53148
ENST00000431993.4	185	2639	2454
ENST00000431998.1	0	3666	3666
ENST00000432000.5	152	2531	2379
ENST00000432002.5	42736	88119	45383
ENST00000432012.1	0	8293	8293
ENST00000432018.5	0	3849	3849
ENST00000432020.2	0	19126	19126
ENST00000432024.5	29624	30820	1196
ENST00000432027.5	1868	17228	15360
ENST00000432031.6	124	19366	19242
ENST00000432035.2	3	14746	14743
ENST00000432036.5	27675	28361	686
ENST00000432037.5	0	97782	97782
ENST00000432040.1	85592	86568	976
ENST00000432042.5	8555	25433	16878
ENST00000432043.2	6571	44693	38122
ENST00000432052.5	29533	57325	27792
ENST00000432054.6	3692	24060	20368
ENST00000432056.1	13	1406	1393
ENST00000432057.2	2120	11855	9735
ENST00000432058.1	0	1183	1183
ENST00000432059.6	2519	268712	266193
ENST00000432060.6	112	29861	29749
ENST00000432063.6	690	10651	9961
ENST00000432065.6	940	17884	16944
ENST00000432066.2	209	49362	49153
ENST00000432071.1	17522	20371	2849
ENST00000432072.6	693	81693	81000
ENST00000432073.6	407	17434	17027
ENST00000432074.2	276	81243	80967
ENST00000432075.1	335	10337	10002
ENST00000432079.5	17071	26057	8986
ENST00000432084.2	0	1755	1755
ENST00000432085.5	2560	3332	772
ENST00000432087.5	879	19874	18995
ENST00000432089.1	0	4555	4555
ENST00000432093.1	3743	11048	7305
ENST00000432094.6	2268	13979	11711
ENST00000432095.6	27	15399	15372
ENST00000432096.2	13	44192	44179
ENST00000432105.5	14692	15823	1131
ENST00000432106.5	0	1110	1110
ENST00000432109.6	33024	54557	21533
ENST00000432111.5	19	38935	38916
ENST00000432115.6	2327	4295	1968
ENST00000432116.7	160	318629	318469
ENST00000432118.6	93	32426	32333
ENST00000432123.5	0	7359	7359
ENST00000432124.5	2345	2932	587
ENST00000432126.7	71	16418	16347
ENST00000432128.6	12059	27843	15784
ENST00000432129.1	1506	3764	2258
ENST00000432131.5	6123	11140	5017
ENST00000432134.8	141	3419	3278
ENST00000432135.1	0	158	158
ENST00000432143.2	4472	14700	10228
ENST00000432145.5	96	30672	30576
ENST00000432151.5	50	74931	74881
ENST00000432158.6	0	1545	1545
ENST00000432161.5	87	41064	40977
ENST00000432169.5	87	31354	31267
ENST00000432175.5	1212	21591	20379
ENST00000432176.7	11381	58453	47072
ENST00000432178.5	673	5887	5214
ENST00000432179.1	4368	5100	732
ENST00000432183.5	311	33506	33195
ENST00000432185.5	2850	42275	39425
ENST00000432186.5	33789	68990	35201
ENST00000432190.5	50400	78091	27691
ENST00000432191.6	9725	121728	112003
ENST00000432192.6	0	4558	4558
ENST00000432196.5	70	2816	2746
ENST00000432197.5	0	3549	3549
ENST00000432198.5	19768	35815	16047
ENST00000432205.5	0	492	492
ENST00000432207.5	412	29219	28807
ENST00000432213.1	0	146	146
ENST00000432226.7	33810	66615	32805
ENST00000432231.1	0	28238	28238
ENST00000432233.8	346	6839	6493
ENST00000432237.3	9083	36226	27143
ENST00000432242.5	5977	32715	26738
ENST00000432245.6	1218	8352	7134
ENST00000432248.1	0	22200	22200
ENST00000432255.6	844	18906	18062
ENST00000432259.6	5778	8014	2236
ENST00000432260.2	42803	44368	1565
ENST00000432261.6	2642	43464	40822
ENST00000432264.4	858	12840	11982
ENST00000432270.2	5	8983	8978
ENST00000432273.5	0	7883	7883
ENST00000432278.5	4084	9531	5447
ENST00000432282.5	21417	23159	1742
ENST00000432287.6	24	48448	48424
ENST00000432289.5	0	10432	10432
ENST00000432292.7	34042	95607	61565
ENST00000432295.7	0	25840	25840
ENST00000432297.6	6127	32268	26141
ENST00000432298.5	114	216543	216429
ENST00000432299.6	24	310	286
ENST00000432301.5	0	16054	16054
ENST00000432303.6	61	20527	20466
ENST00000432305.6	229	43672	43443
ENST00000432306.5	116	290114	289998
ENST00000432309.6	177	18880	18703
ENST00000432317.1	6685	7435	750
ENST00000432318.8	13874	41835	27961
ENST00000432325.5	193	14409	14216
ENST00000432328.2	155461	158051	2590
ENST00000432329.6	25744	68178	42434
ENST00000432336.1	28541	30011	1470
ENST00000432340.1	3498	3522	24
ENST00000432343.1	15	2946	2931
ENST00000432347.6	13604	47118	33514
ENST00000432348.5	6108	10917	4809
ENST00000432351.5	0	2793	2793
ENST00000432352.5	854	30062	29208
ENST00000432353.5	18795	19971	1176
ENST00000432365.6	78	12024	11946
ENST00000432366.6	12411	14278	1867
ENST00000432367.6	0	23763	23763
ENST00000432372.6	1799	124754	122955
ENST00000432376.5	76635	159817	83182
ENST00000432378.5	68	11875	11807
ENST00000432379.5	95006	103915	8909
ENST00000432381.2	0	534	534
ENST00000432387.5	2135	4814	2679
ENST00000432389.2	35	6908	6873
ENST00000432404.5	15460	38095	22635
ENST00000432408.6	857	30988	30131
ENST00000432415.5	0	5253	5253
ENST00000432416.5	1194	44122	42928
ENST00000432420.5	0	924	924
ENST00000432422.7	4409	6302	1893
ENST00000432425.5	6648	9186	2538
ENST00000432426.5	260	131390	131130
ENST00000432427.3	816	21838	21022
ENST00000432434.2	193	26268	26075
ENST00000432436.1	270	5099	4829
ENST00000432444.2	179	4221	4042
ENST00000432449.1	0	7746	7746
ENST00000432450.5	2108	4515	2407
ENST00000432455.5	0	4024	4024
ENST00000432456.5	1710	2099	389
ENST00000432457.2	0	3110	3110
ENST00000432458.6	518	45696	45178
ENST00000432459.6	3131	36983	33852
ENST00000432464.5	6317	32759	26442
ENST00000432465.1	0	3240	3240
ENST00000432467.1	15328	37407	22079
ENST00000432471.6	282	35161	34879
ENST00000432475.5	0	13259	13259
ENST00000432483.6	163	105173	105010
ENST00000432485.1	4180	22986	18806
ENST00000432489.5	0	47757	47757
ENST00000432493.5	83	2417	2334
ENST00000432494.1	1306	2284	978
ENST00000432498.5	12010	125742	113732
ENST00000432504.1	0	3748	3748
ENST00000432507.1	0	524	524
ENST00000432508.3	47	26828	26781
ENST00000432510.1	7864	13060	5196
ENST00000432514.5	0	4141	4141
ENST00000432519.5	986	168554	167568
ENST00000432520.5	0	3300	3300
ENST00000432523.6	0	6983	6983
ENST00000432529.6	92	33521	33429
ENST00000432533.6	696	9928	9232
ENST00000432534.5	141	76745	76604
ENST00000432538.5	315	9342	9027
ENST00000432543.6	2860	47650	44790
ENST00000432556.6	352	12948	12596
ENST00000432560.6	1142	42358	41216
ENST00000432561.6	582	48328	47746
ENST00000432564.3	3226	5300	2074
ENST00000432569.2	21	1691	1670
ENST00000432572.1	110	119136	119026
ENST00000432584.7	216	34556	34340
ENST00000432587.6	353	141612	141259
ENST00000432588.6	188	2857	2669
ENST00000432589.5	83718	83940	222
ENST00000432590.5	1941	3527	1586
ENST00000432591.6	15	4550	4535
ENST00000432597.3	279	1021	742
ENST00000432603.1	0	15315	15315
ENST00000432605.3	327	2893	2566
ENST00000432606.1	7104	9022	1918
ENST00000432615.5	44285	71744	27459
ENST00000432618.5	2097	9584	7487
ENST00000432622.2	166	1199	1033
ENST00000432627.5	0	10106	10106
ENST00000432635.1	52470	54573	2103
ENST00000432637.1	0	508	508
ENST00000432638.6	722	348953	348231
ENST00000432641.3	26	63887	63861
ENST00000432642.5	0	97232	97232
ENST00000432645.6	0	460957	460957
ENST00000432648.8	105	13347	13242
ENST00000432649.5	0	25299	25299
ENST00000432651.5	491	5688	5197
ENST00000432655.5	0	28594	28594
ENST00000432659.1	50	12779	12729
ENST00000432667.5	8125	9568	1443
ENST00000432670.6	0	25241	25241
ENST00000432678.6	1014	2097	1083
ENST00000432680.7	82200	152743	70543
ENST00000432682.5	2125	4662	2537
ENST00000432684.6	5592	14394	8802
ENST00000432686.5	124	31646	31522
ENST00000432688.5	6000	29200	23200
ENST00000432692.6	19235	56379	37144
ENST00000432695.2	587	19689	19102
ENST00000432700.5	9019	20805	11786
ENST00000432704.5	37830	65495	27665
ENST00000432710.7	1372	20991	19619
ENST00000432715.5	18655	91238	72583
ENST00000432718.1	0	20049	20049
ENST00000432725.1	0	6383	6383
ENST00000432728.1	0	22040	22040
ENST00000432729.5	1281	44872	43591
ENST00000432730.6	0	139784	139784
ENST00000432734.1	27721	27903	182
ENST00000432738.5	0	17914	17914
ENST00000432747.1	0	155393	155393
ENST00000432748.5	22	8620	8598
ENST00000432749.6	6274	8811	2537
ENST00000432750.5	583	19488	18905
ENST00000432752.5	14732	57052	42320
ENST00000432753.5	35358	62313	26955
ENST00000432756.6	154	7608	7454
ENST00000432757.6	4970	20024	15054
ENST00000432763.7	309	34046	33737
ENST00000432768.6	278	22866	22588
ENST00000432775.6	73254	547455	474201
ENST00000432776.6	0	380680	380680
ENST00000432777.5	18816	24191	5375
ENST00000432781.1	0	17776	17776
ENST00000432786.5	7427	34496	27069
ENST00000432789.1	3848	15713	11865
ENST00000432791.7	1563	145528	143965
ENST00000432792.6	2698	4010	1312
ENST00000432796.2	32158	32758	600
ENST00000432797.6	1950	47994	46044
ENST00000432798.1	0	150	150
ENST00000432802.6	633	53585	52952
ENST00000432805.5	979	9472	8493
ENST00000432807.1	1253	1755	502
ENST00000432809.5	62	95849	95787
ENST00000432817.5	0	143356	143356
ENST00000432819.5	0	32732	32732
ENST00000432825.7	1658	33734	32076
ENST00000432826.2	111	12253	12142
ENST00000432829.7	112	255600	255488
ENST00000432832.6	8750	15097	6347
ENST00000432835.6	3	1195	1192
ENST00000432839.1	0	52	52
ENST00000432841.1	0	1874	1874
ENST00000432845.1	11	3088	3077
ENST00000432849.7	10	4697	4687
ENST00000432850.1	0	72116	72116
ENST00000432854.5	0	11733	11733
ENST00000432855.1	0	2658	2658
ENST00000432863.1	0	37894	37894
ENST00000432867.5	3443	7769	4326
ENST00000432868.1	0	4313	4313
ENST00000432869.5	1547	8338	6791
ENST00000432873.5	2177	3930	1753
ENST00000432874.7	7824	18258	10434
ENST00000432877.5	96	12378	12282
ENST00000432883.5	31430	44119	12689
ENST00000432886.6	378	72662	72284
ENST00000432887.5	3759	34176	30417
ENST00000432893.6	9535	68481	58946
ENST00000432899.5	1670	16462	14792
ENST00000432900.7	1667	48311	46644
ENST00000432901.4	93	4732	4639
ENST00000432907.6	38558	56538	17980
ENST00000432911.5	3475	28284	24809
ENST00000432913.5	0	6602	6602
ENST00000432916.5	16	29626	29610
ENST00000432918.5	1390	2772	1382
ENST00000432920.2	380	38483	38103
ENST00000432930.5	0	7894	7894
ENST00000432931.5	7995	21677	13682
ENST00000432937.6	18559	44671	26112
ENST00000432947.1	0	73700	73700
ENST00000432951.1	0	70	70
ENST00000432954.1	0	97668	97668
ENST00000432958.6	190	49421	49231
ENST00000432959.1	2151	14432	12281
ENST00000432962.2	3	2330	2327
ENST00000432977.1	0	18739	18739
ENST00000432979.5	76	33731	33655
ENST00000432982.5	0	7136	7136
ENST00000432983.5	17009	26713	9704
ENST00000432985.1	429	24100	23671
ENST00000432992.7	6625	289198	282573
ENST00000432997.5	248710	284935	36225
ENST00000432999.6	163	4319	4156
ENST00000433003.1	487	11566	11079
ENST00000433009.1	0	4704	4704
ENST00000433010.5	13	365	352
ENST00000433011.6	70303	80665	10362
ENST00000433016.6	21574	43115	21541
ENST00000433017.6	1133	5175	4042
ENST00000433022.1	0	47275	47275
ENST00000433024.5	0	24052	24052
ENST00000433027.5	4507	8943	4436
ENST00000433028.6	27983	38299	10316
ENST00000433029.6	0	10012	10012
ENST00000433030.4	1303	3915	2612
ENST00000433034.1	5	13650	13645
ENST00000433039.2	394	10226	9832
ENST00000433041.1	0	118	118
ENST00000433045.6	199	21937	21738
ENST00000433049.5	0	18438	18438
ENST00000433050.6	2327	12274	9947
ENST00000433052.2	185959	303390	117431
ENST00000433055.1	200	504	304
ENST00000433056.5	5423	5805	382
ENST00000433060.3	156	105291	105135
ENST00000433068.5	56	4324	4268
ENST00000433069.2	218	3042	2824
ENST00000433072.2	0	814	814
ENST00000433076.6	41	2157	2116
ENST00000433078.5	477	23691	23214
ENST00000433083.6	2947	27589	24642
ENST00000433086.5	1295	6096	4801
ENST00000433091.6	453	31088	30635
ENST00000433092.5	99687	108952	9265
ENST00000433098.6	0	31659	31659
ENST00000433104.2	1446	2224	778
ENST00000433107.6	0	47236	47236
ENST00000433112.5	14098	18480	4382
ENST00000433117.6	8993	10578	1585
ENST00000433118.5	16141	25349	9208
ENST00000433119.5	1604	25450	23846
ENST00000433120.5	0	20759	20759
ENST00000433124.1	0	13046	13046
ENST00000433130.2	0	22845	22845
ENST00000433134.5	0	100705	100705
ENST00000433139.6	1092	31445	30353
ENST00000433140.1	0	3452	3452
ENST00000433143.1	0	13169	13169
ENST00000433147.2	967	157223	156256
ENST00000433149.1	3270	17417	14147
ENST00000433154.6	339	44322	43983
ENST00000433157.1	24	54155	54131
ENST00000433159.5	8243	11802	3559
ENST00000433160.1	20	13594	13574
ENST00000433170.5	8695	9027	332
ENST00000433172.3	110	39585	39475
ENST00000433176.6	664	2390	1726
ENST00000433179.4	977	8198	7221
ENST00000433183.2	0	510	510
ENST00000433184.1	16868	17006	138
ENST00000433192.1	0	98	98
ENST00000433193.2	0	4636	4636
ENST00000433197.4	4849	93796	88947
ENST00000433205.1	0	3173	3173
ENST00000433206.6	8241	49526	41285
ENST00000433207.6	19700	55428	35728
ENST00000433211.7	7810	1737658	1729848
ENST00000433212.5	0	26603	26603
ENST00000433215.6	596	21458	20862
ENST00000433216.6	29599	90488	60889
ENST00000433218.6	245	10846	10601
ENST00000433224.1	4073	7203	3130
ENST00000433235.1	0	6968	6968
ENST00000433241.5	6028	69158	63130
ENST00000433243.6	38	49745	49707
ENST00000433246.5	0	126583	126583
ENST00000433257.5	3136	9003	5867
ENST00000433258.5	1460	6553	5093
ENST00000433259.6	10780	31053	20273
ENST00000433268.5	216	44836	44620
ENST00000433271.6	20604	32581	11977
ENST00000433272.6	7863	49542	41679
ENST00000433274.6	169	12754	12585
ENST00000433277.5	67	19846	19779
ENST00000433282.6	134	46299	46165
ENST00000433283.5	135	24036	23901
ENST00000433287.1	9096	10240	1144
ENST00000433289.5	756	47934	47178
ENST00000433294.2	112	17999	17887
ENST00000433297.2	1739	11121	9382
ENST00000433298.5	0	36296	36296
ENST00000433302.7	719	26811	26092
ENST00000433307.2	73	38008	37935
ENST00000433318.5	0	990	990
ENST00000433326.2	42	138139	138097
ENST00000433342.6	2614	31482	28868
ENST00000433346.5	32065	34631	2566
ENST00000433351.7	28	20761	20733
ENST00000433355.6	42309	53340	11031
ENST00000433358.5	0	3450	3450
ENST00000433359.6	0	25247	25247
ENST00000433360.6	2520	386809	384289
ENST00000433363.7	1491	30306	28815
ENST00000433366.6	196	16607	16411
ENST00000433368.6	1331	17761	16430
ENST00000433369.6	45598	54359	8761
ENST00000433375.2	16214	23020	6806
ENST00000433380.5	1692	18685	16993
ENST00000433381.5	2220	3392	1172
ENST00000433384.6	621	77290	76669
ENST00000433386.7	388	18455	18067
ENST00000433387.2	212	40603	40391
ENST00000433389.8	145	57777	57632
ENST00000433392.6	9	26164	26155
ENST00000433394.1	0	4475	4475
ENST00000433395.7	11792	67846	56054
ENST00000433400.6	29075	46674	17599
ENST00000433408.1	0	14358	14358
ENST00000433416.5	0	30017	30017
ENST00000433417.5	0	28170	28170
ENST00000433418.6	112	53282	53170
ENST00000433423.2	87	50110	50023
ENST00000433425.4	3415	3881	466
ENST00000433426.5	1271	27535	26264
ENST00000433428.7	113	7238	7125
ENST00000433430.5	0	149648	149648
ENST00000433439.1	140	5399	5259
ENST00000433445.1	12827	13213	386
ENST00000433449.5	49	14891	14842
ENST00000433452.6	45	5512	5467
ENST00000433454.3	711	5279	4568
ENST00000433456.1	18303	36022	17719
ENST00000433458.5	0	6194	6194
ENST00000433463.1	7460	12238	4778
ENST00000433464.5	3585	8456	4871
ENST00000433467.6	11	125053	125042
ENST00000433470.5	887	2239	1352
ENST00000433473.8	1338	25418	24080
ENST00000433477.4	1921	30684	28763
ENST00000433483.1	0	2965	2965
ENST00000433484.2	4164	7523	3359
ENST00000433485.1	0	8751	8751
ENST00000433491.5	490	10368	9878
ENST00000433492.5	405	942	537
ENST00000433494.8	7263	12612	5349
ENST00000433496.5	92	15832	15740
ENST00000433497.5	39897	78354	38457
ENST00000433506.2	0	18157	18157
ENST00000433517.5	116462	186825	70363
ENST00000433525.6	242	9443	9201
ENST00000433529.7	3278	40131	36853
ENST00000433533.5	0	178	178
ENST00000433535.7	170	7117	6947
ENST00000433539.1	0	3543	3543
ENST00000433540.5	0	454	454
ENST00000433541.1	1262	2310	1048
ENST00000433542.7	463	49434	48971
ENST00000433543.2	0	13539	13539
ENST00000433547.1	0	951	951
ENST00000433553.5	9795	40155	30360
ENST00000433555.1	503	2869	2366
ENST00000433559.6	274	9662	9388
ENST00000433561.5	0	1963	1963
ENST00000433563.5	0	4338	4338
ENST00000433566.8	55	42083	42028
ENST00000433568.5	6094	36651	30557
ENST00000433578.5	5803	7282	1479
ENST00000433579.1	14033	21560	7527
ENST00000433584.1	0	29520	29520
ENST00000433589.5	0	3162	3162
ENST00000433590.6	1604	16051	14447
ENST00000433593.6	2009	29149	27140
ENST00000433605.2	5504	11597	6093
ENST00000433608.6	6757	33789	27032
ENST00000433615.5	0	16848	16848
ENST00000433626.6	671	13805	13134
ENST00000433627.9	75	55239	55164
ENST00000433628.2	124	161372	161248
ENST00000433635.1	5515	6413	898
ENST00000433638.1	721	72453	71732
ENST00000433640.7	4505	49919	45414
ENST00000433642.3	513	1723	1210
ENST00000433647.5	24495	48215	23720
ENST00000433650.5	0	2785	2785
ENST00000433655.6	2130	11906	9776
ENST00000433665.6	17141	35985	18844
ENST00000433666.5	643	6265	5622
ENST00000433667.5	62	14078	14016
ENST00000433670.5	475	93518	93043
ENST00000433674.6	236	75106	74870
ENST00000433677.6	1402	140802	139400
ENST00000433678.5	5916	131472	125556
ENST00000433680.2	3641	16091	12450
ENST00000433685.5	0	998	998
ENST00000433686.6	850	7338	6488
ENST00000433687.2	71574	121584	50010
ENST00000433688.2	3529	10759	7230
ENST00000433696.6	8225	36917	28692
ENST00000433700.5	14929	117475	102546
ENST00000433702.7	2788	7507	4719
ENST00000433706.5	0	191067	191067
ENST00000433709.6	206211	295300	89089
ENST00000433712.6	28482	99453	70971
ENST00000433714.5	16691	218083	201392
ENST00000433715.6	157	8777	8620
ENST00000433720.1	0	4881	4881
ENST00000433722.6	894	27563	26669
ENST00000433723.2	245	2785	2540
ENST00000433727.5	637	11200	10563
ENST00000433728.5	12030	47694	35664
ENST00000433729.1	16506	25788	9282
ENST00000433730.1	0	755	755
ENST00000433731.7	1399	42867	41468
ENST00000433733.5	0	6350	6350
ENST00000433736.6	130	80060	79930
ENST00000433738.5	27	12146	12119
ENST00000433744.1	0	4128	4128
ENST00000433745.5	370	7622	7252
ENST00000433749.5	0	344	344
ENST00000433750.1	0	11669	11669
ENST00000433751.5	217	4818	4601
ENST00000433753.4	72	9761	9689
ENST00000433756.1	9830	20708	10878
ENST00000433758.5	0	41390	41390
ENST00000433760.1	0	5131	5131
ENST00000433762.1	0	21818	21818
ENST00000433765.3	23	2895	2872
ENST00000433768.6	1795	8900	7105
ENST00000433772.6	4946	17071	12125
ENST00000433777.5	877	1339	462
ENST00000433779.5	18001	24061	6060
ENST00000433782.6	719	64756	64037
ENST00000433785.1	53	9737	9684
ENST00000433803.1	0	25425	25425
ENST00000433805.6	113	3671	3558
ENST00000433807.5	265	39925	39660
ENST00000433809.1	0	3214	3214
ENST00000433811.1	22181	27420	5239
ENST00000433812.1	0	154107	154107
ENST00000433814.5	8574	18754	10180
ENST00000433818.6	82387	116315	33928
ENST00000433822.1	950	1874	924
ENST00000433828.5	0	4936	4936
ENST00000433829.1	0	77694	77694
ENST00000433831.5	94	29791	29697
ENST00000433832.2	474	1012	538
ENST00000433833.1	1674	5385	3711
ENST00000433834.5	174	145814	145640
ENST00000433835.3	0	33495	33495
ENST00000433841.6	7	14023	14016
ENST00000433844.4	372	39919	39547
ENST00000433845.1	0	12882	12882
ENST00000433848.1	461	1763	1302
ENST00000433852.1	0	37064	37064
ENST00000433861.6	2412	18962	16550
ENST00000433866.7	99	1667	1568
ENST00000433867.5	209	44669	44460
ENST00000433868.5	5308	19930	14622
ENST00000433877.6	15502	22018	6516
ENST00000433878.5	3864	41462	37598
ENST00000433879.1	0	231015	231015
ENST00000433881.5	1835	385300	383465
ENST00000433883.1	28513	65068	36555
ENST00000433888.5	0	23773	23773
ENST00000433889.1	0	752	752
ENST00000433890.5	13074	13780	706
ENST00000433892.6	116	91609	91493
ENST00000433895.2	0	1964	1964
ENST00000433898.5	6875	13896	7021
ENST00000433903.5	0	578	578
ENST00000433911.1	0	93441	93441
ENST00000433912.5	49	20015	19966
ENST00000433917.5	0	30952	30952
ENST00000433921.5	13664	18576	4912
ENST00000433922.6	19310	61197	41887
ENST00000433924.5	0	12374	12374
ENST00000433927.1	0	2190	2190
ENST00000433930.2	0	23078	23078
ENST00000433931.7	2239	104085	101846
ENST00000433932.5	356	12316	11960
ENST00000433934.2	0	1366	1366
ENST00000433935.6	716	8367	7651
ENST00000433939.7	1671	2327	656
ENST00000433948.5	1225	8861	7636
ENST00000433949.7	702	25023	24321
ENST00000433956.1	1026	1778	752
ENST00000433957.7	878	24880	24002
ENST00000433959.5	2244	67397	65153
ENST00000433961.5	2449	17422	14973
ENST00000433964.5	0	946	946
ENST00000433971.5	260171	374423	114252
ENST00000433972.2	725	3113	2388
ENST00000433976.7	3425	13121	9696
ENST00000433977.5	731	3668	2937
ENST00000433979.6	20542	390789	370247
ENST00000433983.6	478	96145	95667
ENST00000433985.7	103	18047	17944
ENST00000433992.2	77	5802	5725
ENST00000433993.6	1295	25938	24643
ENST00000433999.5	1769	2660	891
ENST00000434006.3	153	21785	21632
ENST00000434009.5	173108	183996	10888
ENST00000434013.6	239	17680	17441
ENST00000434014.1	0	4710	4710
ENST00000434015.2	0	402	402
ENST00000434018.5	17158	27175	10017
ENST00000434031.6	881	2950	2069
ENST00000434032.6	208	14623	14415
ENST00000434036.5	0	466	466
ENST00000434041.6	416	59635	59219
ENST00000434045.6	490	8500	8010
ENST00000434046.6	0	151471	151471
ENST00000434050.5	0	13386	13386
ENST00000434053.5	59834	234435	174601
ENST00000434054.6	211	17620	17409
ENST00000434055.5	5150	19723	14573
ENST00000434060.1	325	9264	8939
ENST00000434061.6	368	18778	18410
ENST00000434065.5	85	4594	4509
ENST00000434066.6	0	18395	18395
ENST00000434067.6	1256	77902	76646
ENST00000434068.1	0	35031	35031
ENST00000434070.5	0	1997	1997
ENST00000434071.6	0	380680	380680
ENST00000434077.1	0	1216	1216
ENST00000434082.3	0	5532	5532
ENST00000434088.1	0	188209	188209
ENST00000434095.2	420	5617	5197
ENST00000434099.6	26	59382	59356
ENST00000434101.6	30	5120	5090
ENST00000434103.1	0	2506	2506
ENST00000434106.7	984	46297	45313
ENST00000434108.5	0	231945	231945
ENST00000434114.6	82	17894	17812
ENST00000434115.5	0	197986	197986
ENST00000434127.3	3782	5574	1792
ENST00000434130.6	224	12372	12148
ENST00000434137.2	13	63279	63266
ENST00000434140.5	8945	20749	11804
ENST00000434143.5	0	24569	24569
ENST00000434144.5	0	5697	5697
ENST00000434148.1	0	919	919
ENST00000434152.5	57	4016	3959
ENST00000434153.1	105	23963	23858
ENST00000434158.1	912	2872	1960
ENST00000434163.5	3	3609	3606
ENST00000434168.5	15644	42928	27284
ENST00000434185.1	0	7303	7303
ENST00000434187.5	0	29245	29245
ENST00000434192.2	17	37221	37204
ENST00000434193.5	18283	40346	22063
ENST00000434194.2	1489	58452	56963
ENST00000434197.5	29242	51230	21988
ENST00000434204.5	12649	36879	24230
ENST00000434205.8	1119	9616	8497
ENST00000434208.6	3153	757119	753966
ENST00000434210.5	281	63800	63519
ENST00000434213.1	72545	72659	114
ENST00000434214.1	11103	11315	212
ENST00000434216.2	1098	1396	298
ENST00000434222.5	5546	17458	11912
ENST00000434228.5	16346	17466	1120
ENST00000434229.5	535	9270	8735
ENST00000434230.5	0	1064	1064
ENST00000434231.6	2051	15129	13078
ENST00000434234.5	18805	20098	1293
ENST00000434238.1	6943	7093	150
ENST00000434239.4	2654	54347	51693
ENST00000434241.1	0	2275	2275
ENST00000434242.2	0	9704	9704
ENST00000434243.5	547	14376	13829
ENST00000434248.6	6100	24567	18467
ENST00000434257.1	655811	656499	688
ENST00000434260.1	0	18235	18235
ENST00000434262.1	106	3522	3416
ENST00000434263.6	31	97574	97543
ENST00000434266.1	0	8241	8241
ENST00000434267.5	2377	26070	23693
ENST00000434274.2	1715	4506	2791
ENST00000434275.1	97	15669	15572
ENST00000434277.6	596	10977	10381
ENST00000434278.5	63545	130007	66462
ENST00000434281.5	0	570	570
ENST00000434286.1	7	5952	5945
ENST00000434288.1	0	2139	2139
ENST00000434290.6	23811	30650	6839
ENST00000434291.5	378	15664	15286
ENST00000434299.5	10991	17703	6712
ENST00000434302.5	67307	152374	85067
ENST00000434307.6	167	13089	12922
ENST00000434316.7	4561	60533	55972
ENST00000434318.1	0	1484	1484
ENST00000434319.6	162	11326	11164
ENST00000434323.5	539	11510	10971
ENST00000434325.7	348	11151	10803
ENST00000434326.5	1067	33438	32371
ENST00000434330.1	231	4375	4144
ENST00000434339.5	0	1522	1522
ENST00000434342.5	604	31338	30734
ENST00000434344.2	198	47525	47327
ENST00000434349.1	0	14449	14449
ENST00000434353.6	4644	8869	4225
ENST00000434354.6	691	22480	21789
ENST00000434358.3	0	87957	87957
ENST00000434359.5	400	10687	10287
ENST00000434361.5	0	5549	5549
ENST00000434364.5	8900	9154	254
ENST00000434372.2	212	753	541
ENST00000434373.3	0	261746	261746
ENST00000434376.6	6090	12852	6762
ENST00000434377.6	3861	32688	28827
ENST00000434382.2	3	81570	81567
ENST00000434387.1	391	8528	8137
ENST00000434389.5	1499	13579	12080
ENST00000434391.6	664	10680	10016
ENST00000434392.5	1676	4717	3041
ENST00000434396.2	3075	5353	2278
ENST00000434397.3	174	1720	1546
ENST00000434407.6	0	3696	3696
ENST00000434408.1	0	606	606
ENST00000434410.5	1953	12266	10313
ENST00000434412.3	59	14896	14837
ENST00000434415.6	138	21776	21638
ENST00000434417.1	640	11899	11259
ENST00000434420.1	0	102317	102317
ENST00000434421.5	864	7410	6546
ENST00000434423.5	27	24870	24843
ENST00000434425.5	110	148959	148849
ENST00000434431.2	21	5516	5495
ENST00000434433.1	0	4350	4350
ENST00000434434.5	0	5619	5619
ENST00000434435.1	1940	2492	552
ENST00000434436.8	4747	19902	15155
ENST00000434438.6	4087	207761	203674
ENST00000434439.1	44	83027	82983
ENST00000434444.5	0	4901	4901
ENST00000434445.1	0	999	999
ENST00000434448.5	72859	92615	19756
ENST00000434451.1	0	117813	117813
ENST00000434452.5	4387	55075	50688
ENST00000434453.1	11551	70893	59342
ENST00000434457.7	45482	147319	101837
ENST00000434463.7	510	8018	7508
ENST00000434466.1	0	11219	11219
ENST00000434467.5	33	3905	3872
ENST00000434468.2	0	101332	101332
ENST00000434469.1	0	18195	18195
ENST00000434472.6	11	91314	91303
ENST00000434473.1	0	31212	31212
ENST00000434476.6	103	67677	67574
ENST00000434477.5	0	7566	7566
ENST00000434478.6	12	3139	3127
ENST00000434483.5	3278	13288	10010
ENST00000434484.5	0	47984	47984
ENST00000434486.5	84	19695	19611
ENST00000434491.5	94966	116053	21087
ENST00000434494.5	87	5387	5300
ENST00000434497.1	0	11430	11430
ENST00000434503.5	75606	205123	129517
ENST00000434505.5	1165	7442	6277
ENST00000434507.5	19930	49189	29259
ENST00000434517.1	0	126	126
ENST00000434521.1	0	432	432
ENST00000434524.5	31228	34383	3155
ENST00000434526.8	26	16217	16191
ENST00000434528.5	16881	17929	1048
ENST00000434534.5	12311	18706	6395
ENST00000434538.5	371	10976	10605
ENST00000434544.1	0	2073	2073
ENST00000434550.2	504	14751	14247
ENST00000434551.3	13	2099	2086
ENST00000434554.7	105	5931	5826
ENST00000434555.7	1982	12376	10394
ENST00000434558.5	0	1688	1688
ENST00000434561.1	837	7590	6753
ENST00000434566.5	6973	8479	1506
ENST00000434568.5	4486	11575	7089
ENST00000434570.6	15847	44080	28233
ENST00000434571.7	77	21969	21892
ENST00000434573.1	0	10272	10272
ENST00000434576.2	0	10080	10080
ENST00000434578.6	61320	66025	4705
ENST00000434581.7	1377	25167	23790
ENST00000434582.5	0	63402	63402
ENST00000434583.5	2076	22481	20405
ENST00000434584.2	704	7479	6775
ENST00000434585.6	0	97217	97217
ENST00000434592.5	108068	120070	12002
ENST00000434594.5	57	37959	37902
ENST00000434595.1	0	4718	4718
ENST00000434600.6	660	42566	41906
ENST00000434602.5	0	17669	17669
ENST00000434603.2	2947	66823	63876
ENST00000434604.5	0	172700	172700
ENST00000434605.2	125	22581	22456
ENST00000434608.1	275	6147	5872
ENST00000434609.1	0	7398	7398
ENST00000434615.2	0	631	631
ENST00000434618.7	2069	15683	13614
ENST00000434620.5	0	72493	72493
ENST00000434623.6	102	122774	122672
ENST00000434629.5	208	59098	58890
ENST00000434632.6	216	12795	12579
ENST00000434634.7	4188	16115	11927
ENST00000434640.5	1083	35013	33930
ENST00000434641.5	0	9289	9289
ENST00000434642.5	11673	12603	930
ENST00000434643.6	3	13388	13385
ENST00000434646.6	1204	13689	12485
ENST00000434648.5	184	45806	45622
ENST00000434649.1	71	148923	148852
ENST00000434650.6	1363	7124	5761
ENST00000434651.7	772	7918	7146
ENST00000434652.5	0	1190	1190
ENST00000434655.5	4315	73008	68693
ENST00000434658.6	6125	9775	3650
ENST00000434666.6	6987	42681	35694
ENST00000434667.3	174	63841	63667
ENST00000434671.2	402	41565	41163
ENST00000434675.5	0	52717	52717
ENST00000434676.7	44	39796	39752
ENST00000434679.6	2615	3748	1133
ENST00000434684.1	0	16722	16722
ENST00000434685.6	181	73222	73041
ENST00000434686.6	0	32699	32699
ENST00000434687.6	7665	150502	142837
ENST00000434693.6	700	724170	723470
ENST00000434694.6	0	11890	11890
ENST00000434695.2	258	5272	5014
ENST00000434699.6	25646	37368	11722
ENST00000434700.5	9339	12615	3276
ENST00000434701.5	330	10297	9967
ENST00000434704.2	1515	5851	4336
ENST00000434710.1	0	808	808
ENST00000434713.6	1100	168588	167488
ENST00000434714.6	714	15566	14852
ENST00000434715.7	381	17954	17573
ENST00000434719.1	49992	79369	29377
ENST00000434724.7	4994	49488	44494
ENST00000434726.6	628	10722	10094
ENST00000434727.1	0	15060	15060
ENST00000434728.1	1944	2234	290
ENST00000434732.1	0	1925	1925
ENST00000434735.6	6150	60555	54405
ENST00000434739.4	41	13698	13657
ENST00000434744.5	390	59134	58744
ENST00000434748.2	1020	97342	96322
ENST00000434749.5	0	20095	20095
ENST00000434752.4	1445	7533	6088
ENST00000434755.5	22567	34723	12156
ENST00000434756.5	218	3696	3478
ENST00000434758.7	34	36553	36519
ENST00000434760.5	4178	7096	2918
ENST00000434765.5	0	6713	6713
ENST00000434770.1	0	13264	13264
ENST00000434772.8	3141	16680	13539
ENST00000434784.1	2205	6384	4179
ENST00000434785.5	0	730	730
ENST00000434791.1	0	906	906
ENST00000434794.1	0	1282929	1282929
ENST00000434795.5	0	1812	1812
ENST00000434806.5	0	22684	22684
ENST00000434810.5	157	25005	24848
ENST00000434811.2	0	3271	3271
ENST00000434813.3	113	12595	12482
ENST00000434815.1	387	2731	2344
ENST00000434816.5	13448	17882	4434
ENST00000434817.5	874	6712	5838
ENST00000434819.2	356	27562	27206
ENST00000434821.7	1088	64565	63477
ENST00000434822.1	7182	16521	9339
ENST00000434824.2	168	1996	1828
ENST00000434826.3	572	142515	141943
ENST00000434833.6	68	4106	4038
ENST00000434835.2	523	3539	3016
ENST00000434836.5	79549	79693	144
ENST00000434837.8	6692	68980	62288
ENST00000434838.6	143	5097	4954
ENST00000434846.2	339	29240	28901
ENST00000434848.5	15	22738	22723
ENST00000434854.1	73	48058	47985
ENST00000434858.5	17	39784	39767
ENST00000434860.1	0	322	322
ENST00000434861.5	147	12337	12190
ENST00000434865.5	26494	33362	6868
ENST00000434869.1	0	10409	10409
ENST00000434883.3	1313	3925	2612
ENST00000434885.5	38239	40999	2760
ENST00000434890.5	0	69166	69166
ENST00000434900.6	28660	109691	81031
ENST00000434911.6	56	75147	75091
ENST00000434918.6	45123	81200	36077
ENST00000434923.1	1510	139731	138221
ENST00000434927.5	0	16772	16772
ENST00000434928.5	126	75139	75013
ENST00000434929.1	3288	4115	827
ENST00000434930.1	0	11841	11841
ENST00000434934.1	0	60521	60521
ENST00000434935.7	2219	6837	4618
ENST00000434937.3	2704	4934	2230
ENST00000434939.1	0	2793	2793
ENST00000434945.6	2718	20435	17717
ENST00000434949.5	0	18999	18999
ENST00000434954.1	0	2181	2181
ENST00000434955.5	8312	20464	12152
ENST00000434963.1	0	980	980
ENST00000434967.1	0	110513	110513
ENST00000434970.2	0	16	16
ENST00000434976.5	43730	58011	14281
ENST00000434977.1	0	177562	177562
ENST00000434978.6	17444	192710	175266
ENST00000434981.6	3825	10617	6792
ENST00000434982.2	304	17807	17503
ENST00000434987.5	3509	14927	11418
ENST00000434992.1	3059	3327	268
ENST00000434997.1	27785	29321	1536
ENST00000434998.5	40270	49849	9579
ENST00000435004.6	321	56600	56279
ENST00000435011.6	6919	65687	58768
ENST00000435014.1	0	17912	17912
ENST00000435016.2	8019	49521	41502
ENST00000435022.5	331	2942	2611
ENST00000435026.5	0	94360	94360
ENST00000435029.6	105	7507	7402
ENST00000435030.6	391	139292	138901
ENST00000435031.1	0	8680	8680
ENST00000435034.5	0	43895	43895
ENST00000435036.6	44902	51149	6247
ENST00000435041.3	3057	26890	23833
ENST00000435046.7	1230	25038	23808
ENST00000435047.5	0	40933	40933
ENST00000435050.1	3458	4710	1252
ENST00000435060.5	0	46156	46156
ENST00000435061.1	0	7062	7062
ENST00000435064.6	262	14791	14529
ENST00000435065.7	156	26184	26028
ENST00000435068.5	2260	10649	8389
ENST00000435069.1	0	9592	9592
ENST00000435070.7	78	24631	24553
ENST00000435072.1	16078	21643	5565
ENST00000435079.1	7451	13028	5577
ENST00000435080.5	0	8980	8980
ENST00000435082.1	319	82110	81791
ENST00000435083.5	6596	16823	10227
ENST00000435087.2	56	3872	3816
ENST00000435091.7	93	77322	77229
ENST00000435101.1	1110	1853	743
ENST00000435103.5	61310	81784	20474
ENST00000435117.1	0	9312	9312
ENST00000435118.5	1278	15469	14191
ENST00000435120.5	794	5067	4273
ENST00000435122.3	8	4102	4094
ENST00000435123.1	46	714	668
ENST00000435124.5	7213	15087	7874
ENST00000435126.6	14775	57721	42946
ENST00000435132.5	451	5648	5197
ENST00000435135.5	0	83445	83445
ENST00000435136.8	107	23294	23187
ENST00000435138.5	270	15081	14811
ENST00000435141.1	0	956	956
ENST00000435143.5	0	9550	9550
ENST00000435145.6	1139	8192	7053
ENST00000435149.1	0	5495	5495
ENST00000435153.5	0	6965	6965
ENST00000435154.7	382	4992	4610
ENST00000435155.2	54	6831	6777
ENST00000435159.3	233	442437	442204
ENST00000435161.1	0	802	802
ENST00000435164.6	2705	14244	11539
ENST00000435165.3	784	211324	210540
ENST00000435166.1	157	11829	11672
ENST00000435168.6	17532	69907	52375
ENST00000435171.6	66	12264	12198
ENST00000435172.6	62	5995	5933
ENST00000435176.5	7233	58803	51570
ENST00000435179.5	0	20288	20288
ENST00000435180.6	4267	16112	11845
ENST00000435185.5	50	36435	36385
ENST00000435187.1	341	12834	12493
ENST00000435193.1	35	23308	23273
ENST00000435198.5	0	13179	13179
ENST00000435200.2	2587	21046	18459
ENST00000435201.5	0	24020	24020
ENST00000435202.5	6498	10740	4242
ENST00000435205.6	157084	256684	99600
ENST00000435207.5	68	40246	40178
ENST00000435208.1	0	22740	22740
ENST00000435213.6	330	132533	132203
ENST00000435215.5	60534	83847	23313
ENST00000435217.6	152	41749	41597
ENST00000435218.6	861	16515	15654
ENST00000435221.6	863	6701	5838
ENST00000435224.3	1403	209654	208251
ENST00000435225.5	0	747	747
ENST00000435231.6	6696	24922	18226
ENST00000435233.5	0	25891	25891
ENST00000435234.5	2275	39939	37664
ENST00000435235.6	171	104442	104271
ENST00000435245.2	193	1148	955
ENST00000435251.2	0	10451	10451
ENST00000435252.1	83	2040	1957
ENST00000435259.2	8747	9873	1126
ENST00000435261.5	518	6362	5844
ENST00000435265.5	247	3299	3052
ENST00000435268.1	11	1649	1638
ENST00000435272.5	0	1384	1384
ENST00000435274.6	19	52872	52853
ENST00000435275.5	142	6831	6689
ENST00000435290.1	0	996	996
ENST00000435296.2	1420	1796	376
ENST00000435298.6	4495	8039	3544
ENST00000435302.5	9846	10758	912
ENST00000435303.1	5296	38415	33119
ENST00000435305.1	2327	3231	904
ENST00000435310.5	0	18531	18531
ENST00000435314.5	1382	1884	502
ENST00000435316.6	1295	7405	6110
ENST00000435319.8	170	36916	36746
ENST00000435320.1	398	197571	197173
ENST00000435323.5	417	45417	45000
ENST00000435324.4	3	16005	16002
ENST00000435326.5	114	42028	41914
ENST00000435330.5	0	1203	1203
ENST00000435336.5	0	14276	14276
ENST00000435339.3	7142	9360	2218
ENST00000435340.6	274	86688	86414
ENST00000435345.6	53	36157	36104
ENST00000435349.1	0	9406	9406
ENST00000435358.5	0	2061	2061
ENST00000435359.5	1211	19066	17855
ENST00000435360.8	467	7099	6632
ENST00000435363.7	51	25670	25619
ENST00000435364.8	4455	51586	47131
ENST00000435365.5	812	30948	30136
ENST00000435366.2	1356	1780	424
ENST00000435376.5	10965	25213	14248
ENST00000435380.3	601	3141	2540
ENST00000435381.5	467	2285	1818
ENST00000435383.2	40871	44415	3544
ENST00000435386.1	0	86591	86591
ENST00000435395.5	3561	3617	56
ENST00000435397.6	11694	31814	20120
ENST00000435406.6	17	28428	28411
ENST00000435409.6	544	48272	47728
ENST00000435414.5	0	36535	36535
ENST00000435416.1	1495	20771	19276
ENST00000435417.3	0	3839	3839
ENST00000435420.6	2892	118293	115401
ENST00000435422.7	17743	433501	415758
ENST00000435425.1	480	7065	6585
ENST00000435427.5	80	25161	25081
ENST00000435431.5	18182	27290	9108
ENST00000435432.6	173107	249411	76304
ENST00000435437.2	5	17591	17586
ENST00000435451.1	0	12732	12732
ENST00000435454.5	56210	56993	783
ENST00000435455.6	1024	18146	17122
ENST00000435456.7	1207	50530	49323
ENST00000435464.5	2506	6974	4468
ENST00000435468.1	0	42501	42501
ENST00000435470.2	327	111073	110746
ENST00000435475.5	8267	19999	11732
ENST00000435476.1	223	15341	15118
ENST00000435477.1	0	8350	8350
ENST00000435480.5	0	22834	22834
ENST00000435489.7	108	13894	13786
ENST00000435494.2	27	50874	50847
ENST00000435495.6	47483	103144	55661
ENST00000435504.9	8279	148761	140482
ENST00000435505.6	141181	253551	112370
ENST00000435506.7	469	12027	11558
ENST00000435507.6	31	7536	7505
ENST00000435508.8	40258	65602	25344
ENST00000435510.6	169	21796	21627
ENST00000435520.5	10745	18144	7399
ENST00000435521.5	420	2589	2169
ENST00000435522.5	2190	5992	3802
ENST00000435525.1	22	49743	49721
ENST00000435527.6	0	19627	19627
ENST00000435532.8	2978	169304	166326
ENST00000435544.6	114	24228	24114
ENST00000435549.1	0	214630	214630
ENST00000435550.5	0	2415	2415
ENST00000435555.6	0	20230	20230
ENST00000435556.8	313	20233	19920
ENST00000435564.6	7041	383956	376915
ENST00000435566.5	185	699	514
ENST00000435570.1	2850	3118	268
ENST00000435572.7	266	4254	3988
ENST00000435575.5	1219	16736	15517
ENST00000435584.5	156	36106	35950
ENST00000435602.2	2103	55789	53686
ENST00000435603.5	121770	144477	22707
ENST00000435607.3	2220	39771	37551
ENST00000435611.6	14900	48355	33455
ENST00000435614.5	7939	100062	92123
ENST00000435616.5	76	4640	4564
ENST00000435630.5	241	81706	81465
ENST00000435631.6	4502	14835	10333
ENST00000435633.5	109	419	310
ENST00000435634.3	4307	5937	1630
ENST00000435638.5	0	1188	1188
ENST00000435644.6	1326	67761	66435
ENST00000435650.5	199	132873	132674
ENST00000435660.5	60	56170	56110
ENST00000435662.1	211	9307	9096
ENST00000435675.5	391	39319	38928
ENST00000435676.2	12818	109557	96739
ENST00000435679.1	303	8738	8435
ENST00000435680.6	2532	54880	52348
ENST00000435683.7	0	7431	7431
ENST00000435684.5	14	4346	4332
ENST00000435689.5	238	283853	283615
ENST00000435699.5	15902	27280	11378
ENST00000435706.6	324	71138	70814
ENST00000435707.1	0	6350	6350
ENST00000435708.6	77	1099	1022
ENST00000435711.5	28	7648	7620
ENST00000435716.5	0	21328	21328
ENST00000435717.1	319	1895	1576
ENST00000435719.5	18582	27716	9134
ENST00000435720.5	0	30197	30197
ENST00000435721.5	2898	183997	181099
ENST00000435722.7	75	90488	90413
ENST00000435723.1	470	47795	47325
ENST00000435734.6	3482	7892	4410
ENST00000435737.5	2338	8205	5867
ENST00000435742.2	8794	39110	30316
ENST00000435745.1	0	1222	1222
ENST00000435747.2	0	495	495
ENST00000435750.1	0	31049	31049
ENST00000435753.6	4518	14957	10439
ENST00000435756.2	0	1886	1886
ENST00000435759.6	0	4296	4296
ENST00000435760.6	26299	36824	10525
ENST00000435761.5	1065	10535	9470
ENST00000435765.5	2798	24424	21626
ENST00000435773.2	0	53325	53325
ENST00000435781.5	100	6300	6200
ENST00000435786.6	69	41735	41666
ENST00000435790.6	152	208145	207993
ENST00000435791.1	0	2258	2258
ENST00000435792.5	1895	5831	3936
ENST00000435794.5	0	16443	16443
ENST00000435795.5	1871	2545	674
ENST00000435803.6	26	489163	489137
ENST00000435811.5	1265	41191	39926
ENST00000435817.7	2199	14116	11917
ENST00000435819.5	277166	305973	28807
ENST00000435820.6	181	8260	8079
ENST00000435822.6	2571	15264	12693
ENST00000435823.1	288	6602	6314
ENST00000435827.6	10905	43091	32186
ENST00000435829.6	4036	39331	35295
ENST00000435831.5	0	87796	87796
ENST00000435833.1	0	1887	1887
ENST00000435835.3	64	39261	39197
ENST00000435836.5	0	56604	56604
ENST00000435837.2	75	48280	48205
ENST00000435842.2	1187	2319	1132
ENST00000435844.3	132	2335	2203
ENST00000435846.1	0	374490	374490
ENST00000435847.6	19239	130198	110959
ENST00000435848.1	0	12710	12710
ENST00000435852.6	321	112997	112676
ENST00000435853.5	42	7212	7170
ENST00000435855.5	5292	6835	1543
ENST00000435857.5	0	1755	1755
ENST00000435861.1	2383	2919	536
ENST00000435873.1	0	10767	10767
ENST00000435881.7	25	5224	5199
ENST00000435887.2	19213	25492	6279
ENST00000435888.5	204	56326	56122
ENST00000435891.5	1483	24885	23402
ENST00000435893.6	9564	41601	32037
ENST00000435894.5	3089	3754	665
ENST00000435900.5	638	44280	43642
ENST00000435901.1	0	10758	10758
ENST00000435905.5	593	3104	2511
ENST00000435907.6	2484	40220	37736
ENST00000435909.5	118	15168	15050
ENST00000435910.5	9388	14319	4931
ENST00000435918.6	50	69734	69684
ENST00000435926.5	13793	14499	706
ENST00000435927.5	0	18980	18980
ENST00000435928.1	893	62275	61382
ENST00000435931.1	0	7273	7273
ENST00000435934.1	2166	3287	1121
ENST00000435943.1	0	51570	51570
ENST00000435955.1	3763	11198	7435
ENST00000435956.7	861	32824	31963
ENST00000435960.5	0	198	198
ENST00000435961.5	69	4733	4664
ENST00000435962.7	3357	35482	32125
ENST00000435964.1	2532	2592	60
ENST00000435970.5	967	126450	125483
ENST00000435974.2	18	8990	8972
ENST00000435975.5	29	32041	32012
ENST00000435976.6	1421	163398	161977
ENST00000435982.6	314	6929	6615
ENST00000435983.5	47	4589	4542
ENST00000435987.5	8542	22378	13836
ENST00000435989.7	3444	21983	18539
ENST00000435990.5	18456	41111	22655
ENST00000436005.3	22	75600	75578
ENST00000436006.1	0	1733	1733
ENST00000436008.6	4096	189668	185572
ENST00000436010.6	1670	346061	344391
ENST00000436012.5	1497	13711	12214
ENST00000436015.6	32402	40118	7716
ENST00000436021.6	11148	17399	6251
ENST00000436022.2	0	40002	40002
ENST00000436026.1	0	4132	4132
ENST00000436027.9	72	9401	9329
ENST00000436029.5	1246	4038	2792
ENST00000436034.1	239	6077	5838
ENST00000436038.5	19073	21349	2276
ENST00000436040.7	882	18130	17248
ENST00000436041.6	335	5614	5279
ENST00000436046.1	239	57054	56815
ENST00000436051.1	0	1480	1480
ENST00000436057.5	789	2541	1752
ENST00000436062.5	743	46167	45424
ENST00000436063.7	3570	15125	11555
ENST00000436066.4	8379	10051	1672
ENST00000436068.2	3234	173000	169766
ENST00000436069.5	281	1856	1575
ENST00000436070.6	1645	55395	53750
ENST00000436072.7	1550	11637	10087
ENST00000436073.1	0	230	230
ENST00000436087.7	332	34883	34551
ENST00000436088.6	2205	15461	13256
ENST00000436099.6	0	284	284
ENST00000436106.3	1834	6054	4220
ENST00000436107.1	24	3308	3284
ENST00000436108.6	94	36216	36122
ENST00000436109.6	21479	29963	8484
ENST00000436111.1	0	34066	34066
ENST00000436116.1	0	18363	18363
ENST00000436117.3	26889	93164	66275
ENST00000436118.2	142	1717	1575
ENST00000436120.7	3100	20600	17500
ENST00000436133.6	110	72052	71942
ENST00000436139.6	5566	9242	3676
ENST00000436143.6	32359	34730	2371
ENST00000436146.2	2219	2481	262
ENST00000436147.3	623	9808	9185
ENST00000436153.6	556	15765	15209
ENST00000436154.2	87	56331	56244
ENST00000436170.6	1732	7682	5950
ENST00000436171.2	384	53198	52814
ENST00000436172.1	0	49256	49256
ENST00000436177.5	92	7688	7596
ENST00000436179.1	62782	66985	4203
ENST00000436190.6	274	163059	162785
ENST00000436193.6	33471	45082	11611
ENST00000436198.6	18126	590139	572013
ENST00000436215.5	0	24786	24786
ENST00000436216.2	7853	288563	280710
ENST00000436218.6	27974	57708	29734
ENST00000436220.5	2984	5934	2950
ENST00000436221.2	2968	27493	24525
ENST00000436226.1	299	2580	2281
ENST00000436227.5	0	28676	28676
ENST00000436228.6	0	9112	9112
ENST00000436231.5	6108	23296	17188
ENST00000436233.9	2628	75181	72553
ENST00000436234.1	6877	7111	234
ENST00000436235.6	345	10033	9688
ENST00000436237.5	4381	5424	1043
ENST00000436239.5	172	25545	25373
ENST00000436241.1	0	6834	6834
ENST00000436261.6	215	5595	5380
ENST00000436264.1	0	5018	5018
ENST00000436265.5	47	29327	29280
ENST00000436267.7	291	15766	15475
ENST00000436269.1	555	18045	17490
ENST00000436271.5	0	1813	1813
ENST00000436274.5	11737	21085	9348
ENST00000436277.5	339	98392	98053
ENST00000436279.1	16458	83404	66946
ENST00000436280.5	35	3838	3803
ENST00000436282.1	5885	11117	5232
ENST00000436289.6	0	4831	4831
ENST00000436291.7	673	14368	13695
ENST00000436292.5	19	8502	8483
ENST00000436302.6	1426	151494	150068
ENST00000436309.5	0	5934	5934
ENST00000436313.1	76	4681	4605
ENST00000436317.1	0	14422	14422
ENST00000436318.6	2035	9140	7105
ENST00000436321.5	6474	10662	4188
ENST00000436324.5	4832	6398	1566
ENST00000436325.1	0	6372	6372
ENST00000436333.5	2430	9427	6997
ENST00000436336.6	161	18299	18138
ENST00000436339.6	7604	148327	140723
ENST00000436341.5	0	6066	6066
ENST00000436342.6	4122	70102	65980
ENST00000436344.7	292	9588	9296
ENST00000436346.7	3872	136818	132946
ENST00000436347.5	47	9736	9689
ENST00000436348.6	190	21544	21354
ENST00000436351.2	0	3926	3926
ENST00000436361.6	0	7678	7678
ENST00000436367.6	7220	31641	24421
ENST00000436368.6	252	379155	378903
ENST00000436370.7	323	136010	135687
ENST00000436380.5	0	9547	9547
ENST00000436384.5	21772	32010	10238
ENST00000436386.5	0	6657	6657
ENST00000436390.5	451	5845	5394
ENST00000436393.6	241	375473	375232
ENST00000436397.5	4146	8107	3961
ENST00000436399.6	397	24288	23891
ENST00000436400.6	157	8756	8599
ENST00000436401.1	0	1419	1419
ENST00000436402.5	0	9098	9098
ENST00000436404.6	23788	53086	29298
ENST00000436407.7	547	24549	24002
ENST00000436408.6	124	16144	16020
ENST00000436410.5	14908	16314	1406
ENST00000436411.5	3072	11487	8415
ENST00000436412.1	0	6869	6869
ENST00000436414.5	96	2917	2821
ENST00000436425.5	84	14633	14549
ENST00000436427.1	0	19140	19140
ENST00000436428.3	113	1553	1440
ENST00000436436.5	18494	45586	27092
ENST00000436437.2	202	2972	2770
ENST00000436438.1	0	23334	23334
ENST00000436439.6	579	24283	23704
ENST00000436440.6	0	536	536
ENST00000436441.5	2886	53327	50441
ENST00000436442.2	3	2028	2025
ENST00000436443.5	7897	1166658	1158761
ENST00000436445.5	314	6104	5790
ENST00000436446.1	0	922	922
ENST00000436448.1	0	5920	5920
ENST00000436451.2	67	958	891
ENST00000436452.6	0	2034	2034
ENST00000436453.1	757	1337	580
ENST00000436454.1	0	29624	29624
ENST00000436458.5	355	13114	12759
ENST00000436461.6	122267	215959	93692
ENST00000436464.1	0	8	8
ENST00000436466.2	436	5756	5320
ENST00000436467.4	531	3844	3313
ENST00000436472.1	17319	26073	8754
ENST00000436473.5	153	3040	2887
ENST00000436479.1	2881	3711	830
ENST00000436481.1	27146	27470	324
ENST00000436483.6	9082	24217	15135
ENST00000436487.5	124	16800	16676
ENST00000436490.5	3113	8611	5498
ENST00000436498.6	0	4167	4167
ENST00000436503.6	197	16976	16779
ENST00000436511.2	2	16592	16590
ENST00000436513.5	4597	8348	3751
ENST00000436518.5	16	10990	10974
ENST00000436527.5	510	2638	2128
ENST00000436532.7	0	23584	23584
ENST00000436535.5	1324	38969	37645
ENST00000436544.1	0	47059	47059
ENST00000436545.5	4945	8325	3380
ENST00000436547.7	2203	24113	21910
ENST00000436553.6	311	19960	19649
ENST00000436556.5	11751	12332	581
ENST00000436562.1	134	1562	1428
ENST00000436564.5	0	3533	3533
ENST00000436575.5	240	38355	38115
ENST00000436577.3	16920	409370	392450
ENST00000436581.7	734	137933	137199
ENST00000436583.5	1854	3037	1183
ENST00000436584.6	55	11336	11281
ENST00000436587.7	51776	62266	10490
ENST00000436590.5	0	750	750
ENST00000436599.1	0	9500	9500
ENST00000436603.1	0	1413	1413
ENST00000436604.2	1360	37782	36422
ENST00000436605.4	0	3186	3186
ENST00000436609.5	3376	81177	77801
ENST00000436614.1	0	712	712
ENST00000436622.1	0	56	56
ENST00000436624.7	7602	11419	3817
ENST00000436629.3	1261	4727	3466
ENST00000436630.6	13391	17733	4342
ENST00000436631.5	0	6317	6317
ENST00000436632.5	133	28565	28432
ENST00000436633.5	1192	5955	4763
ENST00000436636.7	5470	405696	400226
ENST00000436637.5	60	3494	3434
ENST00000436638.6	3	42175	42172
ENST00000436639.7	3238	111407	108169
ENST00000436643.5	105	17573	17468
ENST00000436644.6	287	30943	30656
ENST00000436647.1	8611	17286	8675
ENST00000436648.9	2036	45463	43427
ENST00000436652.1	0	4680	4680
ENST00000436654.2	16	120586	120570
ENST00000436657.5	327	69810	69483
ENST00000436661.6	75	29101	29026
ENST00000436663.1	0	45847	45847
ENST00000436668.5	0	6048	6048
ENST00000436673.5	5519	14582	9063
ENST00000436674.5	27550	28863	1313
ENST00000436675.6	112936	221519	108583
ENST00000436682.6	441	254656	254215
ENST00000436683.6	57	14249	14192
ENST00000436685.6	0	1591	1591
ENST00000436697.3	447	769	322
ENST00000436699.2	0	21762	21762
ENST00000436700.5	798	47449	46651
ENST00000436701.5	0	28998	28998
ENST00000436702.5	400	2937	2537
ENST00000436712.2	0	42401	42401
ENST00000436717.6	11476	32923	21447
ENST00000436730.7	21	3408	3387
ENST00000436731.6	0	50988	50988
ENST00000436732.5	867030	1057448	190418
ENST00000436733.5	0	30477	30477
ENST00000436734.1	0	20955	20955
ENST00000436735.1	1238	1622	384
ENST00000436743.7	1247	8725	7478
ENST00000436744.2	659	5582	4923
ENST00000436745.5	290368	541096	250728
ENST00000436747.5	610	10879	10269
ENST00000436748.6	422	16189	15767
ENST00000436750.7	1809	17623	15814
ENST00000436752.3	212	5645	5433
ENST00000436754.5	454	5468	5014
ENST00000436757.6	268	16118	15850
ENST00000436759.6	1027	73906	72879
ENST00000436760.1	316	4810	4494
ENST00000436763.1	0	2474	2474
ENST00000436768.1	0	28603	28603
ENST00000436769.5	12680	14146	1466
ENST00000436774.6	0	7099	7099
ENST00000436775.1	0	12949	12949
ENST00000436778.5	10290	13022	2732
ENST00000436782.5	35	14152	14117
ENST00000436783.6	9724	18669	8945
ENST00000436784.7	2515	6860	4345
ENST00000436787.5	0	42929	42929
ENST00000436789.5	606	9532	8926
ENST00000436792.6	12462	244083	231621
ENST00000436795.5	8328	22020	13692
ENST00000436810.6	112	44819	44707
ENST00000436811.2	0	42703	42703
ENST00000436812.1	0	3510	3510
ENST00000436817.6	18760	133892	115132
ENST00000436821.1	807	9534	8727
ENST00000436828.5	0	70033	70033
ENST00000436829.1	0	41928	41928
ENST00000436834.5	73	19653	19580
ENST00000436835.6	87	192183	192096
ENST00000436839.1	2058	2264	206
ENST00000436842.5	13339	13595	256
ENST00000436844.6	157	8575	8418
ENST00000436854.1	66	7231	7165
ENST00000436856.5	0	3773	3773
ENST00000436858.5	0	20095	20095
ENST00000436862.2	5532	406826	401294
ENST00000436863.7	753	10808	10055
ENST00000436865.5	19849	21131	1282
ENST00000436868.5	19270	40359	21089
ENST00000436869.1	0	106	106
ENST00000436873.7	0	3991	3991
ENST00000436874.6	44	85188	85144
ENST00000436881.3	1937	7791	5854
ENST00000436883.5	2437	3502	1065
ENST00000436884.5	267	32064	31797
ENST00000436890.2	491	2086	1595
ENST00000436891.7	69	41421	41352
ENST00000436894.2	3	10164	10161
ENST00000436897.1	0	962	962
ENST00000436898.6	16697	21766	5069
ENST00000436900.2	5	2298	2293
ENST00000436909.8	42	78495	78453
ENST00000436911.6	447	10554	10107
ENST00000436913.6	3607	20629	17022
ENST00000436916.1	0	414	414
ENST00000436918.6	64	72716	72652
ENST00000436924.5	4616	135900	131284
ENST00000436927.5	0	8882	8882
ENST00000436941.1	0	5492	5492
ENST00000436949.5	73	235581	235508
ENST00000436958.5	2017	15062	13045
ENST00000436959.7	18170	24213	6043
ENST00000436961.7	119	34903	34784
ENST00000436965.5	0	15837	15837
ENST00000436966.1	0	6839	6839
ENST00000436968.6	0	15761	15761
ENST00000436970.5	15245	44795	29550
ENST00000436973.5	0	33556	33556
ENST00000436978.5	40942	227656	186714
ENST00000436984.6	53	8184	8131
ENST00000436985.7	278	100104	99826
ENST00000436986.5	14258	15323	1065
ENST00000436992.5	0	16997	16997
ENST00000437002.5	0	30184	30184
ENST00000437004.6	1526	163486	161960
ENST00000437006.1	1054	1204	150
ENST00000437009.5	751	848779	848028
ENST00000437018.2	0	13486	13486
ENST00000437022.5	99	10770	10671
ENST00000437024.5	49	5050	5001
ENST00000437025.6	2367	50334	47967
ENST00000437029.5	0	38203	38203
ENST00000437030.5	21518	29666	8148
ENST00000437033.7	888	24083	23195
ENST00000437034.6	0	31624	31624
ENST00000437036.6	289	43258	42969
ENST00000437042.7	72949	169352	96403
ENST00000437043.8	3186	43964	40778
ENST00000437044.2	3	5279	5276
ENST00000437048.7	10463	208515	198052
ENST00000437051.5	222	14360	14138
ENST00000437058.6	2671	27435	24764
ENST00000437065.1	0	9338	9338
ENST00000437066.5	8280	21868	13588
ENST00000437070.1	15772	31759	15987
ENST00000437072.5	250	18298	18048
ENST00000437073.5	0	2550	2550
ENST00000437075.6	14510	19530	5020
ENST00000437081.1	134	40035	39901
ENST00000437082.5	0	31301	31301
ENST00000437084.1	7	45155	45148
ENST00000437086.5	22	10608	10586
ENST00000437089.5	1424	16258	14834
ENST00000437090.6	31	2497	2466
ENST00000437094.5	0	1239	1239
ENST00000437098.5	474	47414	46940
ENST00000437099.6	6622	110502	103880
ENST00000437100.5	0	1212	1212
ENST00000437101.5	1117	107639	106522
ENST00000437102.1	326	21297	20971
ENST00000437103.1	0	1400	1400
ENST00000437110.5	1878	3096	1218
ENST00000437114.5	0	67417	67417
ENST00000437119.6	177	61169	60992
ENST00000437120.5	41506	59137	17631
ENST00000437122.1	5555	33243	27688
ENST00000437124.6	5775	8516	2741
ENST00000437125.5	77	30243	30166
ENST00000437126.5	0	10819	10819
ENST00000437129.5	0	19822	19822
ENST00000437131.2	332	129607	129275
ENST00000437134.5	0	30629	30629
ENST00000437136.5	292	4252	3960
ENST00000437139.7	1749	4244	2495
ENST00000437140.5	20	5126	5106
ENST00000437146.1	0	21245	21245
ENST00000437147.8	0	123223	123223
ENST00000437148.2	8	2771	2763
ENST00000437150.7	117	16751	16634
ENST00000437152.7	431	13009	12578
ENST00000437154.6	39	43189	43150
ENST00000437155.6	55	21275	21220
ENST00000437164.1	0	8111	8111
ENST00000437165.1	176	5644	5468
ENST00000437167.2	1651	21040	19389
ENST00000437169.5	44	6622	6578
ENST00000437172.6	33639	45250	11611
ENST00000437176.5	9704	41741	32037
ENST00000437179.5	161	110781	110620
ENST00000437180.5	4337	262530	258193
ENST00000437184.5	57091	64567	7476
ENST00000437187.5	0	5336	5336
ENST00000437192.8	358	2480	2122
ENST00000437196.1	35682	311347	275665
ENST00000437198.7	1019	196317	195298
ENST00000437200.5	81031	153252	72221
ENST00000437202.2	0	4276	4276
ENST00000437205.5	52081	95862	43781
ENST00000437212.8	225	42130	41905
ENST00000437219.6	53	23363	23310
ENST00000437220.1	0	39613	39613
ENST00000437221.5	0	91544	91544
ENST00000437222.1	299	7652	7353
ENST00000437224.5	0	25299	25299
ENST00000437230.5	1001	19380	18379
ENST00000437231.5	2699	28279	25580
ENST00000437245.2	0	49434	49434
ENST00000437255.1	1504	44936	43432
ENST00000437259.5	1824	13035	11211
ENST00000437266.5	28193	108739	80546
ENST00000437268.6	115	85784	85669
ENST00000437269.1	598	6060	5462
ENST00000437275.5	226	5482	5256
ENST00000437276.1	1254	2192	938
ENST00000437277.1	513	2393	1880
ENST00000437278.5	35	5988	5953
ENST00000437282.5	0	2361	2361
ENST00000437283.5	114	8563	8449
ENST00000437288.5	162	2395	2233
ENST00000437291.6	63	625	562
ENST00000437293.5	0	550	550
ENST00000437296.1	0	16960	16960
ENST00000437298.1	10	23537	23527
ENST00000437300.2	2416	6764	4348
ENST00000437302.6	1240	37604	36364
ENST00000437304.6	325	92636	92311
ENST00000437307.6	28	16014	15986
ENST00000437310.1	60	1918	1858
ENST00000437313.1	153	7779	7626
ENST00000437314.3	64	19980	19916
ENST00000437316.7	358	8158	7800
ENST00000437320.1	0	36	36
ENST00000437324.6	642	2320	1678
ENST00000437327.5	0	1869	1869
ENST00000437329.5	0	13087	13087
ENST00000437338.5	417	45417	45000
ENST00000437340.5	0	8256	8256
ENST00000437341.5	0	26258	26258
ENST00000437342.1	1235	1509	274
ENST00000437353.5	20	47485	47465
ENST00000437355.6	714	10831	10117
ENST00000437356.7	14045	19509	5464
ENST00000437357.1	0	352	352
ENST00000437362.6	158	16513	16355
ENST00000437363.5	171	39223	39052
ENST00000437365.2	628	8937	8309
ENST00000437366.2	30	7466	7436
ENST00000437369.5	0	2486	2486
ENST00000437370.2	0	5588	5588
ENST00000437375.1	0	794	794
ENST00000437378.5	0	15748	15748
ENST00000437379.2	82	24382	24300
ENST00000437387.5	479	4862	4383
ENST00000437390.6	4753	20469	15716
ENST00000437395.5	109	12034	11925
ENST00000437396.1	120	14137	14017
ENST00000437397.5	1705	7740	6035
ENST00000437398.5	31415	147139	115724
ENST00000437402.5	14738	15100	362
ENST00000437404.2	0	30251	30251
ENST00000437406.1	0	3124	3124
ENST00000437409.2	52	3748	3696
ENST00000437411.6	978	30629	29651
ENST00000437412.5	1125	3589	2464
ENST00000437418.1	0	1297	1297
ENST00000437419.5	0	30153	30153
ENST00000437420.5	3	2131	2128
ENST00000437422.6	124	7470	7346
ENST00000437425.7	265	72039	71774
ENST00000437427.5	0	2453	2453
ENST00000437429.6	923	27559	26636
ENST00000437437.6	14	9299	9285
ENST00000437439.2	0	3166	3166
ENST00000437441.2	6601	8183	1582
ENST00000437453.5	415	11106	10691
ENST00000437454.5	28660	28960	300
ENST00000437457.6	2273	150253	147980
ENST00000437458.4	1557	11924	10367
ENST00000437464.1	0	23631	23631
ENST00000437468.2	1445	30425	28980
ENST00000437473.6	2270	104860	102590
ENST00000437477.6	142	72442	72300
ENST00000437480.1	32	51048	51016
ENST00000437486.5	0	22039	22039
ENST00000437495.1	0	22220	22220
ENST00000437497.5	1476	10133	8657
ENST00000437498.2	53	24402	24349
ENST00000437500.5	554	4282	3728
ENST00000437502.1	4	18416	18412
ENST00000437505.5	104	1342	1238
ENST00000437508.7	117268	184066	66798
ENST00000437509.3	443	59002	58559
ENST00000437510.5	534478	555839	21361
ENST00000437511.5	281	6491	6210
ENST00000437518.1	0	10806	10806
ENST00000437519.5	33	11256	11223
ENST00000437521.5	3759	5578	1819
ENST00000437522.5	0	16730	16730
ENST00000437525.3	51	7246	7195
ENST00000437527.1	0	38	38
ENST00000437534.3	192	4253	4061
ENST00000437535.5	12644	14925	2281
ENST00000437545.5	1343	109425	108082
ENST00000437548.5	17903	19293	1390
ENST00000437550.2	56	1891	1835
ENST00000437564.5	703	25280	24577
ENST00000437570.6	347	51607	51260
ENST00000437573.5	8996	19564	10568
ENST00000437575.5	0	3328	3328
ENST00000437579.1	148	17185	17037
ENST00000437581.1	0	6257	6257
ENST00000437587.5	17295	30214	12919
ENST00000437588.2	0	190	190
ENST00000437590.4	38703	45426	6723
ENST00000437599.5	32133	326853	294720
ENST00000437600.9	127	469188	469061
ENST00000437604.6	77	29452	29375
ENST00000437605.4	3066	13697	10631
ENST00000437606.6	137	57069	56932
ENST00000437607.1	0	34990	34990
ENST00000437613.1	0	9284	9284
ENST00000437623.1	0	9751	9751
ENST00000437626.5	97057	149807	52750
ENST00000437627.5	12768	69537	56769
ENST00000437628.5	131	13789	13658
ENST00000437629.6	57194	57752	558
ENST00000437630.1	10226	61768	51542
ENST00000437633.6	2167	485874	483707
ENST00000437635.3	1598	16874	15276
ENST00000437637.6	2897	8561	5664
ENST00000437642.6	319	25699	25380
ENST00000437644.2	342	7375	7033
ENST00000437645.5	8389	39665	31276
ENST00000437652.6	4174	52606	48432
ENST00000437654.6	0	3771	3771
ENST00000437657.5	0	5382	5382
ENST00000437658.2	17227	18407	1180
ENST00000437659.1	5121	12523	7402
ENST00000437669.5	17813	34183	16370
ENST00000437679.3	301	7808	7507
ENST00000437680.2	14620	47838	33218
ENST00000437682.6	104	179267	179163
ENST00000437684.7	204	152176	151972
ENST00000437685.6	143	40854	40711
ENST00000437687.2	3	34451	34448
ENST00000437694.6	1597	7346	5749
ENST00000437707.2	5441	6903	1462
ENST00000437711.1	0	10201	10201
ENST00000437715.1	23999	61473	37474
ENST00000437722.1	0	37174	37174
ENST00000437723.1	69	89646	89577
ENST00000437725.5	0	7204	7204
ENST00000437733.5	0	2848	2848
ENST00000437736.5	3117	7150	4033
ENST00000437738.5	0	14807	14807
ENST00000437743.1	20505	38630	18125
ENST00000437745.5	19284	44192	24908
ENST00000437746.2	0	46457	46457
ENST00000437750.2	31	122087	122056
ENST00000437755.1	26765	27809	1044
ENST00000437756.5	0	16610	16610
ENST00000437761.6	200	12897	12697
ENST00000437765.1	0	20189	20189
ENST00000437766.5	36	13458	13422
ENST00000437771.5	0	11757	11757
ENST00000437775.7	468	3567	3099
ENST00000437780.5	2902	7367	4465
ENST00000437787.6	2698	132808	130110
ENST00000437793.1	0	886	886
ENST00000437799.1	0	4228	4228
ENST00000437801.6	309	370674	370365
ENST00000437805.5	187	9689	9502
ENST00000437806.1	619	3158	2539
ENST00000437807.6	1363	7165	5802
ENST00000437808.5	29663	43863	14200
ENST00000437809.5	870	110752	109882
ENST00000437810.7	2593	4374	1781
ENST00000437811.1	993	1968	975
ENST00000437813.8	3100	13671	10571
ENST00000437814.1	3020	12148	9128
ENST00000437818.1	3	7593	7590
ENST00000437821.2	28	43348	43320
ENST00000437822.6	81	14705	14624
ENST00000437823.5	29	10127	10098
ENST00000437827.1	45612	63641	18029
ENST00000437828.5	0	4168	4168
ENST00000437836.2	0	3649	3649
ENST00000437839.5	0	30828	30828
ENST00000437841.6	73	15878	15805
ENST00000437844.6	19	54059	54040
ENST00000437845.6	113	23980	23867
ENST00000437849.1	2502	8154	5652
ENST00000437854.1	0	120	120
ENST00000437863.2	5997	14786	8789
ENST00000437868.5	10265	15303	5038
ENST00000437869.1	0	23901	23901
ENST00000437871.2	1345	10967	9622
ENST00000437872.7	4823	34998	30175
ENST00000437875.1	0	38663	38663
ENST00000437877.1	0	39025	39025
ENST00000437879.6	2469	26849	24380
ENST00000437891.5	740	2263	1523
ENST00000437893.5	0	34724	34724
ENST00000437901.6	301	32044	31743
ENST00000437904.1	2063	4419	2356
ENST00000437912.6	37733	51931	14198
ENST00000437924.5	1156	2733	1577
ENST00000437928.5	1191	50276	49085
ENST00000437929.5	0	4176	4176
ENST00000437932.5	166202	213014	46812
ENST00000437936.2	33	1411	1378
ENST00000437939.5	0	620	620
ENST00000437941.6	3729	28819	25090
ENST00000437944.5	2554	8730	6176
ENST00000437945.6	201	13903	13702
ENST00000437950.5	30	173353	173323
ENST00000437951.6	3935	78155	74220
ENST00000437952.1	0	9624	9624
ENST00000437955.1	0	55408	55408
ENST00000437957.2	598	6745	6147
ENST00000437963.5	792	10966	10174
ENST00000437966.3	39	127419	127380
ENST00000437968.1	18729	99542	80813
ENST00000437972.1	0	5442	5442
ENST00000437974.5	20	261335	261315
ENST00000437977.5	1417	128672	127255
ENST00000437980.3	935	37510	36575
ENST00000437989.6	17	229438	229421
ENST00000437994.6	431	132096	131665
ENST00000437996.5	9500	12543	3043
ENST00000437997.1	65	1073	1008
ENST00000437998.1	0	105346	105346
ENST00000437999.5	23775	28142	4367
ENST00000438008.5	6	8534	8528
ENST00000438011.5	35	11161	11126
ENST00000438012.5	62	18103	18041
ENST00000438013.3	2520	4372	1852
ENST00000438014.5	71057	73451	2394
ENST00000438015.7	1606	31570	29964
ENST00000438018.5	0	28948	28948
ENST00000438020.5	22658	37553	14895
ENST00000438021.5	638	9522	8884
ENST00000438022.5	3536	43739	40203
ENST00000438023.5	35348	225314	189966
ENST00000438025.5	207	16530	16323
ENST00000438028.5	5957	6800	843
ENST00000438029.1	16	2540	2524
ENST00000438031.2	104	6408	6304
ENST00000438032.6	4534	41821	37287
ENST00000438033.5	10341	93193	82852
ENST00000438034.6	830	14172	13342
ENST00000438035.5	0	12255	12255
ENST00000438041.5	3514	6560	3046
ENST00000438045.5	440	44277	43837
ENST00000438053.5	65340	85029	19689
ENST00000438054.2	2832	23864	21032
ENST00000438055.5	13991	95964	81973
ENST00000438058.5	0	7607	7607
ENST00000438059.5	0	5149	5149
ENST00000438060.5	0	6953	6953
ENST00000438062.5	0	424	424
ENST00000438063.6	11692	31806	20114
ENST00000438066.2	217	25689	25472
ENST00000438067.5	848	3673	2825
ENST00000438071.1	255	2792	2537
ENST00000438075.7	1023	2683	1660
ENST00000438077.1	0	2223	2223
ENST00000438083.1	0	22278	22278
ENST00000438091.6	218	18480	18262
ENST00000438092.6	1618	75457	73839
ENST00000438097.6	5412	74280	68868
ENST00000438100.6	412	184330	183918
ENST00000438103.6	586	28458	27872
ENST00000438104.6	51053	158414	107361
ENST00000438105.2	185	87437	87252
ENST00000438120.5	14186	96773	82587
ENST00000438121.1	7476	7792	316
ENST00000438123.5	559	2111	1552
ENST00000438133.5	4	14293	14289
ENST00000438141.5	359	15575	15216
ENST00000438142.3	0	791	791
ENST00000438144.6	10303	18145	7842
ENST00000438146.7	5472	291028	285556
ENST00000438149.5	0	2946	2946
ENST00000438150.2	2282	6270	3988
ENST00000438162.5	0	11871	11871
ENST00000438164.2	1914	48681	46767
ENST00000438166.7	39727	148701	108974
ENST00000438167.8	62	22172	22110
ENST00000438169.6	3	12751	12748
ENST00000438180.1	0	10291	10291
ENST00000438182.5	121	4157	4036
ENST00000438184.2	8779	21307	12528
ENST00000438189.6	3722	6746	3024
ENST00000438191.1	12	7221	7209
ENST00000438193.1	0	9572	9572
ENST00000438203.1	0	742	742
ENST00000438204.6	13332	17621	4289
ENST00000438213.6	123	11820	11697
ENST00000438215.1	0	55693	55693
ENST00000438220.5	19585	25564	5979
ENST00000438221.6	588	4334	3746
ENST00000438223.5	774	6772	5998
ENST00000438224.5	0	59522	59522
ENST00000438226.5	6315	65058	58743
ENST00000438227.1	13603	45299	31696
ENST00000438229.6	96	21457	21361
ENST00000438231.2	923	1971	1048
ENST00000438232.5	9945	14544	4599
ENST00000438237.6	403	321596	321193
ENST00000438240.5	3212	6840	3628
ENST00000438241.2	855	3375	2520
ENST00000438242.1	1	21712	21711
ENST00000438243.2	0	1682	1682
ENST00000438251.3	1101	17865	16764
ENST00000438253.1	0	9419	9419
ENST00000438257.9	5166	14763	9597
ENST00000438259.6	23356	34399	11043
ENST00000438261.5	132	8052	7920
ENST00000438262.6	2574	13860	11286
ENST00000438264.5	42	8996	8954
ENST00000438265.5	13336	15613	2277
ENST00000438268.2	3117	11826	8709
ENST00000438270.2	0	9666	9666
ENST00000438272.2	3	5187	5184
ENST00000438274.7	597	14398	13801
ENST00000438277.5	150	18585	18435
ENST00000438278.5	0	39780	39780
ENST00000438284.2	121945	124865	2920
ENST00000438295.2	342	7882	7540
ENST00000438296.1	890	2326	1436
ENST00000438299.5	5038	178361	173323
ENST00000438306.5	1492	21505	20013
ENST00000438307.6	345	18784	18439
ENST00000438313.6	15215	120453	105238
ENST00000438314.1	0	16256	16256
ENST00000438317.5	19	1947	1928
ENST00000438320.7	1311	26006	24695
ENST00000438321.5	145	16685	16540
ENST00000438323.2	208	8413	8205
ENST00000438329.5	70	5643	5573
ENST00000438331.5	4967	23473	18506
ENST00000438339.5	4762	16130	11368
ENST00000438346.1	0	4435	4435
ENST00000438351.1	131	15246	15115
ENST00000438354.6	5681	10380	4699
ENST00000438356.1	20054	20220	166
ENST00000438357.2	0	30927	30927
ENST00000438358.1	0	6245	6245
ENST00000438362.7	1256	25350	24094
ENST00000438365.5	0	4236	4236
ENST00000438366.1	474	5208	4734
ENST00000438369.5	1480	4323	2843
ENST00000438370.1	0	372	372
ENST00000438373.5	3323	25485	22162
ENST00000438374.5	0	27517	27517
ENST00000438375.2	95885	424672	328787
ENST00000438376.6	130	53123	52993
ENST00000438383.5	158	5878	5720
ENST00000438387.6	109	2004	1895
ENST00000438389.6	326	3902	3576
ENST00000438391.6	4526	17031	12505
ENST00000438392.3	3	30248	30245
ENST00000438393.5	3876	51448	47572
ENST00000438394.1	0	3640	3640
ENST00000438395.5	102	13852	13750
ENST00000438398.1	0	1450	1450
ENST00000438404.5	0	566	566
ENST00000438413.5	190	7575	7385
ENST00000438419.6	27	40815	40788
ENST00000438420.6	826	34842	34016
ENST00000438423.6	1291	366060	364769
ENST00000438429.5	141770	291086	149316
ENST00000438444.5	8433	17895	9462
ENST00000438445.1	0	670	670
ENST00000438446.1	183	15358	15175
ENST00000438447.2	160118	477494	317376
ENST00000438448.6	1512	5140	3628
ENST00000438450.6	1443	33208	31765
ENST00000438462.1	49	76728	76679
ENST00000438466.5	15	32775	32760
ENST00000438470.5	791	2540	1749
ENST00000438473.6	0	127118	127118
ENST00000438474.1	0	1918	1918
ENST00000438475.2	660	12673	12013
ENST00000438480.7	64	7634	7570
ENST00000438486.1	736	10176	9440
ENST00000438489.6	3	7285	7282
ENST00000438490.2	0	81426	81426
ENST00000438495.6	133	10195	10062
ENST00000438497.5	0	25391	25391
ENST00000438510.5	345	3125	2780
ENST00000438511.5	470	31500	31030
ENST00000438518.6	1297	4709	3412
ENST00000438520.1	69	5420	5351
ENST00000438525.3	21	856	835
ENST00000438526.2	2216	2790	574
ENST00000438528.7	5318	11768	6450
ENST00000438530.5	28351	109229	80878
ENST00000438533.5	0	105940	105940
ENST00000438535.1	329	14302	13973
ENST00000438543.5	4490	68099	63609
ENST00000438544.5	0	11307	11307
ENST00000438545.6	3542	32022	28480
ENST00000438547.6	1472	30793	29321
ENST00000438549.5	0	13259	13259
ENST00000438552.6	125	9769	9644
ENST00000438560.5	543	36383	35840
ENST00000438563.5	236	56322	56086
ENST00000438565.1	2771	18367	15596
ENST00000438567.7	21	26853	26832
ENST00000438570.1	3	44560	44557
ENST00000438571.5	62	684	622
ENST00000438576.3	652	3098	2446
ENST00000438577.5	39415	45702	6287
ENST00000438581.6	21800	33008	11208
ENST00000438585.5	103	1569	1466
ENST00000438587.6	59	1271	1212
ENST00000438588.6	9418	17931	8513
ENST00000438590.5	67747	68329	582
ENST00000438596.5	941	8387	7446
ENST00000438603.6	0	93482	93482
ENST00000438607.2	40	3810	3770
ENST00000438609.6	254	16055	15801
ENST00000438610.5	20	45820	45800
ENST00000438611.4	2804	6926	4122
ENST00000438616.3	175	1664	1489
ENST00000438628.6	4074	11629	7555
ENST00000438630.5	119	4626	4507
ENST00000438634.5	10364	23341	12977
ENST00000438643.6	7869	8089	220
ENST00000438647.3	0	101602	101602
ENST00000438650.5	18796	22644	3848
ENST00000438652.5	30613	95723	65110
ENST00000438654.1	0	26246	26246
ENST00000438657.5	26967	28437	1470
ENST00000438658.6	146	8988	8842
ENST00000438660.5	39	5668	5629
ENST00000438661.3	1186	24529	23343
ENST00000438662.6	126	27278	27152
ENST00000438666.7	2730	36182	33452
ENST00000438671.4	14104	55869	41765
ENST00000438672.5	0	5289	5289
ENST00000438680.1	11045	11487	442
ENST00000438681.6	0	16587	16587
ENST00000438682.6	73939	75908	1969
ENST00000438691.1	0	5136	5136
ENST00000438695.5	9010	32505	23495
ENST00000438696.5	280	1273	993
ENST00000438703.1	0	7360	7360
ENST00000438704.6	382	2571	2189
ENST00000438707.5	0	57871	57871
ENST00000438709.7	2854	6947	4093
ENST00000438710.5	6501	7313	812
ENST00000438715.1	0	46636	46636
ENST00000438716.3	279	214789	214510
ENST00000438717.6	198	291146	290948
ENST00000438720.7	0	17136	17136
ENST00000438723.1	0	8473	8473
ENST00000438724.5	1756	89834	88078
ENST00000438731.7	58	53011	52953
ENST00000438732.2	0	2283	2283
ENST00000438734.1	0	8468	8468
ENST00000438735.1	5549	7599	2050
ENST00000438737.3	1756	89905	88149
ENST00000438742.6	143	15013	14870
ENST00000438747.7	902	7662	6760
ENST00000438748.5	476	5825	5349
ENST00000438749.7	223	17521	17298
ENST00000438754.6	280	4878	4598
ENST00000438756.5	2615	6187	3572
ENST00000438759.1	0	5027	5027
ENST00000438761.5	173	75008	74835
ENST00000438763.7	456	5001	4545
ENST00000438764.1	651	316724	316073
ENST00000438771.5	3	22532	22529
ENST00000438773.4	3339	727070	723731
ENST00000438774.2	0	36952	36952
ENST00000438782.5	12894	60167	47273
ENST00000438786.1	0	3192	3192
ENST00000438788.1	0	116	116
ENST00000438792.6	31734	107644	75910
ENST00000438793.8	110891	276651	165760
ENST00000438794.6	1370	163184	161814
ENST00000438796.6	44	91865	91821
ENST00000438798.1	213	6419	6206
ENST00000438799.5	129	21118	20989
ENST00000438804.5	7632	51245	43613
ENST00000438806.5	579	17100	16521
ENST00000438807.7	969	9051	8082
ENST00000438813.1	108	4735	4627
ENST00000438814.5	1740	38790	37050
ENST00000438817.6	99	65866	65767
ENST00000438819.1	1529	5223	3694
ENST00000438823.1	0	1091	1091
ENST00000438825.5	113	19382	19269
ENST00000438826.7	1149	27075	25926
ENST00000438828.4	29628	73507	43879
ENST00000438830.5	972	8125	7153
ENST00000438834.5	4172	29229	25057
ENST00000438838.5	6501	6833	332
ENST00000438843.6	2637	10201	7564
ENST00000438844.1	1239	7112	5873
ENST00000438846.5	36	23062	23026
ENST00000438847.7	67291	152358	85067
ENST00000438848.5	0	26606	26606
ENST00000438862.6	617	20665	20048
ENST00000438863.5	194	166372	166178
ENST00000438865.1	522	5161	4639
ENST00000438866.1	307	11280	10973
ENST00000438871.2	0	276	276
ENST00000438879.5	2684	38878	36194
ENST00000438880.5	59	24321	24262
ENST00000438882.6	15606	41939	26333
ENST00000438886.1	0	1663	1663
ENST00000438888.5	0	6306	6306
ENST00000438891.5	4955	12052	7097
ENST00000438896.3	1161	5236	4075
ENST00000438901.6	0	19662	19662
ENST00000438902.6	8998	16347	7349
ENST00000438906.5	79	24742	24663
ENST00000438909.6	30228	59341	29113
ENST00000438911.6	800	16400	15600
ENST00000438912.1	1286	5719	4433
ENST00000438924.5	0	15308	15308
ENST00000438925.7	371	43119	42748
ENST00000438926.6	29	51259	51230
ENST00000438929.5	2931	20376	17445
ENST00000438930.5	18790	19326	536
ENST00000438932.2	2051	5676	3625
ENST00000438937.1	7213	8588	1375
ENST00000438939.6	0	1387	1387
ENST00000438943.5	15078	20045	4967
ENST00000438949.1	0	37750	37750
ENST00000438952.5	6104	17499	11395
ENST00000438956.6	1681	93236	91555
ENST00000438958.2	2353	9862	7509
ENST00000438962.1	216	29480	29264
ENST00000438964.6	176	107010	106834
ENST00000438970.6	103	4563	4460
ENST00000438975.5	0	53382	53382
ENST00000438976.8	0	5325	5325
ENST00000438977.1	0	2511	2511
ENST00000438979.6	22177	26778	4601
ENST00000438980.7	677	4526	3849
ENST00000438981.1	0	4499	4499
ENST00000438984.5	85	1334	1249
ENST00000438985.5	0	130333	130333
ENST00000438992.5	3	648	645
ENST00000438997.1	95	5211	5116
ENST00000438998.7	76	9128	9052
ENST00000439000.5	5647	7201	1554
ENST00000439011.5	0	21802	21802
ENST00000439013.6	53	8619	8566
ENST00000439016.2	3	99572	99569
ENST00000439021.5	15321	24241	8920
ENST00000439023.3	0	19891	19891
ENST00000439025.1	585	2722	2137
ENST00000439026.1	317	3852	3535
ENST00000439028.3	871	3257	2386
ENST00000439029.5	10188	19396	9208
ENST00000439032.6	3485	4527	1042
ENST00000439036.5	0	68004	68004
ENST00000439040.6	3	59918	59915
ENST00000439043.1	0	1865	1865
ENST00000439044.7	0	18	18
ENST00000439048.1	165	22167	22002
ENST00000439049.5	0	33392	33392
ENST00000439052.6	1216	20569	19353
ENST00000439055.6	35817	386963	351146
ENST00000439061.6	30692	48763	18071
ENST00000439062.6	50231	136343	86112
ENST00000439064.1	496	7933	7437
ENST00000439068.6	3964	9483	5519
ENST00000439069.5	0	4636	4636
ENST00000439080.6	1075	6343	5268
ENST00000439082.7	0	59648	59648
ENST00000439083.5	0	3106	3106
ENST00000439084.5	83364	113730	30366
ENST00000439086.2	645	17412	16767
ENST00000439087.5	0	2620	2620
ENST00000439090.7	208	72508	72300
ENST00000439092.6	0	7412	7412
ENST00000439096.3	981	8183	7202
ENST00000439101.5	0	571	571
ENST00000439102.6	0	6730	6730
ENST00000439106.5	0	7360	7360
ENST00000439107.1	0	69737	69737
ENST00000439109.6	197	16259	16062
ENST00000439117.6	583	8980	8397
ENST00000439118.3	523	4642	4119
ENST00000439122.7	1283	100105	98822
ENST00000439128.6	1238	213096	211858
ENST00000439138.5	3319	13428	10109
ENST00000439140.6	194	137153	136959
ENST00000439141.5	0	7649	7649
ENST00000439144.5	0	6692	6692
ENST00000439148.1	0	4303	4303
ENST00000439151.7	1331	169749	168418
ENST00000439154.6	11202	27441	16239
ENST00000439158.5	1432	6161	4729
ENST00000439160.6	33	45659	45626
ENST00000439161.5	9528	11574	2046
ENST00000439162.5	139	23768	23629
ENST00000439167.6	509	100144	99635
ENST00000439169.2	228	6485	6257
ENST00000439170.2	0	61609	61609
ENST00000439171.5	0	1141	1141
ENST00000439174.7	4971	48431	43460
ENST00000439176.6	758	72059	71301
ENST00000439181.5	0	258	258
ENST00000439188.1	46944	48863	1919
ENST00000439193.5	0	4969	4969
ENST00000439195.5	0	13251	13251
ENST00000439200.5	0	23691	23691
ENST00000439203.5	0	48105	48105
ENST00000439209.5	8225	28240	20015
ENST00000439210.6	19	28364	28345
ENST00000439211.7	2864	28818	25954
ENST00000439213.5	117	8304	8187
ENST00000439214.1	10896	28813	17917
ENST00000439216.5	0	1546	1546
ENST00000439218.5	357	15164	14807
ENST00000439220.6	16209	21759	5550
ENST00000439222.5	2790	55113	52323
ENST00000439227.6	613	16301	15688
ENST00000439230.6	2049	21939	19890
ENST00000439235.5	0	5146	5146
ENST00000439238.3	111	1372	1261
ENST00000439248.5	30535	36117	5582
ENST00000439251.3	1430	4116	2686
ENST00000439254.1	0	2423	2423
ENST00000439255.1	14	2708	2694
ENST00000439256.2	0	1959	1959
ENST00000439260.5	75218	84689	9471
ENST00000439262.7	1457	10916	9459
ENST00000439267.2	1489	58452	56963
ENST00000439268.6	1474	63612	62138
ENST00000439269.1	368	5812	5444
ENST00000439271.1	0	29442	29442
ENST00000439272.7	2024	41116	39092
ENST00000439274.6	341	291413	291072
ENST00000439275.1	0	12887	12887
ENST00000439278.5	185	10052	9867
ENST00000439280.6	11930	28415	16485
ENST00000439286.5	18842	109614	90772
ENST00000439288.5	0	5603	5603
ENST00000439290.5	3951	24921	20970
ENST00000439297.1	406	11852	11446
ENST00000439304.5	3	26935	26932
ENST00000439305.5	43	8979	8936
ENST00000439306.5	1677	5194	3517
ENST00000439307.5	630	17656	17026
ENST00000439308.6	1663	31230	29567
ENST00000439313.5	0	109814	109814
ENST00000439316.6	606	13555	12949
ENST00000439320.1	0	6387	6387
ENST00000439326.8	143	14381	14238
ENST00000439329.5	400	52940	52540
ENST00000439338.5	6068	23610	17542
ENST00000439339.1	0	1907	1907
ENST00000439340.1	0	101071	101071
ENST00000439343.2	23166	183245	160079
ENST00000439346.6	12237	35562	23325
ENST00000439351.5	3495	19066	15571
ENST00000439355.5	0	13222	13222
ENST00000439356.2	2375	26068	23693
ENST00000439363.5	227	76537	76310
ENST00000439365.6	641	8236	7595
ENST00000439369.6	134	209274	209140
ENST00000439370.5	26000	26849	849
ENST00000439372.6	24	1019	995
ENST00000439373.3	149	22640	22491
ENST00000439374.6	3279	4993	1714
ENST00000439375.6	0	460025	460025
ENST00000439380.1	0	14619	14619
ENST00000439383.5	989	10622	9633
ENST00000439385.5	0	4208	4208
ENST00000439388.6	332	73347	73015
ENST00000439395.5	82969	113463	30494
ENST00000439399.6	3271	157735	154464
ENST00000439402.1	18752	23542	4790
ENST00000439416.5	124	4735	4611
ENST00000439422.1	0	11798	11798
ENST00000439424.6	76	2990	2914
ENST00000439427.2	101	1711	1610
ENST00000439428.5	2279	23855	21576
ENST00000439430.5	60959	134304	73345
ENST00000439431.3	1677	3633	1956
ENST00000439432.1	0	64845	64845
ENST00000439435.3	286	9748	9462
ENST00000439442.1	0	4920	4920
ENST00000439445.5	80	3952	3872
ENST00000439453.5	18753	30261	11508
ENST00000439456.5	45548	103603	58055
ENST00000439458.5	80	233309	233229
ENST00000439461.6	27	23008	22981
ENST00000439466.3	1313	3925	2612
ENST00000439467.6	419	134253	133834
ENST00000439468.1	27	4601	4574
ENST00000439475.1	0	7255	7255
ENST00000439476.6	2931	4411	1480
ENST00000439478.5	0	16687	16687
ENST00000439482.6	813	44948	44135
ENST00000439485.6	14357	25805	11448
ENST00000439489.6	1394	10350	8956
ENST00000439493.5	141	7440	7299
ENST00000439495.6	16042	39800	23758
ENST00000439496.5	0	5155	5155
ENST00000439500.5	27716	35635	7919
ENST00000439502.7	1124	44936	43812
ENST00000439506.1	0	14659	14659
ENST00000439509.5	55	22381	22326
ENST00000439510.2	1808	3731	1923
ENST00000439512.5	55	23402	23347
ENST00000439515.2	0	12189	12189
ENST00000439518.5	0	5795	5795
ENST00000439519.1	2175	8967	6792
ENST00000439526.6	128	38549	38421
ENST00000439527.6	3051	41959	38908
ENST00000439528.5	6982	48065	41083
ENST00000439533.5	813	14137	13324
ENST00000439534.5	851	3784	2933
ENST00000439537.5	50	8680	8630
ENST00000439541.6	1133	17594	16461
ENST00000439542.1	0	2516	2516
ENST00000439546.6	25677	37417	11740
ENST00000439554.1	0	81984	81984
ENST00000439555.2	401	2965	2564
ENST00000439556.3	410	12780	12370
ENST00000439557.6	294	8423	8129
ENST00000439561.7	315	44254	43939
ENST00000439563.2	254	4915	4661
ENST00000439567.5	0	30563	30563
ENST00000439568.2	356	3548	3192
ENST00000439569.2	512	6280	5768
ENST00000439574.1	4107	4775	668
ENST00000439576.7	32767	78611	45844
ENST00000439578.5	151	17805	17654
ENST00000439583.2	933	8715	7782
ENST00000439587.6	13211	18971	5760
ENST00000439590.6	374	6450	6076
ENST00000439591.1	565	1023	458
ENST00000439593.1	18768	18874	106
ENST00000439597.5	131	8008	7877
ENST00000439602.7	45	4838	4793
ENST00000439603.5	0	43888	43888
ENST00000439605.2	463	13970	13507
ENST00000439609.5	3204	3919	715
ENST00000439616.6	17772	104024	86252
ENST00000439617.8	78	412587	412509
ENST00000439627.2	0	14466	14466
ENST00000439628.5	0	102	102
ENST00000439629.2	0	12792	12792
ENST00000439635.5	61	15759	15698
ENST00000439636.5	0	2700	2700
ENST00000439637.5	0	84761	84761
ENST00000439640.5	3137	24293	21156
ENST00000439642.1	0	1068	1068
ENST00000439645.6	49	7665	7616
ENST00000439646.1	0	338	338
ENST00000439647.5	216	8124	7908
ENST00000439649.8	3119	212118	208999
ENST00000439657.5	2155	7147	4992
ENST00000439661.5	71	9085	9014
ENST00000439664.5	11317	13522	2205
ENST00000439666.1	0	1143	1143
ENST00000439669.5	660	1774	1114
ENST00000439673.6	602	45667	45065
ENST00000439674.1	0	1326	1326
ENST00000439676.5	353	77443	77090
ENST00000439677.5	23684	67602	43918
ENST00000439678.5	0	1789	1789
ENST00000439679.5	15770	25735	9965
ENST00000439681.1	0	82217	82217
ENST00000439682.2	22	32538	32516
ENST00000439684.5	119	12862	12743
ENST00000439685.6	319	37647	37328
ENST00000439686.6	392	2607	2215
ENST00000439687.6	105	15421	15316
ENST00000439696.3	1874	6288	4414
ENST00000439697.1	12713	24118	11405
ENST00000439698.5	0	8732	8732
ENST00000439701.2	10382	93369	82987
ENST00000439702.5	0	3689	3689
ENST00000439706.5	1172	53445	52273
ENST00000439708.1	0	2825	2825
ENST00000439709.5	228	64226	63998
ENST00000439711.7	86	33132	33046
ENST00000439712.6	0	31433	31433
ENST00000439718.1	0	28354	28354
ENST00000439720.3	167	54895	54728
ENST00000439721.1	1130	1432	302
ENST00000439724.7	26	53666	53640
ENST00000439731.5	113	28960	28847
ENST00000439732.6	11593	22969	11376
ENST00000439735.2	14	8810	8796
ENST00000439741.4	481	10106	9625
ENST00000439742.7	381	5232	4851
ENST00000439744.6	280	13030	12750
ENST00000439747.7	16	26489	26473
ENST00000439754.6	1335	25347	24012
ENST00000439756.2	3	41614	41611
ENST00000439758.3	0	41217	41217
ENST00000439761.3	3953	12487	8534
ENST00000439764.2	0	107517	107517
ENST00000439765.4	201	3767	3566
ENST00000439768.2	14104	15398	1294
ENST00000439769.2	5818	11959	6141
ENST00000439775.1	1643	16174	14531
ENST00000439780.5	6048	65540	59492
ENST00000439782.1	2621	12092	9471
ENST00000439785.5	3045	19800	16755
ENST00000439791.5	0	51822	51822
ENST00000439799.6	82	3884	3802
ENST00000439802.5	8422	132778	124356
ENST00000439806.6	0	2098	2098
ENST00000439812.5	0	3218	3218
ENST00000439814.5	922	6708	5786
ENST00000439815.5	36	12155	12119
ENST00000439817.5	2011	36153	34142
ENST00000439822.6	16095	42408	26313
ENST00000439827.1	120304	221158	100854
ENST00000439830.5	77256	122404	45148
ENST00000439831.1	545	1993	1448
ENST00000439832.5	12	8599	8587
ENST00000439835.1	0	550	550
ENST00000439838.5	0	20274	20274
ENST00000439842.1	0	20	20
ENST00000439848.5	49350	141712	92362
ENST00000439853.6	57822	65728	7906
ENST00000439858.6	2740	4052	1312
ENST00000439880.6	241	10349	10108
ENST00000439882.1	85	15634	15549
ENST00000439883.1	0	19052	19052
ENST00000439886.5	1149	23641	22492
ENST00000439887.6	443	44934	44491
ENST00000439889.6	53	8438	8385
ENST00000439903.2	0	1168	1168
ENST00000439905.5	116	72204	72088
ENST00000439909.2	0	3635	3635
ENST00000439910.5	119	16795	16676
ENST00000439914.5	0	9756	9756
ENST00000439915.1	0	58201	58201
ENST00000439916.5	29	10514	10485
ENST00000439918.7	816	18654	17838
ENST00000439922.6	3542	9905	6363
ENST00000439924.6	15	7003	6988
ENST00000439930.7	22	25741	25719
ENST00000439932.5	0	494	494
ENST00000439936.6	227	30310	30083
ENST00000439945.5	1228	4873	3645
ENST00000439947.1	553	21530	20977
ENST00000439951.6	33658	56570	22912
ENST00000439952.6	3	9505	9502
ENST00000439957.7	4733	22389	17656
ENST00000439958.8	8217	27884	19667
ENST00000439962.1	3563	22388	18825
ENST00000439963.5	46426	74071	27645
ENST00000439965.6	0	941	941
ENST00000439966.5	72	46622	46550
ENST00000439975.6	124	7354	7230
ENST00000439976.6	0	42080	42080
ENST00000439977.7	103	12310	12207
ENST00000439980.7	21	117479	117458
ENST00000439984.7	112	208849	208737
ENST00000439986.9	4972	267610	262638
ENST00000439991.1	92	15607	15515
ENST00000439994.5	260	1928	1668
ENST00000439995.5	23513	24045	532
ENST00000439997.5	0	2506	2506
ENST00000440000.5	0	12455	12455
ENST00000440010.5	0	40951	40951
ENST00000440012.1	4829	6449	1620
ENST00000440014.6	0	37643	37643
ENST00000440017.5	1248	49819	48571
ENST00000440019.5	0	7353	7353
ENST00000440021.1	78237	82501	4264
ENST00000440022.1	0	35290	35290
ENST00000440023.5	15358	39258	23900
ENST00000440025.1	228	1796	1568
ENST00000440027.6	260	8298	8038
ENST00000440039.5	4558	9158	4600
ENST00000440042.1	0	18032	18032
ENST00000440047.5	11126	43141	32015
ENST00000440048.1	0	2751	2751
ENST00000440050.5	80360	147345	66985
ENST00000440051.1	0	17800	17800
ENST00000440053.1	14	8528	8514
ENST00000440056.1	638	11612	10974
ENST00000440064.2	0	95733	95733
ENST00000440066.6	187	68670	68483
ENST00000440067.4	2156	266035	263879
ENST00000440068.6	344	9349	9005
ENST00000440072.5	1841	1859	18
ENST00000440077.5	0	42875	42875
ENST00000440081.2	0	10778	10778
ENST00000440082.5	2306	8239	5933
ENST00000440083.7	524	14598	14074
ENST00000440085.5	0	7021	7021
ENST00000440086.5	1271	29628	28357
ENST00000440097.5	556	81071	80515
ENST00000440102.1	0	61276	61276
ENST00000440107.6	7593	42422	34829
ENST00000440108.5	0	57945	57945
ENST00000440109.5	0	805	805
ENST00000440111.6	4888	40993	36105
ENST00000440112.2	100	5033	4933
ENST00000440114.2	10790	12404	1614
ENST00000440118.1	0	1942	1942
ENST00000440120.2	1176	5959	4783
ENST00000440121.1	31	34766	34735
ENST00000440122.6	228	46499	46271
ENST00000440125.5	16880	20138	3258
ENST00000440126.7	342	261084	260742
ENST00000440132.2	423	18992	18569
ENST00000440137.2	1155	7616	6461
ENST00000440139.5	177	171135	170958
ENST00000440143.1	0	9357	9357
ENST00000440144.5	29129	39477	10348
ENST00000440155.6	144	38650	38506
ENST00000440156.5	161	111232	111071
ENST00000440161.5	104	12498	12394
ENST00000440166.5	8248	17208	8960
ENST00000440172.5	6528	155670	149142
ENST00000440174.1	0	8	8
ENST00000440176.5	7895	11333	3438
ENST00000440177.6	311	3621	3310
ENST00000440179.5	4267	8327	4060
ENST00000440180.5	363	12585	12222
ENST00000440186.5	12474	14469	1995
ENST00000440187.5	0	5222	5222
ENST00000440191.6	34	6902	6868
ENST00000440203.6	129	5983	5854
ENST00000440204.5	9623	12216	2593
ENST00000440209.5	0	4782	4782
ENST00000440215.5	46	3559	3513
ENST00000440217.5	11145	17036	5891
ENST00000440223.5	6281	19502	13221
ENST00000440225.6	164	8968	8804
ENST00000440226.7	3529	36506	32977
ENST00000440228.6	975	5036	4061
ENST00000440230.5	104	96492	96388
ENST00000440231.1	0	1968	1968
ENST00000440232.7	14505	36892	22387
ENST00000440234.6	154	16476	16322
ENST00000440235.6	229	38632	38403
ENST00000440238.4	690	15568	14878
ENST00000440239.5	60	5189	5129
ENST00000440240.5	0	1480	1480
ENST00000440247.5	2353	4444	2091
ENST00000440254.6	773	107735	106962
ENST00000440258.1	0	254	254
ENST00000440261.6	66	45730	45664
ENST00000440264.5	1154	12014	10860
ENST00000440271.5	2483	2925	442
ENST00000440274.5	232	31778	31546
ENST00000440277.6	361	5990	5629
ENST00000440279.7	101	1579	1478
ENST00000440282.5	6173	40333	34160
ENST00000440284.6	5995	23514	17519
ENST00000440286.6	10804	24507	13703
ENST00000440288.6	16543	66088	49545
ENST00000440289.6	333	152540	152207
ENST00000440292.1	0	6329	6329
ENST00000440293.5	0	23140	23140
ENST00000440306.3	832	7745	6913
ENST00000440309.5	534	33629	33095
ENST00000440310.5	721	72453	71732
ENST00000440311.6	179	5501	5322
ENST00000440314.7	30	83847	83817
ENST00000440318.5	666	8241	7575
ENST00000440319.5	188	22180	21992
ENST00000440320.5	1984	3945	1961
ENST00000440324.5	27445	48554	21109
ENST00000440337.3	555	5121	4566
ENST00000440338.5	20849	21119	270
ENST00000440339.1	115	91867	91752
ENST00000440343.5	47863	47915	52
ENST00000440346.1	1074	9741	8667
ENST00000440349.5	340073	376956	36883
ENST00000440350.5	0	584	584
ENST00000440353.5	3931	25669	21738
ENST00000440354.2	36	112745	112709
ENST00000440364.6	60	9903	9843
ENST00000440366.1	0	16017	16017
ENST00000440367.7	1973	10483	8510
ENST00000440375.1	0	6064	6064
ENST00000440378.6	2611	44332	41721
ENST00000440380.5	15882	22607	6725
ENST00000440381.5	1001	69194	68193
ENST00000440384.1	0	1112	1112
ENST00000440385.5	5623	30119	24496
ENST00000440391.5	1734	5558	3824
ENST00000440392.3	3102	27638	24536
ENST00000440394.7	36637	422104	385467
ENST00000440400.3	97	84477	84380
ENST00000440401.1	862	2598	1736
ENST00000440407.5	601	2295	1694
ENST00000440409.1	0	7628	7628
ENST00000440410.5	78	29528	29450
ENST00000440411.8	676	19727	19051
ENST00000440422.5	0	3125	3125
ENST00000440424.5	0	326	326
ENST00000440425.6	1613	22602	20989
ENST00000440428.5	436	11820	11384
ENST00000440431.6	0	83213	83213
ENST00000440435.2	370	16648	16278
ENST00000440437.1	0	10340	10340
ENST00000440439.5	0	4891	4891
ENST00000440445.6	0	97362	97362
ENST00000440446.2	3636	49364	45728
ENST00000440447.2	469	3596	3127
ENST00000440448.5	1178	5535	4357
ENST00000440449.5	315	9104	8789
ENST00000440452.5	27738	28513	775
ENST00000440460.7	157	83719	83562
ENST00000440462.5	1	11619	11618
ENST00000440464.5	2222	53374	51152
ENST00000440467.5	25	38423	38398
ENST00000440469.1	9061	16023	6962
ENST00000440472.6	2892	98655	95763
ENST00000440476.5	7264	14388	7124
ENST00000440480.8	789	3151	2362
ENST00000440481.6	5713	36340	30627
ENST00000440483.5	0	3215	3215
ENST00000440484.1	0	20334	20334
ENST00000440486.8	642	16367	15725
ENST00000440502.5	161	1231	1070
ENST00000440506.5	19364	44794	25430
ENST00000440509.5	13371	27634	14263
ENST00000440513.7	187	64183	63996
ENST00000440514.1	0	6826	6826
ENST00000440515.5	0	20850	20850
ENST00000440523.5	0	19343	19343
ENST00000440526.5	305	27624	27319
ENST00000440527.1	159	15904	15745
ENST00000440538.6	370	130187	129817
ENST00000440541.6	8094	27519	19425
ENST00000440542.1	315	3691	3376
ENST00000440549.6	50	14956	14906
ENST00000440550.6	389	25062	24673
ENST00000440552.5	0	6967	6967
ENST00000440554.1	42	9653	9611
ENST00000440560.5	103	1844	1741
ENST00000440564.6	329	20389	20060
ENST00000440567.7	298	49143	48845
ENST00000440571.6	5210	12284	7074
ENST00000440575.6	0	19942	19942
ENST00000440576.2	15	10178	10163
ENST00000440577.5	1724	65003	63279
ENST00000440579.5	0	104899	104899
ENST00000440582.1	3	1411	1408
ENST00000440591.6	97	35956	35859
ENST00000440593.3	5102	5900	798
ENST00000440596.2	0	7756	7756
ENST00000440597.1	0	180	180
ENST00000440598.2	141	21382	21241
ENST00000440599.6	1071	3301	2230
ENST00000440600.6	295	96625	96330
ENST00000440605.7	752	26190	25438
ENST00000440610.5	4881	33253	28372
ENST00000440612.5	3308	5645	2337
ENST00000440613.1	0	19810	19810
ENST00000440615.6	240	10637	10397
ENST00000440623.5	4727	7008	2281
ENST00000440625.5	3761	7301	3540
ENST00000440626.1	0	686	686
ENST00000440628.5	14026	20477	6451
ENST00000440630.5	0	4790	4790
ENST00000440632.5	374	8485	8111
ENST00000440641.5	283	5983	5700
ENST00000440647.1	0	18627	18627
ENST00000440650.6	2284	43402	41118
ENST00000440651.6	0	264997	264997
ENST00000440653.2	143	25676	25533
ENST00000440656.1	0	11073	11073
ENST00000440662.1	419	6303	5884
ENST00000440675.5	0	626	626
ENST00000440682.5	0	4244	4244
ENST00000440685.7	111	7977	7866
ENST00000440692.6	39	22006	21967
ENST00000440696.2	0	3509	3509
ENST00000440697.5	11181	74735	63554
ENST00000440702.5	18044	24925	6881
ENST00000440704.5	2145	2513	368
ENST00000440705.6	2186	114418	112232
ENST00000440706.3	78	51642	51564
ENST00000440718.5	37	32447	32410
ENST00000440722.2	49	15108	15059
ENST00000440727.1	0	382	382
ENST00000440732.6	32985	54518	21533
ENST00000440737.5	0	24380	24380
ENST00000440739.4	50	1831	1781
ENST00000440741.7	129	134218	134089
ENST00000440742.2	0	25430	25430
ENST00000440747.5	0	60351	60351
ENST00000440755.5	1119	5096	3977
ENST00000440757.2	0	113120	113120
ENST00000440759.5	1396	2735	1339
ENST00000440760.5	127	904	777
ENST00000440761.1	30510	36092	5582
ENST00000440764.2	0	5067	5067
ENST00000440766.5	1138	5751	4613
ENST00000440767.3	70	8659	8589
ENST00000440771.5	0	13145	13145
ENST00000440773.5	0	26295	26295
ENST00000440779.5	47	33062	33015
ENST00000440781.6	13301	28767	15466
ENST00000440783.2	12870	45418	32548
ENST00000440787.5	29	10785	10756
ENST00000440790.6	4778	6390	1612
ENST00000440792.5	0	6770	6770
ENST00000440794.2	0	18428	18428
ENST00000440797.6	101	48864	48763
ENST00000440804.7	67	12717	12650
ENST00000440806.2	73	39671	39598
ENST00000440810.1	0	7332	7332
ENST00000440812.7	405	56023	55618
ENST00000440813.1	534	1969	1435
ENST00000440815.7	443	4541	4098
ENST00000440819.5	2398	7279	4881
ENST00000440822.2	171	1103	932
ENST00000440823.1	1089	6356	5267
ENST00000440825.6	3281	5595	2314
ENST00000440832.7	3	7250	7247
ENST00000440835.6	1114	117346	116232
ENST00000440836.1	499	1551	1052
ENST00000440838.5	151	13835	13684
ENST00000440839.5	2051	4124	2073
ENST00000440841.1	202	15985	15783
ENST00000440843.2	29	17139	17110
ENST00000440844.5	0	25828	25828
ENST00000440851.6	109	7368	7259
ENST00000440853.1	0	3852	3852
ENST00000440857.5	153	3485	3332
ENST00000440859.8	22	16500	16478
ENST00000440863.7	1113	8387	7274
ENST00000440865.2	1047	11139	10092
ENST00000440866.6	17609	117943	100334
ENST00000440868.5	644	32265	31621
ENST00000440869.7	199	147643	147444
ENST00000440873.6	752	8345	7593
ENST00000440875.6	1320	18671	17351
ENST00000440884.7	638	119793	119155
ENST00000440886.1	2247	55575	53328
ENST00000440890.7	23	104578	104555
ENST00000440893.1	8947	17815	8868
ENST00000440895.2	87	3970	3883
ENST00000440898.1	366	6100	5734
ENST00000440899.5	63	12087	12024
ENST00000440902.2	300	5731	5431
ENST00000440906.6	25	14421	14396
ENST00000440909.5	1705	7740	6035
ENST00000440911.6	220	11584	11364
ENST00000440919.1	1978	60581	58603
ENST00000440923.7	149	832568	832419
ENST00000440925.1	1462	1982	520
ENST00000440926.3	910	37668	36758
ENST00000440927.1	0	11281	11281
ENST00000440928.6	25136	581730	556594
ENST00000440934.2	0	15699	15699
ENST00000440940.7	1647	32987	31340
ENST00000440943.5	48	26476	26428
ENST00000440944.6	157	32689	32532
ENST00000440945.5	37846	125119	87273
ENST00000440951.1	0	11148	11148
ENST00000440953.5	0	382	382
ENST00000440957.7	295	25095	24800
ENST00000440958.2	3395	5443	2048
ENST00000440960.6	47	21981	21934
ENST00000440961.6	44	2821	2777
ENST00000440963.2	37	24459	24422
ENST00000440964.1	34619	41627	7008
ENST00000440966.5	199	11344	11145
ENST00000440967.5	0	14075	14075
ENST00000440970.6	1096	19191	18095
ENST00000440972.1	0	97704	97704
ENST00000440973.5	117417	410244	292827
ENST00000440978.2	2713	130405	127692
ENST00000440983.1	6225	18803	12578
ENST00000440994.6	1295	21374	20079
ENST00000440995.6	0	195147	195147
ENST00000440997.1	13721	18576	4855
ENST00000441002.1	61	17036	16975
ENST00000441005.5	908	29610	28702
ENST00000441007.5	406	1622	1216
ENST00000441012.7	1221	12029	10808
ENST00000441017.5	0	46711	46711
ENST00000441020.7	3241	46335	43094
ENST00000441021.5	9230	9432	202
ENST00000441024.6	61	60633	60572
ENST00000441027.5	0	1329	1329
ENST00000441030.5	0	7104	7104
ENST00000441031.3	516	1666	1150
ENST00000441034.2	32	16630	16598
ENST00000441037.7	0	952175	952175
ENST00000441045.6	325	13200	12875
ENST00000441048.1	0	2443	2443
ENST00000441049.5	5451	14159	8708
ENST00000441054.5	0	4671	4671
ENST00000441057.5	6742	11548	4806
ENST00000441059.5	0	20994	20994
ENST00000441061.5	0	9265	9265
ENST00000441065.3	2379	3955	1576
ENST00000441068.6	190	42108	41918
ENST00000441076.7	666	2392	1726
ENST00000441080.2	6	16542	16536
ENST00000441081.2	1506	12113	10607
ENST00000441084.1	0	5801	5801
ENST00000441089.1	0	16893	16893
ENST00000441090.6	15	94250	94235
ENST00000441094.5	0	7154	7154
ENST00000441097.1	0	19289	19289
ENST00000441099.5	0	32745	32745
ENST00000441107.5	35433	40832	5399
ENST00000441114.5	552	7085	6533
ENST00000441117.1	0	894	894
ENST00000441120.1	0	15326	15326
ENST00000441122.5	11146	39473	28327
ENST00000441123.1	0	11596	11596
ENST00000441124.5	0	4463	4463
ENST00000441127.5	0	10150	10150
ENST00000441128.5	9952	18494	8542
ENST00000441133.2	115	187506	187391
ENST00000441134.5	17752	18038	286
ENST00000441135.1	0	4160	4160
ENST00000441140.1	55047	55533	486
ENST00000441141.5	7427	17929	10502
ENST00000441143.1	0	21093	21093
ENST00000441144.6	369	204249	203880
ENST00000441145.1	0	25359	25359
ENST00000441147.6	0	87874	87874
ENST00000441154.5	0	19429	19429
ENST00000441156.5	132	20414	20282
ENST00000441159.7	14	27433	27419
ENST00000441162.5	29781	150654	120873
ENST00000441168.6	0	30928	30928
ENST00000441172.1	185	10602	10417
ENST00000441173.1	35	5196	5161
ENST00000441174.8	220	10595	10375
ENST00000441178.2	110	1476	1366
ENST00000441179.2	199	21787	21588
ENST00000441189.4	91	15425	15334
ENST00000441192.2	601	61786	61185
ENST00000441194.5	11382	28849	17467
ENST00000441198.4	81	10453	10372
ENST00000441199.2	621	1407	786
ENST00000441209.6	0	6165	6165
ENST00000441219.5	13962	17469	3507
ENST00000441222.8	6683	69279	62596
ENST00000441223.4	1750	6845	5095
ENST00000441224.5	13029	16682	3653
ENST00000441228.5	111	20359	20248
ENST00000441236.3	4961	48261	43300
ENST00000441239.5	849	7310	6461
ENST00000441240.1	0	30993	30993
ENST00000441246.6	7487	55593	48106
ENST00000441248.5	4989	6789	1800
ENST00000441250.6	363	4503	4140
ENST00000441258.5	317	3110	2793
ENST00000441259.2	708	5217	4509
ENST00000441260.2	0	8454	8454
ENST00000441265.6	20652	54703	34051
ENST00000441269.2	86489	88135	1646
ENST00000441271.1	0	185806	185806
ENST00000441275.5	304	21587	21283
ENST00000441279.5	53220	126271	73051
ENST00000441284.6	26222	31093	4871
ENST00000441290.6	339952	452026	112074
ENST00000441291.5	21527	32736	11209
ENST00000441294.1	0	16611	16611
ENST00000441298.5	0	3790	3790
ENST00000441303.6	3	33007	33004
ENST00000441304.2	64	10794	10730
ENST00000441305.5	1481	11508	10027
ENST00000441307.5	0	422	422
ENST00000441310.7	7360	95767	88407
ENST00000441315.1	0	41108	41108
ENST00000441319.5	0	12928	12928
ENST00000441322.6	192	6485	6293
ENST00000441323.5	0	59542	59542
ENST00000441330.3	1313	3925	2612
ENST00000441334.5	4521	11295	6774
ENST00000441335.6	179	26733	26554
ENST00000441339.3	1200	3171	1971
ENST00000441342.1	303	84426	84123
ENST00000441343.5	0	31152	31152
ENST00000441344.1	85	14363	14278
ENST00000441349.5	194	6553	6359
ENST00000441350.2	515	109448	108933
ENST00000441351.1	1361	2493	1132
ENST00000441357.5	0	15557	15557
ENST00000441358.5	4665	6187	1522
ENST00000441359.1	541	893	352
ENST00000441361.1	13531	22928	9397
ENST00000441366.7	78	25658	25580
ENST00000441368.5	122	28859	28737
ENST00000441369.6	47337	60677	13340
ENST00000441376.6	2773	9309	6536
ENST00000441382.1	0	17177	17177
ENST00000441384.5	7546	16222	8676
ENST00000441385.2	99	13621	13522
ENST00000441389.1	0	12094	12094
ENST00000441390.6	155	73420	73265
ENST00000441391.6	2011	12881	10870
ENST00000441393.1	1474	8673	7199
ENST00000441394.1	0	28737	28737
ENST00000441400.5	0	97588	97588
ENST00000441402.5	105	19534	19429
ENST00000441403.1	0	5133	5133
ENST00000441406.6	78	29295	29217
ENST00000441411.2	640	77775	77135
ENST00000441412.3	0	2681	2681
ENST00000441420.1	0	7305	7305
ENST00000441429.1	25	5828	5803
ENST00000441435.1	0	21218	21218
ENST00000441439.6	2805	52872	50067
ENST00000441443.6	2019	11001	8982
ENST00000441447.1	89903	90489	586
ENST00000441448.7	69	44449	44380
ENST00000441451.1	626	876	250
ENST00000441453.5	2517	246934	244417
ENST00000441454.5	752	3289	2537
ENST00000441460.5	0	116219	116219
ENST00000441461.6	386	48534	48148
ENST00000441464.1	0	16211	16211
ENST00000441474.1	0	11169	11169
ENST00000441486.5	1178	12943	11765
ENST00000441488.6	13703	33323	19620
ENST00000441491.1	180	3993	3813
ENST00000441493.7	3086	125138	122052
ENST00000441497.6	74	68403	68329
ENST00000441501.5	225	29260	29035
ENST00000441507.1	1959	3045	1086
ENST00000441508.4	4238	5034	796
ENST00000441514.1	0	10610	10610
ENST00000441515.3	0	53584	53584
ENST00000441516.1	745	4634	3889
ENST00000441517.6	12346	29640	17294
ENST00000441519.5	14976	30046	15070
ENST00000441525.4	1543	5141	3598
ENST00000441527.6	7429	9138	1709
ENST00000441533.5	8289	19478	11189
ENST00000441538.1	0	1542	1542
ENST00000441542.7	554	503492	502938
ENST00000441545.7	3033	10564	7531
ENST00000441547.5	0	8007	8007
ENST00000441549.7	116	61022	60906
ENST00000441551.6	25	185745	185720
ENST00000441556.5	73577	164467	90890
ENST00000441560.6	27240	100956	73716
ENST00000441561.5	23192	47387	24195
ENST00000441563.5	26660	42228	15568
ENST00000441564.7	8460	30480	22020
ENST00000441565.5	0	28388	28388
ENST00000441569.5	29624	30816	1192
ENST00000441576.6	158	4612	4454
ENST00000441580.5	8750	17688	8938
ENST00000441582.2	16273	23441	7168
ENST00000441586.2	2	14831	14829
ENST00000441588.5	13332	15197	1865
ENST00000441594.6	91	9664	9573
ENST00000441595.2	0	185387	185387
ENST00000441599.6	79	4110	4031
ENST00000441602.5	102	7698	7596
ENST00000441605.2	0	950	950
ENST00000441606.2	236	139281	139045
ENST00000441607.6	151	30088	29937
ENST00000441608.6	0	668	668
ENST00000441611.5	1509	12476	10967
ENST00000441615.2	1243	2107	864
ENST00000441616.6	65943	72129	6186
ENST00000441619.5	0	17888	17888
ENST00000441621.6	223	4840	4617
ENST00000441626.6	354	2188	1834
ENST00000441627.5	71	14183	14112
ENST00000441628.5	3	80015	80012
ENST00000441634.5	39	1881	1842
ENST00000441637.2	138	15768	15630
ENST00000441639.5	82850	138946	56096
ENST00000441640.4	0	12683	12683
ENST00000441647.1	0	11413	11413
ENST00000441649.1	10343	107100	96757
ENST00000441656.5	329	23336	23007
ENST00000441662.6	245	14724	14479
ENST00000441667.5	312	11506	11194
ENST00000441668.5	419	3869	3450
ENST00000441669.6	696	43586	42890
ENST00000441670.1	0	2262	2262
ENST00000441671.6	334	4127	3793
ENST00000441673.2	17	5369	5352
ENST00000441679.1	0	45167	45167
ENST00000441680.6	50	19346	19296
ENST00000441684.5	18908	21510	2602
ENST00000441685.5	2878	51171	48293
ENST00000441687.5	879	19782	18903
ENST00000441689.1	115	2150	2035
ENST00000441692.5	10370	23430	13060
ENST00000441693.2	0	11181	11181
ENST00000441696.5	0	1572	1572
ENST00000441697.1	0	8864	8864
ENST00000441698.6	147	374519	374372
ENST00000441701.1	0	2968	2968
ENST00000441703.6	507	3919	3412
ENST00000441707.5	6005	20856	14851
ENST00000441708.2	3115	20714	17599
ENST00000441709.1	12475	13033	558
ENST00000441710.5	27	12603	12576
ENST00000441711.6	392	24587	24195
ENST00000441717.3	13	80876	80863
ENST00000441719.5	669	38812	38143
ENST00000441725.1	0	53268	53268
ENST00000441728.6	6163	63932	57769
ENST00000441730.2	0	14572	14572
ENST00000441731.6	1011	32170	31159
ENST00000441733.5	611	10022	9411
ENST00000441735.2	8544	49169	40625
ENST00000441738.1	54	3028	2974
ENST00000441739.1	19647	60597	40950
ENST00000441740.6	3356	17019	13663
ENST00000441751.5	81001	111476	30475
ENST00000441756.1	0	5632	5632
ENST00000441774.1	0	3494	3494
ENST00000441778.6	4340	397929	393589
ENST00000441779.6	37	12487	12450
ENST00000441782.6	118	18106	17988
ENST00000441784.5	3153	20489	17336
ENST00000441785.1	81	1176	1095
ENST00000441786.3	6092	10138	4046
ENST00000441787.5	27818	63560	35742
ENST00000441788.7	16679	29988	13309
ENST00000441796.1	4988	6430	1442
ENST00000441800.5	15344	65829	50485
ENST00000441801.6	485	11646	11161
ENST00000441802.7	801	135771	134970
ENST00000441818.5	364	11363	10999
ENST00000441821.5	0	26384	26384
ENST00000441824.4	1273	11520	10247
ENST00000441825.8	582	226043	225461
ENST00000441827.5	7804	13631	5827
ENST00000441832.1	7138	23929	16791
ENST00000441833.6	38	9972	9934
ENST00000441840.7	52	12227	12175
ENST00000441843.5	1702	12271	10569
ENST00000441844.2	1429	10183	8754
ENST00000441846.5	239008	270517	31509
ENST00000441850.1	5895	6905	1010
ENST00000441853.5	0	3373	3373
ENST00000441864.6	1127	8920	7793
ENST00000441865.5	8835	10281	1446
ENST00000441867.6	64	21787	21723
ENST00000441869.5	1121	1572	451
ENST00000441871.5	0	13683	13683
ENST00000441876.7	12446	31531	19085
ENST00000441877.5	0	52719	52719
ENST00000441879.5	0	56942	56942
ENST00000441881.5	2372	6092	3720
ENST00000441883.5	0	3211	3211
ENST00000441885.8	210	318735	318525
ENST00000441887.5	25749	42907	17158
ENST00000441888.7	267	1791	1524
ENST00000441890.5	4239	14951	10712
ENST00000441892.6	371	68541	68170
ENST00000441897.5	3895	9826	5931
ENST00000441902.6	444	49965	49521
ENST00000441904.5	21	5664	5643
ENST00000441905.1	0	1153	1153
ENST00000441908.6	175	23011	22836
ENST00000441914.5	0	65442	65442
ENST00000441917.6	126	40552	40426
ENST00000441922.6	448	7935	7487
ENST00000441925.2	11992	16804	4812
ENST00000441931.1	0	8908	8908
ENST00000441933.5	0	5652	5652
ENST00000441936.5	136	26944	26808
ENST00000441940.5	203	8184	7981
ENST00000441941.6	0	23855	23855
ENST00000441946.6	764	8941	8177
ENST00000441948.5	0	6979	6979
ENST00000441952.5	0	93700	93700
ENST00000441964.1	460	3938	3478
ENST00000441967.5	0	2839	2839
ENST00000441968.5	926	3740	2814
ENST00000441969.7	1081	9182	8101
ENST00000441972.5	1665	11245	9580
ENST00000441974.1	0	106000	106000
ENST00000441975.2	260	13564	13304
ENST00000441977.1	0	37794	37794
ENST00000441980.6	34390	35744	1354
ENST00000441982.5	233	61130	60897
ENST00000441983.5	12104	71179	59075
ENST00000441986.5	88855	95364	6509
ENST00000441987.5	19235	42549	23314
ENST00000441989.6	7456	12501	5045
ENST00000441993.7	6212	105761	99549
ENST00000441995.2	0	5040	5040
ENST00000441998.5	0	5680	5680
ENST00000442003.6	0	66713	66713
ENST00000442009.6	100	6831	6731
ENST00000442011.7	68	36267	36199
ENST00000442012.5	0	8853	8853
ENST00000442018.6	2630	31638	29008
ENST00000442019.6	47346	61153	13807
ENST00000442021.6	0	3965	3965
ENST00000442023.1	7592	32222	24630
ENST00000442024.5	2686	10024	7338
ENST00000442029.5	0	5025	5025
ENST00000442032.2	3074	3182	108
ENST00000442034.5	10	119419	119409
ENST00000442035.5	4485	8626	4141
ENST00000442039.3	497	1365	868
ENST00000442046.5	0	26139	26139
ENST00000442047.3	41	15746	15705
ENST00000442050.5	14	41534	41520
ENST00000442054.5	644	110612	109968
ENST00000442058.6	5628	6904	1276
ENST00000442060.7	79	58478	58399
ENST00000442065.5	507	20506	19999
ENST00000442071.3	114	31969	31855
ENST00000442073.3	2912	3106	194
ENST00000442080.6	2561	10875	8314
ENST00000442081.6	7861	150116	142255
ENST00000442091.5	17133	18750	1617
ENST00000442092.5	108247	138911	30664
ENST00000442093.5	0	20835	20835
ENST00000442098.5	1451	2742	1291
ENST00000442102.6	278	11992	11714
ENST00000442107.1	3488	3636	148
ENST00000442110.6	12	1577	1565
ENST00000442111.7	104	130635	130531
ENST00000442117.5	0	4136	4136
ENST00000442118.5	14	10654	10640
ENST00000442120.1	35109	35357	248
ENST00000442122.5	55170	85879	30709
ENST00000442123.6	295	41581	41286
ENST00000442134.1	0	1362	1362
ENST00000442138.6	5829	31643	25814
ENST00000442139.5	0	1879	1879
ENST00000442141.5	55794	65309	9515
ENST00000442148.6	1870	87648	85778
ENST00000442151.6	0	83940	83940
ENST00000442157.2	43	6461	6418
ENST00000442160.7	5305	39465	34160
ENST00000442170.6	16	63807	63791
ENST00000442172.1	0	3917	3917
ENST00000442181.5	66	9844	9778
ENST00000442183.1	517	13510	12993
ENST00000442185.1	6259	113448	107189
ENST00000442186.5	0	5487	5487
ENST00000442189.6	67	12286	12219
ENST00000442191.6	2184	33018	30834
ENST00000442195.5	10258	27323	17065
ENST00000442196.8	984	36598	35614
ENST00000442203.1	179	7558	7379
ENST00000442210.2	444	1349	905
ENST00000442215.6	8761	18126	9365
ENST00000442216.1	285	2921	2636
ENST00000442217.5	1371	4456	3085
ENST00000442218.3	67	7475	7408
ENST00000442225.5	4660	6755	2095
ENST00000442232.1	175	65641	65466
ENST00000442234.6	1094	6558	5464
ENST00000442235.6	9	10748	10739
ENST00000442240.5	2221	18491	16270
ENST00000442241.9	3710	14987	11277
ENST00000442245.5	823	6225	5402
ENST00000442247.5	24	13308	13284
ENST00000442250.6	203	80027	79824
ENST00000442253.3	41063	43185	2122
ENST00000442255.5	5746	7177	1431
ENST00000442258.6	175	72158	71983
ENST00000442262.5	0	1625	1625
ENST00000442263.4	14593	16441	1848
ENST00000442264.5	0	3250	3250
ENST00000442265.2	3	2608	2605
ENST00000442267.3	1416	139040	137624
ENST00000442272.1	19	39843	39824
ENST00000442275.1	0	1002	1002
ENST00000442278.6	257	19702	19445
ENST00000442286.6	461	14725	14264
ENST00000442287.6	434	21129	20695
ENST00000442291.1	2734	53691	50957
ENST00000442295.2	0	82	82
ENST00000442296.5	683	52833	52150
ENST00000442300.5	0	46178	46178
ENST00000442303.1	555	5664	5109
ENST00000442307.5	0	2271	2271
ENST00000442309.5	0	15155	15155
ENST00000442310.5	13	19111	19098
ENST00000442311.1	0	15025	15025
ENST00000442313.5	7	98317	98310
ENST00000442325.6	36	47390	47354
ENST00000442331.1	302	3383	3081
ENST00000442336.2	0	5269	5269
ENST00000442341.5	411	3842	3431
ENST00000442361.1	5580	8417	2837
ENST00000442364.1	268	7615	7347
ENST00000442366.6	8462	31904	23442
ENST00000442371.5	60716	63282	2566
ENST00000442372.2	13217	22447	9230
ENST00000442379.1	0	4193	4193
ENST00000442386.5	65	7148	7083
ENST00000442390.5	38514	43614	5100
ENST00000442394.5	63	5932	5869
ENST00000442396.7	20	25203	25183
ENST00000442397.6	2065	15060	12995
ENST00000442398.7	24832	163807	138975
ENST00000442400.5	0	20253	20253
ENST00000442406.5	5206	6450	1244
ENST00000442415.7	916	37107	36191
ENST00000442421.5	16053	16825	772
ENST00000442437.3	1157	7600	6443
ENST00000442441.5	5471	18786	13315
ENST00000442445.1	217	3084	2867
ENST00000442448.5	3376	197047	193671
ENST00000442452.1	3655	4184	529
ENST00000442455.8	1984	8908	6924
ENST00000442457.1	0	1671	1671
ENST00000442461.6	2390	60701	58311
ENST00000442468.1	58	8282	8224
ENST00000442469.1	0	2337	2337
ENST00000442470.1	99	2387	2288
ENST00000442471.4	463	18122	17659
ENST00000442475.5	22	8028	8006
ENST00000442480.1	565	6085	5520
ENST00000442487.8	3035	6995	3960
ENST00000442488.7	697	4555	3858
ENST00000442489.1	0	1392	1392
ENST00000442495.5	0	848	848
ENST00000442496.1	0	951	951
ENST00000442502.6	1274	528448	527174
ENST00000442504.5	263	489559	489296
ENST00000442506.5	135	261706	261571
ENST00000442508.5	4344	6500	2156
ENST00000442510.8	229	121024	120795
ENST00000442513.7	1664	18168	16504
ENST00000442516.1	18052	18134	82
ENST00000442521.1	69	12046	11977
ENST00000442524.4	0	38172	38172
ENST00000442528.2	1769	8311	6542
ENST00000442536.6	4632	39476	34844
ENST00000442538.5	62	11547	11485
ENST00000442541.1	0	52890	52890
ENST00000442544.7	591	1194765	1194174
ENST00000442547.5	0	7354	7354
ENST00000442551.5	125	3725	3600
ENST00000442555.5	20003	41838	21835
ENST00000442556.1	0	8062	8062
ENST00000442559.5	0	9268	9268
ENST00000442560.5	121	23205	23084
ENST00000442561.7	383	10684	10301
ENST00000442563.5	31167	31437	270
ENST00000442580.5	0	8015	8015
ENST00000442581.1	320	4093	3773
ENST00000442582.1	0	73215	73215
ENST00000442586.2	1243	84626	83383
ENST00000442587.1	216	21994	21778
ENST00000442588.5	75587	96178	20591
ENST00000442590.5	15419	23197	7778
ENST00000442592.3	2122	5581	3459
ENST00000442594.6	1470	437487	436017
ENST00000442597.6	2323	6752	4429
ENST00000442598.5	711	32807	32096
ENST00000442608.7	821	53662	52841
ENST00000442614.5	0	946	946
ENST00000442616.1	1567	12189	10622
ENST00000442617.1	0	3881	3881
ENST00000442620.5	0	340	340
ENST00000442623.1	713	9799	9086
ENST00000442625.2	8	15143	15135
ENST00000442628.7	2082	8736	6654
ENST00000442631.5	4	1352	1348
ENST00000442633.1	7738	12131	4393
ENST00000442639.6	177	31085	30908
ENST00000442644.5	1504	8211	6707
ENST00000442647.7	206	38565	38359
ENST00000442650.5	94	14357	14263
ENST00000442653.1	0	1428	1428
ENST00000442656.6	377	29179	28802
ENST00000442660.5	4301	10124	5823
ENST00000442664.6	335	53702	53367
ENST00000442668.7	481	30288	29807
ENST00000442670.5	181	82564	82383
ENST00000442677.4	0	277088	277088
ENST00000442679.5	3570	5543	1973
ENST00000442681.5	318	3699	3381
ENST00000442682.7	111	5390	5279
ENST00000442686.2	2112	9395	7283
ENST00000442687.6	249	139621	139372
ENST00000442690.1	0	183985	183985
ENST00000442691.6	3	7892	7889
ENST00000442696.6	0	12510	12510
ENST00000442697.7	4783	51452	46669
ENST00000442701.1	852	1610	758
ENST00000442707.1	0	5946	5946
ENST00000442708.5	221	13848	13627
ENST00000442710.5	0	7316	7316
ENST00000442711.1	119	12116	11997
ENST00000442713.6	389	388151	387762
ENST00000442714.5	0	10536	10536
ENST00000442720.5	1226	15314	14088
ENST00000442721.1	0	44	44
ENST00000442722.5	11846	87079	75233
ENST00000442729.6	150	46805	46655
ENST00000442730.1	305	1737	1432
ENST00000442731.1	0	160	160
ENST00000442734.5	0	10555	10555
ENST00000442738.7	89	14389	14300
ENST00000442740.1	216	2565	2349
ENST00000442742.7	945	406126	405181
ENST00000442744.7	1444	3670	2226
ENST00000442746.1	0	27570	27570
ENST00000442747.5	1233	34021	32788
ENST00000442748.5	0	5249	5249
ENST00000442752.1	0	64	64
ENST00000442759.5	21206	55470	34264
ENST00000442767.1	0	51911	51911
ENST00000442769.5	26721	46818	20097
ENST00000442770.5	34727	36540	1813
ENST00000442773.1	10211	10421	210
ENST00000442778.5	0	53310	53310
ENST00000442782.7	195	20824	20629
ENST00000442788.5	8304	23579	15275
ENST00000442789.6	241	22908	22667
ENST00000442793.5	20	13881	13861
ENST00000442798.5	20	7375	7355
ENST00000442800.1	0	62	62
ENST00000442801.5	0	11317	11317
ENST00000442805.1	42214	47975	5761
ENST00000442813.1	69881	88955	19074
ENST00000442819.6	1370	10289	8919
ENST00000442820.5	4117	18141	14024
ENST00000442822.6	99	84558	84459
ENST00000442830.5	133730	142930	9200
ENST00000442832.8	234	15246	15012
ENST00000442833.6	277	37748	37471
ENST00000442837.5	0	8211	8211
ENST00000442842.5	24	27436	27412
ENST00000442845.1	0	4986	4986
ENST00000442846.7	1080	8912	7832
ENST00000442853.5	0	11023	11023
ENST00000442857.5	115	54429	54314
ENST00000442859.5	1679	24822	23143
ENST00000442862.2	0	980	980
ENST00000442869.5	41176	67932	26756
ENST00000442872.1	0	936	936
ENST00000442873.5	237	3153	2916
ENST00000442878.6	21429	26705	5276
ENST00000442880.6	88	42311	42223
ENST00000442887.1	0	3998	3998
ENST00000442892.2	7476	8956	1480
ENST00000442895.6	10785	13202	2417
ENST00000442897.7	4476	18385	13909
ENST00000442898.5	335	11909	11574
ENST00000442903.3	163	29568	29405
ENST00000442912.5	8330	16300	7970
ENST00000442920.6	233	7856	7623
ENST00000442921.7	2854	49871	47017
ENST00000442922.1	0	6469	6469
ENST00000442925.5	55031	57333	2302
ENST00000442929.1	0	7260	7260
ENST00000442933.2	139	11040	10901
ENST00000442934.6	40	391973	391933
ENST00000442938.6	714	15967	15253
ENST00000442940.1	0	24635	24635
ENST00000442942.6	0	17488	17488
ENST00000442944.7	151	9448	9297
ENST00000442951.5	0	4276	4276
ENST00000442952.1	0	1985	1985
ENST00000442959.5	159	21460	21301
ENST00000442961.1	0	6239	6239
ENST00000442966.7	16	2108	2092
ENST00000442970.5	264	19611	19347
ENST00000442974.1	0	60619	60619
ENST00000442975.6	74	23589	23515
ENST00000442977.6	99	305620	305521
ENST00000442985.1	0	45214	45214
ENST00000442986.5	326	34877	34551
ENST00000442992.6	50	5222	5172
ENST00000442995.4	24	1563	1539
ENST00000442997.5	0	10035	10035
ENST00000442998.6	1579	5511	3932
ENST00000442999.3	3	15347	15344
ENST00000443002.5	89	18898	18809
ENST00000443003.2	919	6524	5605
ENST00000443006.5	9886	19009	9123
ENST00000443011.5	11898	125267	113369
ENST00000443014.1	0	61288	61288
ENST00000443019.6	1025	5888	4863
ENST00000443022.2	249	38666	38417
ENST00000443023.5	2706	188542	185836
ENST00000443024.7	603	82965	82362
ENST00000443026.6	4080	12133	8053
ENST00000443029.5	29984	46083	16099
ENST00000443033.5	0	10350	10350
ENST00000443035.8	2731	103017	100286
ENST00000443045.1	0	2243	2243
ENST00000443046.5	4469	6035	1566
ENST00000443047.6	1205	48677	47472
ENST00000443053.6	1114	4769	3655
ENST00000443059.1	0	869	869
ENST00000443060.6	30494	47045	16551
ENST00000443061.1	0	21228	21228
ENST00000443070.5	1350	13227	11877
ENST00000443073.5	14888	33354	18466
ENST00000443080.5	2696	3166	470
ENST00000443081.5	27781	140043	112262
ENST00000443083.5	0	8402	8402
ENST00000443089.5	0	17827	17827
ENST00000443094.3	204	1918	1714
ENST00000443095.1	1087	1553	466
ENST00000443096.1	772	1442	670
ENST00000443098.5	0	68593	68593
ENST00000443099.6	246	24550	24304
ENST00000443101.6	20371	20744	373
ENST00000443115.1	42	11819	11777
ENST00000443118.3	0	30739	30739
ENST00000443119.7	74	74184	74110
ENST00000443120.5	11693	21921	10228
ENST00000443124.5	5874	92525	86651
ENST00000443128.6	79	30799	30720
ENST00000443136.5	0	2027	2027
ENST00000443137.5	10767	94406	83639
ENST00000443140.5	0	2817	2817
ENST00000443147.5	63	11458	11395
ENST00000443148.5	0	20695	20695
ENST00000443151.1	52	8657	8605
ENST00000443157.6	319	57218	56899
ENST00000443166.5	31098	59734	28636
ENST00000443173.6	1279	4655	3376
ENST00000443175.1	0	3133	3133
ENST00000443178.1	1270	2220	950
ENST00000443183.5	66	141626	141560
ENST00000443185.7	4819	88856	84037
ENST00000443187.1	0	7554	7554
ENST00000443193.6	1256	8734	7478
ENST00000443197.5	163	73054	72891
ENST00000443203.5	15516	17675	2159
ENST00000443204.3	1609	7725	6116
ENST00000443206.2	6862	13206	6344
ENST00000443213.5	4601	6731	2130
ENST00000443215.5	619	3372	2753
ENST00000443217.5	193417	193695	278
ENST00000443218.2	122	5800	5678
ENST00000443220.1	0	6763	6763
ENST00000443222.6	11466	20898	9432
ENST00000443227.5	16882	48960	32078
ENST00000443229.5	807	2634	1827
ENST00000443231.5	0	9716	9716
ENST00000443232.1	0	1042	1042
ENST00000443233.5	3083	10188	7105
ENST00000443236.7	160	139304	139144
ENST00000443238.6	724	49197	48473
ENST00000443239.7	17728	47470	29742
ENST00000443240.5	0	32284	32284
ENST00000443241.5	160	68805	68645
ENST00000443253.1	0	20402	20402
ENST00000443259.1	52	58873	58821
ENST00000443265.5	49	3852	3803
ENST00000443266.2	362	4111	3749
ENST00000443271.2	26941	74913	47972
ENST00000443272.3	54	97696	97642
ENST00000443275.2	0	45777	45777
ENST00000443276.6	20684	43494	22810
ENST00000443280.5	21548	79697	58149
ENST00000443281.1	888	7038	6150
ENST00000443285.5	0	28650	28650
ENST00000443289.5	19652	35381	15729
ENST00000443292.2	167	47235	47068
ENST00000443296.1	0	1221	1221
ENST00000443297.5	26874	41555	14681
ENST00000443302.5	749	73791	73042
ENST00000443308.6	1199	36876	35677
ENST00000443313.5	2504	117483	114979
ENST00000443314.5	3241	46335	43094
ENST00000443315.5	0	13531	13531
ENST00000443318.1	3563	35159	31596
ENST00000443322.1	122	11143	11021
ENST00000443323.2	16331	17925	1594
ENST00000443327.5	1724	11228	9504
ENST00000443333.1	0	37224	37224
ENST00000443339.5	31039	32165	1126
ENST00000443341.5	42520	42756	236
ENST00000443342.5	0	11331	11331
ENST00000443345.2	1239	3370	2131
ENST00000443351.6	247	29346	29099
ENST00000443353.5	3367	10159	6792
ENST00000443357.5	0	2431	2431
ENST00000443358.6	717	15575	14858
ENST00000443372.5	9	12007	11998
ENST00000443376.5	1658	31270	29612
ENST00000443379.7	2768	110888	108120
ENST00000443381.7	104	18537	18433
ENST00000443387.3	21335	23085	1750
ENST00000443397.5	25	915	890
ENST00000443398.5	0	10867	10867
ENST00000443402.6	2212	8314	6102
ENST00000443408.6	1642	7460	5818
ENST00000443409.1	1063	5882	4819
ENST00000443424.5	264	74789	74525
ENST00000443425.6	5952	159078	153126
ENST00000443427.5	594	293421	292827
ENST00000443428.6	4303	5570	1267
ENST00000443429.5	59903	105657	45754
ENST00000443437.6	760	2077	1317
ENST00000443438.5	2617	9612	6995
ENST00000443439.7	1915	32247	30332
ENST00000443443.1	0	6657	6657
ENST00000443449.1	1233	3594	2361
ENST00000443455.5	13274	42831	29557
ENST00000443456.6	0	1070	1070
ENST00000443457.1	0	1235	1235
ENST00000443458.5	2150	27758	25608
ENST00000443462.6	415	76063	75648
ENST00000443477.5	28650	28684	34
ENST00000443478.3	0	22908	22908
ENST00000443485.1	0	44919	44919
ENST00000443489.5	1640	5185	3545
ENST00000443491.6	11974	27619	15645
ENST00000443492.5	10153	22086	11933
ENST00000443496.5	0	34125	34125
ENST00000443497.1	12329	17326	4997
ENST00000443498.5	121	80876	80755
ENST00000443501.1	54	125101	125047
ENST00000443502.5	378	10322	9944
ENST00000443503.6	240	119692	119452
ENST00000443509.6	3092	303650	300558
ENST00000443512.2	240	20181	19941
ENST00000443519.1	0	3425	3425
ENST00000443521.1	407	6219	5812
ENST00000443524.6	513	20198	19685
ENST00000443526.5	5957	7043	1086
ENST00000443527.6	22	26653	26631
ENST00000443528.5	0	747	747
ENST00000443532.5	0	3658	3658
ENST00000443535.1	6682	11239	4557
ENST00000443541.5	2292	25038	22746
ENST00000443551.2	18906	19474	568
ENST00000443553.5	0	3622	3622
ENST00000443555.1	0	23364	23364
ENST00000443560.1	442	890	448
ENST00000443561.3	314	4734	4420
ENST00000443563.6	540	26073	25533
ENST00000443567.5	0	5399	5399
ENST00000443571.6	73	5935	5862
ENST00000443572.6	55	55147	55092
ENST00000443575.5	76	55153	55077
ENST00000443580.6	2047	18957	16910
ENST00000443583.6	5593	186183	180590
ENST00000443584.7	93	89905	89812
ENST00000443585.6	201	36966	36765
ENST00000443586.5	0	85913	85913
ENST00000443588.1	6	19824	19818
ENST00000443597.7	812	9201	8389
ENST00000443598.6	89	24335	24246
ENST00000443601.1	0	34896	34896
ENST00000443607.2	529	1614	1085
ENST00000443608.6	1677	93097	91420
ENST00000443614.6	94	36982	36888
ENST00000443615.1	0	114	114
ENST00000443617.7	466	181511	181045
ENST00000443619.6	511	54852	54341
ENST00000443626.5	0	64864	64864
ENST00000443629.5	20956	51715	30759
ENST00000443632.2	372	6123	5751
ENST00000443638.1	0	26243	26243
ENST00000443640.5	1248	13700	12452
ENST00000443644.1	17	17228	17211
ENST00000443646.5	124	16800	16676
ENST00000443647.5	8	1348	1340
ENST00000443648.6	469	5829	5360
ENST00000443649.9	721	11192	10471
ENST00000443656.6	12042	12734	692
ENST00000443659.6	1037	19416	18379
ENST00000443667.1	0	7898	7898
ENST00000443668.6	29764	44025	14261
ENST00000443669.5	212	1122	910
ENST00000443672.2	71524	87367	15843
ENST00000443674.5	0	186398	186398
ENST00000443677.6	90	28184	28094
ENST00000443681.1	0	1150	1150
ENST00000443686.7	18	339493	339475
ENST00000443687.5	95725	96141	416
ENST00000443694.5	23039	360939	337900
ENST00000443697.1	333	1171	838
ENST00000443698.5	14656	117202	102546
ENST00000443700.5	1141	86251	85110
ENST00000443702.1	75	2284	2209
ENST00000443703.1	0	5497	5497
ENST00000443704.5	1071	7667	6596
ENST00000443708.5	4007	8697	4690
ENST00000443711.2	264	5102	4838
ENST00000443718.7	325	17138	16813
ENST00000443720.6	459	24134	23675
ENST00000443721.2	12972	94571	81599
ENST00000443722.5	6	3120	3114
ENST00000443724.5	99	23657	23558
ENST00000443726.2	193	99355	99162
ENST00000443727.1	53	29386	29333
ENST00000443729.6	5747	7983	2236
ENST00000443735.1	0	3660	3660
ENST00000443736.5	757	8688	7931
ENST00000443739.7	3153	10276	7123
ENST00000443740.5	29620	30948	1328
ENST00000443742.1	0	6547	6547
ENST00000443748.6	66	211969	211903
ENST00000443751.4	3629	97225	93596
ENST00000443752.2	0	91492	91492
ENST00000443757.5	2813	2843	30
ENST00000443758.7	4419	224750	220331
ENST00000443761.1	0	3170	3170
ENST00000443765.6	97	50325	50228
ENST00000443774.5	1207	3680	2473
ENST00000443779.3	974	1422	448
ENST00000443780.5	89	12113	12024
ENST00000443782.6	315	25450	25135
ENST00000443784.5	17685	32167	14482
ENST00000443785.5	16390	38372	21982
ENST00000443786.3	3581	14402	10821
ENST00000443788.1	0	1561	1561
ENST00000443790.1	19	335	316
ENST00000443791.5	1790	3394	1604
ENST00000443793.1	18432	26053	7621
ENST00000443796.5	0	114888	114888
ENST00000443798.8	2565	77670	75105
ENST00000443805.1	1060	1379	319
ENST00000443807.1	0	8299	8299
ENST00000443808.1	0	29644	29644
ENST00000443810.5	20018	42081	22063
ENST00000443813.6	18463	20959	2496
ENST00000443816.5	696	81690	80994
ENST00000443817.1	21165	60470	39305
ENST00000443819.5	7135	8612	1477
ENST00000443822.5	0	24619	24619
ENST00000443824.5	2793	116640	113847
ENST00000443826.7	169	32504	32335
ENST00000443829.5	0	10538	10538
ENST00000443831.1	197	125301	125104
ENST00000443835.1	214	4208	3994
ENST00000443841.6	592	5597	5005
ENST00000443842.1	154	1868	1714
ENST00000443853.5	0	2509	2509
ENST00000443855.5	0	46274	46274
ENST00000443863.5	312	156011	155699
ENST00000443864.6	17756	70909	53153
ENST00000443866.2	184	91681	91497
ENST00000443868.6	139	22109	21970
ENST00000443872.6	4138	10495	6357
ENST00000443874.1	145	24641	24496
ENST00000443875.5	0	6228	6228
ENST00000443878.1	3649	3739	90
ENST00000443879.2	228	9551	9323
ENST00000443880.1	0	12486	12486
ENST00000443883.2	3951	500285	496334
ENST00000443887.1	0	6647	6647
ENST00000443889.1	104	2079	1975
ENST00000443891.6	4742	6441	1699
ENST00000443894.1	0	3657	3657
ENST00000443896.5	5253	19961	14708
ENST00000443898.5	12024	18373	6349
ENST00000443900.1	168	7038	6870
ENST00000443902.6	6008	163858	157850
ENST00000443905.6	8713	37089	28376
ENST00000443908.5	167	3150	2983
ENST00000443913.2	594	12372	11778
ENST00000443915.1	0	38342	38342
ENST00000443917.6	339	8634	8295
ENST00000443925.6	728	170821	170093
ENST00000443927.5	0	5415	5415
ENST00000443937.7	129	27133	27004
ENST00000443938.6	65	10896	10831
ENST00000443940.6	2655	15277	12622
ENST00000443941.1	28	47466	47438
ENST00000443942.5	28	673	645
ENST00000443943.5	32	6549	6517
ENST00000443950.6	1023	3511	2488
ENST00000443953.5	71	327	256
ENST00000443954.5	0	6122	6122
ENST00000443957.5	1733	3372	1639
ENST00000443959.1	452	5526	5074
ENST00000443962.1	0	2898	2898
ENST00000443963.5	14	2652	2638
ENST00000443964.1	278	21376	21098
ENST00000443967.5	25064	109681	84617
ENST00000443968.2	13	102761	102748
ENST00000443972.5	0	42028	42028
ENST00000443977.1	0	14760	14760
ENST00000443979.5	74	217625	217551
ENST00000443980.6	26	19069	19043
ENST00000443981.5	641	7097	6456
ENST00000443986.3	34823	58968	24145
ENST00000443996.6	20	103926	103906
ENST00000444000.5	0	2350	2350
ENST00000444005.1	0	10063	10063
ENST00000444007.2	0	9145	9145
ENST00000444012.5	82962	106128	23166
ENST00000444016.5	10229	11498	1269
ENST00000444022.1	361	4867	4506
ENST00000444024.3	476	42385	41909
ENST00000444029.5	8487	102177	93690
ENST00000444034.2	0	7428	7428
ENST00000444035.6	1245	68859	67614
ENST00000444040.6	95168	99209	4041
ENST00000444045.1	0	17969	17969
ENST00000444047.6	5150	13952	8802
ENST00000444053.5	407	7251	6844
ENST00000444056.1	0	2689	2689
ENST00000444058.1	0	17878	17878
ENST00000444061.8	23042	105509	82467
ENST00000444064.6	634	63518	62884
ENST00000444069.5	481	1277	796
ENST00000444074.3	16	47099	47083
ENST00000444078.5	2688	4600	1912
ENST00000444081.5	0	144	144
ENST00000444083.5	4371	19489	15118
ENST00000444090.6	245	14595	14350
ENST00000444092.5	0	4587	4587
ENST00000444094.5	138	47559	47421
ENST00000444095.3	13683	36647	22964
ENST00000444096.5	617	3456	2839
ENST00000444100.2	535	1220	685
ENST00000444108.7	8	30683	30675
ENST00000444113.1	0	7410	7410
ENST00000444115.5	1240	34028	32788
ENST00000444116.1	0	2981	2981
ENST00000444117.5	4222	5623	1401
ENST00000444118.5	862	2621	1759
ENST00000444119.7	10	4862	4852
ENST00000444121.5	9465	12352	2887
ENST00000444122.3	3115	3821	706
ENST00000444124.7	4792	87070	82278
ENST00000444128.2	52	9829	9777
ENST00000444129.7	1287	32593	31306
ENST00000444133.6	120	40691	40571
ENST00000444134.5	6131	7383	1252
ENST00000444135.5	0	3528	3528
ENST00000444136.6	784	102196	101412
ENST00000444139.5	1511	28463	26952
ENST00000444142.1	86	3355	3269
ENST00000444148.1	0	5534	5534
ENST00000444149.7	1201	11518	10317
ENST00000444152.5	2548	10916	8368
ENST00000444166.1	0	186	186
ENST00000444172.6	0	1787	1787
ENST00000444173.5	0	8358	8358
ENST00000444176.1	0	8929	8929
ENST00000444177.1	740	2562	1822
ENST00000444179.5	0	2516	2516
ENST00000444183.5	0	3119	3119
ENST00000444189.7	622	3336	2714
ENST00000444190.5	40788	155353	114565
ENST00000444191.5	1793	8385	6592
ENST00000444193.5	0	17447	17447
ENST00000444194.5	16185	25858	9673
ENST00000444197.3	710	2580	1870
ENST00000444201.6	43230	45796	2566
ENST00000444202.5	1125	9221	8096
ENST00000444204.2	10355	12727	2372
ENST00000444207.1	3608	8550	4942
ENST00000444212.2	54	14915	14861
ENST00000444213.5	0	14533	14533
ENST00000444214.6	28	2568	2540
ENST00000444215.6	320	104930	104610
ENST00000444226.1	421	46309	45888
ENST00000444230.5	423	9977	9554
ENST00000444232.3	125	837	712
ENST00000444233.1	2410	28327	25917
ENST00000444237.2	1198	105391	104193
ENST00000444249.6	113	10111	9998
ENST00000444250.1	0	21713	21713
ENST00000444254.1	131	3164	3033
ENST00000444255.1	0	684	684
ENST00000444256.1	0	1663	1663
ENST00000444257.5	0	24713	24713
ENST00000444261.1	0	7109	7109
ENST00000444262.6	8996	18029	9033
ENST00000444268.1	94093	102638	8545
ENST00000444272.2	53	30282	30229
ENST00000444278.3	15	25336	25321
ENST00000444280.6	0	158803	158803
ENST00000444281.1	0	23197	23197
ENST00000444282.5	0	37743	37743
ENST00000444293.5	40	1565	1525
ENST00000444294.7	858	55658	54800
ENST00000444297.2	0	35513	35513
ENST00000444298.5	9133	30920	21787
ENST00000444300.1	471	25529	25058
ENST00000444303.6	31793	57372	25579
ENST00000444304.3	7711	15628	7917
ENST00000444305.5	187	13561	13374
ENST00000444310.5	150	47381	47231
ENST00000444311.1	0	40167	40167
ENST00000444313.8	2405	26479	24074
ENST00000444315.6	123817	129191	5374
ENST00000444316.2	16002	262164	246162
ENST00000444317.1	347	28740	28393
ENST00000444321.2	177	117484	117307
ENST00000444328.7	50470	59347	8877
ENST00000444333.2	1740	19014	17274
ENST00000444334.5	58	18498	18440
ENST00000444335.1	61	407	346
ENST00000444337.1	3	8165	8162
ENST00000444338.1	0	3330	3330
ENST00000444341.1	0	422	422
ENST00000444342.2	497	4915	4418
ENST00000444344.5	0	7723	7723
ENST00000444347.2	1314	28947	27633
ENST00000444351.5	0	32728	32728
ENST00000444354.6	1517	30226	28709
ENST00000444358.1	0	2737	2737
ENST00000444363.5	2122	4576	2454
ENST00000444366.2	1	9631	9630
ENST00000444368.1	14148	14910	762
ENST00000444371.1	0	4740	4740
ENST00000444373.6	0	34383	34383
ENST00000444376.7	4156	16414	12258
ENST00000444377.5	3419	30574	27155
ENST00000444384.3	0	41810	41810
ENST00000444385.5	0	42495	42495
ENST00000444387.7	2064	9573	7509
ENST00000444391.5	0	21060	21060
ENST00000444392.5	806	1346	540
ENST00000444393.7	202	4300	4098
ENST00000444394.7	0	47805	47805
ENST00000444396.5	1613	4295	2682
ENST00000444408.1	0	11035	11035
ENST00000444411.5	371	1682	1311
ENST00000444415.7	73	7228	7155
ENST00000444421.5	23132	24207	1075
ENST00000444422.2	0	12748	12748
ENST00000444427.5	85	8650	8565
ENST00000444428.5	21	58181	58160
ENST00000444430.3	0	21284	21284
ENST00000444434.1	0	11262	11262
ENST00000444437.5	238	9130	8892
ENST00000444440.1	0	4805	4805
ENST00000444443.6	3515	21491	17976
ENST00000444444.2	30	15946	15916
ENST00000444446.1	0	1910	1910
ENST00000444448.6	4496	68488	63992
ENST00000444449.6	93	37790	37697
ENST00000444450.5	0	8370	8370
ENST00000444452.5	2875	3804	929
ENST00000444453.5	7841	11012	3171
ENST00000444455.5	237	8491	8254
ENST00000444457.5	4	734	730
ENST00000444458.5	3626	22234	18608
ENST00000444459.1	2891	15412	12521
ENST00000444460.7	437	8654	8217
ENST00000444469.4	4488	5542	1054
ENST00000444471.5	0	192	192
ENST00000444472.5	5193	47110	41917
ENST00000444475.5	0	5359	5359
ENST00000444486.7	130	6256	6126
ENST00000444487.1	0	9057	9057
ENST00000444490.6	532	31232	30700
ENST00000444491.5	76377	93094	16717
ENST00000444493.5	0	12348	12348
ENST00000444498.5	23	9853	9830
ENST00000444502.5	14028	19060	5032
ENST00000444508.6	2195	73310	71115
ENST00000444509.1	0	13556	13556
ENST00000444510.6	770	3601	2831
ENST00000444511.6	454	11316	10862
ENST00000444512.2	891	4431	3540
ENST00000444517.5	1611	10130	8519
ENST00000444519.5	648	2584	1936
ENST00000444521.6	46	3405	3359
ENST00000444522.6	204	3281	3077
ENST00000444523.1	122	8714	8592
ENST00000444531.5	246	2530	2284
ENST00000444533.5	92	13332	13240
ENST00000444537.5	0	52083	52083
ENST00000444541.7	3	32056	32053
ENST00000444545.5	4529	10976	6447
ENST00000444547.6	119	45378	45259
ENST00000444548.6	455	57156	56701
ENST00000444559.5	0	87626	87626
ENST00000444560.1	901	1610	709
ENST00000444564.2	40	44106	44066
ENST00000444565.2	689	6897	6208
ENST00000444566.5	0	9991	9991
ENST00000444569.5	0	79089	79089
ENST00000444570.5	0	50221	50221
ENST00000444572.6	48218	97475	49257
ENST00000444573.2	0	103503	103503
ENST00000444574.1	485	64380	63895
ENST00000444578.1	0	2426	2426
ENST00000444584.1	110	38623	38513
ENST00000444587.1	1090	1427	337
ENST00000444589.6	258	51133	50875
ENST00000444595.6	82533	127486	44953
ENST00000444602.2	16023	24026	8003
ENST00000444604.1	20395	35217	14822
ENST00000444610.8	197	32462	32265
ENST00000444611.5	0	9529	9529
ENST00000444614.8	931	33838	32907
ENST00000444615.1	0	5028	5028
ENST00000444616.5	17579	66528	48949
ENST00000444619.5	26293	34883	8590
ENST00000444620.2	0	37784	37784
ENST00000444621.1	0	2006	2006
ENST00000444623.6	851	17272	16421
ENST00000444626.5	328	10259	9931
ENST00000444627.5	535	182426	181891
ENST00000444636.5	86	74358	74272
ENST00000444637.6	1793	4443	2650
ENST00000444639.5	3730	4322	592
ENST00000444643.8	2950	23151	20201
ENST00000444651.5	40	19568	19528
ENST00000444659.6	45679	176733	131054
ENST00000444664.5	416	3697	3281
ENST00000444666.6	25	33866	33841
ENST00000444670.5	0	72018	72018
ENST00000444671.6	4046	27267	23221
ENST00000444676.5	17716	104459	86743
ENST00000444677.5	18636	89412	70776
ENST00000444681.6	293	4059	3766
ENST00000444685.1	0	2242	2242
ENST00000444689.1	0	469	469
ENST00000444696.5	373	3283	2910
ENST00000444703.1	0	1634	1634
ENST00000444704.5	3	12574	12571
ENST00000444712.5	75412	124201	48789
ENST00000444713.5	3136	11522	8386
ENST00000444716.5	91903	451810	359907
ENST00000444717.1	4215	12485	8270
ENST00000444718.5	1314	17102	15788
ENST00000444719.5	70600	130036	59436
ENST00000444723.3	1282	2996	1714
ENST00000444724.5	29648	50187	20539
ENST00000444732.1	0	8737	8737
ENST00000444733.5	36958	86326	49368
ENST00000444735.5	158	23594	23436
ENST00000444736.5	1926	28109	26183
ENST00000444739.7	1890	26782	24892
ENST00000444740.2	0	4231	4231
ENST00000444741.5	4855	9254	4399
ENST00000444746.7	522	72547	72025
ENST00000444748.5	9411	10530	1119
ENST00000444749.6	1470	29979	28509
ENST00000444757.5	353	2904	2551
ENST00000444759.5	23883	42008	18125
ENST00000444760.5	0	6597	6597
ENST00000444761.6	3596	40171	36575
ENST00000444766.7	2190	66157	63967
ENST00000444771.5	0	5038	5038
ENST00000444772.3	83	5291	5208
ENST00000444774.3	1891	10789	8898
ENST00000444775.2	0	839	839
ENST00000444776.1	0	120799	120799
ENST00000444777.1	0	2157	2157
ENST00000444778.1	6128	10890	4762
ENST00000444780.7	198	24281	24083
ENST00000444781.5	0	27529	27529
ENST00000444782.5	1276	4394	3118
ENST00000444784.5	38488	44337	5849
ENST00000444798.1	12	6197	6185
ENST00000444799.5	1309	60751	59442
ENST00000444801.5	144	20436	20292
ENST00000444802.5	13064	14902	1838
ENST00000444807.6	6147	11179	5032
ENST00000444811.6	75	7257	7182
ENST00000444817.1	0	13107	13107
ENST00000444822.5	4962	28315	23353
ENST00000444829.7	254	28142	27888
ENST00000444832.5	13935	21652	7717
ENST00000444834.6	0	1104	1104
ENST00000444836.5	8988	33635	24647
ENST00000444837.6	151	1442	1291
ENST00000444839.1	664	27912	27248
ENST00000444840.6	771	13861	13090
ENST00000444842.7	649	153676	153027
ENST00000444844.1	0	26100	26100
ENST00000444845.5	265	1676	1411
ENST00000444847.2	12970	14966	1996
ENST00000444851.5	0	48210	48210
ENST00000444859.5	11727	32513	20786
ENST00000444861.5	558	8081	7523
ENST00000444864.6	5238	56267	51029
ENST00000444866.5	0	6881	6881
ENST00000444867.1	373	72408	72035
ENST00000444869.5	0	4162	4162
ENST00000444870.7	2587	3363	776
ENST00000444878.5	36203	36666	463
ENST00000444881.5	1277	8862	7585
ENST00000444882.5	304	123347	123043
ENST00000444897.3	31	13296	13265
ENST00000444903.2	0	760	760
ENST00000444905.5	99	38359	38260
ENST00000444906.1	0	2149	2149
ENST00000444908.7	82043	106304	24261
ENST00000444911.6	683	86887	86204
ENST00000444914.7	420	25884	25464
ENST00000444916.5	56298	62398	6100
ENST00000444932.1	0	9736	9736
ENST00000444935.5	1208	11545	10337
ENST00000444946.6	357	11510	11153
ENST00000444948.5	73	9437	9364
ENST00000444951.5	1267	2267	1000
ENST00000444957.3	2452	5852	3400
ENST00000444960.6	1319	44907	43588
ENST00000444967.5	0	25532	25532
ENST00000444971.6	18	18741	18723
ENST00000444973.5	43705	81999	38294
ENST00000444975.5	90	102961	102871
ENST00000444983.6	57	12295	12238
ENST00000444984.1	59	39437	39378
ENST00000444987.1	5642	14825	9183
ENST00000444991.6	6446	83168	76722
ENST00000444997.1	4073	16577	12504
ENST00000444999.5	5502	14311	8809
ENST00000445005.5	9000	14079	5079
ENST00000445006.5	2478	6112	3634
ENST00000445008.6	9490	36592	27102
ENST00000445014.3	0	2593	2593
ENST00000445019.5	319	3184	2865
ENST00000445023.6	25598	63641	38043
ENST00000445025.1	0	20759	20759
ENST00000445029.5	7898	11831	3933
ENST00000445030.5	8878	20071	11193
ENST00000445032.5	117	1475	1358
ENST00000445033.5	309	603620	603311
ENST00000445038.5	14	81849	81835
ENST00000445044.5	5062	6347	1285
ENST00000445045.1	0	716	716
ENST00000445046.1	392	19024	18632
ENST00000445048.2	55	4014	3959
ENST00000445049.1	1594	1922	328
ENST00000445053.1	0	4972	4972
ENST00000445054.5	1342	180529	179187
ENST00000445055.6	330	40949	40619
ENST00000445060.1	0	2561	2561
ENST00000445061.6	7546	50541	42995
ENST00000445062.6	3133	8076	4943
ENST00000445063.5	40719	63137	22418
ENST00000445064.1	0	1288	1288
ENST00000445065.5	3387	131307	127920
ENST00000445067.6	26959	42750	15791
ENST00000445068.1	134	621	487
ENST00000445071.5	14972	27008	12036
ENST00000445086.6	382	4060	3678
ENST00000445087.1	128	175990	175862
ENST00000445089.5	7327	17715	10388
ENST00000445090.5	53236	169813	116577
ENST00000445091.3	1270	5150	3880
ENST00000445092.5	0	414	414
ENST00000445095.5	88	12097	12009
ENST00000445096.5	10456	14027	3571
ENST00000445101.4	834	2047	1213
ENST00000445102.1	1674	3033	1359
ENST00000445105.7	4622	588341	583719
ENST00000445108.5	1267	32367	31100
ENST00000445110.5	16452	23594	7142
ENST00000445115.5	0	4912	4912
ENST00000445120.5	30473	30703	230
ENST00000445124.5	2500	9673	7173
ENST00000445129.1	61	38118	38057
ENST00000445132.3	3417	5575	2158
ENST00000445139.1	12	3701	3689
ENST00000445140.6	14	65064	65050
ENST00000445143.6	331	13028	12697
ENST00000445146.1	158	32048	31890
ENST00000445148.2	1155	7607	6452
ENST00000445150.3	45	3719	3674
ENST00000445153.1	0	18763	18763
ENST00000445155.5	227	12976	12749
ENST00000445156.1	0	3432	3432
ENST00000445160.2	0	13100	13100
ENST00000445164.6	529	28008	27479
ENST00000445167.7	980	8745	7765
ENST00000445169.1	4993	5375	382
ENST00000445170.5	13	23706	23693
ENST00000445175.1	0	5478	5478
ENST00000445177.6	2997	259096	256099
ENST00000445183.5	3949	32201	28252
ENST00000445185.1	26	21485	21459
ENST00000445186.5	5038	178361	173323
ENST00000445187.6	118	18607	18489
ENST00000445189.5	13484	31874	18390
ENST00000445192.7	597	21696	21099
ENST00000445193.7	4068	11598	7530
ENST00000445195.5	52	5911	5859
ENST00000445196.5	2019	4120	2101
ENST00000445202.2	25	2763	2738
ENST00000445203.6	217	100128	99911
ENST00000445205.1	0	3077	3077
ENST00000445208.5	158	2175	2017
ENST00000445210.1	0	12323	12323
ENST00000445214.2	624	8655	8031
ENST00000445215.5	11853	31973	20120
ENST00000445217.5	35	15685	15650
ENST00000445220.7	0	37604	37604
ENST00000445223.1	149	18699	18550
ENST00000445224.6	324	57635	57311
ENST00000445228.6	0	14633	14633
ENST00000445229.1	0	7937	7937
ENST00000445236.3	0	166	166
ENST00000445237.2	0	437	437
ENST00000445239.1	0	12573	12573
ENST00000445245.5	27963	44189	16226
ENST00000445261.5	10	11095	11085
ENST00000445265.6	81	45590	45509
ENST00000445268.5	13332	17504	4172
ENST00000445270.1	120	10354	10234
ENST00000445273.6	2347	29450	27103
ENST00000445274.1	0	20878	20878
ENST00000445275.6	114	61251	61137
ENST00000445281.5	13292	63970	50678
ENST00000445288.5	52380	83736	31356
ENST00000445291.5	38	5039	5001
ENST00000445294.5	0	104206	104206
ENST00000445295.1	0	1950	1950
ENST00000445297.5	892	5414	4522
ENST00000445299.6	17326	65183	47857
ENST00000445307.4	0	1282	1282
ENST00000445322.1	0	27999	27999
ENST00000445323.7	135	71333	71198
ENST00000445327.6	135	9773	9638
ENST00000445328.6	213	26320	26107
ENST00000445329.5	8597	15527	6930
ENST00000445335.1	640	5991	5351
ENST00000445337.1	0	1400	1400
ENST00000445343.5	0	9800	9800
ENST00000445347.2	818	8578	7760
ENST00000445352.8	25268	57352	32084
ENST00000445355.8	736	16843	16107
ENST00000445356.1	1883	9477	7594
ENST00000445360.5	8231	148020	139789
ENST00000445366.1	13086	16717	3631
ENST00000445369.3	440	1740	1300
ENST00000445375.5	0	8026	8026
ENST00000445378.5	2364	38205	35841
ENST00000445385.3	86	7251	7165
ENST00000445387.5	47928	111857	63929
ENST00000445388.5	3279	5736	2457
ENST00000445392.5	37742	82302	44560
ENST00000445393.5	177	42519	42342
ENST00000445399.5	2431	104925	102494
ENST00000445401.5	87863	108844	20981
ENST00000445402.5	20	17387	17367
ENST00000445409.7	257	14143	13886
ENST00000445411.5	0	144942	144942
ENST00000445413.6	8067	50442	42375
ENST00000445422.5	24102	45979	21877
ENST00000445424.5	5181	7857	2676
ENST00000445425.6	1072	17024	15952
ENST00000445426.1	709	8539	7830
ENST00000445435.1	0	12596	12596
ENST00000445439.7	48	103934	103886
ENST00000445445.5	1064	3860	2796
ENST00000445470.6	47	30693	30646
ENST00000445472.1	0	3591	3591
ENST00000445474.2	0	112424	112424
ENST00000445478.6	3857	14878	11021
ENST00000445482.2	483	4171	3688
ENST00000445484.5	0	9798	9798
ENST00000445489.1	259	31351	31092
ENST00000445494.6	0	36971	36971
ENST00000445499.3	103	24314	24211
ENST00000445501.6	47866	96715	48849
ENST00000445503.5	152	16028	15876
ENST00000445505.5	373	2836	2463
ENST00000445506.6	42	77559	77517
ENST00000445510.5	6667	22393	15726
ENST00000445512.5	5942	19609	13667
ENST00000445516.2	14160	43171	29011
ENST00000445517.1	164	15231	15067
ENST00000445518.1	1663	2345	682
ENST00000445522.6	482	11007	10525
ENST00000445533.1	0	27437	27437
ENST00000445537.6	2871	49888	47017
ENST00000445543.2	1215	22646	21431
ENST00000445545.6	0	42230	42230
ENST00000445546.1	729	1665	936
ENST00000445547.1	0	2048	2048
ENST00000445552.6	416	59992	59576
ENST00000445557.1	0	1850	1850
ENST00000445558.6	0	2448	2448
ENST00000445560.6	1023	1806	783
ENST00000445561.5	1431	12012	10581
ENST00000445564.5	101	1514	1413
ENST00000445566.1	0	18982	18982
ENST00000445569.6	23850	89631	65781
ENST00000445570.5	36597	83476	46879
ENST00000445578.5	0	66421	66421
ENST00000445580.1	0	16590	16590
ENST00000445582.5	43410	53262	9852
ENST00000445587.5	405	36958	36553
ENST00000445590.4	9344	13323	3979
ENST00000445593.6	680	77358	76678
ENST00000445595.2	2256	19973	17717
ENST00000445596.5	306	2032	1726
ENST00000445597.6	0	513464	513464
ENST00000445603.1	22429	113132	90703
ENST00000445605.5	0	24393	24393
ENST00000445609.7	446	83631	83185
ENST00000445616.5	364	3367	3003
ENST00000445620.5	5	9887	9882
ENST00000445622.6	6076	19779	13703
ENST00000445623.1	0	1838	1838
ENST00000445625.1	0	26608	26608
ENST00000445626.6	92	8013	7921
ENST00000445628.5	1499	3107	1608
ENST00000445632.7	277	49766	49489
ENST00000445633.5	30555	37340	6785
ENST00000445634.2	0	25969	25969
ENST00000445635.5	472	3061	2589
ENST00000445642.6	2566	91530	88964
ENST00000445645.5	0	1619	1619
ENST00000445648.5	612	7152	6540
ENST00000445649.1	2838	3324	486
ENST00000445655.5	7839	8986	1147
ENST00000445656.5	0	5533	5533
ENST00000445658.6	263	30981	30718
ENST00000445668.5	14152	44709	30557
ENST00000445676.5	59	63777	63718
ENST00000445684.5	161	111125	110964
ENST00000445686.1	11246	24020	12774
ENST00000445690.7	935	42486	41551
ENST00000445692.5	129	68548	68419
ENST00000445693.5	6250	152006	145756
ENST00000445694.5	57168	62086	4918
ENST00000445696.6	247	5032	4785
ENST00000445697.1	0	17328	17328
ENST00000445698.1	0	2683	2683
ENST00000445699.5	102	5152	5050
ENST00000445701.5	0	7578	7578
ENST00000445704.1	0	7089	7089
ENST00000445705.1	0	2490	2490
ENST00000445716.6	1527	30263	28736
ENST00000445719.2	15	2701	2686
ENST00000445720.1	171	5478	5307
ENST00000445721.5	3570	3628	58
ENST00000445722.2	516	17053	16537
ENST00000445723.5	0	468	468
ENST00000445724.3	1784	24453	22669
ENST00000445726.5	2782	60627	57845
ENST00000445728.7	13183	23625	10442
ENST00000445741.6	163867	406195	242328
ENST00000445750.1	0	82	82
ENST00000445755.7	3406	11362	7956
ENST00000445766.7	1452	16642	15190
ENST00000445768.5	0	910	910
ENST00000445771.6	508	39373	38865
ENST00000445772.1	233	2343	2110
ENST00000445774.2	4210	7311	3101
ENST00000445776.1	0	3023	3023
ENST00000445781.5	106421	123311	16890
ENST00000445790.1	0	276	276
ENST00000445802.5	1470	2700	1230
ENST00000445803.5	25713	40940	15227
ENST00000445809.5	33736	48045	14309
ENST00000445811.5	2525	9746	7221
ENST00000445815.2	645	44667	44022
ENST00000445816.5	40	1607	1567
ENST00000445819.5	50	11852	11802
ENST00000445823.6	34	27622	27588
ENST00000445828.5	3159	23397	20238
ENST00000445830.1	15782	16226	444
ENST00000445832.7	1734	10683	8949
ENST00000445842.1	246	19591	19345
ENST00000445843.7	959	32976	32017
ENST00000445846.1	132	28890	28758
ENST00000445853.5	0	2711	2711
ENST00000445855.1	0	47803	47803
ENST00000445863.1	0	6036	6036
ENST00000445866.7	270	72240	71970
ENST00000445870.5	0	8382	8382
ENST00000445877.6	20182	23930	3748
ENST00000445886.5	0	120826	120826
ENST00000445888.6	1191	9342	8151
ENST00000445889.5	36572	36996	424
ENST00000445890.6	18792	119364	100572
ENST00000445895.2	114	11353	11239
ENST00000445902.3	566	23546	22980
ENST00000445906.1	1429	4866	3437
ENST00000445907.6	146197	148991	2794
ENST00000445911.5	106	17543	17437
ENST00000445912.5	399	42994	42595
ENST00000445915.6	67	50440	50373
ENST00000445916.1	0	3158	3158
ENST00000445919.6	4159	8503	4344
ENST00000445921.5	116	17852	17736
ENST00000445922.2	3279	5959	2680
ENST00000445927.7	20	68997	68977
ENST00000445930.7	20	21567	21547
ENST00000445933.6	22	7486	7464
ENST00000445935.5	0	270	270
ENST00000445941.5	73562	115712	42150
ENST00000445943.5	3	281800	281797
ENST00000445946.5	2796	3862	1066
ENST00000445950.2	152	80720	80568
ENST00000445951.5	0	33321	33321
ENST00000445952.2	0	17961	17961
ENST00000445957.2	0	166	166
ENST00000445960.5	50	83952	83902
ENST00000445961.5	313	6103	5790
ENST00000445964.6	137	147916	147779
ENST00000445969.1	0	4772	4772
ENST00000445971.1	30	30501	30471
ENST00000445975.1	0	6588	6588
ENST00000445980.5	195	6849	6654
ENST00000445981.5	0	18107	18107
ENST00000445983.5	86	1806	1720
ENST00000445987.5	41214	59578	18364
ENST00000445998.1	0	1324	1324
ENST00000446003.5	0	128456	128456
ENST00000446004.6	5380	56486	51106
ENST00000446007.5	56	4274	4218
ENST00000446008.5	17	22644	22627
ENST00000446009.1	0	3581	3581
ENST00000446014.6	519	31818	31299
ENST00000446015.6	3	72731	72728
ENST00000446018.5	0	21023	21023
ENST00000446023.6	1089	3757	2668
ENST00000446026.1	652	1202	550
ENST00000446031.1	18465	19422	957
ENST00000446033.2	3	9505	9502
ENST00000446041.6	225	35543	35318
ENST00000446044.5	5658	37271	31613
ENST00000446045.1	2185	16258	14073
ENST00000446046.5	696	81884	81188
ENST00000446050.7	53408	90821	37413
ENST00000446063.6	137	16206	16069
ENST00000446066.5	60670	67576	6906
ENST00000446068.6	0	18615	18615
ENST00000446070.6	727	72456	71729
ENST00000446079.5	387	26778	26391
ENST00000446085.8	54138	56793	2655
ENST00000446087.1	0	16580	16580
ENST00000446089.5	42	1769	1727
ENST00000446090.6	294	49522	49228
ENST00000446096.5	68486	77752	9266
ENST00000446103.5	0	95373	95373
ENST00000446105.6	572	13202	12630
ENST00000446108.5	7720	27399	19679
ENST00000446110.1	0	146071	146071
ENST00000446111.1	3654	6760	3106
ENST00000446113.7	82	60638	60556
ENST00000446116.5	0	179680	179680
ENST00000446119.2	7145	12017	4872
ENST00000446120.6	110	76414	76304
ENST00000446122.5	699	459446	458747
ENST00000446125.1	312	41312	41000
ENST00000446128.1	0	255518	255518
ENST00000446140.1	0	1896	1896
ENST00000446141.5	1015	30367	29352
ENST00000446142.5	10902	29759	18857
ENST00000446148.7	1035	10571	9536
ENST00000446151.6	480	5702	5222
ENST00000446152.6	0	71574	71574
ENST00000446156.5	0	1368	1368
ENST00000446157.3	206	2070	1864
ENST00000446158.5	1916	6866	4950
ENST00000446160.7	387	32892	32505
ENST00000446165.2	162	17083	16921
ENST00000446166.5	0	11887	11887
ENST00000446170.1	17221	17767	546
ENST00000446172.2	62	15379	15317
ENST00000446175.6	1092	46689	45597
ENST00000446176.7	3355	157622	154267
ENST00000446179.5	850	16553	15703
ENST00000446180.5	0	40406	40406
ENST00000446182.5	0	5336	5336
ENST00000446185.1	3	4305	4302
ENST00000446188.1	493	3245	2752
ENST00000446189.6	93	13201	13108
ENST00000446191.1	0	15908	15908
ENST00000446197.8	818	10153	9335
ENST00000446198.5	9058	57066	48008
ENST00000446202.5	35	7281	7246
ENST00000446204.6	12450	243803	231353
ENST00000446221.6	4839	6841	2002
ENST00000446222.5	0	618	618
ENST00000446223.5	364	4226	3862
ENST00000446224.5	162808	227231	64423
ENST00000446225.5	332	34478	34146
ENST00000446228.5	58	279016	278958
ENST00000446230.6	527	63625	63098
ENST00000446231.7	4712	132101	127389
ENST00000446234.6	35	8389	8354
ENST00000446236.5	5929	7860	1931
ENST00000446240.1	0	16319	16319
ENST00000446242.3	171202	250362	79160
ENST00000446247.5	20806	35472	14666
ENST00000446248.4	101	25961	25860
ENST00000446256.6	0	42995	42995
ENST00000446258.5	0	19391	19391
ENST00000446271.5	251	38364	38113
ENST00000446273.1	0	60382	60382
ENST00000446274.5	973	15446	14473
ENST00000446276.5	0	28021	28021
ENST00000446278.5	0	59130	59130
ENST00000446284.6	5075	63866	58791
ENST00000446285.6	4553	5191	638
ENST00000446289.1	138	63743	63605
ENST00000446291.1	0	4244	4244
ENST00000446292.5	295	6682	6387
ENST00000446293.6	148	29267	29119
ENST00000446294.6	1608	26657	25049
ENST00000446305.1	0	7493	7493
ENST00000446306.8	2661	145336	142675
ENST00000446312.5	42	12891	12849
ENST00000446327.6	1537	8328	6791
ENST00000446329.6	7	39592	39585
ENST00000446330.6	30766	40228	9462
ENST00000446334.1	0	3318	3318
ENST00000446339.1	348	2065	1717
ENST00000446342.5	788	6691	5903
ENST00000446344.3	3494	5238	1744
ENST00000446349.5	3865	75327	71462
ENST00000446361.7	67664	130634	62970
ENST00000446363.5	14584	22814	8230
ENST00000446375.1	0	28533	28533
ENST00000446378.3	72	121971	121899
ENST00000446381.6	518	82736	82218
ENST00000446386.2	6052	23161	17109
ENST00000446390.6	627	5771	5144
ENST00000446393.2	4741	6587	1846
ENST00000446394.5	154	104414	104260
ENST00000446403.1	0	1218	1218
ENST00000446405.5	38	2188	2150
ENST00000446408.2	261	33819	33558
ENST00000446413.6	0	125517	125517
ENST00000446419.6	682	41276	40594
ENST00000446420.2	0	81464	81464
ENST00000446428.5	0	7572	7572
ENST00000446430.2	0	5921	5921
ENST00000446440.6	539	32393	31854
ENST00000446444.2	492	16352	15860
ENST00000446446.6	516	319620	319104
ENST00000446450.6	26280	284277	257997
ENST00000446457.6	4677	6586	1909
ENST00000446461.2	15	2252	2237
ENST00000446464.7	2453	33128	30675
ENST00000446465.3	35335	37805	2470
ENST00000446471.1	1145	11821	10676
ENST00000446474.5	1420	3427	2007
ENST00000446477.7	534	12359	11825
ENST00000446480.5	0	21576	21576
ENST00000446481.6	2096	78371	76275
ENST00000446486.1	0	1298	1298
ENST00000446488.7	1092	33085	31993
ENST00000446490.5	20	278239	278219
ENST00000446494.1	14474	27323	12849
ENST00000446496.1	31173	33429	2256
ENST00000446501.6	1265	20909	19644
ENST00000446502.6	1088	8841	7753
ENST00000446503.5	7841	11012	3171
ENST00000446506.1	0	3974	3974
ENST00000446507.5	81	10209	10128
ENST00000446510.6	15611	65348	49737
ENST00000446511.1	0	286	286
ENST00000446515.1	0	11390	11390
ENST00000446523.5	87	6629	6542
ENST00000446524.2	0	1852	1852
ENST00000446526.8	2067	45370	43303
ENST00000446531.1	563	13408	12845
ENST00000446536.3	0	2410	2410
ENST00000446538.5	31	71981	71950
ENST00000446544.6	27	203805	203778
ENST00000446547.5	3500	23373	19873
ENST00000446550.1	717	1409	692
ENST00000446552.1	4	999	995
ENST00000446558.5	20	80296	80276
ENST00000446561.1	0	13491	13491
ENST00000446564.5	30352	39814	9462
ENST00000446569.1	0	7321	7321
ENST00000446571.7	2077	4680	2603
ENST00000446574.6	123	28759	28636
ENST00000446576.2	62	15413	15351
ENST00000446581.5	60	1938	1878
ENST00000446583.6	15430	69704	54274
ENST00000446587.2	536	6184	5648
ENST00000446596.5	4221	34596	30375
ENST00000446597.6	1180	98694	97514
ENST00000446598.6	4676	11216	6540
ENST00000446600.5	20804	45474	24670
ENST00000446609.7	959	48739	47780
ENST00000446612.5	10784	16452	5668
ENST00000446613.6	1113	24959	23846
ENST00000446616.1	25	2631	2606
ENST00000446617.1	0	7696	7696
ENST00000446619.1	0	42600	42600
ENST00000446620.1	0	2026	2026
ENST00000446625.6	220017	233760	13743
ENST00000446632.7	3904	39910	36006
ENST00000446634.1	1179	6405	5226
ENST00000446635.5	0	6630	6630
ENST00000446636.5	799	84469	83670
ENST00000446646.1	127	89319	89192
ENST00000446647.1	0	15647	15647
ENST00000446650.1	251	11625	11374
ENST00000446652.5	0	17865	17865
ENST00000446656.4	128	39228	39100
ENST00000446658.6	21	214178	214157
ENST00000446668.5	0	1762	1762
ENST00000446673.5	72	16748	16676
ENST00000446677.2	0	2120	2120
ENST00000446678.5	0	7131	7131
ENST00000446679.6	3	13533	13530
ENST00000446681.1	9465	13369	3904
ENST00000446688.5	1673	41813	40140
ENST00000446692.5	30464	33277	2813
ENST00000446699.1	0	12366	12366
ENST00000446700.5	161	111113	110952
ENST00000446702.7	54985	313453	258468
ENST00000446706.5	1104	5406	4302
ENST00000446710.5	7204	11528	4324
ENST00000446716.5	10678	13723	3045
ENST00000446718.1	0	42479	42479
ENST00000446723.4	5868	51270	45402
ENST00000446731.2	0	161556	161556
ENST00000446732.5	6387	21066	14679
ENST00000446735.6	923	9841	8918
ENST00000446737.5	178819	277777	98958
ENST00000446739.1	0	20888	20888
ENST00000446742.5	12	194345	194333
ENST00000446745.2	1007	2091	1084
ENST00000446746.5	0	20743	20743
ENST00000446747.7	1529	17693	16164
ENST00000446749.2	90575	330071	239496
ENST00000446750.1	0	6941	6941
ENST00000446758.5	7301	15769	8468
ENST00000446759.6	0	67215	67215
ENST00000446764.5	17868	86764	68896
ENST00000446767.2	176	5122	4946
ENST00000446769.1	0	3109	3109
ENST00000446773.6	0	6784	6784
ENST00000446774.1	0	7470	7470
ENST00000446775.5	2593	4374	1781
ENST00000446777.5	0	2947	2947
ENST00000446778.5	29	35221	35192
ENST00000446780.5	5099	33665	28566
ENST00000446782.5	4812	25190	20378
ENST00000446787.5	126	9062	8936
ENST00000446788.5	5312	14389	9077
ENST00000446790.5	17316	38733	21417
ENST00000446796.6	12516	18843	6327
ENST00000446797.2	702	47154	46452
ENST00000446801.6	13784	42976	29192
ENST00000446803.6	190	114540	114350
ENST00000446805.2	30745	52718	21973
ENST00000446808.5	16048	20199	4151
ENST00000446815.5	59382	71738	12356
ENST00000446818.6	409	350443	350034
ENST00000446820.6	0	26805	26805
ENST00000446821.5	182	37389	37207
ENST00000446822.6	36	12387	12351
ENST00000446825.1	0	78358	78358
ENST00000446827.6	336	21366	21030
ENST00000446828.5	2653	201765	199112
ENST00000446829.1	0	2948	2948
ENST00000446833.1	0	2584	2584
ENST00000446834.5	0	47989	47989
ENST00000446836.5	0	53349	53349
ENST00000446837.2	306	34504	34198
ENST00000446844.3	859	13470	12611
ENST00000446845.5	372	85931	85559
ENST00000446848.6	54548	81271	26723
ENST00000446851.6	2390	60701	58311
ENST00000446852.5	0	44991	44991
ENST00000446859.7	635	20926	20291
ENST00000446860.5	851	21946	21095
ENST00000446861.7	424	38261	37837
ENST00000446862.5	109	12549	12440
ENST00000446863.5	0	102349	102349
ENST00000446864.2	87	8610	8523
ENST00000446868.8	2046	109355	107309
ENST00000446876.1	0	60518	60518
ENST00000446877.5	7321	7583	262
ENST00000446879.5	559	9140	8581
ENST00000446885.1	0	5229	5229
ENST00000446891.7	0	342	342
ENST00000446894.5	0	37902	37902
ENST00000446896.7	14201	25656	11455
ENST00000446899.5	0	14106	14106
ENST00000446903.5	0	157018	157018
ENST00000446904.5	53379	60181	6802
ENST00000446905.5	0	47567	47567
ENST00000446915.1	0	22273	22273
ENST00000446916.2	0	148525	148525
ENST00000446921.6	806	256582	255776
ENST00000446922.6	382	2571	2189
ENST00000446923.7	374	209424	209050
ENST00000446924.5	28103	79599	51496
ENST00000446927.5	15	19495	19480
ENST00000446928.5	49	13690	13641
ENST00000446929.5	559	13260	12701
ENST00000446930.1	0	14093	14093
ENST00000446936.6	969	2782	1813
ENST00000446937.2	93	7277	7184
ENST00000446940.5	14033	15164	1131
ENST00000446941.2	559	13886	13327
ENST00000446942.5	3628	7740	4112
ENST00000446946.1	0	28095	28095
ENST00000446947.6	8875	43930	35055
ENST00000446957.6	3494	106093	102599
ENST00000446958.1	25	25720	25695
ENST00000446959.6	3	9505	9502
ENST00000446961.4	2382	78106	75724
ENST00000446965.2	68817	70321	1504
ENST00000446966.1	0	12543	12543
ENST00000446974.1	2927	3497	570
ENST00000446977.2	2037	95732	93695
ENST00000446985.6	87691	151419	63728
ENST00000446987.5	6769	8642	1873
ENST00000446993.6	0	21199	21199
ENST00000446994.6	1550	142286	140736
ENST00000446996.5	834	3798	2964
ENST00000446997.6	103	356643	356540
ENST00000447001.8	1188	26417	25229
ENST00000447002.5	3763	4299	536
ENST00000447005.5	407	1835	1428
ENST00000447007.5	989	4866	3877
ENST00000447012.7	8831	8853	22
ENST00000447014.5	0	4274	4274
ENST00000447016.6	3018	65538	62520
ENST00000447017.7	1666	195276	193610
ENST00000447018.5	247	2596	2349
ENST00000447021.1	0	2652	2652
ENST00000447024.6	769	17425	16656
ENST00000447025.6	153	201966	201813
ENST00000447030.1	124	18985	18861
ENST00000447032.1	0	8161	8161
ENST00000447034.1	0	12096	12096
ENST00000447036.5	2836	11166	8330
ENST00000447038.5	0	44195	44195
ENST00000447040.6	0	690	690
ENST00000447041.6	18705	20348	1643
ENST00000447047.6	5443	11024	5581
ENST00000447048.1	0	6791	6791
ENST00000447062.2	7	47034	47027
ENST00000447063.6	60561	86380	25819
ENST00000447066.6	32	158617	158585
ENST00000447069.5	208	3431	3223
ENST00000447071.5	6442	15337	8895
ENST00000447079.6	586	74283	73697
ENST00000447081.5	27820	34233	6413
ENST00000447092.5	342	4115	3773
ENST00000447095.5	108917	193520	84603
ENST00000447096.1	48	11968	11920
ENST00000447098.6	848	26503	25655
ENST00000447102.8	868	4467	3599
ENST00000447103.5	8712	9757	1045
ENST00000447110.6	1726	35200	33474
ENST00000447113.6	120	11466	11346
ENST00000447114.5	0	25382	25382
ENST00000447116.6	867	12968	12101
ENST00000447118.5	26	1644	1618
ENST00000447121.2	0	6905	6905
ENST00000447124.1	19109	20797	1688
ENST00000447128.5	5436	6190	754
ENST00000447130.1	0	25814	25814
ENST00000447132.5	0	4824	4824
ENST00000447133.7	3265	21818	18553
ENST00000447136.1	0	3377	3377
ENST00000447137.2	1703	38620	36917
ENST00000447144.5	111	34316	34205
ENST00000447146.7	580	5940	5360
ENST00000447156.1	0	68	68
ENST00000447157.5	362	3069	2707
ENST00000447163.6	0	14667	14667
ENST00000447165.6	1621	26670	25049
ENST00000447166.3	41	61297	61256
ENST00000447170.1	84	39524	39440
ENST00000447176.5	209	3207	2998
ENST00000447177.5	20479	26340	5861
ENST00000447180.5	0	8785	8785
ENST00000447182.6	11818	29404	17586
ENST00000447184.6	418	8721	8303
ENST00000447185.5	0	82680	82680
ENST00000447186.1	0	13481	13481
ENST00000447191.1	0	2363	2363
ENST00000447200.2	0	17469	17469
ENST00000447204.6	247	6086	5839
ENST00000447205.1	0	1451	1451
ENST00000447208.6	15730	44187	28457
ENST00000447215.5	758	559465	558707
ENST00000447219.6	0	4208	4208
ENST00000447222.5	0	34522	34522
ENST00000447223.5	7463	10901	3438
ENST00000447224.5	0	1739	1739
ENST00000447231.5	26697	27437	740
ENST00000447232.6	7266	95188	87922
ENST00000447234.7	30	14360	14330
ENST00000447240.1	374	1380	1006
ENST00000447241.6	286	80674	80388
ENST00000447245.6	79	23741	23662
ENST00000447246.2	231	55868	55637
ENST00000447251.2	0	52817	52817
ENST00000447264.2	16861	40337	23476
ENST00000447266.7	645	117023	116378
ENST00000447267.4	18	17446	17428
ENST00000447275.7	389	13508	13119
ENST00000447279.2	10070	28658	18588
ENST00000447280.6	188	64039	63851
ENST00000447282.5	2699	28329	25630
ENST00000447283.6	179	34100	33921
ENST00000447287.5	0	14541	14541
ENST00000447291.5	442	11470	11028
ENST00000447293.5	0	2204	2204
ENST00000447299.3	11115	23257	12142
ENST00000447300.1	0	24528	24528
ENST00000447302.6	1577	7539	5962
ENST00000447310.5	5138	19104	13966
ENST00000447312.5	133	19462	19329
ENST00000447313.7	112	22147	22035
ENST00000447314.5	118	2681	2563
ENST00000447318.6	396	2970	2574
ENST00000447319.5	0	7313	7313
ENST00000447324.5	34465	46055	11590
ENST00000447325.5	1608	4149	2541
ENST00000447326.5	0	18009	18009
ENST00000447328.5	21	30182	30161
ENST00000447332.3	35	9003	8968
ENST00000447333.5	33942	70309	36367
ENST00000447335.6	57	50668	50611
ENST00000447337.5	42	3407	3365
ENST00000447342.5	363	4227	3864
ENST00000447351.5	50788	62181	11393
ENST00000447353.6	419	50549	50130
ENST00000447356.1	0	15620	15620
ENST00000447360.6	4453	135517	131064
ENST00000447366.5	0	22066	22066
ENST00000447367.6	879	1220065	1219186
ENST00000447368.6	1995	53006	51011
ENST00000447370.6	988	14179	13191
ENST00000447374.5	17905	18081	176
ENST00000447376.1	556	14658	14102
ENST00000447377.5	0	4858	4858
ENST00000447379.1	1980	26962	24982
ENST00000447382.6	50205	136317	86112
ENST00000447386.5	0	24251	24251
ENST00000447388.8	47140	80117	32977
ENST00000447393.6	171	82608	82437
ENST00000447394.1	0	3080	3080
ENST00000447395.5	64	9094	9030
ENST00000447398.6	17717	104448	86731
ENST00000447399.6	103	87460	87357
ENST00000447402.7	241	9555	9314
ENST00000447403.5	0	5086	5086
ENST00000447404.6	3969	64502	60533
ENST00000447406.1	0	14089	14089
ENST00000447409.6	792	7806	7014
ENST00000447411.5	1943	29936	27993
ENST00000447414.5	0	76804	76804
ENST00000447416.5	3461	7881	4420
ENST00000447419.7	56	4454	4398
ENST00000447426.1	0	40802	40802
ENST00000447428.5	4596	21355	16759
ENST00000447436.5	17	1460	1443
ENST00000447441.6	0	116704	116704
ENST00000447443.1	25	3905	3880
ENST00000447444.5	577	40329	39752
ENST00000447445.1	195	27597	27402
ENST00000447452.6	384	40873	40489
ENST00000447459.7	3845	276882	273037
ENST00000447463.5	0	1997	1997
ENST00000447464.1	0	3843	3843
ENST00000447466.1	0	68446	68446
ENST00000447467.6	32176	326904	294728
ENST00000447468.7	12478	48902	36424
ENST00000447472.6	709	8670	7961
ENST00000447473.6	5686	8235	2549
ENST00000447475.7	3	62835	62832
ENST00000447480.5	35	42745	42710
ENST00000447484.5	0	49443	49443
ENST00000447485.6	30	20571	20541
ENST00000447486.5	2643	37972	35329
ENST00000447489.1	772	6810	6038
ENST00000447496.6	3487	199140	195653
ENST00000447498.5	73	272807	272734
ENST00000447499.1	19584	20104	520
ENST00000447501.5	2	14388	14386
ENST00000447510.7	2842	110247	107405
ENST00000447513.7	1795	9500	7705
ENST00000447515.5	9423	9589	166
ENST00000447516.5	0	116162	116162
ENST00000447522.5	0	23798	23798
ENST00000447523.1	0	276561	276561
ENST00000447527.1	0	15772	15772
ENST00000447530.5	2479	3011	532
ENST00000447531.5	3017	6297	3280
ENST00000447532.6	722	8659	7937
ENST00000447533.5	50943	69799	18856
ENST00000447535.2	1724	2682	958
ENST00000447536.5	1374	19877	18503
ENST00000447539.5	29619	41998	12379
ENST00000447540.6	101099	278554	177455
ENST00000447541.5	0	424	424
ENST00000447544.7	8099	36906	28807
ENST00000447555.5	69	34112	34043
ENST00000447564.2	15	18675	18660
ENST00000447566.5	22113	48886	26773
ENST00000447567.1	8531	8977	446
ENST00000447569.6	92	152010	151918
ENST00000447573.5	25	670	645
ENST00000447578.6	383	1775	1392
ENST00000447580.1	3616	10026	6410
ENST00000447581.2	8449	10145	1696
ENST00000447591.5	43	50152	50109
ENST00000447595.1	207	9269	9062
ENST00000447596.4	4	28669	28665
ENST00000447601.7	643	10282	9639
ENST00000447605.2	4	2222	2218
ENST00000447607.5	0	6689	6689
ENST00000447608.1	176	52554	52378
ENST00000447609.5	2804	52871	50067
ENST00000447611.6	3644	72154	68510
ENST00000447614.6	1431	12426	10995
ENST00000447616.6	8507	19612	11105
ENST00000447619.5	880	1100	220
ENST00000447620.5	0	159837	159837
ENST00000447624.1	65	29610	29545
ENST00000447630.5	9058	12894	3836
ENST00000447632.6	902	36724	35822
ENST00000447637.1	145621	146297	676
ENST00000447645.5	1555	127611	126056
ENST00000447647.5	770	2196	1426
ENST00000447648.7	2769	34993	32224
ENST00000447653.8	4304	8020	3716
ENST00000447654.5	3908	8325	4417
ENST00000447658.1	0	15675	15675
ENST00000447660.3	115	1519	1404
ENST00000447662.1	29961	61965	32004
ENST00000447667.2	510	75408	74898
ENST00000447669.6	357	16022	15665
ENST00000447673.1	0	17361	17361
ENST00000447676.6	440	5422	4982
ENST00000447677.5	125	11852	11727
ENST00000447695.5	55	5507	5452
ENST00000447696.5	0	2535	2535
ENST00000447698.5	3107	21346	18239
ENST00000447699.7	18885	82540	63655
ENST00000447701.2	0	20218	20218
ENST00000447706.6	1008	44577	43569
ENST00000447712.7	2488	48752	46264
ENST00000447713.1	10817	184884	174067
ENST00000447715.6	4525	45428	40903
ENST00000447724.1	0	3716	3716
ENST00000447726.6	376	218790	218414
ENST00000447731.6	0	102	102
ENST00000447733.5	18649	49297	30648
ENST00000447734.5	7245	33599	26354
ENST00000447736.1	0	286	286
ENST00000447738.1	242	98256	98014
ENST00000447739.1	0	4136	4136
ENST00000447740.6	3609	34367	30758
ENST00000447742.6	755	14473	13718
ENST00000447745.5	0	20207	20207
ENST00000447746.6	0	3843	3843
ENST00000447747.5	2842	4829	1987
ENST00000447750.7	101	6845	6744
ENST00000447751.5	225	20676	20451
ENST00000447756.2	739	21596	20857
ENST00000447759.5	34884	38588	3704
ENST00000447762.5	233	23603	23370
ENST00000447768.7	104	3182	3078
ENST00000447769.1	56522	58350	1828
ENST00000447771.6	235	10569	10334
ENST00000447778.5	68452	77836	9384
ENST00000447782.1	35	2238	2203
ENST00000447788.6	1965	61099	59134
ENST00000447789.5	5445	18794	13349
ENST00000447791.1	0	20192	20192
ENST00000447792.2	0	39682	39682
ENST00000447796.1	237	9658	9421
ENST00000447799.5	7379	15293	7914
ENST00000447801.5	49	30767	30718
ENST00000447802.3	3867	46805	42938
ENST00000447804.1	0	1010	1010
ENST00000447810.5	2470	9549	7079
ENST00000447813.6	389	12707	12318
ENST00000447814.1	0	12556	12556
ENST00000447817.1	0	47075	47075
ENST00000447819.1	0	20002	20002
ENST00000447825.5	80941	83218	2277
ENST00000447829.6	7252	26948	19696
ENST00000447830.2	90	35536	35446
ENST00000447833.1	0	13277	13277
ENST00000447836.6	25062	103242	78180
ENST00000447837.1	454	2522	2068
ENST00000447838.6	133764	199939	66175
ENST00000447839.7	138	20944	20806
ENST00000447841.5	0	216	216
ENST00000447847.2	192	49990	49798
ENST00000447849.2	0	12080	12080
ENST00000447850.3	0	3685	3685
ENST00000447857.8	2635	30925	28290
ENST00000447863.5	12530	30596	18066
ENST00000447866.5	1271	12862	11591
ENST00000447868.5	0	23877	23877
ENST00000447869.5	642	84564	83922
ENST00000447870.6	1632	5089	3457
ENST00000447871.5	231	2766	2535
ENST00000447872.5	1413	23465	22052
ENST00000447873.6	279	72149	71870
ENST00000447875.5	0	76914	76914
ENST00000447877.5	0	18894	18894
ENST00000447878.6	1030	12497	11467
ENST00000447879.6	108	149521	149413
ENST00000447885.1	0	4027	4027
ENST00000447886.1	0	49812	49812
ENST00000447887.5	19	172908	172889
ENST00000447892.1	0	3099	3099
ENST00000447894.6	0	148238	148238
ENST00000447901.1	1950	7883	5933
ENST00000447906.8	3783	49644	45861
ENST00000447913.5	526	12140	11614
ENST00000447915.5	3791	5484	1693
ENST00000447923.5	8415	24910	16495
ENST00000447924.1	12679	13941	1262
ENST00000447926.6	3501	4343	842
ENST00000447927.6	1077	5897	4820
ENST00000447929.5	18808	21914	3106
ENST00000447932.6	1663	50195	48532
ENST00000447934.1	0	228	228
ENST00000447935.3	38898	71674	32776
ENST00000447939.1	0	15493	15493
ENST00000447941.5	0	16194	16194
ENST00000447944.7	2179	62083	59904
ENST00000447951.1	0	2067	2067
ENST00000447952.7	228	19882	19654
ENST00000447958.1	0	116	116
ENST00000447964.1	0	15089	15089
ENST00000447966.7	1171	25623	24452
ENST00000447973.5	84	14694	14610
ENST00000447976.1	2287	14927	12640
ENST00000447980.1	114	19051	18937
ENST00000447990.1	3	138948	138945
ENST00000447995.2	72	21657	21585
ENST00000447998.7	2712	51920	49208
ENST00000448002.6	8969	263572	254603
ENST00000448003.1	0	10266	10266
ENST00000448007.6	945	12922	11977
ENST00000448008.1	0	53857	53857
ENST00000448020.1	187909	188565	656
ENST00000448022.1	473	1059	586
ENST00000448025.6	0	632059	632059
ENST00000448029.5	1370	15472	14102
ENST00000448034.5	43	68273	68230
ENST00000448039.6	0	76506	76506
ENST00000448040.2	0	192	192
ENST00000448044.5	20848	55157	34309
ENST00000448045.1	20	189080	189060
ENST00000448048.7	305	23716	23411
ENST00000448051.7	1430	45817	44387
ENST00000448060.7	1961	13504	11543
ENST00000448068.5	0	7792	7792
ENST00000448069.2	35	7929	7894
ENST00000448072.5	68	7429	7361
ENST00000448073.8	27	321782	321755
ENST00000448075.1	0	7684	7684
ENST00000448076.9	382	48228	47846
ENST00000448077.6	4580	84718	80138
ENST00000448078.1	3226	9220	5994
ENST00000448083.6	840	8795	7955
ENST00000448084.6	0	31254	31254
ENST00000448087.5	1219	8376	7157
ENST00000448094.5	9580	19639	10059
ENST00000448097.7	11338	24210	12872
ENST00000448100.6	1116	29978	28862
ENST00000448103.5	526	12391	11865
ENST00000448105.6	10674	33365	22691
ENST00000448108.7	597	4566	3969
ENST00000448110.6	996	20395	19399
ENST00000448116.7	1508	9968	8460
ENST00000448119.2	12186	12324	138
ENST00000448120.7	57	49865	49808
ENST00000448127.1	0	5120	5120
ENST00000448128.5	10378	21156	10778
ENST00000448137.5	0	3084	3084
ENST00000448139.6	2197	9986	7789
ENST00000448141.6	0	6633	6633
ENST00000448155.2	23	850	827
ENST00000448156.3	0	6203	6203
ENST00000448157.6	315	24242	23927
ENST00000448162.6	0	6507	6507
ENST00000448165.1	0	6589	6589
ENST00000448166.6	0	34535	34535
ENST00000448175.5	5726	20693	14967
ENST00000448177.1	931	1994	1063
ENST00000448182.7	96007	128310	32303
ENST00000448183.6	30399	122823	92424
ENST00000448187.6	1167	35956	34789
ENST00000448192.1	145	4245	4100
ENST00000448193.5	1856	49848	47992
ENST00000448194.6	13412	28504	15092
ENST00000448202.5	18596	28968	10372
ENST00000448203.2	2248	6673	4425
ENST00000448212.5	3176	7981	4805
ENST00000448217.2	0	8259	8259
ENST00000448220.5	84	1721	1637
ENST00000448223.7	1690	85381	83691
ENST00000448224.1	0	2907	2907
ENST00000448225.5	5396	20699	15303
ENST00000448226.9	31	202981	202950
ENST00000448228.7	1503	12845	11342
ENST00000448232.6	0	219859	219859
ENST00000448238.2	76907	195276	118369
ENST00000448243.6	2646	6036	3390
ENST00000448244.5	2432	6558	4126
ENST00000448246.1	208	49202	48994
ENST00000448249.8	4402	40285	35883
ENST00000448254.1	10370	16773	6403
ENST00000448257.6	1673	16363	14690
ENST00000448268.5	25	6227	6202
ENST00000448276.7	860	12173	11313
ENST00000448277.5	1044	38510	37466
ENST00000448279.2	16069	19291	3222
ENST00000448281.7	742	32840	32098
ENST00000448282.6	14427	49198	34771
ENST00000448284.1	0	2869	2869
ENST00000448287.5	92440	100999	8559
ENST00000448288.6	0	642	642
ENST00000448293.5	4080	10882	6802
ENST00000448295.5	10202	11502	1300
ENST00000448299.7	415	5367	4952
ENST00000448301.7	391	32864	32473
ENST00000448302.1	1422	2594	1172
ENST00000448303.5	0	25639	25639
ENST00000448305.6	379	7890	7511
ENST00000448308.2	176	3744	3568
ENST00000448310.1	652	4383	3731
ENST00000448319.5	14428	40186	25758
ENST00000448323.5	415	66908	66493
ENST00000448324.1	0	5117	5117
ENST00000448328.6	376488	536903	160415
ENST00000448331.7	140	87627	87487
ENST00000448333.1	0	7908	7908
ENST00000448340.5	0	1990	1990
ENST00000448342.5	6150	7359	1209
ENST00000448349.2	0	342	342
ENST00000448353.5	13801	45839	32038
ENST00000448361.5	0	3989	3989
ENST00000448364.5	78395	82898	4503
ENST00000448366.6	10838	46731	35893
ENST00000448368.5	423	13747	13324
ENST00000448370.5	0	846751	846751
ENST00000448372.6	5541	63603	58062
ENST00000448382.5	4313	15869	11556
ENST00000448384.3	43	117411	117368
ENST00000448387.7	98	12396	12298
ENST00000448392.6	57474	63035	5561
ENST00000448393.6	0	42227	42227
ENST00000448394.3	126	5437	5311
ENST00000448395.6	0	9866	9866
ENST00000448398.5	1256	5589	4333
ENST00000448404.5	5431	14112	8681
ENST00000448405.5	168	51560	51392
ENST00000448408.5	56388	56976	588
ENST00000448409.5	211	17524	17313
ENST00000448410.5	38853	57670	18817
ENST00000448413.5	46071	687161	641090
ENST00000448414.5	9520	11263	1743
ENST00000448416.6	196	169037	168841
ENST00000448417.1	0	5663	5663
ENST00000448418.6	4399	196705	192306
ENST00000448420.5	5647	6775	1128
ENST00000448424.7	2055	82757	80702
ENST00000448427.1	39	123039	123000
ENST00000448428.2	0	38850	38850
ENST00000448430.6	283	81709	81426
ENST00000448443.6	1127	11448	10321
ENST00000448447.6	40	35201	35161
ENST00000448449.1	0	30406	30406
ENST00000448450.5	464	6449	5985
ENST00000448451.6	1799	9374	7575
ENST00000448456.4	20	1593	1573
ENST00000448460.5	77	29351	29274
ENST00000448461.5	43	28742	28699
ENST00000448464.6	6117	15458	9341
ENST00000448469.8	133	93666	93533
ENST00000448471.3	571	5473	4902
ENST00000448472.5	246	1311	1065
ENST00000448477.6	454	7394	6940
ENST00000448480.1	2583	47312	44729
ENST00000448481.5	67	6844	6777
ENST00000448482.1	61	26394	26333
ENST00000448484.5	4684	93342	88658
ENST00000448492.6	176	14428	14252
ENST00000448493.7	1200	228369	227169
ENST00000448496.5	106	1299	1193
ENST00000448497.1	0	7457	7457
ENST00000448498.6	23733	37724	13991
ENST00000448502.5	6094	64001	57907
ENST00000448504.6	48312	162842	114530
ENST00000448507.5	13946	123011	109065
ENST00000448510.2	0	3307	3307
ENST00000448511.5	31586	47325	15739
ENST00000448514.3	1732	3773	2041
ENST00000448516.6	18	14716	14698
ENST00000448519.2	721	19438	18717
ENST00000448520.5	0	5297	5297
ENST00000448521.6	36	17488	17452
ENST00000448523.5	2330	4539	2209
ENST00000448526.6	7612	9797	2185
ENST00000448528.6	75	255340	255265
ENST00000448530.6	1056	14261	13205
ENST00000448531.1	0	520	520
ENST00000448539.1	6543	6769	226
ENST00000448549.1	5372	15615	10243
ENST00000448551.6	16901	83268	66367
ENST00000448552.7	2418	3808	1390
ENST00000448553.5	2535	5672	3137
ENST00000448563.3	1691	7278	5587
ENST00000448568.6	0	13802	13802
ENST00000448584.7	3642	37695	34053
ENST00000448587.6	4044	10016	5972
ENST00000448589.1	0	35048	35048
ENST00000448593.6	115	26877	26762
ENST00000448598.5	12489	14214	1725
ENST00000448599.2	2225	5510	3285
ENST00000448602.5	3	489299	489296
ENST00000448604.1	0	1595	1595
ENST00000448607.1	0	857	857
ENST00000448611.6	44	15385	15341
ENST00000448612.6	383	234453	234070
ENST00000448614.1	0	16754	16754
ENST00000448616.5	1629	37545	35916
ENST00000448623.5	98	38937	38839
ENST00000448631.6	426	82300	81874
ENST00000448637.5	252837	556432	303595
ENST00000448638.5	5903	94809	88906
ENST00000448656.5	168704	284612	115908
ENST00000448660.5	4221	21986	17765
ENST00000448666.7	221	6697	6476
ENST00000448667.5	5464	12777	7313
ENST00000448673.1	0	495546	495546
ENST00000448688.6	85350	132128	46778
ENST00000448696.4	232	1478	1246
ENST00000448705.1	827	1645	818
ENST00000448708.5	0	113504	113504
ENST00000448720.5	1488	3159	1671
ENST00000448723.2	4891	378449	373558
ENST00000448726.5	3691	5174	1483
ENST00000448728.1	0	8561	8561
ENST00000448732.1	0	176	176
ENST00000448733.3	3247	46288	43041
ENST00000448741.5	33	9772	9739
ENST00000448743.5	11085	35892	24807
ENST00000448745.5	6527	26194	19667
ENST00000448750.7	0	4582	4582
ENST00000448752.7	11391	47119	35728
ENST00000448753.6	0	62646	62646
ENST00000448755.5	0	2363	2363
ENST00000448764.5	0	5039	5039
ENST00000448770.5	221	26008	25787
ENST00000448773.5	2553	12678	10125
ENST00000448775.4	3605	126180	122575
ENST00000448778.1	0	502	502
ENST00000448782.6	411	5654	5243
ENST00000448787.6	93	18288	18195
ENST00000448788.1	0	208	208
ENST00000448789.2	12860	18626	5766
ENST00000448790.7	84	21262	21178
ENST00000448795.5	0	216838	216838
ENST00000448797.3	72	958	886
ENST00000448803.6	2923	22872	19949
ENST00000448805.1	0	3303	3303
ENST00000448810.6	134	21995	21861
ENST00000448811.1	12431	13345	914
ENST00000448812.5	0	46670	46670
ENST00000448814.7	1633	19700	18067
ENST00000448815.2	120	9308	9188
ENST00000448817.1	0	5520	5520
ENST00000448819.5	0	21298	21298
ENST00000448821.6	0	19092	19092
ENST00000448823.2	708	11802	11094
ENST00000448827.6	89	8835	8746
ENST00000448828.5	24	1179	1155
ENST00000448829.1	0	14373	14373
ENST00000448830.2	23	7043	7020
ENST00000448833.5	2197	19787	17590
ENST00000448838.8	15294	80352	65058
ENST00000448841.7	106	70465	70359
ENST00000448843.7	730	24208	23478
ENST00000448845.1	12676	12904	228
ENST00000448847.1	0	1308	1308
ENST00000448849.3	21936	41515	19579
ENST00000448850.5	393	145979	145586
ENST00000448851.5	8060	11906	3846
ENST00000448854.1	129	3523	3394
ENST00000448861.5	24118	32531	8413
ENST00000448863.1	35535	61052	25517
ENST00000448864.6	778	5906	5128
ENST00000448865.5	0	6463	6463
ENST00000448866.7	127	192418	192291
ENST00000448867.1	3017	6297	3280
ENST00000448872.6	1437	21060	19623
ENST00000448874.5	136	3903	3767
ENST00000448876.5	2665	8871	6206
ENST00000448878.6	247	297231	296984
ENST00000448879.5	0	222	222
ENST00000448880.6	1296	54176	52880
ENST00000448884.6	1022	4393	3371
ENST00000448885.5	258270	845099	586829
ENST00000448890.2	264	7529	7265
ENST00000448893.1	206	2315	2109
ENST00000448903.7	152	87547	87395
ENST00000448904.6	334	37429	37095
ENST00000448905.6	2194	5101	2907
ENST00000448907.7	151	154261	154110
ENST00000448911.1	36	4259	4223
ENST00000448914.1	0	24	24
ENST00000448915.1	0	5950	5950
ENST00000448921.5	1705	7740	6035
ENST00000448923.2	1676	2332	656
ENST00000448925.1	152	3190	3038
ENST00000448926.5	98183	115106	16923
ENST00000448928.7	555	6910	6355
ENST00000448933.5	2819	9484	6665
ENST00000448935.6	199	27996	27797
ENST00000448940.5	4405	94042	89637
ENST00000448943.2	184	1142	958
ENST00000448944.1	209	41438	41229
ENST00000448950.5	126	7435	7309
ENST00000448951.6	7359	50453	43094
ENST00000448952.1	0	35504	35504
ENST00000448954.2	0	9278	9278
ENST00000448959.5	0	47465	47465
ENST00000448962.5	327	31121	30794
ENST00000448966.1	0	4051	4051
ENST00000448971.5	223	13868	13645
ENST00000448981.6	381	28989	28608
ENST00000448984.1	4106	11791	7685
ENST00000448989.5	0	19399	19399
ENST00000448992.5	28638	29380	742
ENST00000448993.1	13072	13188	116
ENST00000448997.5	1627	2567	940
ENST00000449001.6	494	17750	17256
ENST00000449013.1	0	2000	2000
ENST00000449014.5	9097	9185	88
ENST00000449018.7	0	54618	54618
ENST00000449022.7	1757	571784	570027
ENST00000449025.5	0	10039	10039
ENST00000449027.1	0	14556	14556
ENST00000449030.5	0	4208	4208
ENST00000449038.5	86	18667	18581
ENST00000449045.7	1326	25103	23777
ENST00000449047.8	3315	181949	178634
ENST00000449049.7	473	5436	4963
ENST00000449050.5	186	712	526
ENST00000449053.1	0	4210	4210
ENST00000449056.1	0	3314	3314
ENST00000449058.7	35	48773	48738
ENST00000449062.1	20	49346	49326
ENST00000449064.6	0	11439	11439
ENST00000449067.1	0	5894	5894
ENST00000449068.2	0	133369	133369
ENST00000449070.6	519	83001	82482
ENST00000449076.6	13157	28101	14944
ENST00000449078.5	0	4975	4975
ENST00000449079.7	268	67643	67375
ENST00000449080.5	25	17660	17635
ENST00000449081.6	27070	44899	17829
ENST00000449082.3	545	103044	102499
ENST00000449083.5	157	8389	8232
ENST00000449085.4	3632	13839	10207
ENST00000449088.7	12489	21570	9081
ENST00000449089.7	553	149510	148957
ENST00000449090.6	185	76166	75981
ENST00000449094.5	5547	13029	7482
ENST00000449097.1	885	1665	780
ENST00000449103.5	728	21084	20356
ENST00000449105.8	2216	42270	40054
ENST00000449107.7	34070	45681	11611
ENST00000449120.1	0	14624	14624
ENST00000449130.5	0	68401	68401
ENST00000449131.6	4765	14580	9815
ENST00000449132.6	0	4251	4251
ENST00000449133.1	827	5525	4698
ENST00000449135.6	56878	104897	48019
ENST00000449139.6	617	24784	24167
ENST00000449141.2	119	35437	35318
ENST00000449152.1	0	38	38
ENST00000449159.5	0	3322	3322
ENST00000449162.1	79	2022	1943
ENST00000449165.5	4015	17081	13066
ENST00000449174.1	0	12897	12897
ENST00000449182.1	139	192171	192032
ENST00000449184.7	252	4586	4334
ENST00000449185.1	0	608	608
ENST00000449186.2	0	40672	40672
ENST00000449187.7	9225	30744	21519
ENST00000449188.3	812	2046	1234
ENST00000449189.1	0	4862	4862
ENST00000449190.5	0	65684	65684
ENST00000449191.1	6033	74647	68614
ENST00000449193.7	1624	7070	5446
ENST00000449194.6	9735	116374	106639
ENST00000449196.5	40331	41619	1288
ENST00000449198.6	0	148247	148247
ENST00000449201.5	0	2959	2959
ENST00000449202.5	3194	18106	14912
ENST00000449205.1	109	37557	37448
ENST00000449207.8	1726	20810	19084
ENST00000449209.1	5481	7021	1540
ENST00000449210.1	5107	11885	6778
ENST00000449211.1	6981	7791	810
ENST00000449213.5	64527	83376	18849
ENST00000449218.5	0	49913	49913
ENST00000449220.1	0	4363	4363
ENST00000449221.5	26358	33226	6868
ENST00000449224.1	24	29459	29435
ENST00000449228.5	880	12557	11677
ENST00000449231.5	98	2351	2253
ENST00000449234.1	261	10054	9793
ENST00000449237.4	25440	46506	21066
ENST00000449238.6	124	7467	7343
ENST00000449239.5	79	14076	13997
ENST00000449241.5	1628	8149	6521
ENST00000449244.5	1891	13420	11529
ENST00000449246.5	301	55319	55018
ENST00000449247.6	339	53676	53337
ENST00000449249.5	338	14569	14231
ENST00000449250.3	580	2099	1519
ENST00000449251.1	0	10214	10214
ENST00000449260.6	112	13899	13787
ENST00000449261.6	3357	30851	27494
ENST00000449264.3	177	2664	2487
ENST00000449265.2	8391	79561	71170
ENST00000449271.5	64531	71194	6663
ENST00000449277.6	67130	148057	80927
ENST00000449278.1	0	11225	11225
ENST00000449279.5	1199	37463	36264
ENST00000449281.1	0	29425	29425
ENST00000449283.2	100	1362	1262
ENST00000449284.1	0	34848	34848
ENST00000449285.6	48	58144	58096
ENST00000449288.5	5402	13847	8445
ENST00000449290.6	2132	9682	7550
ENST00000449291.7	56	5134	5078
ENST00000449294.6	102242	110939	8697
ENST00000449296.6	1023	29637	28614
ENST00000449297.7	1009	513173	512164
ENST00000449299.5	27589	29002	1413
ENST00000449301.5	86	40237	40151
ENST00000449302.8	28	3942	3914
ENST00000449304.5	0	31562	31562
ENST00000449306.1	0	51429	51429
ENST00000449309.2	389	3825	3436
ENST00000449311.5	19024	24753	5729
ENST00000449313.5	4004	9802	5798
ENST00000449317.6	134	13727	13593
ENST00000449319.2	208	1521	1313
ENST00000449320.2	270	16474	16204
ENST00000449321.5	2108	10149	8041
ENST00000449323.5	393	2841	2448
ENST00000449330.1	0	2634	2634
ENST00000449335.5	186354	205113	18759
ENST00000449337.6	173	96526	96353
ENST00000449340.1	5	8364	8359
ENST00000449344.2	0	10016	10016
ENST00000449347.5	1304	65255	63951
ENST00000449349.5	951	16380	15429
ENST00000449352.7	164	16076	15912
ENST00000449354.7	4959	20754	15795
ENST00000449356.2	4425	17947	13522
ENST00000449359.7	4924	48075	43151
ENST00000449366.5	83879	115130	31251
ENST00000449367.5	774	5681	4907
ENST00000449369.5	1520	4270	2750
ENST00000449370.6	0	95235	95235
ENST00000449371.6	13859	135691	121832
ENST00000449372.7	10	35402	35392
ENST00000449373.2	4209	14034	9825
ENST00000449375.1	563	13006	12443
ENST00000449376.5	8723	65896	57173
ENST00000449378.1	89218	108959	19741
ENST00000449382.2	21	22636	22615
ENST00000449389.1	0	605	605
ENST00000449392.1	1887	4057	2170
ENST00000449394.5	3067	5734	2667
ENST00000449395.6	27818	63679	35861
ENST00000449399.7	3	6038	6035
ENST00000449406.6	303	8814	8511
ENST00000449407.6	324	99422	99098
ENST00000449408.6	12087	27542	15455
ENST00000449409.5	0	3069	3069
ENST00000449415.5	0	116219	116219
ENST00000449416.6	31232	41190	9958
ENST00000449420.5	0	52205	52205
ENST00000449428.7	1304	31886	30582
ENST00000449430.1	2317	3986	1669
ENST00000449431.6	0	3888	3888
ENST00000449440.5	57815	58435	620
ENST00000449444.5	0	7619	7619
ENST00000449446.5	37734	45785	8051
ENST00000449459.5	9	7720	7711
ENST00000449465.2	38	1002	964
ENST00000449470.6	409	4872	4463
ENST00000449471.8	1472	4186	2714
ENST00000449474.5	36542	38412	1870
ENST00000449475.6	298	5906	5608
ENST00000449476.7	1976	24234	22258
ENST00000449478.2	96880	149630	52750
ENST00000449479.5	0	12530	12530
ENST00000449480.5	4352	8285	3933
ENST00000449482.1	0	32590	32590
ENST00000449489.5	8583	9046	463
ENST00000449491.1	0	32680	32680
ENST00000449493.2	64	15715	15651
ENST00000449494.5	0	3151	3151
ENST00000449495.1	0	2647	2647
ENST00000449498.2	17	1149	1132
ENST00000449502.5	2231	12450	10219
ENST00000449503.6	94	172177	172083
ENST00000449504.5	0	102	102
ENST00000449505.5	0	11536	11536
ENST00000449508.1	35	23546	23511
ENST00000449510.6	5899	42417	36518
ENST00000449512.5	12	12010	11998
ENST00000449524.1	0	6051	6051
ENST00000449528.5	260158	324583	64425
ENST00000449538.3	117	871	754
ENST00000449543.5	96	2766	2670
ENST00000449546.1	0	12931	12931
ENST00000449547.6	0	12164	12164
ENST00000449549.4	1176	3586	2410
ENST00000449553.2	0	1240	1240
ENST00000449556.5	30	6239	6209
ENST00000449557.6	3	88846	88843
ENST00000449559.1	0	17162	17162
ENST00000449561.3	1368	9532	8164
ENST00000449563.5	0	2621	2621
ENST00000449565.1	182	6950	6768
ENST00000449570.6	215	10138	9923
ENST00000449571.5	0	1206	1206
ENST00000449574.7	0	1947	1947
ENST00000449575.6	0	140052	140052
ENST00000449576.6	53	150096	150043
ENST00000449577.5	0	31885	31885
ENST00000449583.1	0	16619	16619
ENST00000449584.5	13357	13667	310
ENST00000449590.6	5839	27697	21858
ENST00000449591.2	1327	3545	2218
ENST00000449592.7	144	63972	63828
ENST00000449596.5	56	3264	3208
ENST00000449599.4	1120	8450	7330
ENST00000449600.1	23654	26339	2685
ENST00000449606.7	3620	38149	34529
ENST00000449609.1	26904	66437	39533
ENST00000449610.5	1117	1895	778
ENST00000449615.1	0	550	550
ENST00000449617.5	15373	21289	5916
ENST00000449622.6	0	58081	58081
ENST00000449630.5	0	2159	2159
ENST00000449635.5	0	12529	12529
ENST00000449636.6	1081	6302	5221
ENST00000449640.5	46304	92783	46479
ENST00000449641.6	6169	11686	5517
ENST00000449647.5	11008	63003	51995
ENST00000449649.1	25214	36474	11260
ENST00000449651.5	119085	164655	45570
ENST00000449653.5	107	6822	6715
ENST00000449655.1	0	80	80
ENST00000449662.6	155	4917	4762
ENST00000449676.5	18239	40302	22063
ENST00000449677.1	111	67987	67876
ENST00000449682.3	84	6901	6817
ENST00000449683.5	140	8241	8101
ENST00000449692.3	652	3095	2443
ENST00000449699.5	87	31740	31653
ENST00000449704.5	0	1508	1508
ENST00000449706.1	0	84	84
ENST00000449707.5	426	23567	23141
ENST00000449710.5	6765	15994	9229
ENST00000449723.7	184	4164	3980
ENST00000449724.5	634	5868	5234
ENST00000449726.6	351	51915	51564
ENST00000449729.5	8702	9210	508
ENST00000449731.1	0	1254	1254
ENST00000449732.6	55987	119185	63198
ENST00000449733.7	14284	66716	52432
ENST00000449735.1	0	726	726
ENST00000449739.6	9280	13954	4674
ENST00000449740.6	92	27652	27560
ENST00000449742.7	2029	10351	8322
ENST00000449743.1	0	2863	2863
ENST00000449744.1	0	4534	4534
ENST00000449750.7	210	68409	68199
ENST00000449757.5	0	5634	5634
ENST00000449758.6	602	5277	4675
ENST00000449759.2	15919	35016	19097
ENST00000449762.6	232	25568	25336
ENST00000449767.5	17753	104440	86687
ENST00000449768.2	127	9408	9281
ENST00000449771.7	3207	26934	23727
ENST00000449777.5	37	26564	26527
ENST00000449784.5	6864	7186	322
ENST00000449785.5	0	5977	5977
ENST00000449787.6	106	2184	2078
ENST00000449792.5	261	20042	19781
ENST00000449793.6	1063	23881	22818
ENST00000449795.5	0	3056	3056
ENST00000449796.6	1126	190536	189410
ENST00000449797.5	0	129165	129165
ENST00000449801.5	0	312	312
ENST00000449802.5	1506	210500	208994
ENST00000449803.6	114584	212020	97436
ENST00000449804.4	45	3542	3497
ENST00000449810.5	567	5189	4622
ENST00000449811.5	0	9621	9621
ENST00000449814.1	0	144	144
ENST00000449820.5	152257	184820	32563
ENST00000449821.1	437	34054	33617
ENST00000449822.5	707	23676	22969
ENST00000449825.5	2001	38123	36122
ENST00000449836.5	7619	11436	3817
ENST00000449844.6	162	26521	26359
ENST00000449846.5	20	64682	64662
ENST00000449850.2	4452	68994	64542
ENST00000449862.7	2338	22221	19883
ENST00000449864.5	0	216	216
ENST00000449866.2	0	566	566
ENST00000449873.5	1688	32064	30376
ENST00000449878.1	0	6041	6041
ENST00000449879.6	7628	28566	20938
ENST00000449880.7	3245	41469	38224
ENST00000449886.5	27504	30304	2800
ENST00000449889.5	0	5348	5348
ENST00000449891.5	6094	63761	57667
ENST00000449896.2	31358	42046	10688
ENST00000449906.5	6485	6777	292
ENST00000449907.8	2181	31644	29463
ENST00000449909.7	175	180892	180717
ENST00000449910.6	101	13776	13675
ENST00000449912.6	2121	171165	169044
ENST00000449913.6	196	82539	82343
ENST00000449918.1	0	38110	38110
ENST00000449920.5	32841	33197	356
ENST00000449924.6	606	97743	97137
ENST00000449926.5	620	52442	51822
ENST00000449930.5	1510	10386	8876
ENST00000449934.7	38	9824	9786
ENST00000449935.6	130	8050	7920
ENST00000449938.7	2771	44062	41291
ENST00000449942.6	1232	3291	2059
ENST00000449944.5	188	15346	15158
ENST00000449945.5	19576	28024	8448
ENST00000449946.5	618	1704	1086
ENST00000449949.5	0	294	294
ENST00000449956.3	8	16530	16522
ENST00000449966.5	1711	3701	1990
ENST00000449969.5	161	39530	39369
ENST00000449970.6	449	36615	36166
ENST00000449971.5	5126	8776	3650
ENST00000449975.1	0	42403	42403
ENST00000449979.5	102254	102650	396
ENST00000449980.1	1581	2317	736
ENST00000449981.6	0	261376	261376
ENST00000449985.6	1018	3152	2134
ENST00000449987.6	3149	29896	26747
ENST00000449988.1	76	14447	14371
ENST00000449992.5	0	106190	106190
ENST00000449996.7	72	91929	91857
ENST00000450000.5	0	9633	9633
ENST00000450006.7	46	15932	15886
ENST00000450008.3	588	29649	29061
ENST00000450014.1	195	12922	12727
ENST00000450019.5	15692	32709	17017
ENST00000450020.7	89	5316	5227
ENST00000450022.1	0	280	280
ENST00000450023.6	7450	14471	7021
ENST00000450031.2	1843	23435	21592
ENST00000450035.5	4	2976	2972
ENST00000450036.1	1367	2944	1577
ENST00000450038.5	65	13817	13752
ENST00000450041.6	0	12347	12347
ENST00000450043.2	0	65426	65426
ENST00000450045.5	168	21815	21647
ENST00000450046.2	32634	99335	66701
ENST00000450048.1	270	3566	3296
ENST00000450049.7	3982	21638	17656
ENST00000450050.6	3189	8566	5377
ENST00000450053.8	196	37859	37663
ENST00000450056.7	9201	56911	47710
ENST00000450060.5	68	6944	6876
ENST00000450066.6	223	38076	37853
ENST00000450067.6	521	35273	34752
ENST00000450073.1	3600	5808	2208
ENST00000450074.6	3292	19973	16681
ENST00000450085.6	3314	4285	971
ENST00000450087.1	7378	8214	836
ENST00000450089.6	282	83193	82911
ENST00000450092.6	6877	17715	10838
ENST00000450093.3	759	1407	648
ENST00000450095.6	620	4659	4039
ENST00000450097.1	0	937	937
ENST00000450098.1	0	1121	1121
ENST00000450102.6	356	89199	88843
ENST00000450107.1	0	2485	2485
ENST00000450110.5	0	2051	2051
ENST00000450114.7	264	16856	16592
ENST00000450115.6	170	91724	91554
ENST00000450116.6	21	1286	1265
ENST00000450118.5	0	1207	1207
ENST00000450121.5	146	66297	66151
ENST00000450123.6	29	13204	13175
ENST00000450124.1	29014	37628	8614
ENST00000450127.1	0	3318	3318
ENST00000450136.2	10438	14354	3916
ENST00000450137.1	1215	2967	1752
ENST00000450142.7	2364	164428	162064
ENST00000450143.5	0	9650	9650
ENST00000450148.5	0	16501	16501
ENST00000450149.6	14097	31106	17009
ENST00000450153.1	12020	12414	394
ENST00000450156.6	1586	60240	58654
ENST00000450162.6	21	10800	10779
ENST00000450165.6	3	68924	68921
ENST00000450168.3	495	6297	5802
ENST00000450169.7	1926	5295	3369
ENST00000450171.2	693	16049	15356
ENST00000450176.1	0	25669	25669
ENST00000450178.5	54	2921	2867
ENST00000450179.1	0	9488	9488
ENST00000450180.5	56597	57219	622
ENST00000450185.5	44382	75453	31071
ENST00000450186.1	953	21069	20116
ENST00000450195.6	6	3913	3907
ENST00000450198.6	13804	182027	168223
ENST00000450200.2	385	159920	159535
ENST00000450207.5	603	5222	4619
ENST00000450214.6	37817	46698	8881
ENST00000450218.6	40486	53488	13002
ENST00000450221.6	227	185064	184837
ENST00000450231.1	0	35702	35702
ENST00000450232.1	0	11957	11957
ENST00000450233.1	0	52067	52067
ENST00000450234.5	42807	49152	6345
ENST00000450240.2	0	15391	15391
ENST00000450241.6	5367	15810	10443
ENST00000450242.1	873	85763	84890
ENST00000450251.6	27047	83699	56652
ENST00000450253.7	1755	50480	48725
ENST00000450256.1	3938	5312	1374
ENST00000450257.2	0	18649	18649
ENST00000450261.1	0	7337	7337
ENST00000450267.5	0	13763	13763
ENST00000450269.6	298	6111	5813
ENST00000450271.5	0	11348	11348
ENST00000450272.5	37	4660	4623
ENST00000450273.2	3	57187	57184
ENST00000450274.5	11882	25960	14078
ENST00000450276.1	0	32	32
ENST00000450285.5	3707	9413	5706
ENST00000450288.3	29	40595	40566
ENST00000450295.5	2321	31642	29321
ENST00000450296.5	331	15455	15124
ENST00000450297.1	0	71158	71158
ENST00000450298.5	0	17744	17744
ENST00000450299.6	96	10906	10810
ENST00000450302.2	15002	27540	12538
ENST00000450307.7	87	5421	5334
ENST00000450315.7	32	54558	54526
ENST00000450319.5	15954	23680	7726
ENST00000450321.2	0	505	505
ENST00000450331.7	801	30757	29956
ENST00000450333.6	764	20377	19613
ENST00000450338.5	4564	29633	25069
ENST00000450341.5	0	4942	4942
ENST00000450347.5	0	21209	21209
ENST00000450350.1	3360	17619	14259
ENST00000450351.1	0	13091	13091
ENST00000450357.5	110285	110463	178
ENST00000450361.2	479	1821	1342
ENST00000450363.4	2903	12138	9235
ENST00000450364.3	302	2789	2487
ENST00000450366.7	3239	46333	43094
ENST00000450367.1	0	30333	30333
ENST00000450368.1	27132	27140	8
ENST00000450372.6	2632	25786	23154
ENST00000450374.1	0	57794	57794
ENST00000450375.5	299	13190	12891
ENST00000450376.1	0	10700	10700
ENST00000450383.1	865	8288	7423
ENST00000450385.6	10992	37517	26525
ENST00000450388.7	9877	21428	11551
ENST00000450390.6	13955	14211	256
ENST00000450393.5	0	30732	30732
ENST00000450402.1	61364	62574	1210
ENST00000450403.3	34	85096	85062
ENST00000450411.1	415	14292	13877
ENST00000450414.5	25896	50598	24702
ENST00000450415.1	0	14518	14518
ENST00000450420.6	30	58515	58485
ENST00000450424.5	1245	12160	10915
ENST00000450427.1	880	986	106
ENST00000450428.5	181	47354	47173
ENST00000450434.5	4264	10495	6231
ENST00000450441.5	183	7129	6946
ENST00000450444.6	2925	268494	265569
ENST00000450446.6	1551	62874	61323
ENST00000450447.1	10845	11803	958
ENST00000450448.5	348	4172	3824
ENST00000450453.6	4162	15388	11226
ENST00000450454.7	560	44757	44197
ENST00000450456.3	234	2606	2372
ENST00000450457.6	3982	19658	15676
ENST00000450460.5	62225	188355	126130
ENST00000450465.6	0	35017	35017
ENST00000450471.6	86	85586	85500
ENST00000450475.5	446	5600	5154
ENST00000450482.5	14993	18167	3174
ENST00000450485.6	2816	102341	99525
ENST00000450489.1	0	516	516
ENST00000450490.1	0	21023	21023
ENST00000450491.6	38034	54182	16148
ENST00000450493.1	0	7485	7485
ENST00000450494.1	0	728	728
ENST00000450497.5	0	2558	2558
ENST00000450498.1	0	2741	2741
ENST00000450501.5	2136	4723	2587
ENST00000450504.1	125	12600	12475
ENST00000450506.5	0	2668	2668
ENST00000450507.5	790	34047	33257
ENST00000450508.1	39567	56957	17390
ENST00000450510.2	10	2117	2107
ENST00000450512.1	0	2645	2645
ENST00000450518.6	7205	26270	19065
ENST00000450521.5	4492	17798	13306
ENST00000450523.6	2153	12961	10808
ENST00000450525.7	11524	27710	16186
ENST00000450529.5	361	3724	3363
ENST00000450533.6	13991	134334	120343
ENST00000450534.1	0	11234	11234
ENST00000450536.7	1574	86557	84983
ENST00000450542.6	216	278341	278125
ENST00000450547.1	0	1624	1624
ENST00000450554.6	959	21320	20361
ENST00000450560.1	0	158	158
ENST00000450564.1	1177	5504	4327
ENST00000450565.8	516	5285	4769
ENST00000450569.5	314	8908	8594
ENST00000450570.1	194	60589	60395
ENST00000450573.5	49	6972	6923
ENST00000450574.5	126	83758	83632
ENST00000450579.1	0	9021	9021
ENST00000450584.5	0	11132	11132
ENST00000450590.5	0	20306	20306
ENST00000450592.6	87	48437	48350
ENST00000450593.5	4425	36374	31949
ENST00000450594.6	114	94356	94242
ENST00000450598.6	3	76344	76341
ENST00000450599.7	1668	9690	8022
ENST00000450602.6	5001	6801	1800
ENST00000450612.5	13481	31608	18127
ENST00000450617.8	1241	23112	21871
ENST00000450619.5	148	37901	37753
ENST00000450622.1	157	5532	5375
ENST00000450625.1	42136	70454	28318
ENST00000450629.6	6043	31030	24987
ENST00000450633.6	455	8186	7731
ENST00000450635.1	0	4997	4997
ENST00000450637.5	2624	7032	4408
ENST00000450638.5	3799	20633	16834
ENST00000450639.5	12753	69593	56840
ENST00000450643.5	0	2342	2342
ENST00000450644.2	1398	22841	21443
ENST00000450646.6	18744	73930	55186
ENST00000450649.6	473	73356	72883
ENST00000450650.5	15434	21116	5682
ENST00000450654.6	21496	38617	17121
ENST00000450655.1	0	14799	14799
ENST00000450656.5	1264	13314	12050
ENST00000450657.1	16	124447	124431
ENST00000450660.3	307	1367	1060
ENST00000450662.7	71	47566	47495
ENST00000450664.5	15697	40962	25265
ENST00000450670.5	0	8315	8315
ENST00000450673.4	4601	24023	19422
ENST00000450683.6	3	28284	28281
ENST00000450684.2	68	5718	5650
ENST00000450689.7	3568	185672	182104
ENST00000450693.1	0	13631	13631
ENST00000450697.1	0	8444	8444
ENST00000450708.7	821	8414	7593
ENST00000450711.5	0	18942	18942
ENST00000450712.2	753	1786	1033
ENST00000450714.2	21321	64363	43042
ENST00000450716.5	34	583753	583719
ENST00000450719.3	234	1326	1092
ENST00000450723.5	256	16824	16568
ENST00000450725.2	4398	6307	1909
ENST00000450727.6	336	6222	5886
ENST00000450730.5	326	33719	33393
ENST00000450732.1	0	10686	10686
ENST00000450733.5	456	12526	12070
ENST00000450735.7	735	104572	103837
ENST00000450736.6	4699	18602	13903
ENST00000450737.2	0	1136	1136
ENST00000450743.5	95	12119	12024
ENST00000450748.1	1475	4932	3457
ENST00000450753.2	232	5961	5729
ENST00000450756.5	2361	8431	6070
ENST00000450761.6	233	25282	25049
ENST00000450763.1	0	19263	19263
ENST00000450764.6	1676	23942	22266
ENST00000450765.5	13664	18576	4912
ENST00000450772.5	7258	10918	3660
ENST00000450780.6	323	13681	13358
ENST00000450787.1	0	33031	33031
ENST00000450791.8	4194	57685	53491
ENST00000450792.5	13352	15605	2253
ENST00000450795.6	374	84878	84504
ENST00000450796.6	0	15177	15177
ENST00000450801.1	11417	24210	12793
ENST00000450805.5	0	1146	1146
ENST00000450807.5	0	5494	5494
ENST00000450808.2	32	43360	43328
ENST00000450810.5	933	2384	1451
ENST00000450812.5	0	20200	20200
ENST00000450814.6	9386	30739	21353
ENST00000450816.6	241	16206	15965
ENST00000450824.7	176	33675	33499
ENST00000450827.5	0	135350	135350
ENST00000450829.5	13	27425	27412
ENST00000450835.1	0	4184	4184
ENST00000450838.5	0	149389	149389
ENST00000450842.1	0	11740	11740
ENST00000450844.1	0	2081	2081
ENST00000450845.7	36	7902	7866
ENST00000450849.7	5083	45005	39922
ENST00000450852.8	11419	14311	2892
ENST00000450855.1	3833	4561	728
ENST00000450858.1	27477	28649	1172
ENST00000450863.6	281	73561	73280
ENST00000450867.2	117	41647	41530
ENST00000450873.6	31167	70013	38846
ENST00000450875.5	0	3586	3586
ENST00000450876.5	1558	17742	16184
ENST00000450877.5	179	729844	729665
ENST00000450879.2	360	7190	6830
ENST00000450881.5	0	14364	14364
ENST00000450882.1	0	2389	2389
ENST00000450884.5	17064	25775	8711
ENST00000450892.7	112	24455	24343
ENST00000450894.7	3207	41273	38066
ENST00000450895.2	506	5539	5033
ENST00000450898.1	0	46	46
ENST00000450904.6	58	5735	5677
ENST00000450913.6	23	274402	274379
ENST00000450923.5	112	12051	11939
ENST00000450926.6	43	14506	14463
ENST00000450929.5	206	103074	102868
ENST00000450931.5	7297	85259	77962
ENST00000450939.1	0	11848	11848
ENST00000450940.5	3842	8221	4379
ENST00000450942.2	3	9025	9022
ENST00000450945.3	488	12748	12260
ENST00000450947.2	3049	4245	1196
ENST00000450950.6	100175	152695	52520
ENST00000450953.3	0	600	600
ENST00000450954.5	1343	14392	13049
ENST00000450955.5	3	255236	255233
ENST00000450957.1	0	10334	10334
ENST00000450961.5	50753	80074	29321
ENST00000450962.5	129	187158	187029
ENST00000450964.1	0	27694	27694
ENST00000450965.5	0	17198	17198
ENST00000450969.6	23957	41556	17599
ENST00000450976.5	5822	9880	4058
ENST00000450979.2	300	3334	3034
ENST00000450981.5	0	8256	8256
ENST00000450982.6	204	3716	3512
ENST00000450991.6	21	10714	10693
ENST00000450993.7	7841	30946	23105
ENST00000450994.1	0	1789	1789
ENST00000451000.5	10	4794	4784
ENST00000451002.2	0	26643	26643
ENST00000451003.5	1291	1685	394
ENST00000451005.5	17	35002	34985
ENST00000451013.7	514	43059	42545
ENST00000451014.7	49	40130	40081
ENST00000451018.7	0	183214	183214
ENST00000451024.5	2189	5628	3439
ENST00000451025.6	210	11904	11694
ENST00000451029.5	214	29459	29245
ENST00000451036.5	0	116971	116971
ENST00000451037.7	1267	528441	527174
ENST00000451044.1	0	32	32
ENST00000451047.1	0	6641	6641
ENST00000451053.3	607	14099	13492
ENST00000451055.6	953	70522	69569
ENST00000451058.5	12852	31128	18276
ENST00000451060.6	2072	32440	30368
ENST00000451065.1	0	18075	18075
ENST00000451076.1	0	4049	4049
ENST00000451078.5	10594	21423	10829
ENST00000451080.5	17063	17593	530
ENST00000451081.5	65	14023	13958
ENST00000451082.5	0	31974	31974
ENST00000451085.5	31767	36013	4246
ENST00000451088.6	6547	6807	260
ENST00000451089.1	15939	16119	180
ENST00000451091.2	0	3943	3943
ENST00000451102.7	2528	41532	39004
ENST00000451104.6	304	37842	37538
ENST00000451107.3	71580	136016	64436
ENST00000451114.1	0	5254	5254
ENST00000451119.6	457	5671	5214
ENST00000451122.5	54	568	514
ENST00000451127.3	803	13739	12936
ENST00000451130.6	4	7231	7227
ENST00000451131.1	0	62	62
ENST00000451136.6	7672	149248	141576
ENST00000451137.7	224	3416	3192
ENST00000451138.1	6269	31122	24853
ENST00000451147.5	1730	1998	268
ENST00000451153.1	0	29199	29199
ENST00000451154.5	6157	7164	1007
ENST00000451155.2	5	32522	32517
ENST00000451156.1	0	52	52
ENST00000451157.1	554	32816	32262
ENST00000451158.5	1370	30082	28712
ENST00000451165.7	200	18414	18214
ENST00000451167.2	38656	38688	32
ENST00000451172.5	105	196544	196439
ENST00000451174.1	0	930	930
ENST00000451181.5	0	2248	2248
ENST00000451188.7	293	7769	7476
ENST00000451191.5	0	18471	18471
ENST00000451193.5	964	4236	3272
ENST00000451194.5	2247	3419	1172
ENST00000451195.7	17	21484	21467
ENST00000451196.5	361	47857	47496
ENST00000451199.7	352	54903	54551
ENST00000451207.5	288	3805	3517
ENST00000451211.6	1357	29596	28239
ENST00000451215.6	12682	36912	24230
ENST00000451218.6	3465	65981	62516
ENST00000451231.5	218	3770	3552
ENST00000451237.3	297	2563	2266
ENST00000451238.1	460	4053	3593
ENST00000451244.1	24797	41366	16569
ENST00000451246.2	39	23531	23492
ENST00000451248.5	128	5626	5498
ENST00000451249.7	26	45702	45676
ENST00000451251.5	147	10008	9861
ENST00000451256.6	65	13517	13452
ENST00000451259.1	447	130171	129724
ENST00000451261.7	156552	160336	3784
ENST00000451270.7	482	39929	39447
ENST00000451271.5	191	1091	900
ENST00000451275.1	4271	12912	8641
ENST00000451277.5	15330	322159	306829
ENST00000451279.1	1060	17199	16139
ENST00000451283.5	540	2883	2343
ENST00000451287.7	30	4924	4894
ENST00000451288.6	7	70999	70992
ENST00000451294.5	360	1059	699
ENST00000451297.6	4	11153	11149
ENST00000451299.6	218	101492	101274
ENST00000451301.5	664	2390	1726
ENST00000451303.1	0	12451	12451
ENST00000451310.1	0	168	168
ENST00000451311.7	1152	1828	676
ENST00000451312.6	231	23226	22995
ENST00000451315.7	24	6252	6228
ENST00000451316.6	326	14304	13978
ENST00000451319.1	4188	15809	11621
ENST00000451320.6	49697	131390	81693
ENST00000451321.6	109	18758	18649
ENST00000451322.1	27	17597	17570
ENST00000451324.6	88162	238552	150390
ENST00000451326.6	62511	67132	4621
ENST00000451330.2	0	11239	11239
ENST00000451331.1	0	11241	11241
ENST00000451338.1	0	16149	16149
ENST00000451342.5	399	16355	15956
ENST00000451343.4	197	6070	5873
ENST00000451346.5	455	25182	24727
ENST00000451351.5	305	1704	1399
ENST00000451354.6	275	3376	3101
ENST00000451363.5	8767	11264	2497
ENST00000451365.1	0	4262	4262
ENST00000451366.5	3423	7779	4356
ENST00000451367.3	4695	13270	8575
ENST00000451378.2	835	1941	1106
ENST00000451385.6	5005	103333	98328
ENST00000451388.1	18822	19664	842
ENST00000451389.7	2238	11271	9033
ENST00000451391.5	0	3138	3138
ENST00000451398.6	7310	11028	3718
ENST00000451402.5	3102	44162	41060
ENST00000451404.5	2815	9191	6376
ENST00000451406.5	0	103947	103947
ENST00000451422.1	784	119846	119062
ENST00000451427.1	434	14112	13678
ENST00000451429.8	5584	45360	39776
ENST00000451430.6	266	240846	240580
ENST00000451436.6	3845	21264	17419
ENST00000451437.5	13897	101776	87879
ENST00000451442.5	891	30933	30042
ENST00000451445.6	122	42191	42069
ENST00000451454.5	100	7315	7215
ENST00000451455.1	0	5607	5607
ENST00000451457.6	254	19223	18969
ENST00000451462.6	1295	8449	7154
ENST00000451463.6	110001	148188	38187
ENST00000451466.1	0	27598	27598
ENST00000451475.5	0	15654	15654
ENST00000451479.1	0	29638	29638
ENST00000451483.1	0	58876	58876
ENST00000451489.1	2088	43766	41678
ENST00000451491.2	341	2313	1972
ENST00000451492.5	0	36547	36547
ENST00000451493.5	2728	36180	33452
ENST00000451498.2	146	6019	5873
ENST00000451500.5	468	4842	4374
ENST00000451506.5	0	4907	4907
ENST00000451513.5	26387	41634	15247
ENST00000451517.5	24	3272	3248
ENST00000451518.1	0	1412	1412
ENST00000451519.1	66	3976	3910
ENST00000451520.6	88	16116	16028
ENST00000451521.6	75	17567	17492
ENST00000451522.6	185	44454	44269
ENST00000451526.6	0	854	854
ENST00000451528.2	1031	18145	17114
ENST00000451531.7	3364	52990	49626
ENST00000451533.5	51379	109175	57796
ENST00000451537.5	505	33979	33474
ENST00000451538.1	215	24114	23899
ENST00000451541.5	952	3658	2706
ENST00000451542.5	0	18148	18148
ENST00000451548.6	46	3521	3475
ENST00000451553.1	0	7124	7124
ENST00000451554.1	56601	167934	111333
ENST00000451557.5	672	33423	32751
ENST00000451558.5	47493	71723	24230
ENST00000451559.1	33702	36167	2465
ENST00000451560.1	0	26741	26741
ENST00000451561.1	0	921108	921108
ENST00000451562.5	45	3554	3509
ENST00000451578.6	2494	21414	18920
ENST00000451583.1	0	2814	2814
ENST00000451586.1	0	2682	2682
ENST00000451587.5	2699	5631	2932
ENST00000451590.5	396	2642	2246
ENST00000451591.6	0	23024	23024
ENST00000451599.6	99351	106994	7643
ENST00000451604.7	4718	422371	417653
ENST00000451605.1	0	1789	1789
ENST00000451608.2	149898	152341	2443
ENST00000451613.5	422	48572	48150
ENST00000451615.1	0	18780	18780
ENST00000451616.6	103	3854	3751
ENST00000451619.1	191	15966	15775
ENST00000451623.5	3433	46747	43314
ENST00000451628.9	5487	14608	9121
ENST00000451636.5	60	82144	82084
ENST00000451637.1	2553	3356	803
ENST00000451647.1	0	4619	4619
ENST00000451651.5	277	2437	2160
ENST00000451653.5	5282	16331	11049
ENST00000451655.5	21148	27037	5889
ENST00000451657.6	3947	8279	4332
ENST00000451665.5	4390	5409	1019
ENST00000451668.1	410	5495	5085
ENST00000451672.2	106	14224	14118
ENST00000451674.6	216	24582	24366
ENST00000451678.1	0	542	542
ENST00000451680.1	0	2117	2117
ENST00000451681.5	843	1861	1018
ENST00000451682.5	10985	20863	9878
ENST00000451685.5	0	6689	6689
ENST00000451686.5	76287	92782	16495
ENST00000451689.1	0	24355	24355
ENST00000451695.5	0	3617	3617
ENST00000451699.6	164	8968	8804
ENST00000451701.5	0	24881	24881
ENST00000451702.2	1004	4459	3455
ENST00000451708.5	32	94189	94157
ENST00000451716.5	0	52275	52275
ENST00000451717.6	372	3550	3178
ENST00000451719.5	1025	1619	594
ENST00000451728.6	969	2800	1831
ENST00000451732.6	0	540	540
ENST00000451734.1	0	8836	8836
ENST00000451739.7	524	20209	19685
ENST00000451740.1	0	12998	12998
ENST00000451757.5	1271	2507	1236
ENST00000451758.5	11622	13943	2321
ENST00000451761.1	0	3254	3254
ENST00000451764.6	82869	173315	90446
ENST00000451765.6	986	57267	56281
ENST00000451767.6	8	116556	116548
ENST00000451769.5	18813	18981	168
ENST00000451771.5	0	194	194
ENST00000451778.5	685	6523	5838
ENST00000451782.7	2310	51295	48985
ENST00000451790.5	0	1068	1068
ENST00000451791.7	318	5795	5477
ENST00000451793.1	0	4526	4526
ENST00000451794.6	601	8422	7821
ENST00000451799.2	0	91161	91161
ENST00000451800.5	0	10142	10142
ENST00000451801.5	0	4640	4640
ENST00000451802.7	341	24240	23899
ENST00000451807.7	0	8483	8483
ENST00000451813.6	745	92725	91980
ENST00000451814.5	11076	14489	3413
ENST00000451819.5	793	24711	23918
ENST00000451821.6	75	3119	3044
ENST00000451827.6	140	88007	87867
ENST00000451830.5	26348	43491	17143
ENST00000451834.5	1093	78655	77562
ENST00000451836.1	0	9647	9647
ENST00000451838.2	85128	92884	7756
ENST00000451849.1	0	6183	6183
ENST00000451850.6	336	17566	17230
ENST00000451859.5	0	94593	94593
ENST00000451864.6	38	5787	5749
ENST00000451865.5	0	3094	3094
ENST00000451872.6	7327	10301	2974
ENST00000451876.5	137	18177	18040
ENST00000451881.5	10209	56766	46557
ENST00000451882.3	93	6023	5930
ENST00000451885.3	161	11426	11265
ENST00000451891.4	82	2492	2410
ENST00000451893.5	0	50600	50600
ENST00000451895.1	0	7631	7631
ENST00000451898.5	0	4895	4895
ENST00000451899.7	224	24600	24376
ENST00000451903.3	2222	87748	85526
ENST00000451904.5	2460	37206	34746
ENST00000451915.1	0	2097	2097
ENST00000451916.1	0	4717	4717
ENST00000451923.1	14971	16281	1310
ENST00000451925.5	34872	35220	348
ENST00000451928.6	587	18387	17800
ENST00000451944.2	49	38587	38538
ENST00000451952.1	37	3964	3927
ENST00000451956.1	175	11739	11564
ENST00000451957.2	3	24104	24101
ENST00000451958.5	0	33324	33324
ENST00000451964.5	64	5784	5720
ENST00000451966.5	138523	231646	93123
ENST00000451973.1	42470	48999	6529
ENST00000451974.6	308	105212	104904
ENST00000451984.1	0	6307	6307
ENST00000451987.5	0	12624	12624
ENST00000451997.6	1771	27974	26203
ENST00000451998.1	0	4087	4087
ENST00000452003.1	0	25049	25049
ENST00000452012.1	0	79593	79593
ENST00000452013.5	152208	156106	3898
ENST00000452015.9	5787	7759	1972
ENST00000452016.5	39429	42189	2760
ENST00000452018.6	36	14387	14351
ENST00000452020.5	99	23887	23788
ENST00000452022.1	2009	3214	1205
ENST00000452023.1	0	5173	5173
ENST00000452025.5	19	17706	17687
ENST00000452027.3	2622	22706	20084
ENST00000452032.6	5148	10990	5842
ENST00000452034.5	1401	10836	9435
ENST00000452039.7	168	25770	25602
ENST00000452041.5	171	9148	8977
ENST00000452047.1	0	12541	12541
ENST00000452049.1	0	3196	3196
ENST00000452060.7	40256	65600	25344
ENST00000452063.7	99	5939	5840
ENST00000452065.5	0	10592	10592
ENST00000452070.6	605	11992	11387
ENST00000452073.2	60	13323	13263
ENST00000452077.5	0	23092	23092
ENST00000452085.7	119131	160091	40960
ENST00000452086.5	11	116367	116356
ENST00000452087.6	518	23540	23022
ENST00000452088.5	9487	18757	9270
ENST00000452089.5	6127	15875	9748
ENST00000452098.1	7948	9266	1318
ENST00000452101.1	4	3075	3071
ENST00000452104.5	0	16275	16275
ENST00000452105.5	0	3307	3307
ENST00000452106.5	39	24097	24058
ENST00000452107.6	0	236	236
ENST00000452109.1	11045	13653	2608
ENST00000452111.5	3482	12428	8946
ENST00000452112.5	227	3610	3383
ENST00000452113.5	315	42421	42106
ENST00000452115.1	1109	16363	15254
ENST00000452119.1	2462	5194	2732
ENST00000452123.3	387	2731	2344
ENST00000452124.2	715	125057	124342
ENST00000452125.5	1067	5180	4113
ENST00000452130.1	0	24176	24176
ENST00000452133.1	22	45184	45162
ENST00000452135.7	3244	48679	45435
ENST00000452137.1	0	7009	7009
ENST00000452138.3	125	24610	24485
ENST00000452140.5	0	7218	7218
ENST00000452142.7	464	44651	44187
ENST00000452143.5	3571	7577	4006
ENST00000452145.6	301	23638	23337
ENST00000452151.1	0	12942	12942
ENST00000452157.5	18693	32850	14157
ENST00000452162.5	76052	146078	70026
ENST00000452168.6	489	30804	30315
ENST00000452171.5	217	9815	9598
ENST00000452174.5	20487	119338	98851
ENST00000452177.5	129	187158	187029
ENST00000452182.2	0	24268	24268
ENST00000452185.5	3	8665	8662
ENST00000452188.6	3157	13519	10362
ENST00000452190.2	9	15023	15014
ENST00000452191.6	56	85115	85059
ENST00000452193.5	202	29016	28814
ENST00000452194.5	187	34208	34021
ENST00000452198.1	0	34	34
ENST00000452200.6	463	13970	13507
ENST00000452202.5	63	33763	33700
ENST00000452206.5	1672	7179	5507
ENST00000452208.1	0	2854	2854
ENST00000452211.5	557	4986	4429
ENST00000452214.5	25	35420	35395
ENST00000452216.5	47	8968	8921
ENST00000452226.5	1475	11367	9892
ENST00000452228.5	0	3143	3143
ENST00000452231.5	0	37933	37933
ENST00000452236.3	1379	20153	18774
ENST00000452238.5	3703	4033	330
ENST00000452239.1	0	6749	6749
ENST00000452242.5	2747	39417	36670
ENST00000452243.5	542	2950	2408
ENST00000452248.6	262	4242	3980
ENST00000452250.5	0	41763	41763
ENST00000452259.5	115	19151	19036
ENST00000452260.6	0	5478	5478
ENST00000452261.5	81046	90176	9130
ENST00000452264.1	2549	2577	28
ENST00000452267.2	59	4719	4660
ENST00000452268.5	23440	26635	3195
ENST00000452270.5	29501	73722	44221
ENST00000452271.7	146	6680	6534
ENST00000452274.7	3088	169235	166147
ENST00000452276.6	0	64375	64375
ENST00000452278.5	33361	46975	13614
ENST00000452280.5	0	33624	33624
ENST00000452281.6	22432	35038	12606
ENST00000452291.6	145	3642	3497
ENST00000452293.5	76	1784	1708
ENST00000452294.5	0	2171	2171
ENST00000452305.5	326	15499	15173
ENST00000452312.1	0	30562	30562
ENST00000452313.6	98	15344	15246
ENST00000452314.5	1993	5751	3758
ENST00000452315.5	0	65470	65470
ENST00000452317.6	40403	65747	25344
ENST00000452319.6	0	198096	198096
ENST00000452323.7	68	45955	45887
ENST00000452324.3	2467	58490	56023
ENST00000452328.6	21944	64924	42980
ENST00000452335.2	200	68380	68180
ENST00000452337.5	0	4625	4625
ENST00000452339.6	34183	289942	255759
ENST00000452345.1	0	32564	32564
ENST00000452346.7	110	48856	48746
ENST00000452351.5	0	6601	6601
ENST00000452355.7	1912	3569	1657
ENST00000452357.7	263	12064	11801
ENST00000452358.5	63	38258	38195
ENST00000452359.5	0	8917	8917
ENST00000452361.5	29	5659	5630
ENST00000452368.7	277	2842	2565
ENST00000452372.2	44	8641	8597
ENST00000452373.5	28779	29517	738
ENST00000452374.6	412	15652	15240
ENST00000452376.5	13658	26074	12416
ENST00000452382.1	83	17048	16965
ENST00000452383.2	0	6316	6316
ENST00000452385.5	841	35225	34384
ENST00000452389.7	3760	11556	7796
ENST00000452392.2	0	26983	26983
ENST00000452396.5	0	107564	107564
ENST00000452398.5	186	198712	198526
ENST00000452400.7	3853	111334	107481
ENST00000452403.5	93181	100648	7467
ENST00000452404.6	237	5591	5354
ENST00000452413.1	0	16460	16460
ENST00000452420.5	9801	24374	14573
ENST00000452421.5	0	17435	17435
ENST00000452425.2	0	8550	8550
ENST00000452437.1	0	34268	34268
ENST00000452438.7	373	9294	8921
ENST00000452441.5	4180	17465	13285
ENST00000452443.3	187	28096	27909
ENST00000452445.6	655	370015	369360
ENST00000452447.1	0	8841	8841
ENST00000452448.6	87	293451	293364
ENST00000452451.6	0	49214	49214
ENST00000452454.1	22699	23179	480
ENST00000452455.6	102	94149	94047
ENST00000452456.1	786	1326	540
ENST00000452462.5	130	723556	723426
ENST00000452463.5	19	89634	89615
ENST00000452464.6	430	53253	52823
ENST00000452474.5	25532	37845	12313
ENST00000452476.5	188	17167	16979
ENST00000452479.6	60095	130017	69922
ENST00000452489.6	8899	36628	27729
ENST00000452490.3	67	21020	20953
ENST00000452492.6	3303	105487	102184
ENST00000452495.1	0	7482	7482
ENST00000452499.1	0	785	785
ENST00000452508.6	4509	151495	146986
ENST00000452510.7	160	72997	72837
ENST00000452519.5	417	4435	4018
ENST00000452521.1	0	7356	7356
ENST00000452531.5	0	26548	26548
ENST00000452533.6	164	66318	66154
ENST00000452542.5	0	14259	14259
ENST00000452543.5	0	16696	16696
ENST00000452545.1	2641	3363	722
ENST00000452550.5	0	60053	60053
ENST00000452551.5	7869	12293	4424
ENST00000452555.7	290	8454	8164
ENST00000452556.5	29	11854	11825
ENST00000452560.5	300	8615	8315
ENST00000452563.5	39462	41839	2377
ENST00000452564.1	5157	73621	68464
ENST00000452575.1	20096	35147	15051
ENST00000452576.6	23409	76685	53276
ENST00000452581.5	5720	21323	15603
ENST00000452583.6	270974	307199	36225
ENST00000452588.6	6721	63806	57085
ENST00000452595.5	366	141891	141525
ENST00000452597.5	2145	8079	5934
ENST00000452611.6	46	212975	212929
ENST00000452614.6	109	62253	62144
ENST00000452621.6	173	54939	54766
ENST00000452625.7	5679	140911	135232
ENST00000452633.5	1139	12405	11266
ENST00000452647.3	5030	10956	5926
ENST00000452648.8	2293	12371	10078
ENST00000452649.1	99	10552	10453
ENST00000452655.6	131	8887	8756
ENST00000452656.5	0	20144	20144
ENST00000452660.5	0	33272	33272
ENST00000452661.1	0	2392	2392
ENST00000452671.7	1549	7519	5970
ENST00000452672.1	0	414	414
ENST00000452673.6	6776	31497	24721
ENST00000452674.1	0	54	54
ENST00000452676.6	1606	17558	15952
ENST00000452681.6	774	9905	9131
ENST00000452684.2	1548	2666	1118
ENST00000452687.6	89	72166	72077
ENST00000452691.7	12283	59556	47273
ENST00000452692.5	5038	178361	173323
ENST00000452693.5	1430	4116	2686
ENST00000452696.5	0	36359	36359
ENST00000452699.5	266	29276	29010
ENST00000452706.6	0	9640	9640
ENST00000452707.1	2013	21029	19016
ENST00000452710.5	31	157273	157242
ENST00000452717.1	0	52914	52914
ENST00000452722.7	7241	336474	329233
ENST00000452724.1	159	4117	3958
ENST00000452726.1	0	1630	1630
ENST00000452729.1	0	4672	4672
ENST00000452732.1	14828	23392	8564
ENST00000452733.7	139	11023	10884
ENST00000452735.1	0	1889	1889
ENST00000452739.5	0	5079	5079
ENST00000452742.5	0	20095	20095
ENST00000452749.2	0	120983	120983
ENST00000452752.5	0	18958	18958
ENST00000452753.1	0	34442	34442
ENST00000452755.6	129	10211	10082
ENST00000452757.5	308	4505	4197
ENST00000452758.1	1704	4882	3178
ENST00000452764.3	270	13688	13418
ENST00000452765.7	0	773	773
ENST00000452767.1	329	6012	5683
ENST00000452770.6	3	51072	51069
ENST00000452773.6	0	1184	1184
ENST00000452774.2	26	7927	7901
ENST00000452775.1	10965	13473	2508
ENST00000452776.1	2789	8436	5647
ENST00000452779.3	313	5207	4894
ENST00000452780.1	0	157991	157991
ENST00000452781.1	0	4475	4475
ENST00000452783.6	15910	58743	42833
ENST00000452786.2	0	91887	91887
ENST00000452790.6	52	11160	11108
ENST00000452796.7	1092	12230	11138
ENST00000452799.5	0	27184	27184
ENST00000452800.1	0	8188	8188
ENST00000452803.1	442	66711	66269
ENST00000452806.5	419	5170	4751
ENST00000452811.1	0	1100	1100
ENST00000452812.1	222	7160	6938
ENST00000452814.5	7683	31278	23595
ENST00000452818.1	10505	49536	39031
ENST00000452823.5	0	13166	13166
ENST00000452824.5	118644	149363	30719
ENST00000452825.7	1426	37681	36255
ENST00000452827.5	0	2619	2619
ENST00000452830.5	2102	2526	424
ENST00000452831.5	1324	7057	5733
ENST00000452832.5	0	128	128
ENST00000452835.1	7994	8576	582
ENST00000452837.7	2015	23143	21128
ENST00000452839.5	33	27605	27572
ENST00000452853.6	1266	6369	5103
ENST00000452857.5	1309	8303	6994
ENST00000452859.6	11531	14332	2801
ENST00000452863.10	1286	49141	47855
ENST00000452865.1	128	68807	68679
ENST00000452869.2	1592	33847	32255
ENST00000452875.5	35	4329	4294
ENST00000452877.5	0	1312	1312
ENST00000452881.5	108	7233	7125
ENST00000452882.5	8738	43179	34441
ENST00000452886.2	3153	3686	533
ENST00000452892.3	17	22576	22559
ENST00000452894.5	5600	330004	324404
ENST00000452895.5	189	858551	858362
ENST00000452897.1	0	14770	14770
ENST00000452902.6	319	9514	9195
ENST00000452905.6	221	59789	59568
ENST00000452906.3	22	19256	19234
ENST00000452907.1	0	2832	2832
ENST00000452913.6	141	27463	27322
ENST00000452917.3	436	1064	628
ENST00000452918.7	3476	43415	39939
ENST00000452926.1	0	284	284
ENST00000452929.6	25324	73326	48002
ENST00000452930.5	5405	15504	10099
ENST00000452931.1	0	10172	10172
ENST00000452935.6	89	81953	81864
ENST00000452938.5	154	26570	26416
ENST00000452939.7	3861	32688	28827
ENST00000452943.5	36	17417	17381
ENST00000452950.1	2902	7738	4836
ENST00000452953.5	0	171314	171314
ENST00000452955.1	0	4026	4026
ENST00000452959.6	34366	45956	11590
ENST00000452961.5	1598	5226	3628
ENST00000452963.6	10	204114	204104
ENST00000452973.6	205	72138	71933
ENST00000452974.1	3752	21625	17873
ENST00000452977.6	0	5128	5128
ENST00000452978.5	566	52645	52079
ENST00000452979.5	12446	60389	47943
ENST00000452980.5	0	17622	17622
ENST00000452983.5	0	10420	10420
ENST00000452988.5	0	1057	1057
ENST00000452989.5	0	21209	21209
ENST00000452990.8	2068	3462	1394
ENST00000452993.5	73988	340045	266057
ENST00000452994.5	0	4954	4954
ENST00000453000.1	512	12510	11998
ENST00000453001.5	441	268313	267872
ENST00000453003.1	78	3897	3819
ENST00000453007.1	0	12598	12598
ENST00000453013.5	0	7198	7198
ENST00000453014.1	406	20047	19641
ENST00000453017.5	332	21874	21542
ENST00000453022.6	127	103855	103728
ENST00000453024.6	25089	42203	17114
ENST00000453028.5	0	1302	1302
ENST00000453029.2	15	8339	8324
ENST00000453030.5	18481	18767	286
ENST00000453031.1	0	13073	13073
ENST00000453032.6	280	41548	41268
ENST00000453034.5	222	52655	52433
ENST00000453037.7	87	7398	7311
ENST00000453038.5	0	4851	4851
ENST00000453040.5	3	559	556
ENST00000453046.5	32	876	844
ENST00000453049.5	12490	18851	6361
ENST00000453052.1	0	957	957
ENST00000453056.5	12194	14012	1818
ENST00000453061.7	126	43092	42966
ENST00000453066.6	2125	13124	10999
ENST00000453071.5	185	30994	30809
ENST00000453072.5	2919	6977	4058
ENST00000453074.6	705	7120	6415
ENST00000453079.1	0	18604	18604
ENST00000453080.5	0	2005	2005
ENST00000453081.5	1854	2236	382
ENST00000453085.1	0	44570	44570
ENST00000453089.2	881	32431	31550
ENST00000453091.6	541	72489	71948
ENST00000453095.1	0	14661	14661
ENST00000453096.6	10780	45201	34421
ENST00000453097.7	157	85858	85701
ENST00000453108.1	0	9339	9339
ENST00000453113.6	3473	13163	9690
ENST00000453116.5	125	73059	72934
ENST00000453117.1	0	290	290
ENST00000453122.1	3676	12745	9069
ENST00000453129.3	0	1372	1372
ENST00000453130.1	833	47351	46518
ENST00000453131.1	0	10883	10883
ENST00000453132.5	0	3962	3962
ENST00000453133.1	46727	122548	75821
ENST00000453137.1	121	2976	2855
ENST00000453141.5	0	10887	10887
ENST00000453142.3	4954	15259	10305
ENST00000453143.5	1216	10909	9693
ENST00000453144.5	777	45601	44824
ENST00000453146.1	0	20911	20911
ENST00000453150.5	2426	3314	888
ENST00000453152.1	13	13331	13318
ENST00000453153.7	1320	46048	44728
ENST00000453160.5	8493	13310	4817
ENST00000453161.5	1951	3441	1490
ENST00000453163.6	1942	4173	2231
ENST00000453164.1	2323	10379	8056
ENST00000453166.2	36	1127	1091
ENST00000453170.6	1020	31637	30617
ENST00000453171.5	15	992	977
ENST00000453172.2	429	2734	2305
ENST00000453175.6	7	6887	6880
ENST00000453182.2	32	11926	11894
ENST00000453186.5	4471	11395	6924
ENST00000453190.7	6930	59251	52321
ENST00000453195.5	1424	16258	14834
ENST00000453196.6	456	100930	100474
ENST00000453200.6	757	33449	32692
ENST00000453202.1	30	808	778
ENST00000453203.2	1152	14719	13567
ENST00000453208.5	9486	12048	2562
ENST00000453211.6	86	27027	26941
ENST00000453212.5	58	10400	10342
ENST00000453218.6	0	8842	8842
ENST00000453220.5	93	41943	41850
ENST00000453223.2	91	2154	2063
ENST00000453224.5	1465	19146	17681
ENST00000453225.5	29115	39391	10276
ENST00000453227.5	6110	12942	6832
ENST00000453231.6	309	121899	121590
ENST00000453233.1	0	617	617
ENST00000453237.5	9513	10715	1202
ENST00000453245.5	0	24230	24230
ENST00000453246.5	0	230854	230854
ENST00000453248.6	154	35398	35244
ENST00000453254.5	117	32829	32712
ENST00000453256.5	104	19967	19863
ENST00000453258.6	178	156142	155964
ENST00000453259.2	1014	6124	5110
ENST00000453268.3	2169	6637	4468
ENST00000453269.7	179	9156	8977
ENST00000453270.2	930	5237	4307
ENST00000453274.1	0	6085	6085
ENST00000453275.1	0	27482	27482
ENST00000453281.5	0	2314	2314
ENST00000453286.5	0	5159	5159
ENST00000453291.2	14519	26385	11866
ENST00000453292.7	0	1468	1468
ENST00000453295.5	2	172811	172809
ENST00000453297.6	0	130987	130987
ENST00000453302.5	24415	64569	40154
ENST00000453303.5	0	5321	5321
ENST00000453304.6	6733	389130	382397
ENST00000453308.1	1598	9771	8173
ENST00000453310.5	6010	6473	463
ENST00000453318.6	4061	124229	120168
ENST00000453320.1	0	7898	7898
ENST00000453321.8	21	64512	64491
ENST00000453327.7	0	22935	22935
ENST00000453329.5	696	10081	9385
ENST00000453332.1	0	3014	3014
ENST00000453333.2	126523	158469	31946
ENST00000453337.1	0	5176	5176
ENST00000453344.6	119	3605	3486
ENST00000453349.5	0	2022	2022
ENST00000453351.1	425	7266	6841
ENST00000453353.2	54	2319	2265
ENST00000453356.1	156	6958	6802
ENST00000453357.6	56	248995	248939
ENST00000453358.5	8719	23342	14623
ENST00000453359.5	844	46065	45221
ENST00000453363.7	116	1965	1849
ENST00000453368.1	0	3687	3687
ENST00000453372.7	11145	20210	9065
ENST00000453373.5	145781	148575	2794
ENST00000453380.3	65	1701	1636
ENST00000453382.5	55	9854	9799
ENST00000453383.5	21030	30180	9150
ENST00000453384.7	294	4780	4486
ENST00000453386.7	3160	24157	20997
ENST00000453390.5	0	7496	7496
ENST00000453392.5	100	4414	4314
ENST00000453394.5	94	40507	40413
ENST00000453396.5	1291	1939	648
ENST00000453397.5	0	1242	1242
ENST00000453399.5	0	71097	71097
ENST00000453401.6	0	52604	52604
ENST00000453402.5	0	8820	8820
ENST00000453407.7	7643	8115	472
ENST00000453408.7	0	67604	67604
ENST00000453411.6	213	28086	27873
ENST00000453412.1	3027	31950	28923
ENST00000453413.2	1387	16116	14729
ENST00000453419.5	199	27144	26945
ENST00000453424.7	3657	80338	76681
ENST00000453428.1	0	2718	2718
ENST00000453430.5	19580	27384	7804
ENST00000453432.5	2192	3226	1034
ENST00000453435.1	116	4563	4447
ENST00000453436.5	385	32884	32499
ENST00000453441.1	2068	4129	2061
ENST00000453443.5	0	28139	28139
ENST00000453444.6	46	240723	240677
ENST00000453446.6	3	16424	16421
ENST00000453447.6	132	187415	187283
ENST00000453448.1	55825	74521	18696
ENST00000453452.1	0	6314	6314
ENST00000453453.1	79	3478	3399
ENST00000453458.5	3169	15827	12658
ENST00000453464.3	853	2345	1492
ENST00000453466.1	3	3108	3105
ENST00000453471.6	1487	2988	1501
ENST00000453477.1	0	929	929
ENST00000453479.1	0	1767	1767
ENST00000453480.5	0	2175	2175
ENST00000453485.2	328	118841	118513
ENST00000453505.6	27258	29726	2468
ENST00000453507.7	3139	134098	130959
ENST00000453512.5	148	32129	31981
ENST00000453514.6	7208	74267	67059
ENST00000453516.5	0	25387	25387
ENST00000453524.6	464	2528	2064
ENST00000453526.6	177	25226	25049
ENST00000453527.7	815	10146	9331
ENST00000453532.5	173	13085	12912
ENST00000453535.1	575	13681	13106
ENST00000453536.5	6765	84789	78024
ENST00000453542.5	215	12564	12349
ENST00000453543.5	146	516	370
ENST00000453551.6	146	7056	6910
ENST00000453553.1	0	8975	8975
ENST00000453555.1	0	206	206
ENST00000453560.6	37800	45817	8017
ENST00000453571.5	4754	5789	1035
ENST00000453575.5	90591	141429	50838
ENST00000453585.1	0	16352	16352
ENST00000453593.5	3	77039	77036
ENST00000453597.8	1104	8757	7653
ENST00000453600.5	0	376	376
ENST00000453602.1	0	7578	7578
ENST00000453607.5	0	120505	120505
ENST00000453615.1	0	1044	1044
ENST00000453617.6	213	75280	75067
ENST00000453621.5	0	12342	12342
ENST00000453623.5	19631	20736	1105
ENST00000453626.5	803	12619	11816
ENST00000453627.1	0	176	176
ENST00000453628.1	0	13580	13580
ENST00000453630.5	340	11339	10999
ENST00000453631.5	47127	61912	14785
ENST00000453634.5	10189	10934	745
ENST00000453643.5	0	21607	21607
ENST00000453650.2	41458	52981	11523
ENST00000453653.5	137	8440	8303
ENST00000453654.6	10186	241055	230869
ENST00000453663.5	82677	134792	52115
ENST00000453664.5	284	15104	14820
ENST00000453673.3	0	827	827
ENST00000453676.5	0	425572	425572
ENST00000453680.6	2191	11859	9668
ENST00000453689.5	19033	24137	5104
ENST00000453693.1	0	12443	12443
ENST00000453702.5	512	17423	16911
ENST00000453705.1	0	5961	5961
ENST00000453707.6	88	4330	4242
ENST00000453710.1	0	3152	3152
ENST00000453711.1	14943	22628	7685
ENST00000453712.6	97	182451	182354
ENST00000453715.1	0	8474	8474
ENST00000453718.2	0	21327	21327
ENST00000453723.5	2127	12118	9991
ENST00000453724.5	13341	14243	902
ENST00000453727.6	11131	51663	40532
ENST00000453729.6	0	76910	76910
ENST00000453731.1	0	9156	9156
ENST00000453733.5	192	2505	2313
ENST00000453734.1	278	55951	55673
ENST00000453740.5	0	6424	6424
ENST00000453741.6	2127	5941	3814
ENST00000453744.7	3035	32559	29524
ENST00000453745.5	0	3595	3595
ENST00000453748.5	102	16457	16355
ENST00000453757.8	312	4140	3828
ENST00000453759.6	0	11375	11375
ENST00000453764.5	53824	60730	6906
ENST00000453765.5	0	7206	7206
ENST00000453766.7	951	3166	2215
ENST00000453767.1	0	27271	27271
ENST00000453769.1	0	2647	2647
ENST00000453771.5	21417	53568	32151
ENST00000453773.5	54802	81601	26799
ENST00000453776.5	0	2360	2360
ENST00000453777.1	585	8014	7429
ENST00000453779.6	551	152275	151724
ENST00000453782.5	1165	3929	2764
ENST00000453788.6	248	5307	5059
ENST00000453791.6	3420	8514	5094
ENST00000453793.1	0	3559	3559
ENST00000453807.6	0	25075	25075
ENST00000453812.2	391	39011	38620
ENST00000453813.1	0	5215	5215
ENST00000453819.5	141	11836	11695
ENST00000453823.5	0	27535	27535
ENST00000453824.1	0	5616	5616
ENST00000453826.1	0	108408	108408
ENST00000453833.5	0	2939	2939
ENST00000453839.5	0	15426	15426
ENST00000453840.7	1221	14350	13129
ENST00000453846.5	0	53022	53022
ENST00000453848.7	174	15502	15328
ENST00000453855.6	3253	108905	105652
ENST00000453861.6	0	46311	46311
ENST00000453863.5	0	10183	10183
ENST00000453867.7	47358	60698	13340
ENST00000453868.5	0	5479	5479
ENST00000453873.5	25	53967	53942
ENST00000453877.6	3	78955	78952
ENST00000453881.2	0	4233	4233
ENST00000453882.1	0	15875	15875
ENST00000453890.5	131261	453967	322706
ENST00000453905.5	0	27550	27550
ENST00000453906.6	21	63639	63618
ENST00000453908.8	53	17008	16955
ENST00000453912.1	0	1306	1306
ENST00000453922.1	0	6365	6365
ENST00000453929.6	73	44673	44600
ENST00000453930.5	66	20897	20831
ENST00000453933.5	333	3059	2726
ENST00000453937.2	7	725	718
ENST00000453940.6	1705	16650	14945
ENST00000453942.2	2924	61654	58730
ENST00000453943.6	24	9061	9037
ENST00000453944.1	0	448	448
ENST00000453950.1	0	34281	34281
ENST00000453954.6	2417	42974	40557
ENST00000453956.1	16340	21380	5040
ENST00000453959.5	6572	7426	854
ENST00000453960.7	8797	77583	68786
ENST00000453962.6	2256	19973	17717
ENST00000453963.5	1657	30101	28444
ENST00000453973.5	143	4286	4143
ENST00000453976.6	19151	184698	165547
ENST00000453980.3	0	72087	72087
ENST00000453981.5	13461	197215	183754
ENST00000453985.6	1286	81215	79929
ENST00000453989.2	412	48332	47920
ENST00000453992.6	386	10547	10161
ENST00000453994.6	1954	11806	9852
ENST00000453996.7	28	10275	10247
ENST00000454000.6	4959	44931	39972
ENST00000454002.6	381	8262	7881
ENST00000454008.6	0	2349	2349
ENST00000454009.6	3820	82832	79012
ENST00000454011.7	3373	16717	13344
ENST00000454014.6	21933	45039	23106
ENST00000454017.6	1291	44420	43129
ENST00000454018.7	16	20209	20193
ENST00000454020.1	0	13422	13422
ENST00000454023.1	0	37177	37177
ENST00000454028.5	14	240	226
ENST00000454032.5	0	191443	191443
ENST00000454035.5	4626	8879	4253
ENST00000454036.6	76	39303	39227
ENST00000454046.5	2558	18220	15662
ENST00000454048.1	0	9136	9136
ENST00000454054.5	819	10401	9582
ENST00000454061.5	366	18341	17975
ENST00000454069.5	4658	9602	4944
ENST00000454073.7	508	17015	16507
ENST00000454074.5	115	19827	19712
ENST00000454075.7	210	14433	14223
ENST00000454076.5	108	2411	2303
ENST00000454077.6	2461	7315	4854
ENST00000454079.5	27682	123534	95852
ENST00000454083.1	7860	15987	8127
ENST00000454099.5	0	33976	33976
ENST00000454108.5	88109	149491	61382
ENST00000454109.1	112	2228	2116
ENST00000454119.5	0	1846	1846
ENST00000454122.1	17173	17389	216
ENST00000454124.1	0	30680	30680
ENST00000454132.5	151588	210155	58567
ENST00000454134.1	1509	4449	2940
ENST00000454136.8	633	15223	14590
ENST00000454141.5	2338	5682	3344
ENST00000454145.5	0	8520	8520
ENST00000454147.1	65	7812	7747
ENST00000454148.1	8783	9595	812
ENST00000454151.2	0	17965	17965
ENST00000454158.7	20757	76460	55703
ENST00000454164.5	0	2374	2374
ENST00000454165.1	0	3323	3323
ENST00000454170.7	115	66522	66407
ENST00000454173.1	15	2912	2897
ENST00000454175.1	791	21250	20459
ENST00000454177.5	16692	64332	47640
ENST00000454181.6	541	2422	1881
ENST00000454188.5	179	2260	2081
ENST00000454189.7	3608	168302	164694
ENST00000454190.6	85	14064	13979
ENST00000454193.5	2931	12248	9317
ENST00000454195.1	0	6282	6282
ENST00000454199.1	22674	29676	7002
ENST00000454201.5	1163	2284	1121
ENST00000454202.5	0	12887	12887
ENST00000454207.2	116	27426	27310
ENST00000454214.1	6853	13874	7021
ENST00000454215.6	140	52930	52790
ENST00000454217.1	255	142670	142415
ENST00000454220.7	46	37799	37753
ENST00000454225.1	0	3282	3282
ENST00000454226.5	0	24641	24641
ENST00000454227.5	149	48688	48539
ENST00000454233.6	3	4105	4102
ENST00000454237.1	2580	8786	6206
ENST00000454240.1	16873	53156	36283
ENST00000454243.7	1653	9640	7987
ENST00000454244.4	35415	66609	31194
ENST00000454250.7	107	139550	139443
ENST00000454252.2	4359	10254	5895
ENST00000454255.6	342	4712	4370
ENST00000454257.5	142523	285241	142718
ENST00000454264.6	9140	34611	25471
ENST00000454272.2	223	3319	3096
ENST00000454277.5	0	19627	19627
ENST00000454278.5	17189	17561	372
ENST00000454279.5	147	13156	13009
ENST00000454283.1	4030	4086	56
ENST00000454291.1	310	5309	4999
ENST00000454293.2	8258	28353	20095
ENST00000454295.6	4259	28157	23898
ENST00000454303.1	0	15789	15789
ENST00000454304.6	18	60646	60628
ENST00000454308.6	58	10913	10855
ENST00000454309.7	4622	269557	264935
ENST00000454310.5	307	6479	6172
ENST00000454318.1	0	9805	9805
ENST00000454323.1	4382	22123	17741
ENST00000454324.5	37	18583	18546
ENST00000454326.5	0	7869	7869
ENST00000454335.5	0	22644	22644
ENST00000454337.1	0	20656	20656
ENST00000454342.2	123	2106	1983
ENST00000454345.6	4651	21658	17007
ENST00000454349.7	211	150789	150578
ENST00000454350.5	91	22332	22241
ENST00000454354.1	0	4219	4219
ENST00000454355.7	1224	9287	8063
ENST00000454356.5	71	140427	140356
ENST00000454358.6	0	10628	10628
ENST00000454362.5	0	14541	14541
ENST00000454366.2	531	35463	34932
ENST00000454369.6	295	5571	5276
ENST00000454375.5	0	69014	69014
ENST00000454376.7	10	12073	12063
ENST00000454379.2	0	5698	5698
ENST00000454381.3	3208	98179	94971
ENST00000454383.5	0	35607	35607
ENST00000454389.6	4044	115154	111110
ENST00000454393.5	5881	21148	15267
ENST00000454394.2	10	71759	71749
ENST00000454397.1	0	15090	15090
ENST00000454402.7	125	15581	15456
ENST00000454404.6	985	18933	17948
ENST00000454412.6	0	384187	384187
ENST00000454414.5	0	9363	9363
ENST00000454417.1	124	14029	13905
ENST00000454421.2	0	808	808
ENST00000454422.2	2731	9360	6629
ENST00000454428.5	43	12067	12024
ENST00000454433.5	0	28474	28474
ENST00000454443.2	0	224	224
ENST00000454446.6	54	27920	27866
ENST00000454447.1	5	46463	46458
ENST00000454449.3	609	8558	7949
ENST00000454452.6	50	57379	57329
ENST00000454453.5	43704	90132	46428
ENST00000454457.1	0	41857	41857
ENST00000454468.5	21926	25334	3408
ENST00000454472.1	0	1106	1106
ENST00000454473.5	329	24372	24043
ENST00000454476.2	0	648	648
ENST00000454485.5	1119	5227	4108
ENST00000454491.5	1609	7873	6264
ENST00000454495.6	14737	15437	700
ENST00000454497.6	3784	44186	40402
ENST00000454498.6	1622	103262	101640
ENST00000454499.6	3	33454	33451
ENST00000454501.1	407	17033	16626
ENST00000454502.6	5358	49481	44123
ENST00000454510.5	67	47673	47606
ENST00000454513.5	23269	45364	22095
ENST00000454516.7	85	80460	80375
ENST00000454520.6	1107	29431	28324
ENST00000454523.5	0	8454	8454
ENST00000454524.1	0	1849	1849
ENST00000454531.1	1039	3614	2575
ENST00000454536.5	21563	61228	39665
ENST00000454540.5	187007	187083	76
ENST00000454542.5	0	27630	27630
ENST00000454545.5	14098	19562	5464
ENST00000454549.6	115	1068	953
ENST00000454551.1	485	837	352
ENST00000454552.5	0	7241	7241
ENST00000454558.2	12060	16538	4478
ENST00000454559.5	392	24411	24019
ENST00000454561.2	201	1006	805
ENST00000454563.5	27156	29836	2680
ENST00000454569.6	412	36522	36110
ENST00000454575.6	587	239772	239185
ENST00000454579.5	4727	7008	2281
ENST00000454580.7	317	28006	27689
ENST00000454583.6	0	12598	12598
ENST00000454584.7	8259	146334	138075
ENST00000454589.5	283	14785	14502
ENST00000454590.5	688	184716	184028
ENST00000454591.6	605	38546	37941
ENST00000454603.5	5379	16625	11246
ENST00000454607.5	22897	42473	19576
ENST00000454610.2	0	31299	31299
ENST00000454612.6	5775	18950	13175
ENST00000454618.5	0	32829	32829
ENST00000454619.5	2340	2814	474
ENST00000454623.1	0	5878	5878
ENST00000454629.1	5002	15571	10569
ENST00000454637.2	132	78579	78447
ENST00000454642.3	2648	41127	38479
ENST00000454650.1	2298	2518	220
ENST00000454652.6	14734	45454	30720
ENST00000454654.5	1968	13488	11520
ENST00000454658.6	653	16800	16147
ENST00000454659.1	0	14330	14330
ENST00000454662.6	4917	14912	9995
ENST00000454665.6	37	5635	5598
ENST00000454668.2	319	3072	2753
ENST00000454670.1	632	11383	10751
ENST00000454677.3	118	7872	7754
ENST00000454678.7	1424	16258	14834
ENST00000454679.7	138	691861	691723
ENST00000454682.6	114	18320	18206
ENST00000454685.6	6751	37493	30742
ENST00000454688.5	45605	97974	52369
ENST00000454690.1	137	50855	50718
ENST00000454691.1	0	34	34
ENST00000454694.6	3560	4927	1367
ENST00000454697.1	4029	4443	414
ENST00000454703.6	1533	22917	21384
ENST00000454704.5	181	10180	9999
ENST00000454715.5	271	4587	4316
ENST00000454728.5	0	5187	5187
ENST00000454731.6	82	2867	2785
ENST00000454734.1	7469	8013	544
ENST00000454738.5	11830	35366	23536
ENST00000454740.5	360	5726	5366
ENST00000454744.7	2920	12169	9249
ENST00000454745.2	0	418	418
ENST00000454748.7	804	23549	22745
ENST00000454751.5	74	846	772
ENST00000454754.5	24326	46175	21849
ENST00000454759.6	62	31204	31142
ENST00000454762.1	0	3185	3185
ENST00000454765.7	2799	12121	9322
ENST00000454769.2	272	504	232
ENST00000454771.1	0	12167	12167
ENST00000454775.5	1665	108299	106634
ENST00000454776.6	229	28553	28324
ENST00000454778.6	4142	18675	14533
ENST00000454782.3	1222	35930	34708
ENST00000454783.5	689	2248	1559
ENST00000454784.10	0	201688	201688
ENST00000454786.5	6033	6735	702
ENST00000454789.5	252179	330848	78669
ENST00000454791.1	79	2654	2575
ENST00000454792.2	463	13631	13168
ENST00000454803.6	23	10943	10920
ENST00000454806.1	0	7008	7008
ENST00000454808.2	2763	6488	3725
ENST00000454811.5	3216	5965	2749
ENST00000454815.6	0	2273	2273
ENST00000454819.1	183	3299	3116
ENST00000454822.5	13347	17689	4342
ENST00000454824.6	3	10164	10161
ENST00000454825.1	0	11532	11532
ENST00000454828.6	6353	21157	14804
ENST00000454838.6	2001	38197	36196
ENST00000454841.5	179	1788	1609
ENST00000454845.1	0	2231	2231
ENST00000454850.1	26501	48639	22138
ENST00000454852.6	0	1440	1440
ENST00000454853.7	1269	41245	39976
ENST00000454854.5	1877	6740	4863
ENST00000454856.4	22	32530	32508
ENST00000454859.8	1160	43214	42054
ENST00000454864.5	5128	48637	43509
ENST00000454871.5	3003	20885	17882
ENST00000454872.6	74	946237	946163
ENST00000454885.6	645	2851	2206
ENST00000454887.1	0	44794	44794
ENST00000454893.1	177	12425	12248
ENST00000454895.2	0	40049	40049
ENST00000454902.1	140	66811	66671
ENST00000454905.5	1215	4162	2947
ENST00000454908.1	0	32	32
ENST00000454909.6	1233	75306	74073
ENST00000454911.6	53	1633	1580
ENST00000454913.5	0	5016	5016
ENST00000454918.1	64	4392	4328
ENST00000454919.1	0	34315	34315
ENST00000454923.5	0	3807	3807
ENST00000454925.1	8	29810	29802
ENST00000454930.6	154	40221	40067
ENST00000454934.5	13	28131	28118
ENST00000454936.5	1524	6766	5242
ENST00000454943.6	7857	23975	16118
ENST00000454947.1	40163	46273	6110
ENST00000454948.3	0	2095	2095
ENST00000454949.5	2127	6621	4494
ENST00000454950.6	1371	31120	29749
ENST00000454952.1	2575	4414	1839
ENST00000454954.6	118	5616	5498
ENST00000454956.1	0	518	518
ENST00000454960.1	2871	3643	772
ENST00000454962.6	14637	54801	40164
ENST00000454963.5	4073	101282	97209
ENST00000454967.1	0	62828	62828
ENST00000454971.3	292	2366	2074
ENST00000454973.1	0	1689	1689
ENST00000454975.1	0	4098	4098
ENST00000454976.2	6444	17282	10838
ENST00000454978.2	281	13794	13513
ENST00000454988.1	0	9326	9326
ENST00000454990.5	5750	21941	16191
ENST00000454992.1	51	4707	4656
ENST00000454994.3	9186	13135	3949
ENST00000454999.5	48	13829	13781
ENST00000455001.1	0	13267	13267
ENST00000455008.5	1337	14078	12741
ENST00000455009.6	11008	20886	9878
ENST00000455015.6	423	4082	3659
ENST00000455020.3	144	6138	5994
ENST00000455021.5	206	8271	8065
ENST00000455022.1	73	37111	37038
ENST00000455023.5	0	19809	19809
ENST00000455029.3	57	31165	31108
ENST00000455036.8	585	35906	35321
ENST00000455042.1	4807	12409	7602
ENST00000455045.5	404	8637	8233
ENST00000455050.2	16	3523	3507
ENST00000455053.5	7490	10354	2864
ENST00000455057.5	153	18474	18321
ENST00000455059.5	48	7781	7733
ENST00000455060.5	253	7066	6813
ENST00000455063.5	10760	11078	318
ENST00000455064.6	26689	58920	32231
ENST00000455067.5	84	722	638
ENST00000455070.1	0	17405	17405
ENST00000455073.1	0	720	720
ENST00000455076.1	0	9229	9229
ENST00000455077.5	161	110888	110727
ENST00000455080.5	0	3860	3860
ENST00000455083.5	472616	637597	164981
ENST00000455086.5	110	13768	13658
ENST00000455089.5	257	186988	186731
ENST00000455090.1	10	11835	11825
ENST00000455097.6	52462	52598	136
ENST00000455098.2	245	228993	228748
ENST00000455099.6	0	12499	12499
ENST00000455100.2	1969	2885	916
ENST00000455102.6	1075	13711	12636
ENST00000455106.1	0	4300	4300
ENST00000455108.5	1793	4701	2908
ENST00000455111.1	0	3638	3638
ENST00000455112.7	242371	261670	19299
ENST00000455113.6	618	4391	3773
ENST00000455118.6	5366	46305	40939
ENST00000455119.5	0	110082	110082
ENST00000455123.5	2187	30734	28547
ENST00000455125.2	708	17457	16749
ENST00000455127.7	889	2432	1543
ENST00000455133.1	0	7320	7320
ENST00000455136.5	7272	8884	1612
ENST00000455138.1	41	10358	10317
ENST00000455140.7	461	119404	118943
ENST00000455145.5	3572	5551	1979
ENST00000455146.8	65	97380	97315
ENST00000455147.6	1215	22959	21744
ENST00000455148.1	0	15053	15053
ENST00000455150.1	46	1623	1577
ENST00000455157.6	8114	14653	6539
ENST00000455162.5	24741	188400	163659
ENST00000455164.6	6040	34697	28657
ENST00000455168.5	2	48531	48529
ENST00000455171.6	61	12336	12275
ENST00000455172.2	1081	6645	5564
ENST00000455177.3	0	9186	9186
ENST00000455186.5	47	17046	16999
ENST00000455188.5	2645	8851	6206
ENST00000455190.2	502	4337	3835
ENST00000455191.5	506	57869	57363
ENST00000455193.1	0	2461	2461
ENST00000455195.5	0	3208	3208
ENST00000455197.5	230	3554	3324
ENST00000455198.5	13010	20727	7717
ENST00000455200.5	5838	39703	33865
ENST00000455205.5	0	985	985
ENST00000455208.5	5477	6083	606
ENST00000455213.6	1749	17563	15814
ENST00000455214.1	0	1542	1542
ENST00000455217.6	122	28988	28866
ENST00000455220.6	597	17881	17284
ENST00000455222.1	0	14457	14457
ENST00000455226.5	17189	17561	372
ENST00000455230.5	75	10387	10312
ENST00000455233.5	154	30775	30621
ENST00000455235.5	0	953	953
ENST00000455236.4	0	5531	5531
ENST00000455239.1	0	8733	8733
ENST00000455240.1	0	1709	1709
ENST00000455250.2	102	19525	19423
ENST00000455263.6	4818	9219	4401
ENST00000455264.7	110891	276448	165557
ENST00000455267.1	0	43483	43483
ENST00000455268.5	1524	11616	10092
ENST00000455270.5	200	504	304
ENST00000455271.5	182	2731	2549
ENST00000455274.5	1350	36288	34938
ENST00000455276.1	338	32536	32198
ENST00000455277.2	0	27966	27966
ENST00000455279.6	0	2921	2921
ENST00000455281.1	43449	44475	1026
ENST00000455282.1	18717	20893	2176
ENST00000455283.2	1404	30954	29550
ENST00000455285.2	0	5129	5129
ENST00000455292.6	48	26484	26436
ENST00000455302.5	3950	5709	1759
ENST00000455306.5	1404	15619	14215
ENST00000455311.6	0	54620	54620
ENST00000455313.6	120	55222	55102
ENST00000455314.5	10202	13546	3344
ENST00000455319.6	103	4606	4503
ENST00000455320.5	0	5357	5357
ENST00000455322.7	3088	272515	269427
ENST00000455331.6	3137	13499	10362
ENST00000455332.6	1623	27376	25753
ENST00000455335.2	159	20979	20820
ENST00000455338.6	0	7371	7371
ENST00000455341.2	0	24039	24039
ENST00000455343.5	11207	11670	463
ENST00000455345.7	367	134854	134487
ENST00000455353.6	137	84378	84241
ENST00000455359.5	7220	8922	1702
ENST00000455361.6	96	19465	19369
ENST00000455364.2	3762	12263	8501
ENST00000455367.5	0	18588	18588
ENST00000455368.6	0	6137	6137
ENST00000455371.5	121	6223	6102
ENST00000455372.2	2419	3047	628
ENST00000455377.5	167	3996	3829
ENST00000455381.5	0	7659	7659
ENST00000455382.2	74	853	779
ENST00000455383.6	7379	27046	19667
ENST00000455385.7	1303	22421	21118
ENST00000455386.1	12927	13959	1032
ENST00000455393.5	76	11641	11565
ENST00000455394.5	7545	57325	49780
ENST00000455396.2	594	17447	16853
ENST00000455397.5	4003	8693	4690
ENST00000455401.6	234	14952	14718
ENST00000455404.6	62109	143736	81627
ENST00000455407.5	5669	18997	13328
ENST00000455411.1	72099	112327	40228
ENST00000455415.1	0	9280	9280
ENST00000455425.1	0	6508	6508
ENST00000455427.7	20462	82962	62500
ENST00000455428.5	0	13717	13717
ENST00000455432.5	0	28664	28664
ENST00000455441.5	120803	142432	21629
ENST00000455443.5	0	5113	5113
ENST00000455445.6	20680	58386	37706
ENST00000455446.6	892	18616	17724
ENST00000455450.5	0	6278	6278
ENST00000455452.5	971	36306	35335
ENST00000455453.1	684	1308	624
ENST00000455454.5	1227	8209	6982
ENST00000455467.6	4	92922	92918
ENST00000455470.6	590	84895	84305
ENST00000455472.3	0	11966	11966
ENST00000455476.5	0	520	520
ENST00000455477.5	68212	213476	145264
ENST00000455478.6	0	2652	2652
ENST00000455479.5	14045	18337	4292
ENST00000455480.6	6634	73643	67009
ENST00000455483.5	7865	11978	4113
ENST00000455490.1	0	48620	48620
ENST00000455496.1	2725	19831	17106
ENST00000455500.5	1657	16137	14480
ENST00000455502.5	315174	318087	2913
ENST00000455504.7	132	5670	5538
ENST00000455506.1	36	9748	9712
ENST00000455508.2	14	151185	151171
ENST00000455511.9	1247	32411	31164
ENST00000455515.6	639	3568	2929
ENST00000455516.6	146	10060	9914
ENST00000455517.6	90874	91118	244
ENST00000455521.5	1526	13682	12156
ENST00000455528.5	29	37218	37189
ENST00000455532.5	0	147758	147758
ENST00000455537.7	228	36200	35972
ENST00000455539.5	114075	122411	8336
ENST00000455544.5	0	260	260
ENST00000455545.5	0	21705	21705
ENST00000455546.6	9465	9499	34
ENST00000455547.5	0	8109	8109
ENST00000455551.6	796	46044	45248
ENST00000455555.1	0	18970	18970
ENST00000455558.2	0	96611	96611
ENST00000455559.6	118	25167	25049
ENST00000455562.1	0	949	949
ENST00000455566.6	141	56302	56161
ENST00000455571.5	0	168710	168710
ENST00000455575.1	0	28	28
ENST00000455576.2	486479	813870	327391
ENST00000455577.6	25695	38901	13206
ENST00000455580.6	25243	48550	23307
ENST00000455584.2	2611	82960	80349
ENST00000455586.6	1100	19214	18114
ENST00000455590.1	0	2170	2170
ENST00000455596.5	2215	5084	2869
ENST00000455600.1	7890	27284	19394
ENST00000455601.6	2035	7824	5789
ENST00000455610.5	0	183135	183135
ENST00000455618.2	0	24	24
ENST00000455624.6	1196	90101	88905
ENST00000455627.1	0	6679	6679
ENST00000455631.5	90858	132438	41580
ENST00000455635.1	0	4313	4313
ENST00000455636.5	53	15217	15164
ENST00000455639.6	29905	65327	35422
ENST00000455654.1	0	123004	123004
ENST00000455656.1	25979	56346	30367
ENST00000455657.6	1088	7091	6003
ENST00000455659.1	0	10118	10118
ENST00000455661.5	42756	58493	15737
ENST00000455662.6	245	11364	11119
ENST00000455663.5	0	350213	350213
ENST00000455664.6	39	14469	14430
ENST00000455666.1	0	5222	5222
ENST00000455667.7	64	25644	25580
ENST00000455674.2	0	4869	4869
ENST00000455677.1	0	25279	25279
ENST00000455679.5	1584	3423	1839
ENST00000455683.7	144	5648	5504
ENST00000455688.2	0	5060	5060
ENST00000455690.5	148	5142	4994
ENST00000455694.7	12	15268	15256
ENST00000455695.1	0	1918	1918
ENST00000455697.6	1440	16630	15190
ENST00000455702.7	205	15110	14905
ENST00000455706.7	22676	22920	244
ENST00000455712.5	878	6113	5235
ENST00000455714.6	227	81829	81602
ENST00000455724.5	1632	3581	1949
ENST00000455725.6	6469	32054	25585
ENST00000455726.5	11	21045	21034
ENST00000455727.6	86	43910	43824
ENST00000455734.1	0	3498	3498
ENST00000455737.2	0	785	785
ENST00000455742.5	1571	3665	2094
ENST00000455743.5	52793	81090	28297
ENST00000455748.6	18	22867	22849
ENST00000455749.1	10	14794	14784
ENST00000455750.6	510	3584	3074
ENST00000455756.6	4019	546828	542809
ENST00000455757.1	0	2887	2887
ENST00000455762.5	0	6219	6219
ENST00000455763.1	732	4408	3676
ENST00000455768.6	3232	4179	947
ENST00000455775.7	42	8562	8520
ENST00000455778.1	0	6420	6420
ENST00000455781.5	2793	48228	45435
ENST00000455783.3	943	3221	2278
ENST00000455784.7	86	9073	8987
ENST00000455785.7	903	5003	4100
ENST00000455786.1	22779	57022	34243
ENST00000455790.5	0	6114	6114
ENST00000455798.6	1427	4347	2920
ENST00000455799.1	2509	11848	9339
ENST00000455805.5	14985	15337	352
ENST00000455809.6	66	57197	57131
ENST00000455812.2	0	41520	41520
ENST00000455813.1	0	4013	4013
ENST00000455816.1	0	7125	7125
ENST00000455817.5	18272	23217	4945
ENST00000455824.1	17685	29431	11746
ENST00000455827.2	342	19619	19277
ENST00000455830.2	0	1270	1270
ENST00000455833.7	4284	53594	49310
ENST00000455834.5	1612	11925	10313
ENST00000455836.1	118	8973	8855
ENST00000455839.5	2669	6338	3669
ENST00000455841.6	54111	151362	97251
ENST00000455843.5	1518	6384	4866
ENST00000455858.2	73	118789	118716
ENST00000455864.6	25	25835	25810
ENST00000455865.5	248580	269717	21137
ENST00000455867.5	0	45124	45124
ENST00000455875.6	164	39158	38994
ENST00000455876.1	0	2557	2557
ENST00000455877.5	0	3337	3337
ENST00000455878.2	33	11282	11249
ENST00000455879.5	0	98777	98777
ENST00000455880.2	49	103284	103235
ENST00000455883.2	1842	1224467	1222625
ENST00000455884.7	1087	249814	248727
ENST00000455886.6	243	11796	11553
ENST00000455891.5	2410	29948	27538
ENST00000455892.1	0	15877	15877
ENST00000455893.6	138	76687	76549
ENST00000455895.7	1992	31060	29068
ENST00000455900.5	0	10412	10412
ENST00000455903.6	0	2711	2711
ENST00000455904.5	233	22309	22076
ENST00000455905.1	1865	46229	44364
ENST00000455906.1	0	9120	9120
ENST00000455911.5	283	4455	4172
ENST00000455915.6	991	37175	36184
ENST00000455918.2	294	3886	3592
ENST00000455925.2	2139	9898	7759
ENST00000455934.6	1077	38226	37149
ENST00000455946.5	6	8512	8506
ENST00000455953.1	0	90	90
ENST00000455959.7	462	22511	22049
ENST00000455971.6	0	7301	7301
ENST00000455972.6	11691	68574	56883
ENST00000455976.6	149	10458	10309
ENST00000455978.1	0	9033	9033
ENST00000455979.1	0	6490	6490
ENST00000455982.2	878	17283	16405
ENST00000455987.5	597	125091	124494
ENST00000455989.1	38623	39986	1363
ENST00000455990.5	332	20970	20638
ENST00000455992.6	7648	53408	45760
ENST00000455996.6	780	15620	14840
ENST00000455997.5	17698	46979	29281
ENST00000455998.5	0	11211	11211
ENST00000455999.5	6090	63856	57766
ENST00000456004.1	200	1759	1559
ENST00000456006.2	22716	34212	11496
ENST00000456011.5	38935	61056	22121
ENST00000456013.5	242	11447	11205
ENST00000456014.6	1863	25818	23955
ENST00000456015.7	333	38782	38449
ENST00000456017.5	0	182	182
ENST00000456019.1	0	27100	27100
ENST00000456023.1	0	2249	2249
ENST00000456033.5	429	5434	5005
ENST00000456040.1	0	32170	32170
ENST00000456041.5	0	40198	40198
ENST00000456047.2	117	4030	3913
ENST00000456048.5	15847	44533	28686
ENST00000456050.5	1612	3155	1543
ENST00000456057.5	3125	3670	545
ENST00000456058.1	0	40	40
ENST00000456060.5	0	5804	5804
ENST00000456069.1	0	8720	8720
ENST00000456075.5	0	1514	1514
ENST00000456079.1	0	977	977
ENST00000456080.5	11872	13653	1781
ENST00000456084.1	0	32201	32201
ENST00000456088.5	2064	11046	8982
ENST00000456089.1	811	1859	1048
ENST00000456094.1	0	6157	6157
ENST00000456095.6	146	14505	14359
ENST00000456096.6	9049	57824	48775
ENST00000456097.6	0	21896	21896
ENST00000456102.5	5956	32235	26279
ENST00000456106.1	177	16384	16207
ENST00000456107.1	0	4630	4630
ENST00000456112.1	4067	5596	1529
ENST00000456122.2	50250	56810	6560
ENST00000456128.5	129	34686	34557
ENST00000456133.5	23913	42464	18551
ENST00000456142.3	0	5247	5247
ENST00000456145.2	2286	5218	2932
ENST00000456147.1	237	4997	4760
ENST00000456148.1	0	106432	106432
ENST00000456149.1	0	11793	11793
ENST00000456150.5	364	16571	16207
ENST00000456154.1	0	146	146
ENST00000456159.1	23367	27779	4412
ENST00000456164.5	0	2981	2981
ENST00000456170.6	491	99273	98782
ENST00000456171.5	3111	141905	138794
ENST00000456172.5	2955	5365	2410
ENST00000456173.6	127050	203354	76304
ENST00000456174.6	76079	158927	82848
ENST00000456175.5	87	13851	13764
ENST00000456178.6	12666	24268	11602
ENST00000456179.1	0	18576	18576
ENST00000456182.5	350	38953	38603
ENST00000456188.5	47	19799	19752
ENST00000456194.6	121	42353	42232
ENST00000456197.2	2619	145367	142748
ENST00000456200.5	6351	27671	21320
ENST00000456204.5	4	17326	17322
ENST00000456208.2	15118	16670	1552
ENST00000456211.8	23040	360799	337759
ENST00000456221.5	83	25881	25798
ENST00000456224.7	3	108902	108899
ENST00000456229.1	0	836	836
ENST00000456231.6	125	56338	56213
ENST00000456234.6	1072	6219	5147
ENST00000456238.2	95	7848	7753
ENST00000456246.1	106	13127	13021
ENST00000456247.7	197	35234	35037
ENST00000456249.5	0	2257	2257
ENST00000456252.7	1704	10180	8476
ENST00000456256.6	579	23012	22433
ENST00000456257.1	0	2161	2161
ENST00000456259.5	579	2116	1537
ENST00000456262.5	15668	29610	13942
ENST00000456267.5	131	2141	2010
ENST00000456283.7	16066	37788	21722
ENST00000456284.5	2160	6302	4142
ENST00000456286.5	0	4560	4560
ENST00000456287.5	53973	154944	100971
ENST00000456291.1	0	4571	4571
ENST00000456292.5	11	3723	3712
ENST00000456296.5	311	18987	18676
ENST00000456297.6	17682	47323	29641
ENST00000456298.5	6862	10132	3270
ENST00000456302.5	206	13963	13757
ENST00000456303.6	1037	2239	1202
ENST00000456306.2	4446	4947	501
ENST00000456310.5	259	45258	44999
ENST00000456311.1	0	3661	3661
ENST00000456314.1	0	11511	11511
ENST00000456315.7	2783	25268	22485
ENST00000456317.1	4080	14368	10288
ENST00000456318.6	1783	7026	5243
ENST00000456319.6	599	2743	2144
ENST00000456320.7	0	32720	32720
ENST00000456324.5	21839	23589	1750
ENST00000456325.5	3796	16504	12708
ENST00000456329.7	2276	45182	42906
ENST00000456330.1	0	1142	1142
ENST00000456331.6	216	384144	383928
ENST00000456339.5	0	8180	8180
ENST00000456345.2	5345	32600	27255
ENST00000456349.6	2107	25965	23858
ENST00000456354.7	26	13343	13317
ENST00000456358.5	68	64408	64340
ENST00000456367.5	1313	928676	927363
ENST00000456369.5	157	24637	24480
ENST00000456372.4	141	13188	13047
ENST00000456376.2	0	2452	2452
ENST00000456378.1	0	27562	27562
ENST00000456379.1	0	2635	2635
ENST00000456380.5	14445	20642	6197
ENST00000456383.3	0	15148	15148
ENST00000456385.5	6511	19082	12571
ENST00000456390.5	618	118808	118190
ENST00000456393.6	47101	80075	32974
ENST00000456397.7	2527	8269	5742
ENST00000456399.6	2733	5353	2620
ENST00000456400.1	0	13171	13171
ENST00000456402.5	813	41837	41024
ENST00000456404.6	1489	58452	56963
ENST00000456412.1	0	20518	20518
ENST00000456415.1	13799	15655	1856
ENST00000456416.6	38688	44940	6252
ENST00000456417.5	3870	7350	3480
ENST00000456419.5	185070	208191	23121
ENST00000456420.6	392	2250	1858
ENST00000456423.2	210	21960	21750
ENST00000456430.6	41	40992	40951
ENST00000456431.5	0	7962	7962
ENST00000456433.5	7	12111	12104
ENST00000456438.5	0	7691	7691
ENST00000456441.5	0	22932	22932
ENST00000456445.5	36757	39507	2750
ENST00000456448.3	114	2146	2032
ENST00000456453.5	9239	12849	3610
ENST00000456458.5	21850	48750	26900
ENST00000456462.5	1925	9311	7386
ENST00000456463.5	33677	47876	14199
ENST00000456464.2	0	3316	3316
ENST00000456470.1	0	10237	10237
ENST00000456471.3	1050	33881	32831
ENST00000456473.5	606	33687	33081
ENST00000456475.1	19	1889	1870
ENST00000456483.3	234	73433	73199
ENST00000456489.1	0	454	454
ENST00000456491.5	37888	63450	25562
ENST00000456492.1	330	1893	1563
ENST00000456495.5	0	3711	3711
ENST00000456496.7	1098	6040	4942
ENST00000456502.1	0	182	182
ENST00000456504.5	66544	83667	17123
ENST00000456506.2	51	46893	46842
ENST00000456512.1	0	56111	56111
ENST00000456515.5	0	13820	13820
ENST00000456517.2	28084	98801	70717
ENST00000456518.3	5	132969	132964
ENST00000456520.5	428	59063	58635
ENST00000456522.1	0	57917	57917
ENST00000456523.3	186	20066	19880
ENST00000456524.6	0	8208	8208
ENST00000456528.5	14479	27997	13518
ENST00000456530.7	721	4964	4243
ENST00000456533.1	5488	6562	1074
ENST00000456540.1	0	536	536
ENST00000456542.5	22735	31942	9207
ENST00000456543.6	18	2313	2295
ENST00000456545.5	2326	12104	9778
ENST00000456548.5	0	10806	10806
ENST00000456552.1	2019	5011	2992
ENST00000456556.5	9	145809	145800
ENST00000456560.6	831	4794	3963
ENST00000456565.5	0	59504	59504
ENST00000456569.2	3	32539	32536
ENST00000456570.5	55	28097	28042
ENST00000456575.1	0	9038	9038
ENST00000456580.6	17894	58901	41007
ENST00000456581.1	37806	44516	6710
ENST00000456584.5	43706	126506	82800
ENST00000456586.5	253	2516	2263
ENST00000456590.5	18813	18961	148
ENST00000456591.6	412	4512	4100
ENST00000456594.1	352	26116	25764
ENST00000456595.5	340	11339	10999
ENST00000456596.5	0	4838	4838
ENST00000456600.1	0	4111	4111
ENST00000456609.6	392	102835	102443
ENST00000456614.2	0	755	755
ENST00000456622.5	0	4901	4901
ENST00000456624.1	3562	9554	5992
ENST00000456626.1	0	368	368
ENST00000456640.2	0	19591	19591
ENST00000456642.1	0	18363	18363
ENST00000456643.5	2459	12240	9781
ENST00000456649.1	0	1392	1392
ENST00000456650.7	0	18544	18544
ENST00000456652.5	0	196254	196254
ENST00000456655.5	43838	62064	18226
ENST00000456662.5	0	5815	5815
ENST00000456665.6	610	3992	3382
ENST00000456667.7	306	6779	6473
ENST00000456676.7	30	59176	59146
ENST00000456677.1	0	958	958
ENST00000456682.1	56933	56993	60
ENST00000456689.5	162808	227233	64425
ENST00000456692.6	115	124532	124417
ENST00000456693.5	0	120226	120226
ENST00000456695.6	242413	261712	19299
ENST00000456696.2	0	31295	31295
ENST00000456699.6	0	147993	147993
ENST00000456705.1	44	8925	8881
ENST00000456706.6	0	2407	2407
ENST00000456707.1	0	2375	2375
ENST00000456708.5	297	3118	2821
ENST00000456711.5	0	4059	4059
ENST00000456713.1	21	2706	2685
ENST00000456729.1	0	616	616
ENST00000456733.2	356	95432	95076
ENST00000456735.6	0	181072	181072
ENST00000456736.5	4382	62906	58524
ENST00000456743.3	38	1908	1870
ENST00000456748.6	7233	16220	8987
ENST00000456751.1	1777	1869	92
ENST00000456754.6	1008	3408	2400
ENST00000456762.3	3	2087	2084
ENST00000456763.6	752	55420	54668
ENST00000456764.1	119	5022	4903
ENST00000456769.5	590	3633	3043
ENST00000456774.5	3	25944	25941
ENST00000456778.5	816	12689	11873
ENST00000456783.3	19076	32528	13452
ENST00000456790.2	1365	1789	424
ENST00000456793.2	880	1100	220
ENST00000456800.1	0	4057	4057
ENST00000456806.3	188	34605	34417
ENST00000456808.5	2451	38546	36095
ENST00000456810.1	905	7596	6691
ENST00000456817.5	186104	192515	6411
ENST00000456818.5	0	2485	2485
ENST00000456820.2	0	12110	12110
ENST00000456827.5	1256	15546	14290
ENST00000456829.7	2062	32833	30771
ENST00000456832.1	11	12688	12677
ENST00000456842.1	533	1083	550
ENST00000456845.6	2527	7205	4678
ENST00000456846.6	20	37133	37113
ENST00000456847.7	47	24381	24334
ENST00000456849.2	104	87933	87829
ENST00000456853.1	66	710879	710813
ENST00000456855.5	12355	36584	24229
ENST00000456857.5	26	3737	3711
ENST00000456859.2	209	24091	23882
ENST00000456860.6	513	99170	98657
ENST00000456861.2	0	2016	2016
ENST00000456864.5	823	13598	12775
ENST00000456866.2	0	7760	7760
ENST00000456869.5	16271	16449	178
ENST00000456874.3	58	62133	62075
ENST00000456877.6	15342	111028	95686
ENST00000456883.7	617	51780	51163
ENST00000456893.6	29	8680	8651
ENST00000456894.6	317	18672	18355
ENST00000456900.1	10555	107340	96785
ENST00000456902.5	8413	17905	9492
ENST00000456903.8	3698	88996	85298
ENST00000456905.5	65	17374	17309
ENST00000456906.5	23	18240	18217
ENST00000456909.6	263	21573	21310
ENST00000456912.1	1298	2072	774
ENST00000456913.6	398	12214	11816
ENST00000456914.7	67	6811	6744
ENST00000456915.2	175	6623	6448
ENST00000456916.5	21781	37135	15354
ENST00000456923.5	411	35288	34877
ENST00000456930.1	0	51880	51880
ENST00000456935.7	111	23198	23087
ENST00000456936.4	3002	13251	10249
ENST00000456939.5	0	19963	19963
ENST00000456941.6	80	25266	25186
ENST00000456942.1	0	14608	14608
ENST00000456946.6	326	7396	7070
ENST00000456948.5	1242	6839	5597
ENST00000456951.5	369	17380	17011
ENST00000456958.7	20	1868	1848
ENST00000456966.1	399	9815	9416
ENST00000456970.6	19720	75893	56173
ENST00000456975.1	0	34794	34794
ENST00000456976.5	0	2086	2086
ENST00000456977.5	348	1658	1310
ENST00000456980.5	0	6280	6280
ENST00000456983.1	106	41876	41770
ENST00000456986.5	275214	351577	76363
ENST00000456989.6	46	18293	18247
ENST00000456990.1	0	7355	7355
ENST00000456991.5	26463	56896	30433
ENST00000456993.7	355	40627	40272
ENST00000457004.5	32	258	226
ENST00000457005.6	3	74076	74073
ENST00000457008.6	508	25462	24954
ENST00000457010.6	701	8545	7844
ENST00000457011.5	243	25698	25455
ENST00000457013.6	0	4997	4997
ENST00000457014.1	0	461	461
ENST00000457018.6	853	29175	28322
ENST00000457020.3	1313	3925	2612
ENST00000457023.1	275	11351	11076
ENST00000457031.5	30466	55268	24802
ENST00000457034.1	0	13903	13903
ENST00000457035.5	39529	59006	19477
ENST00000457039.6	0	5442	5442
ENST00000457040.6	0	53982	53982
ENST00000457041.5	0	32728	32728
ENST00000457042.1	0	3384	3384
ENST00000457047.6	530	53011	52481
ENST00000457052.3	1938	32576	30638
ENST00000457054.6	158	70552	70394
ENST00000457055.1	0	48160	48160
ENST00000457056.6	28253	31533	3280
ENST00000457059.2	446	295174	294728
ENST00000457062.6	14777	150239	135462
ENST00000457063.1	0	6430	6430
ENST00000457064.1	176	23472	23296
ENST00000457067.1	303	2168	1865
ENST00000457068.5	12732	25302	12570
ENST00000457069.2	5395	31842	26447
ENST00000457071.5	253	32762	32509
ENST00000457077.1	0	26631	26631
ENST00000457083.1	0	13873	13873
ENST00000457085.2	33	38166	38133
ENST00000457091.3	999	58269	57270
ENST00000457093.1	0	3757	3757
ENST00000457095.5	3387	6342	2955
ENST00000457098.5	338	3415	3077
ENST00000457101.5	1006	11452	10446
ENST00000457104.6	0	13718	13718
ENST00000457109.5	76071	76507	436
ENST00000457114.5	2944	7297	4353
ENST00000457122.1	2973	86119	83146
ENST00000457123.5	7388	8454	1066
ENST00000457131.1	0	4532	4532
ENST00000457134.6	317	11840	11523
ENST00000457135.2	0	54023	54023
ENST00000457137.6	19607	63008	43401
ENST00000457138.7	340	15725	15385
ENST00000457139.5	960	6839	5879
ENST00000457143.6	163	10819	10656
ENST00000457145.6	566	66115	65549
ENST00000457149.1	0	20460	20460
ENST00000457152.3	0	29514	29514
ENST00000457153.6	352708	585558	232850
ENST00000457155.6	391	69141	68750
ENST00000457156.6	248	10396	10148
ENST00000457164.6	1430	8656	7226
ENST00000457165.5	0	18403	18403
ENST00000457167.9	301	42449	42148
ENST00000457170.6	0	43438	43438
ENST00000457172.5	47	9514	9467
ENST00000457174.1	0	802	802
ENST00000457177.5	5142	19108	13966
ENST00000457179.5	14032	19064	5032
ENST00000457183.6	178	14697	14519
ENST00000457184.5	650	110057	109407
ENST00000457186.2	0	36657	36657
ENST00000457188.6	121	13108	12987
ENST00000457189.1	385	13944	13559
ENST00000457194.6	1370	8568	7198
ENST00000457196.5	42376	59678	17302
ENST00000457197.2	43	60505	60462
ENST00000457199.6	959	22434	21475
ENST00000457202.1	0	4429	4429
ENST00000457204.2	0	2787	2787
ENST00000457205.1	0	11152	11152
ENST00000457206.1	1245	103607	102362
ENST00000457208.5	0	6418	6418
ENST00000457212.5	834	8116	7282
ENST00000457214.6	4	2684	2680
ENST00000457215.5	387	12845	12458
ENST00000457222.6	46	3523	3477
ENST00000457226.2	11936	23178	11242
ENST00000457232.5	4	75177	75173
ENST00000457235.5	211	1804	1593
ENST00000457241.5	0	6003	6003
ENST00000457242.1	166257	166597	340
ENST00000457243.1	22698	22822	124
ENST00000457245.5	64	186076	186012
ENST00000457247.5	0	4860	4860
ENST00000457250.5	3	10774	10771
ENST00000457254.5	27826	77093	49267
ENST00000457257.5	889	4382	3493
ENST00000457259.5	64010	109552	45542
ENST00000457264.5	0	820	820
ENST00000457265.1	13321	13509	188
ENST00000457267.5	0	22636	22636
ENST00000457268.5	5406	33936	28530
ENST00000457269.8	107	4673	4566
ENST00000457270.5	1382	13276	11894
ENST00000457277.5	0	34588	34588
ENST00000457279.5	62	18041	17979
ENST00000457280.5	293	5495	5202
ENST00000457282.5	1896	7036	5140
ENST00000457284.5	0	14465	14465
ENST00000457286.5	0	14370	14370
ENST00000457295.6	827	7691	6864
ENST00000457296.5	0	9333	9333
ENST00000457304.5	0	100150	100150
ENST00000457307.1	302	2494	2192
ENST00000457308.6	573	74811	74238
ENST00000457309.2	2117	31040	28923
ENST00000457310.6	6728	8628	1900
ENST00000457312.1	0	1386	1386
ENST00000457313.5	27327	46356	19029
ENST00000457314.5	55	2790	2735
ENST00000457318.5	12307	18470	6163
ENST00000457322.5	141	14087	13946
ENST00000457326.3	73	1559	1486
ENST00000457335.5	8332	20316	11984
ENST00000457345.2	0	182	182
ENST00000457347.6	171	21881	21710
ENST00000457354.7	46	15101	15055
ENST00000457358.7	53295	82695	29400
ENST00000457359.5	6082	11706	5624
ENST00000457360.5	124	4773	4649
ENST00000457361.5	7672	149254	141582
ENST00000457363.2	2372	13558	11186
ENST00000457367.5	3	3792	3789
ENST00000457368.2	5081	41175	36094
ENST00000457373.5	0	103149	103149
ENST00000457374.5	11	116367	116356
ENST00000457375.6	141	166797	166656
ENST00000457377.5	28351	108897	80546
ENST00000457378.6	842	27846	27004
ENST00000457380.5	2790	15265	12475
ENST00000457381.1	0	25298	25298
ENST00000457389.6	6470	13805	7335
ENST00000457392.1	0	1366	1366
ENST00000457406.5	0	15161	15161
ENST00000457408.7	1588	4988	3400
ENST00000457410.5	139	8272	8133
ENST00000457413.1	0	3416	3416
ENST00000457415.7	101	30945	30844
ENST00000457416.7	1528	117934	116406
ENST00000457418.5	5180	6110	930
ENST00000457419.1	0	7667	7667
ENST00000457422.6	1570	12771	11201
ENST00000457424.6	15218	48876	33658
ENST00000457428.6	0	7701	7701
ENST00000457430.2	55	12133	12078
ENST00000457433.6	664	11789	11125
ENST00000457434.1	25912	38685	12773
ENST00000457437.1	84	15702	15618
ENST00000457444.6	7907	15434	7527
ENST00000457447.6	61	42195	42134
ENST00000457454.5	0	3940	3940
ENST00000457456.5	220	2418	2198
ENST00000457458.6	420	12022	11602
ENST00000457462.5	0	4570	4570
ENST00000457463.1	0	5344	5344
ENST00000457470.6	0	38083	38083
ENST00000457474.6	3177	68444	65267
ENST00000457480.1	495	1317	822
ENST00000457482.7	545	95576	95031
ENST00000457488.6	1487	134324	132837
ENST00000457492.5	0	9211	9211
ENST00000457496.5	47872	54363	6491
ENST00000457498.5	42664	56639	13975
ENST00000457500.6	236	8490	8254
ENST00000457511.7	234	582827	582593
ENST00000457512.1	89	17543	17454
ENST00000457514.3	44	5399	5355
ENST00000457519.5	6021	7107	1086
ENST00000457524.5	0	7889	7889
ENST00000457525.5	52108	109988	57880
ENST00000457526.1	17256	17572	316
ENST00000457527.6	356	18854	18498
ENST00000457529.5	18801	19171	370
ENST00000457534.5	649	17466	16817
ENST00000457542.7	792	55443	54651
ENST00000457543.4	565	9332	8767
ENST00000457544.7	457	69995	69538
ENST00000457545.7	15510	31458	15948
ENST00000457560.1	75	373	298
ENST00000457563.6	205	73150	72945
ENST00000457564.1	0	2289	2289
ENST00000457571.1	0	47462	47462
ENST00000457572.5	340	15433	15093
ENST00000457573.5	3130	33773	30643
ENST00000457584.6	1209	17677	16468
ENST00000457586.2	12678	14194	1516
ENST00000457587.5	3458	18189	14731
ENST00000457590.2	0	7767	7767
ENST00000457595.1	0	916	916
ENST00000457596.5	6057	18315	12258
ENST00000457598.5	1595	11458	9863
ENST00000457599.6	0	90533	90533
ENST00000457600.3	2427	85295	82868
ENST00000457606.5	6437	11749	5312
ENST00000457607.1	12	28736	28724
ENST00000457614.6	0	41946	41946
ENST00000457616.6	1559	182784	181225
ENST00000457623.6	77	89360	89283
ENST00000457630.7	1950	13646	11696
ENST00000457633.2	11848	19381	7533
ENST00000457641.5	594	3637	3043
ENST00000457643.1	0	1412	1412
ENST00000457646.9	1384	79222	77838
ENST00000457648.1	1011	1749	738
ENST00000457650.7	5824	45572	39748
ENST00000457654.6	50	37407	37357
ENST00000457657.5	584	40604	40020
ENST00000457662.2	14882	17322	2440
ENST00000457666.1	220	44111	43891
ENST00000457685.6	237	5508	5271
ENST00000457688.5	0	123604	123604
ENST00000457689.3	0	626	626
ENST00000457692.5	3740	16835	13095
ENST00000457696.1	59568	236289	176721
ENST00000457714.5	206151	885316	679165
ENST00000457715.1	27840	28108	268
ENST00000457717.6	10829	61428	50599
ENST00000457718.6	2925	311930	309005
ENST00000457722.6	38	18866	18828
ENST00000457723.1	0	965	965
ENST00000457724.2	19	21711	21692
ENST00000457726.5	1622	18130	16508
ENST00000457734.7	67845	117483	49638
ENST00000457736.1	0	3178	3178
ENST00000457737.5	96	3809	3713
ENST00000457743.1	0	27701	27701
ENST00000457748.1	0	965	965
ENST00000457749.7	2283	22701	20418
ENST00000457753.5	4366	6309	1943
ENST00000457754.6	35618	40637	5019
ENST00000457755.5	7249	14825	7576
ENST00000457757.5	82691	133245	50554
ENST00000457761.6	39	43701	43662
ENST00000457765.6	302	44680	44378
ENST00000457767.5	33700	36386	2686
ENST00000457772.6	120809	145795	24986
ENST00000457773.1	0	1047	1047
ENST00000457774.1	0	79770	79770
ENST00000457775.3	72	2526	2454
ENST00000457777.6	3941	6206	2265
ENST00000457779.6	135	2663	2528
ENST00000457780.3	943	54579	53636
ENST00000457781.6	1143	8765	7622
ENST00000457782.5	17	15990	15973
ENST00000457793.6	22884	28130	5246
ENST00000457797.5	0	38844	38844
ENST00000457798.1	29	5648	5619
ENST00000457805.6	321	10935	10614
ENST00000457807.5	301	89552	89251
ENST00000457808.5	20	89877	89857
ENST00000457811.1	0	25514	25514
ENST00000457812.5	739	102777	102038
ENST00000457814.1	1433	3483	2050
ENST00000457817.5	6591	18511	11920
ENST00000457820.1	0	4415	4415
ENST00000457823.6	550	84747	84197
ENST00000457828.6	1983	40442	38459
ENST00000457830.1	0	339972	339972
ENST00000457835.5	0	41305	41305
ENST00000457836.6	5	28117	28112
ENST00000457837.5	421	33764	33343
ENST00000457839.6	454	10816	10362
ENST00000457841.5	0	3464	3464
ENST00000457845.4	34896	54228	19332
ENST00000457847.1	0	19307	19307
ENST00000457855.2	10	16551	16541
ENST00000457861.1	0	35955	35955
ENST00000457866.6	6437	211814	205377
ENST00000457869.1	488	2776	2288
ENST00000457874.1	0	2403	2403
ENST00000457880.6	93	31631	31538
ENST00000457885.6	0	13566	13566
ENST00000457887.5	19257	59754	40497
ENST00000457889.1	0	1292	1292
ENST00000457894.5	3507	4603	1096
ENST00000457897.1	0	27498	27498
ENST00000457905.7	182	93610	93428
ENST00000457907.3	3770	8590	4820
ENST00000457910.1	600	784	184
ENST00000457914.5	6991	7993	1002
ENST00000457916.5	21043	40293	19250
ENST00000457918.6	135	3795	3660
ENST00000457927.5	2477	28388	25911
ENST00000457928.7	6157	47161	41004
ENST00000457932.5	1594	2586	992
ENST00000457934.5	0	28644	28644
ENST00000457935.5	0	18911	18911
ENST00000457939.1	110	1450	1340
ENST00000457946.1	0	61564	61564
ENST00000457950.5	74	3296	3222
ENST00000457951.5	0	38069	38069
ENST00000457952.5	0	670	670
ENST00000457953.6	147	763593	763446
ENST00000457954.5	0	18036	18036
ENST00000457956.1	0	274	274
ENST00000457960.5	284	35239	34955
ENST00000457962.5	0	41423	41423
ENST00000457965.5	3685	5523	1838
ENST00000457968.5	0	11102	11102
ENST00000457977.3	1313	3925	2612
ENST00000457981.5	488	3993	3505
ENST00000457992.5	543	16003	15460
ENST00000458005.2	160	8911	8751
ENST00000458008.8	1331	14316	12985
ENST00000458009.6	30	33107	33077
ENST00000458012.2	0	11645	11645
ENST00000458013.7	152	83975	83823
ENST00000458014.1	103	5475	5372
ENST00000458015.1	33	29844	29811
ENST00000458018.1	0	724	724
ENST00000458022.6	237	11197	10960
ENST00000458024.5	0	554	554
ENST00000458027.5	0	4593	4593
ENST00000458029.1	0	3782	3782
ENST00000458033.6	10985	20863	9878
ENST00000458034.1	0	13962	13962
ENST00000458035.3	7559	22743	15184
ENST00000458038.5	0	1335	1335
ENST00000458039.3	36919	41713	4794
ENST00000458046.6	92	13036	12944
ENST00000458050.6	1173	4435	3262
ENST00000458054.1	104066	104820	754
ENST00000458057.5	2477	2697	220
ENST00000458059.7	906	11464	10558
ENST00000458069.5	0	3708	3708
ENST00000458071.5	109	7497	7388
ENST00000458073.5	0	12729	12729
ENST00000458076.6	551	23202	22651
ENST00000458083.5	0	986	986
ENST00000458085.6	2141	47208	45067
ENST00000458091.5	5466	17830	12364
ENST00000458092.5	0	4681	4681
ENST00000458098.5	3	26220	26217
ENST00000458104.6	245	14547	14302
ENST00000458114.5	100	3434	3334
ENST00000458117.6	23	24642	24619
ENST00000458121.7	79	2716	2637
ENST00000458126.6	69	23700	23631
ENST00000458128.3	928	2450	1522
ENST00000458134.7	29185	34356	5171
ENST00000458137.5	5664	12224	6560
ENST00000458138.1	0	9564	9564
ENST00000458140.6	7577	11558	3981
ENST00000458141.6	97352	194502	97150
ENST00000458142.1	632	14792	14160
ENST00000458143.7	1593	26715	25122
ENST00000458149.7	13	1612	1599
ENST00000458153.5	3	69984	69981
ENST00000458159.6	152	14979	14827
ENST00000458161.2	839	4450	3611
ENST00000458162.6	17370	64515	47145
ENST00000458166.6	36081	53346	17265
ENST00000458167.6	1278	22375	21097
ENST00000458169.2	0	38910	38910
ENST00000458170.1	126	907	781
ENST00000458173.4	10531	16142	5611
ENST00000458174.7	27681	78096	50415
ENST00000458176.5	60889	65047	4158
ENST00000458177.7	1319	44907	43588
ENST00000458185.1	296	33909	33613
ENST00000458187.5	30	36536	36506
ENST00000458188.2	2455	4874	2419
ENST00000458191.5	1039	15255	14216
ENST00000458193.1	3567	3973	406
ENST00000458198.3	853	10134	9281
ENST00000458204.5	25	42644	42619
ENST00000458205.6	20702	58408	37706
ENST00000458210.7	51	4638	4587
ENST00000458212.1	0	17927	17927
ENST00000458216.5	111925	112077	152
ENST00000458218.3	1313	3925	2612
ENST00000458219.1	10708	207606	196898
ENST00000458222.5	6115	8773	2658
ENST00000458223.5	200	3842	3642
ENST00000458229.6	2038	18948	16910
ENST00000458234.5	0	152981	152981
ENST00000458235.7	1964	22984	21020
ENST00000458238.6	309	3342	3033
ENST00000458239.1	0	3855	3855
ENST00000458240.5	58	2568	2510
ENST00000458246.5	6388	10987	4599
ENST00000458248.5	0	24648	24648
ENST00000458249.6	49384	50702	1318
ENST00000458251.1	494	5066	4572
ENST00000458257.5	14	14691	14677
ENST00000458258.5	6138	116787	110649
ENST00000458263.6	3489	3685	196
ENST00000458268.5	9	7925	7916
ENST00000458269.6	190	90831	90641
ENST00000458270.2	13831	16805	2974
ENST00000458272.2	2090	86774	84684
ENST00000458275.6	1459	8374	6915
ENST00000458276.7	113	28451	28338
ENST00000458278.6	0	12652	12652
ENST00000458280.5	16233	18517	2284
ENST00000458283.5	0	162086	162086
ENST00000458290.5	0	3510	3510
ENST00000458291.6	38960	62609	23649
ENST00000458292.5	90985	425969	334984
ENST00000458294.5	0	256	256
ENST00000458295.5	16599	66184	49585
ENST00000458304.2	0	4728	4728
ENST00000458307.6	764	6740	5976
ENST00000458310.2	5383	10042	4659
ENST00000458322.2	28	12419	12391
ENST00000458326.5	11	1284	1273
ENST00000458333.6	3	9404	9401
ENST00000458337.5	0	135069	135069
ENST00000458339.6	387	2926	2539
ENST00000458341.1	15889	29974	14085
ENST00000458347.1	0	7253	7253
ENST00000458350.7	15520	282025	266505
ENST00000458354.5	537	1101	564
ENST00000458355.1	0	7354	7354
ENST00000458356.6	136	33587	33451
ENST00000458357.5	58350	60304	1954
ENST00000458358.5	0	79693	79693
ENST00000458360.6	517	149564	149047
ENST00000458362.5	13788	15230	1442
ENST00000458379.7	867	3031	2164
ENST00000458381.6	16108	80100	63992
ENST00000458383.1	66	22553	22487
ENST00000458385.7	3136	33123	29987
ENST00000458387.6	1357	29672	28315
ENST00000458395.1	99	15352	15253
ENST00000458404.1	0	990	990
ENST00000458405.5	0	24071	24071
ENST00000458406.6	625	106492	105867
ENST00000458408.6	88	9235	9147
ENST00000458412.2	24	1198	1174
ENST00000458420.7	190	633913	633723
ENST00000458426.5	797	43289	42492
ENST00000458431.6	957	11195	10238
ENST00000458440.1	0	112	112
ENST00000458441.5	90985	353252	262267
ENST00000458442.1	274	6532	6258
ENST00000458447.5	5140	11029	5889
ENST00000458448.6	49	22935	22886
ENST00000458452.7	11524	13186	1662
ENST00000458455.2	330	4560	4230
ENST00000458458.5	186104	192671	6567
ENST00000458460.6	1683	8436	6753
ENST00000458464.3	1938	25358	23420
ENST00000458465.6	352	106171	105819
ENST00000458466.1	3944	4200	256
ENST00000458470.5	6545	311740	305195
ENST00000458472.2	104	939	835
ENST00000458477.6	1870	13773	11903
ENST00000458478.6	921	6511	5590
ENST00000458483.4	67	11333	11266
ENST00000458484.5	0	2554	2554
ENST00000458487.1	0	1594	1594
ENST00000458488.2	317	20253	19936
ENST00000458493.6	150	100064	99914
ENST00000458494.1	98	5306	5208
ENST00000458496.2	1237	21093	19856
ENST00000458497.6	80376	147523	67147
ENST00000458499.5	0	67623	67623
ENST00000458500.5	142	3079	2937
ENST00000458503.1	0	3345	3345
ENST00000458504.5	137	39116	38979
ENST00000458508.6	778	15759	14981
ENST00000458510.1	0	8927	8927
ENST00000458511.7	210	6179	5969
ENST00000458516.5	2839	3705	866
ENST00000458520.5	4511	6392	1881
ENST00000458521.7	2382	6155	3773
ENST00000458526.1	0	3393	3393
ENST00000458528.1	69	2791	2722
ENST00000458529.5	7451	11790	4339
ENST00000458530.1	99	26578	26479
ENST00000458532.2	0	25823	25823
ENST00000458533.5	0	12957	12957
ENST00000458535.6	294	131627	131333
ENST00000458536.1	0	66	66
ENST00000458537.7	709	34837	34128
ENST00000458538.1	6273	9775	3502
ENST00000458549.7	3674	25042	21368
ENST00000458551.1	116	12259	12143
ENST00000458552.1	0	17007	17007
ENST00000458563.5	2543	9114	6571
ENST00000458564.5	0	2465	2465
ENST00000458566.5	0	7847	7847
ENST00000458567.5	77	15839	15762
ENST00000458572.1	5725	8110	2385
ENST00000458573.3	98	9514	9416
ENST00000458574.1	0	16141	16141
ENST00000458578.6	3	72851	72848
ENST00000458579.5	63	223	160
ENST00000458580.7	1206	45552	44346
ENST00000458582.1	0	11619	11619
ENST00000458587.8	448	24103	23655
ENST00000458591.7	20	115188	115168
ENST00000458594.5	38955	43818	4863
ENST00000458595.5	403	341559	341156
ENST00000458599.6	4	41852	41848
ENST00000458600.5	20089	42152	22063
ENST00000458602.6	245	14676	14431
ENST00000458603.2	620	7566	6946
ENST00000458606.6	5782	10946	5164
ENST00000458610.6	0	29083	29083
ENST00000458611.1	3046	3899	853
ENST00000458616.1	3266	5474	2208
ENST00000458621.6	6344	89692	83348
ENST00000458625.5	0	5060	5060
ENST00000458626.4	174	2766	2592
ENST00000458629.1	1463	3513	2050
ENST00000458630.5	45966	322115	276149
ENST00000458636.2	0	142275	142275
ENST00000458637.6	2365	92900	90535
ENST00000458638.1	0	285713	285713
ENST00000458640.5	218	11587	11369
ENST00000458644.6	32	152038	152006
ENST00000458646.2	42902	139305	96403
ENST00000458647.5	16161	23342	7181
ENST00000458649.6	1038	155842	154804
ENST00000458650.6	109	2174	2065
ENST00000458655.5	0	9461	9461
ENST00000458656.5	268	7670	7402
ENST00000458657.6	14985	51996	37011
ENST00000458659.3	2486	147147	144661
ENST00000458663.6	637	14365	13728
ENST00000458665.5	152	1987	1835
ENST00000458671.6	226	5178	4952
ENST00000458674.2	0	13617	13617
ENST00000458679.5	5188	7492	2304
ENST00000458681.1	0	1082	1082
ENST00000458688.2	25	16207	16182
ENST00000458689.2	80	40062	39982
ENST00000458692.2	87	10705	10618
ENST00000458694.6	2692	7490	4798
ENST00000458695.6	647	29505	28858
ENST00000458696.2	0	34308	34308
ENST00000458700.5	61764	65169	3405
ENST00000458705.6	1672	48313	46641
ENST00000458707.1	0	62345	62345
ENST00000458714.2	995	11215	10220
ENST00000458715.5	0	12011	12011
ENST00000458721.5	0	24653	24653
ENST00000458722.6	137	192565	192428
ENST00000458723.1	0	684	684
ENST00000458726.5	6	16007	16001
ENST00000458728.5	251	32315	32064
ENST00000458729.5	17328	123542	106214
ENST00000458730.3	0	10719	10719
ENST00000458732.1	0	1695	1695
ENST00000458740.5	122	16728	16606
ENST00000459628.5	390	551827	551437
ENST00000459632.5	32190	88814	56624
ENST00000459635.2	49	10438	10389
ENST00000459637.2	3350	6198	2848
ENST00000459638.5	0	26102	26102
ENST00000459639.5	149	3263	3114
ENST00000459640.5	6	10037	10031
ENST00000459660.5	1633	1979	346
ENST00000459676.6	0	16428	16428
ENST00000459678.2	0	2018	2018
ENST00000459679.5	13337	27173	13836
ENST00000459682.1	0	13065	13065
ENST00000459695.1	356	3480	3124
ENST00000459701.6	91	31957	31866
ENST00000459709.5	339	38163	37824
ENST00000459716.6	9915	26813	16898
ENST00000459722.1	1148	1694	546
ENST00000459723.1	0	24092	24092
ENST00000459726.1	0	6120	6120
ENST00000459732.2	1179	2652	1473
ENST00000459737.5	31727	104393	72666
ENST00000459744.5	0	92599	92599
ENST00000459747.1	66122	146179	80057
ENST00000459757.6	463	9225	8762
ENST00000459764.1	1968	2210	242
ENST00000459771.5	3109	93559	90450
ENST00000459772.5	24	7723	7699
ENST00000459778.5	0	38	38
ENST00000459780.1	1074	39170	38096
ENST00000459783.5	84	1160	1076
ENST00000459784.6	14939	21934	6995
ENST00000459809.5	1506	1920	414
ENST00000459813.2	2905	83990	81085
ENST00000459818.2	15506	17260	1754
ENST00000459820.5	0	14	14
ENST00000459839.5	3	10850	10847
ENST00000459843.5	0	8170	8170
ENST00000459845.6	21502	21792	290
ENST00000459864.1	0	184436	184436
ENST00000459873.1	604	29021	28417
ENST00000459879.1	0	2204	2204
ENST00000459884.1	0	1403	1403
ENST00000459885.1	0	6325	6325
ENST00000459889.5	21550	74076	52526
ENST00000459891.1	0	1863	1863
ENST00000459894.6	10332	15712	5380
ENST00000459912.5	3684	28197	24513
ENST00000459946.5	1002	3621	2619
ENST00000459948.1	508	28868	28360
ENST00000459955.5	0	332	332
ENST00000459963.6	81	9045	8964
ENST00000459966.5	23681	29746	6065
ENST00000459968.6	6504	7156	652
ENST00000459997.1	3258	4209	951
ENST00000460001.5	0	6643	6643
ENST00000460005.1	311	3277	2966
ENST00000460006.6	85	64545	64460
ENST00000460011.6	723	1203	480
ENST00000460012.7	1090	229376	228286
ENST00000460018.2	1246	1260	14
ENST00000460034.5	20	1291	1271
ENST00000460046.2	3826	11646	7820
ENST00000460047.5	3	400042	400039
ENST00000460051.5	11478	11817	339
ENST00000460056.6	278146	338753	60607
ENST00000460062.7	0	5524	5524
ENST00000460065.2	642	6866	6224
ENST00000460070.6	23039	32334	9295
ENST00000460088.5	5972	8064	2092
ENST00000460097.5	4110	8608	4498
ENST00000460108.5	0	12343	12343
ENST00000460109.5	372	21214	20842
ENST00000460112.3	4333	49988	45655
ENST00000460118.6	129	6051	5922
ENST00000460120.5	86	45082	44996
ENST00000460129.5	8010	128962	120952
ENST00000460135.1	262	14493	14231
ENST00000460137.6	12787	43638	30851
ENST00000460144.5	88	11993	11905
ENST00000460150.1	0	14944	14944
ENST00000460160.5	70	2706	2636
ENST00000460170.2	6	93308	93302
ENST00000460176.6	0	11810	11810
ENST00000460182.5	28268	36187	7919
ENST00000460189.1	0	14380	14380
ENST00000460196.1	4255	8697	4442
ENST00000460201.6	0	1372	1372
ENST00000460212.1	4197	13790	9593
ENST00000460213.1	4462	5954	1492
ENST00000460214.6	2920	7900	4980
ENST00000460219.3	390	17926	17536
ENST00000460223.1	0	9152	9152
ENST00000460224.5	0	196	196
ENST00000460231.5	26	5927	5901
ENST00000460236.5	0	7984	7984
ENST00000460241.2	134	6858	6724
ENST00000460252.5	15884	21797	5913
ENST00000460253.1	110	11131	11021
ENST00000460265.5	886	39575	38689
ENST00000460270.5	79792	84561	4769
ENST00000460276.5	45867	68698	22831
ENST00000460277.5	144	16028	15884
ENST00000460283.1	1449	1951	502
ENST00000460286.1	0	9285	9285
ENST00000460298.3	459	129596	129137
ENST00000460300.2	0	1154	1154
ENST00000460306.1	4946	6877	1931
ENST00000460308.6	5737	10755	5018
ENST00000460309.1	0	6428	6428
ENST00000460315.5	16048	21961	5913
ENST00000460317.1	16	278	262
ENST00000460322.5	87143	140105	52962
ENST00000460327.5	1499	5940	4441
ENST00000460329.6	287	240406	240119
ENST00000460330.5	269	196122	195853
ENST00000460334.5	8	1845	1837
ENST00000460339.1	22	2643	2621
ENST00000460341.5	1485	22422	20937
ENST00000460350.5	0	26219	26219
ENST00000460353.2	0	180	180
ENST00000460360.1	0	1558	1558
ENST00000460368.5	0	4117	4117
ENST00000460369.3	204	7162	6958
ENST00000460371.5	254	56584	56330
ENST00000460379.1	9371	9927	556
ENST00000460380.6	1877	4592	2715
ENST00000460382.5	1980	225297	223317
ENST00000460386.1	0	6998	6998
ENST00000460387.6	3	10149	10146
ENST00000460390.6	17168	29330	12162
ENST00000460391.6	1655	154798	153143
ENST00000460393.6	4496	103012	98516
ENST00000460397.2	152	10461	10309
ENST00000460401.1	0	23909	23909
ENST00000460403.1	9390	19232	9842
ENST00000460404.5	2852	5300	2448
ENST00000460410.5	2986	8708	5722
ENST00000460411.5	12783	77187	64404
ENST00000460412.6	1321	22661	21340
ENST00000460419.1	16004	18270	2266
ENST00000460422.1	0	5714	5714
ENST00000460425.1	7579	206503	198924
ENST00000460428.5	1638	11922	10284
ENST00000460430.5	1058	2938	1880
ENST00000460436.6	198	8588	8390
ENST00000460448.5	71568	120723	49155
ENST00000460459.5	9220	26021	16801
ENST00000460465.5	2144	21146	19002
ENST00000460468.5	419	28613	28194
ENST00000460469.1	455	30842	30387
ENST00000460472.6	1026	359241	358215
ENST00000460479.2	0	3978	3978
ENST00000460480.2	24411	26903	2492
ENST00000460486.3	13	61851	61838
ENST00000460494.3	4345	10590	6245
ENST00000460503.5	117192	130476	13284
ENST00000460508.3	413	5922	5509
ENST00000460510.6	23205	23779	574
ENST00000460513.5	22	16090	16068
ENST00000460517.1	0	124	124
ENST00000460526.6	3765	678398	674633
ENST00000460532.5	0	1000	1000
ENST00000460540.1	97	6708	6611
ENST00000460543.5	266	987	721
ENST00000460545.1	2533	2663	130
ENST00000460547.6	3614	4528	914
ENST00000460558.5	0	37199	37199
ENST00000460567.5	1028	154066	153038
ENST00000460576.5	49	10550	10501
ENST00000460581.6	4144	16330	12186
ENST00000460587.1	780	4683	3903
ENST00000460591.5	145594	176488	30894
ENST00000460593.1	4942	51054	46112
ENST00000460595.5	202	5786	5584
ENST00000460599.1	69	5532	5463
ENST00000460601.5	0	15161	15161
ENST00000460606.1	4641	17063	12422
ENST00000460620.5	5775	58342	52567
ENST00000460621.6	8089	61101	53012
ENST00000460623.5	0	2066	2066
ENST00000460625.1	4	17975	17971
ENST00000460647.6	332	1408	1076
ENST00000460648.5	91	13693	13602
ENST00000460649.5	196	1970	1774
ENST00000460652.1	1941	13069	11128
ENST00000460655.5	16222	16873	651
ENST00000460667.5	176	19057	18881
ENST00000460668.5	259	905	646
ENST00000460669.5	0	11128	11128
ENST00000460670.5	2301	4754	2453
ENST00000460672.6	0	242	242
ENST00000460673.3	373	9350	8977
ENST00000460679.5	0	22369	22369
ENST00000460680.6	1283	11040	9757
ENST00000460681.1	0	4975	4975
ENST00000460683.1	0	32615	32615
ENST00000460685.1	923	7803	6880
ENST00000460687.5	87	3111	3024
ENST00000460698.7	1916	42106	40190
ENST00000460709.5	0	89254	89254
ENST00000460711.5	113	172967	172854
ENST00000460712.1	0	9090	9090
ENST00000460717.7	65	14328	14263
ENST00000460718.5	96	1208	1112
ENST00000460719.5	1355	79563	78208
ENST00000460722.1	1553	1715	162
ENST00000460724.1	0	18946	18946
ENST00000460732.5	60	5222	5162
ENST00000460742.6	41	13619	13578
ENST00000460743.5	0	5401	5401
ENST00000460744.1	249530	249636	106
ENST00000460749.1	0	119983	119983
ENST00000460750.5	46	50559	50513
ENST00000460753.1	0	11033	11033
ENST00000460767.5	9629	10241	612
ENST00000460769.1	104	47266	47162
ENST00000460774.5	36176	53010	16834
ENST00000460775.5	16848	20510	3662
ENST00000460779.5	67	44534	44467
ENST00000460784.1	118	4996	4878
ENST00000460790.1	0	5906	5906
ENST00000460813.5	64522	78397	13875
ENST00000460814.5	1721	49643	47922
ENST00000460822.1	0	7892	7892
ENST00000460828.6	175	22495	22320
ENST00000460843.6	24	219812	219788
ENST00000460844.6	41183	41201	18
ENST00000460845.5	697	19713	19016
ENST00000460849.5	173060	927086	754026
ENST00000460851.6	16	38862	38846
ENST00000460856.5	157	428706	428549
ENST00000460865.3	0	3627	3627
ENST00000460874.6	225	60261	60036
ENST00000460885.5	0	25803	25803
ENST00000460890.5	0	9102	9102
ENST00000460891.5	35360	67748	32388
ENST00000460902.2	0	15765	15765
ENST00000460908.2	65943	121841	55898
ENST00000460911.5	264	42132	41868
ENST00000460919.2	0	25719	25719
ENST00000460921.1	3867	12525	8658
ENST00000460922.2	464	9273	8809
ENST00000460936.5	84	9499	9415
ENST00000460940.6	15434	17359	1925
ENST00000460943.6	5970	15451	9481
ENST00000460944.6	7950	12376	4426
ENST00000460948.1	185	2253	2068
ENST00000460962.5	2	93764	93762
ENST00000460972.4	96	1996	1900
ENST00000460979.2	0	14082	14082
ENST00000460982.1	4823	9793	4970
ENST00000460983.1	27060	32110	5050
ENST00000460985.1	144	6101	5957
ENST00000460995.2	0	826	826
ENST00000461010.5	26	28105	28079
ENST00000461027.1	5319	5719	400
ENST00000461050.6	5703	12263	6560
ENST00000461052.5	0	3912	3912
ENST00000461057.1	77	79561	79484
ENST00000461064.5	801	29436	28635
ENST00000461065.1	0	10719	10719
ENST00000461066.6	28620	94024	65404
ENST00000461069.6	320	22199	21879
ENST00000461073.6	54	3181	3127
ENST00000461077.1	0	13611	13611
ENST00000461079.5	207	6762	6555
ENST00000461083.1	3583	19706	16123
ENST00000461096.7	2030	3984	1954
ENST00000461100.5	0	148	148
ENST00000461104.2	0	3005	3005
ENST00000461105.5	3	17060	17057
ENST00000461106.6	268	112469	112201
ENST00000461108.5	748	3148	2400
ENST00000461127.5	4298	12587	8289
ENST00000461129.5	72	12019	11947
ENST00000461132.2	1563	8452	6889
ENST00000461133.8	879	165020	164141
ENST00000461135.2	1266	3394	2128
ENST00000461150.1	0	462	462
ENST00000461152.6	0	1708	1708
ENST00000461153.7	244	142338	142094
ENST00000461158.5	18634	31559	12925
ENST00000461166.5	2853	32249	29396
ENST00000461173.5	2226	3346	1120
ENST00000461183.5	5	6886	6881
ENST00000461191.1	69	33472	33403
ENST00000461204.1	18768	70855	52087
ENST00000461209.5	451	29211	28760
ENST00000461221.5	60801	78604	17803
ENST00000461228.1	2471	5020	2549
ENST00000461237.5	746	2160	1414
ENST00000461239.2	516	3491	2975
ENST00000461240.1	0	3625	3625
ENST00000461251.5	106	27770	27664
ENST00000461263.2	110	624	514
ENST00000461264.1	28086	30153	2067
ENST00000461271.6	2564	40663	38099
ENST00000461272.5	2015	16262	14247
ENST00000461277.2	2321	32572	30251
ENST00000461295.1	0	6759	6759
ENST00000461299.5	0	25055	25055
ENST00000461300.5	120	2757	2637
ENST00000461304.5	3109	28126	25017
ENST00000461307.5	4494	36601	32107
ENST00000461311.1	0	86425	86425
ENST00000461312.6	1087	123148	122061
ENST00000461318.2	195	25334	25139
ENST00000461321.1	7300	17968	10668
ENST00000461342.5	1441	7839	6398
ENST00000461345.5	684	3854	3170
ENST00000461346.2	102	22752	22650
ENST00000461348.2	0	3709	3709
ENST00000461351.1	0	2837	2837
ENST00000461359.5	0	4060	4060
ENST00000461363.1	0	5279	5279
ENST00000461366.2	177	6819	6642
ENST00000461369.6	37027	43097	6070
ENST00000461373.5	93	5860	5767
ENST00000461379.5	37112	40687	3575
ENST00000461381.5	2476	14412	11936
ENST00000461384.6	49	3640	3591
ENST00000461386.5	6771	22496	15725
ENST00000461389.1	96	2608	2512
ENST00000461391.5	30312	70396	40084
ENST00000461393.7	11094	12100	1006
ENST00000461397.5	36	7814	7778
ENST00000461402.5	1935	8330	6395
ENST00000461404.1	9851	79399	69548
ENST00000461406.5	7289	26031	18742
ENST00000461408.2	1570	2364	794
ENST00000461421.5	2	8919	8917
ENST00000461431.1	0	33272	33272
ENST00000461457.1	57	25339	25282
ENST00000461461.5	14487	77833	63346
ENST00000461465.5	69651	76329	6678
ENST00000461472.1	0	15909	15909
ENST00000461477.5	196	48956	48760
ENST00000461488.5	12202	13267	1065
ENST00000461490.1	0	5742	5742
ENST00000461494.5	69	36544	36475
ENST00000461495.6	1457	8377	6920
ENST00000461497.5	1280	17184	15904
ENST00000461503.2	564	5037	4473
ENST00000461509.6	194	2354	2160
ENST00000461519.1	0	9602	9602
ENST00000461521.1	11379	12175	796
ENST00000461526.2	25871	67502	41631
ENST00000461535.1	33414	33470	56
ENST00000461544.2	0	509	509
ENST00000461546.2	0	22462	22462
ENST00000461548.1	512	27018	26506
ENST00000461554.6	606	4979	4373
ENST00000461568.5	13356	19576	6220
ENST00000461574.2	1377	85356	83979
ENST00000461581.2	0	6438	6438
ENST00000461597.1	2958	3515	557
ENST00000461600.5	250	48383	48133
ENST00000461601.5	267	34431	34164
ENST00000461604.6	161	595574	595413
ENST00000461605.1	0	5578	5578
ENST00000461608.2	589	5229	4640
ENST00000461609.1	10912	13064	2152
ENST00000461611.5	787	6462	5675
ENST00000461627.1	22	7817	7795
ENST00000461628.5	341	11646	11305
ENST00000461630.1	0	23952	23952
ENST00000461638.6	1217	8746	7529
ENST00000461644.5	67798	73203	5405
ENST00000461647.6	18852	26632	7780
ENST00000461654.1	0	4390	4390
ENST00000461661.2	30530	118068	87538
ENST00000461667.2	371	32210	31839
ENST00000461668.5	3943	4438	495
ENST00000461670.5	81	911	830
ENST00000461671.1	7084	16938	9854
ENST00000461682.1	5	417	412
ENST00000461685.5	3	149450	149447
ENST00000461689.5	0	35312	35312
ENST00000461690.5	2216	4903	2687
ENST00000461691.6	0	1628	1628
ENST00000461695.1	0	9587	9587
ENST00000461698.5	0	4172	4172
ENST00000461699.1	0	222	222
ENST00000461709.1	0	51116	51116
ENST00000461712.6	217	1410	1193
ENST00000461719.1	0	90	90
ENST00000461720.6	143	109478	109335
ENST00000461724.5	21638	24464	2826
ENST00000461727.6	742	12957	12215
ENST00000461734.1	3165	38191	35026
ENST00000461735.1	547	17389	16842
ENST00000461737.5	2125	3100	975
ENST00000461742.7	4134	58827	54693
ENST00000461744.5	395	23669	23274
ENST00000461745.5	900	609126	608226
ENST00000461751.1	23665	40725	17060
ENST00000461758.6	850	4586	3736
ENST00000461761.5	15362	78594	63232
ENST00000461764.6	0	17895	17895
ENST00000461772.5	1343	46960	45617
ENST00000461774.5	7548	31303	23755
ENST00000461779.5	15576	25704	10128
ENST00000461783.7	296527	429500	132973
ENST00000461786.5	0	15224	15224
ENST00000461794.1	73	15374	15301
ENST00000461798.5	6648	24451	17803
ENST00000461804.5	48	14859	14811
ENST00000461815.1	7157	15454	8297
ENST00000461819.5	1292	4028	2736
ENST00000461821.1	1266	6944	5678
ENST00000461822.5	38	110169	110131
ENST00000461828.5	1670	25075	23405
ENST00000461831.1	1324	3175	1851
ENST00000461841.7	42896	251399	208503
ENST00000461846.5	198	31127	30929
ENST00000461854.5	1648	30013	28365
ENST00000461861.5	0	9760	9760
ENST00000461867.1	0	2126	2126
ENST00000461868.1	199	3030	2831
ENST00000461883.5	4862	86514	81652
ENST00000461888.5	6975	27785	20810
ENST00000461894.5	0	4805	4805
ENST00000461906.1	25	4171	4146
ENST00000461914.7	0	10304	10304
ENST00000461919.5	510	7441	6931
ENST00000461923.5	3588	7261	3673
ENST00000461930.1	423	2871	2448
ENST00000461934.5	8155	25244	17089
ENST00000461940.5	2533	6715	4182
ENST00000461945.1	156405	173771	17366
ENST00000461948.2	187	17592	17405
ENST00000461958.2	4293	10472	6179
ENST00000461976.2	0	88996	88996
ENST00000461988.6	38847	73339	34492
ENST00000461991.3	0	6675	6675
ENST00000461997.5	8168	11927	3759
ENST00000462026.2	6324	11200	4876
ENST00000462033.1	0	3153	3153
ENST00000462036.5	0	663	663
ENST00000462043.6	1477	3702	2225
ENST00000462044.5	783	10709	9926
ENST00000462048.2	0	1963	1963
ENST00000462069.6	1450	14744	13294
ENST00000462075.1	459	20588	20129
ENST00000462082.1	26795	49108	22313
ENST00000462091.5	39	7318	7279
ENST00000462097.5	0	4710	4710
ENST00000462107.1	440	23474	23034
ENST00000462112.1	231	17025	16794
ENST00000462132.6	2974	13625	10651
ENST00000462138.6	1047	33085	32038
ENST00000462143.5	46946	61997	15051
ENST00000462146.6	469	23547	23078
ENST00000462155.2	0	13078	13078
ENST00000462164.5	0	7385	7385
ENST00000462165.2	0	3904	3904
ENST00000462172.5	83	28843	28760
ENST00000462193.2	0	2527	2527
ENST00000462202.3	0	12937	12937
ENST00000462215.5	2222	7296	5074
ENST00000462221.5	0	11723	11723
ENST00000462224.5	63	58729	58666
ENST00000462226.1	0	99959	99959
ENST00000462228.1	0	248	248
ENST00000462232.2	182	36945	36763
ENST00000462233.5	32966	217510	184544
ENST00000462234.5	3016	5690	2674
ENST00000462237.5	139	22790	22651
ENST00000462247.1	0	2777	2777
ENST00000462250.2	0	780	780
ENST00000462257.1	185	5454	5269
ENST00000462294.1	0	28659	28659
ENST00000462295.5	8550	14272	5722
ENST00000462296.5	0	4886	4886
ENST00000462307.5	89	7292	7203
ENST00000462312.5	5865	8849	2984
ENST00000462315.5	4345	29968	25623
ENST00000462317.5	948	3202	2254
ENST00000462320.5	126	19457	19331
ENST00000462322.3	294	10100	9806
ENST00000462323.5	19665	78078	58413
ENST00000462328.2	17	5885	5868
ENST00000462330.5	1586	6056	4470
ENST00000462331.5	11515	84117	72602
ENST00000462340.1	42	17735	17693
ENST00000462345.5	17148	30329	13181
ENST00000462347.5	481	13049	12568
ENST00000462355.2	274	4099	3825
ENST00000462372.5	634	1525	891
ENST00000462384.6	31669	32538	869
ENST00000462402.5	646	7832	7186
ENST00000462406.1	0	398	398
ENST00000462408.2	114	31499	31385
ENST00000462409.5	2680	81179	78499
ENST00000462412.3	3587	34076	30489
ENST00000462419.5	0	63404	63404
ENST00000462420.2	0	4673	4673
ENST00000462425.1	37608	37736	128
ENST00000462426.1	53	9673	9620
ENST00000462430.5	182	3019	2837
ENST00000462434.5	19389	31340	11951
ENST00000462437.1	0	12880	12880
ENST00000462442.1	0	751	751
ENST00000462443.2	176	3546	3370
ENST00000462446.6	27	16317	16290
ENST00000462460.6	1090	41609	40519
ENST00000462462.1	167	9403	9236
ENST00000462482.1	1071	21925	20854
ENST00000462484.5	37	167563	167526
ENST00000462490.5	2860	16268	13408
ENST00000462499.6	54032	70160	16128
ENST00000462502.5	2275	53202	50927
ENST00000462512.1	0	6049	6049
ENST00000462519.3	528	27239	26711
ENST00000462521.2	37	4961	4924
ENST00000462523.5	7403	23169	15766
ENST00000462538.5	6890	7229	339
ENST00000462542.5	0	33153	33153
ENST00000462548.6	223	14829	14606
ENST00000462554.2	311	3897	3586
ENST00000462576.5	285	6130	5845
ENST00000462581.6	64107	102031	37924
ENST00000462588.5	0	106386	106386
ENST00000462592.5	22071	70648	48577
ENST00000462598.7	0	5829	5829
ENST00000462608.5	2457	3235	778
ENST00000462618.1	0	850	850
ENST00000462629.5	55265	57393	2128
ENST00000462632.6	1304	33004	31700
ENST00000462633.3	24	17386	17362
ENST00000462637.5	21	81202	81181
ENST00000462644.5	713	5149	4436
ENST00000462648.6	6575	11921	5346
ENST00000462666.5	0	20201	20201
ENST00000462674.1	0	3943	3943
ENST00000462676.3	47809	93871	46062
ENST00000462677.3	0	19324	19324
ENST00000462683.6	16	33646	33630
ENST00000462686.1	28645	40102	11457
ENST00000462691.5	549	4782	4233
ENST00000462693.1	30	1190	1160
ENST00000462696.1	0	127014	127014
ENST00000462699.5	769	120431	119662
ENST00000462705.5	914	15766	14852
ENST00000462711.2	0	6072	6072
ENST00000462714.6	3311	4817	1506
ENST00000462721.5	12974	13313	339
ENST00000462724.1	85	383	298
ENST00000462725.6	0	32943	32943
ENST00000462730.5	677	4089	3412
ENST00000462733.5	9601	24271	14670
ENST00000462734.2	1067	2505	1438
ENST00000462737.1	99	2120	2021
ENST00000462745.5	4074	102590	98516
ENST00000462748.6	0	7631	7631
ENST00000462753.5	376	39698	39322
ENST00000462759.5	20244	59540	39296
ENST00000462761.5	909	1212	303
ENST00000462763.5	83	17381	17298
ENST00000462772.2	113	2103	1990
ENST00000462775.5	125	135166	135041
ENST00000462776.2	0	878	878
ENST00000462787.5	1159	37806	36647
ENST00000462788.6	23	53858	53835
ENST00000462790.8	3825	15563	11738
ENST00000462797.5	3127	43478	40351
ENST00000462803.5	166	132962	132796
ENST00000462804.3	1896	3310	1414
ENST00000462807.5	75	8012	7937
ENST00000462815.5	5556	11534	5978
ENST00000462827.2	0	2122	2122
ENST00000462833.6	2315	170011	167696
ENST00000462838.5	10441	50416	39975
ENST00000462843.2	0	5829	5829
ENST00000462852.5	1297	14660	13363
ENST00000462856.6	0	17858	17858
ENST00000462862.1	0	6322	6322
ENST00000462866.5	8	4749	4741
ENST00000462874.1	16	1206	1190
ENST00000462877.5	0	21127	21127
ENST00000462881.1	15823	18263	2440
ENST00000462891.7	2393	16671	14278
ENST00000462895.1	45	2669	2624
ENST00000462897.2	0	3471	3471
ENST00000462898.5	88683	105674	16991
ENST00000462900.2	7654	62701	55047
ENST00000462901.5	50	1050	1000
ENST00000462903.6	19655	49975	30320
ENST00000462938.6	124445	382570	258125
ENST00000462940.1	466	2213	1747
ENST00000462942.3	0	104895	104895
ENST00000462948.6	80	975	895
ENST00000462949.5	32	101401	101369
ENST00000462966.1	0	219	219
ENST00000462968.2	0	23477	23477
ENST00000462989.6	171	63535	63364
ENST00000462990.5	11627	26104	14477
ENST00000462991.5	7905	42177	34272
ENST00000462997.6	1616	16983	15367
ENST00000462999.5	0	6724	6724
ENST00000463003.2	9355	10227	872
ENST00000463016.1	5124	119559	114435
ENST00000463019.7	55270	59017	3747
ENST00000463032.5	4846	108483	103637
ENST00000463043.1	1404	5688	4284
ENST00000463045.3	162	26729	26567
ENST00000463050.5	336	4892	4556
ENST00000463051.5	8342	13240	4898
ENST00000463055.1	292	8509	8217
ENST00000463057.1	2388	8022	5634
ENST00000463065.5	26335	71705	45370
ENST00000463082.1	7240	16560	9320
ENST00000463087.5	4057	19398	15341
ENST00000463088.5	863	5610	4747
ENST00000463093.5	766	7503	6737
ENST00000463100.5	1435	22372	20937
ENST00000463103.6	800	240754	239954
ENST00000463117.6	6990	20025	13035
ENST00000463128.5	0	1667	1667
ENST00000463135.1	56871	91729	34858
ENST00000463142.1	124	1780	1656
ENST00000463144.5	0	6630	6630
ENST00000463151.5	2640	17323	14683
ENST00000463153.2	0	1130	1130
ENST00000463157.6	23014	31983	8969
ENST00000463163.5	0	10487	10487
ENST00000463194.1	10212	15751	5539
ENST00000463201.2	50	5490	5440
ENST00000463210.6	16	23261	23245
ENST00000463216.6	48570	133404	84834
ENST00000463234.1	0	34633	34633
ENST00000463247.1	0	7100	7100
ENST00000463250.1	0	6665	6665
ENST00000463253.2	92	10396	10304
ENST00000463256.5	1716	3704	1988
ENST00000463258.6	140	16455	16315
ENST00000463262.1	3605	9208	5603
ENST00000463263.1	0	7338	7338
ENST00000463267.5	19496	76091	56595
ENST00000463273.5	0	1260	1260
ENST00000463280.5	91	89084	88993
ENST00000463282.6	199	14778	14579
ENST00000463285.7	3585	25776	22191
ENST00000463290.5	1144	5908	4764
ENST00000463292.5	11477	11816	339
ENST00000463295.1	0	9210	9210
ENST00000463303.5	260	7505	7245
ENST00000463305.1	5845	16369	10524
ENST00000463306.1	2556	91636	89080
ENST00000463314.5	12684	36618	23934
ENST00000463335.2	143	90553	90410
ENST00000463337.1	0	828	828
ENST00000463345.5	91	21909	21818
ENST00000463349.1	7478	11857	4379
ENST00000463359.5	45165	56253	11088
ENST00000463369.5	328	97950	97622
ENST00000463374.5	511	160797	160286
ENST00000463376.6	541	3270	2729
ENST00000463378.5	0	11495	11495
ENST00000463381.5	31889	59801	27912
ENST00000463384.1	19152	20206	1054
ENST00000463405.2	339	12835	12496
ENST00000463407.6	250	31496	31246
ENST00000463412.1	2040	22627	20587
ENST00000463413.1	94	50625	50531
ENST00000463414.5	744	3965	3221
ENST00000463423.6	0	5297	5297
ENST00000463439.3	1217	4371	3154
ENST00000463448.5	1487	22424	20937
ENST00000463452.6	2681	17633	14952
ENST00000463468.5	208	15062	14854
ENST00000463473.2	8044	17332	9288
ENST00000463477.5	276	206292	206016
ENST00000463485.5	3	80721	80718
ENST00000463496.1	582	46911	46329
ENST00000463501.5	61584	145105	83521
ENST00000463503.5	65	11012	10947
ENST00000463513.5	2195	3731	1536
ENST00000463514.2	0	857	857
ENST00000463518.5	690	17516	16826
ENST00000463519.5	7951	8589	638
ENST00000463523.5	218	15252	15034
ENST00000463526.1	329174	342693	13519
ENST00000463537.5	1328	5691	4363
ENST00000463543.5	4538	5014	476
ENST00000463552.5	0	25827	25827
ENST00000463557.1	176	33303	33127
ENST00000463558.3	14649	21429	6780
ENST00000463560.1	0	24452	24452
ENST00000463563.6	0	24200	24200
ENST00000463568.6	4073	40096	36023
ENST00000463569.5	12116	117255	105139
ENST00000463575.5	7	20054	20047
ENST00000463576.5	209	2820	2611
ENST00000463577.2	1971	3959	1988
ENST00000463584.1	82	7407	7325
ENST00000463587.5	1670	15175	13505
ENST00000463589.5	48	11986	11938
ENST00000463591.1	0	142717	142717
ENST00000463592.3	44382	76473	32091
ENST00000463596.6	125	17534	17409
ENST00000463598.1	19	33098	33079
ENST00000463611.2	63751	64295	544
ENST00000463622.6	20	11780	11760
ENST00000463624.1	0	1157	1157
ENST00000463633.5	4487	68594	64107
ENST00000463650.2	97362	129916	32554
ENST00000463663.6	18367	38536	20169
ENST00000463665.5	1488	173207	171719
ENST00000463675.6	147	583	436
ENST00000463678.5	475	2887	2412
ENST00000463684.1	1388	10765	9377
ENST00000463690.2	15690	40565	24875
ENST00000463695.1	7729	21484	13755
ENST00000463700.1	66	13450	13384
ENST00000463715.5	13581	13759	178
ENST00000463716.3	0	2964	2964
ENST00000463717.5	2	101134	101132
ENST00000463721.5	86	9597	9511
ENST00000463725.5	32620	161151	128531
ENST00000463739.5	2407	3880	1473
ENST00000463743.5	16667	77060	60393
ENST00000463745.6	3350	33839	30489
ENST00000463756.5	18559	37451	18892
ENST00000463761.1	0	98412	98412
ENST00000463764.2	0	9754	9754
ENST00000463769.7	0	89416	89416
ENST00000463777.5	9817	20870	11053
ENST00000463781.8	408	81257	80849
ENST00000463786.2	1290	11257	9967
ENST00000463790.1	0	4434	4434
ENST00000463794.1	106	4413	4307
ENST00000463804.6	0	1226	1226
ENST00000463810.2	0	633	633
ENST00000463812.1	116	820	704
ENST00000463836.1	115	4258	4143
ENST00000463839.3	0	164	164
ENST00000463842.2	82	49311	49229
ENST00000463846.5	231	2467	2236
ENST00000463855.1	124	201034	200910
ENST00000463875.6	228	196168	195940
ENST00000463876.5	278	19251	18973
ENST00000463880.1	0	21893	21893
ENST00000463911.1	0	96	96
ENST00000463916.5	632	31468	30836
ENST00000463927.6	151	539	388
ENST00000463929.5	6146	13031	6885
ENST00000463937.1	76	15523	15447
ENST00000463943.1	13	45731	45718
ENST00000463947.5	88	3875	3787
ENST00000463953.5	0	17540	17540
ENST00000463959.1	89	29205	29116
ENST00000463960.5	0	33485	33485
ENST00000463976.1	0	1742	1742
ENST00000463985.6	1683	12148	10465
ENST00000463994.4	64822	180008	115186
ENST00000464004.2	22	2350	2328
ENST00000464008.6	2873	3610	737
ENST00000464009.1	10894	13947	3053
ENST00000464010.5	35759	152595	116836
ENST00000464016.3	0	2913	2913
ENST00000464029.5	1182	6895	5713
ENST00000464035.5	258	36639	36381
ENST00000464036.5	2242	13255	11013
ENST00000464044.1	0	1013	1013
ENST00000464064.5	1669	4802	3133
ENST00000464068.5	325	11429	11104
ENST00000464071.1	3	140266	140263
ENST00000464076.3	674	3961	3287
ENST00000464081.1	20	7615	7595
ENST00000464085.5	15	7374	7359
ENST00000464088.5	4559	56939	52380
ENST00000464099.5	14620	31995	17375
ENST00000464107.5	80	718	638
ENST00000464113.1	0	3078	3078
ENST00000464121.3	87	451	364
ENST00000464139.5	989	42805	41816
ENST00000464141.1	7	4370	4363
ENST00000464148.2	0	506	506
ENST00000464162.1	0	825	825
ENST00000464171.5	12016	435003	422987
ENST00000464181.2	0	14854	14854
ENST00000464191.1	16244	16614	370
ENST00000464218.5	55	8257	8202
ENST00000464223.5	77085	87816	10731
ENST00000464224.5	1656	15489	13833
ENST00000464228.5	5704	12149	6445
ENST00000464229.5	26396	27810	1414
ENST00000464233.6	1677	997595	995918
ENST00000464248.1	650	13639	12989
ENST00000464251.5	14814	17247	2433
ENST00000464255.2	1912	3611	1699
ENST00000464260.5	119661	227481	107820
ENST00000464261.5	13335	27890	14555
ENST00000464265.5	2739	10211	7472
ENST00000464267.1	5655	9607	3952
ENST00000464274.5	7769	21422	13653
ENST00000464275.5	1395	6140	4745
ENST00000464277.2	140	366	226
ENST00000464281.5	577	2867	2290
ENST00000464284.1	4960	6925	1965
ENST00000464295.6	1557	81053	79496
ENST00000464296.1	3	52057	52054
ENST00000464300.7	18	60469	60451
ENST00000464309.1	0	14460	14460
ENST00000464312.1	0	8964	8964
ENST00000464320.5	67783	75022	7239
ENST00000464327.2	0	666	666
ENST00000464350.6	22213	135243	113030
ENST00000464352.6	163	62639	62476
ENST00000464356.6	3921	21094	17173
ENST00000464360.5	0	23351	23351
ENST00000464362.5	19291	27794	8503
ENST00000464364.1	0	6370	6370
ENST00000464367.1	0	1765	1765
ENST00000464375.5	32309	34070	1761
ENST00000464378.2	411	4712	4301
ENST00000464384.2	0	1484	1484
ENST00000464394.5	14744	29089	14345
ENST00000464402.5	37867	37943	76
ENST00000464418.5	1339	12883	11544
ENST00000464434.1	3699	11062	7363
ENST00000464437.1	42	3423	3381
ENST00000464439.6	18	17142	17124
ENST00000464441.5	26348	27774	1426
ENST00000464443.5	10193	10425	232
ENST00000464451.5	245	19452	19207
ENST00000464456.5	1405	51083	49678
ENST00000464465.7	277	15805	15528
ENST00000464470.1	910	3325	2415
ENST00000464475.1	0	58714	58714
ENST00000464484.3	272	9304	9032
ENST00000464488.3	4201	8377	4176
ENST00000464489.5	125928	180020	54092
ENST00000464492.5	92	1655	1563
ENST00000464495.4	23097	25573	2476
ENST00000464496.5	125	12798	12673
ENST00000464497.5	126	75313	75187
ENST00000464500.5	0	154	154
ENST00000464504.2	0	3319	3319
ENST00000464506.2	19619	20823	1204
ENST00000464522.2	334	11595	11261
ENST00000464525.5	29933	34985	5052
ENST00000464544.1	0	2046	2046
ENST00000464546.5	38800	39960	1160
ENST00000464547.5	0	4482	4482
ENST00000464553.2	21	1445	1424
ENST00000464557.5	4110	8311	4201
ENST00000464560.5	324	15176	14852
ENST00000464566.5	0	8492	8492
ENST00000464571.1	50	2547	2497
ENST00000464581.6	157	25349	25192
ENST00000464596.5	0	160081	160081
ENST00000464597.2	188	10681	10493
ENST00000464606.5	1681	66474	64793
ENST00000464611.1	600	1181	581
ENST00000464614.5	92	98013	97921
ENST00000464622.5	237447	254514	17067
ENST00000464624.7	3	44536	44533
ENST00000464631.6	991	24511	23520
ENST00000464632.6	3452	5377	1925
ENST00000464633.5	245	4716	4471
ENST00000464634.2	2901	3487	586
ENST00000464640.5	0	19764	19764
ENST00000464642.5	0	3025	3025
ENST00000464646.1	3	8012	8009
ENST00000464650.5	488	27000	26512
ENST00000464662.5	73	5015	4942
ENST00000464668.5	219	12399	12180
ENST00000464672.1	0	17167	17167
ENST00000464683.5	90	2315	2225
ENST00000464684.5	523	8715	8192
ENST00000464705.1	0	265	265
ENST00000464709.6	11478	11817	339
ENST00000464716.6	39	4494	4455
ENST00000464720.5	50	8986	8936
ENST00000464732.1	1068	2254	1186
ENST00000464741.2	11582	766649	755067
ENST00000464744.5	95	44048	43953
ENST00000464747.5	480	5723	5243
ENST00000464750.5	7538	14759	7221
ENST00000464752.1	0	2440	2440
ENST00000464755.1	0	87969	87969
ENST00000464756.6	29832	69145	39313
ENST00000464762.5	36	12480	12444
ENST00000464777.5	1443	7747	6304
ENST00000464781.5	3189	6209	3020
ENST00000464784.6	0	12766	12766
ENST00000464788.6	6503	22672	16169
ENST00000464789.2	418	9558	9140
ENST00000464792.2	4455	51586	47131
ENST00000464801.1	9556	32538	22982
ENST00000464803.6	18739	74005	55266
ENST00000464805.5	37828	37904	76
ENST00000464809.5	18	5987	5969
ENST00000464813.5	16	12437	12421
ENST00000464818.1	13294	20509	7215
ENST00000464831.1	36	10486	10450
ENST00000464832.5	44	27735	27691
ENST00000464834.5	245	18216	17971
ENST00000464839.5	2046	17597	15551
ENST00000464845.6	765	6376	5611
ENST00000464847.6	553	19068	18515
ENST00000464848.5	80	57295	57215
ENST00000464850.5	4425	21019	16594
ENST00000464857.5	234	52408	52174
ENST00000464870.5	0	4325	4325
ENST00000464872.5	243	3886	3643
ENST00000464873.5	430	55526	55096
ENST00000464878.5	0	2214	2214
ENST00000464885.6	29442	29786	344
ENST00000464889.7	161	53309	53148
ENST00000464894.5	10265	10604	339
ENST00000464896.5	48509	53808	5299
ENST00000464903.1	0	3647	3647
ENST00000464906.6	13334	28468	15134
ENST00000464909.2	17951	19759	1808
ENST00000464910.5	62	11090	11028
ENST00000464917.5	0	12454	12454
ENST00000464922.5	11512	41827	30315
ENST00000464923.1	15174	15660	486
ENST00000464936.5	0	27458	27458
ENST00000464941.5	712	19419	18707
ENST00000464942.7	716	19057	18341
ENST00000464950.6	8348	38128	29780
ENST00000464951.1	168	3861	3693
ENST00000464960.5	7237	11620	4383
ENST00000464962.6	93	9576	9483
ENST00000464963.5	3093	5462	2369
ENST00000464969.6	16	5312	5296
ENST00000464972.5	0	74927	74927
ENST00000464977.5	9007	9043	36
ENST00000464981.1	4633	4673	40
ENST00000464985.5	0	22338	22338
ENST00000464999.1	0	9318	9318
ENST00000465003.6	15491	17416	1925
ENST00000465010.1	4497	6763	2266
ENST00000465011.2	63	4618	4555
ENST00000465014.6	40419	58219	17800
ENST00000465022.5	4656	53360	48704
ENST00000465025.1	0	2107	2107
ENST00000465026.1	32	9268	9236
ENST00000465045.5	10261	30071	19810
ENST00000465049.6	34405	133455	99050
ENST00000465057.5	0	4810	4810
ENST00000465065.5	67	1689	1622
ENST00000465066.5	9	239015	239006
ENST00000465070.5	2312	6137	3825
ENST00000465072.5	2572	17960	15388
ENST00000465073.6	6157	46259	40102
ENST00000465076.5	2449	29265	26816
ENST00000465084.1	1846	17483	15637
ENST00000465093.6	603	136679	136076
ENST00000465094.2	0	2313	2313
ENST00000465097.1	640	4743	4103
ENST00000465098.1	192	6596	6404
ENST00000465100.5	8155	11968	3813
ENST00000465112.5	102745	185313	82568
ENST00000465115.6	101720	158099	56379
ENST00000465116.5	16324	20304	3980
ENST00000465118.6	19647	20107	460
ENST00000465120.3	336	19954	19618
ENST00000465125.2	2680	14750	12070
ENST00000465127.1	56920	1339163	1282243
ENST00000465133.5	381	116840	116459
ENST00000465139.6	1549	42956	41407
ENST00000465142.5	1440	12488	11048
ENST00000465148.3	811	15799	14988
ENST00000465150.6	285	4961	4676
ENST00000465153.2	243	16608	16365
ENST00000465156.1	109	172740	172631
ENST00000465160.2	1321	3721	2400
ENST00000465170.1	0	823	823
ENST00000465172.5	186	25672	25486
ENST00000465175.2	9994	15047	5053
ENST00000465186.1	702	3985	3283
ENST00000465200.5	78355	115360	37005
ENST00000465203.6	1370	171974	170604
ENST00000465205.2	13235	16489	3254
ENST00000465206.5	428	49951	49523
ENST00000465214.2	0	10473	10473
ENST00000465229.5	13885	18555	4670
ENST00000465233.6	53	2674	2621
ENST00000465234.2	199	18665	18466
ENST00000465248.1	0	62975	62975
ENST00000465250.6	16485	29502	13017
ENST00000465254.2	3185	6299	3114
ENST00000465259.5	2096	59208	57112
ENST00000465261.6	43666	101481	57815
ENST00000465269.6	642	4054	3412
ENST00000465271.6	46	19352	19306
ENST00000465278.3	0	31055	31055
ENST00000465289.6	23542	53428	29886
ENST00000465293.1	0	14	14
ENST00000465301.2	31561	40423	8862
ENST00000465305.5	128	27746	27618
ENST00000465307.6	14937	17735	2798
ENST00000465308.5	0	112768	112768
ENST00000465313.6	3127	4463	1336
ENST00000465335.1	0	4880	4880
ENST00000465342.4	6841	8993	2152
ENST00000465357.6	2074	152993	150919
ENST00000465370.2	82	167184	167102
ENST00000465372.5	327	4604	4277
ENST00000465373.5	0	6816	6816
ENST00000465375.5	20686	32929	12243
ENST00000465382.6	0	2626	2626
ENST00000465387.5	0	11180	11180
ENST00000465393.1	273	113261	112988
ENST00000465404.2	0	72	72
ENST00000465407.5	652	24647	23995
ENST00000465412.5	3024	108994	105970
ENST00000465413.6	0	39355	39355
ENST00000465414.1	73	18841	18768
ENST00000465419.7	672	36431	35759
ENST00000465423.5	7	12210	12203
ENST00000465426.5	2419	3421	1002
ENST00000465427.3	0	5342	5342
ENST00000465428.1	0	12248	12248
ENST00000465448.5	15622	26330	10708
ENST00000465459.2	0	13518	13518
ENST00000465461.7	0	28452	28452
ENST00000465464.5	27227	38064	10837
ENST00000465467.1	4144	58368	54224
ENST00000465471.5	14580	14794	214
ENST00000465474.5	47	1389	1342
ENST00000465482.3	280	4210	3930
ENST00000465492.1	11385	26151	14766
ENST00000465503.6	378	164401	164023
ENST00000465505.2	3616	28509	24893
ENST00000465506.5	55	8553	8498
ENST00000465513.1	105	6878	6773
ENST00000465518.3	247	2501	2254
ENST00000465530.2	738	19258	18520
ENST00000465531.1	182	18011	17829
ENST00000465535.1	0	16817	16817
ENST00000465537.5	0	20188	20188
ENST00000465538.5	78335	86430	8095
ENST00000465545.1	0	1392	1392
ENST00000465551.5	79171	80777	1606
ENST00000465555.1	0	14033	14033
ENST00000465559.5	831	9541	8710
ENST00000465566.2	0	23049	23049
ENST00000465577.6	6480	19224	12744
ENST00000465581.1	0	336	336
ENST00000465582.5	767	12389	11622
ENST00000465588.2	7	12490	12483
ENST00000465590.2	2990	37118	34128
ENST00000465601.2	0	3998	3998
ENST00000465603.5	1244	6643	5399
ENST00000465610.1	3880	4830	950
ENST00000465611.1	5872	46107	40235
ENST00000465627.5	7823	25436	17613
ENST00000465632.5	162	9117	8955
ENST00000465644.5	26	14609	14583
ENST00000465645.1	30	477	447
ENST00000465647.6	3656	30175	26519
ENST00000465654.5	97718	113818	16100
ENST00000465657.1	1273	4871	3598
ENST00000465659.5	17211	74417	57206
ENST00000465671.1	2706	36311	33605
ENST00000465675.6	469	83846	83377
ENST00000465680.2	239	41994	41755
ENST00000465682.5	6126	8762	2636
ENST00000465694.2	6106	22971	16865
ENST00000465699.5	0	1984	1984
ENST00000465705.4	11717	25871	14154
ENST00000465709.5	0	26347	26347
ENST00000465710.1	0	102	102
ENST00000465722.6	62020	109364	47344
ENST00000465727.5	1693	12619	10926
ENST00000465739.5	57788	58006	218
ENST00000465751.5	14	236574	236560
ENST00000465753.1	7677	22456	14779
ENST00000465756.5	15717	42331	26614
ENST00000465758.1	179	13229	13050
ENST00000465762.6	108	67387	67279
ENST00000465763.5	0	498	498
ENST00000465783.6	57	3128	3071
ENST00000465784.7	373	59301	58928
ENST00000465788.1	0	3261	3261
ENST00000465798.2	0	3565	3565
ENST00000465801.5	1525	12499	10974
ENST00000465804.5	3573	141265	137692
ENST00000465810.1	4103	42934	38831
ENST00000465811.7	52228	91277	39049
ENST00000465817.1	553	136835	136282
ENST00000465819.1	0	13981	13981
ENST00000465820.6	0	16968	16968
ENST00000465828.5	170	19047	18877
ENST00000465829.6	3619	40122	36503
ENST00000465843.5	0	9939	9939
ENST00000465844.1	156	30958	30802
ENST00000465853.1	0	7034	7034
ENST00000465858.1	0	3301	3301
ENST00000465859.2	0	4180	4180
ENST00000465863.1	0	2293	2293
ENST00000465864.2	154	66473	66319
ENST00000465865.6	7057	12588	5531
ENST00000465874.5	2463	10566	8103
ENST00000465878.6	935	15479	14544
ENST00000465882.5	0	55494	55494
ENST00000465887.2	92	28297	28205
ENST00000465892.6	13	180336	180323
ENST00000465901.1	0	5524	5524
ENST00000465902.2	0	12322	12322
ENST00000465903.5	1189	3736	2547
ENST00000465907.6	0	160065	160065
ENST00000465909.3	478	46634	46156
ENST00000465916.5	0	13011	13011
ENST00000465919.5	13798	38550	24752
ENST00000465926.5	625	27360	26735
ENST00000465938.5	0	10216	10216
ENST00000465947.5	4879	8429	3550
ENST00000465950.5	642	10785	10143
ENST00000465970.1	0	2955	2955
ENST00000465979.2	0	10918	10918
ENST00000465985.2	203	8130	7927
ENST00000465994.5	27844	163956	136112
ENST00000465995.6	889	60981	60092
ENST00000465998.2	2087	2517	430
ENST00000466003.1	1394	2293	899
ENST00000466035.6	0	23784	23784
ENST00000466045.1	0	30287	30287
ENST00000466048.6	20181	38460	18279
ENST00000466053.5	16	5771	5755
ENST00000466062.3	0	100062	100062
ENST00000466072.5	21	81329	81308
ENST00000466073.5	3	17361	17358
ENST00000466082.2	0	6537	6537
ENST00000466095.5	7722	34484	26762
ENST00000466105.5	17	21089	21072
ENST00000466124.1	0	6247	6247
ENST00000466126.1	0	4099	4099
ENST00000466143.5	63993	130867	66874
ENST00000466152.5	6019	24213	18194
ENST00000466159.6	196	168045	167849
ENST00000466164.5	272	17920	17648
ENST00000466176.5	68	6219	6151
ENST00000466178.1	0	2077	2077
ENST00000466179.2	61	3265	3204
ENST00000466180.1	37	4922	4885
ENST00000466186.2	0	8207	8207
ENST00000466189.5	0	45722	45722
ENST00000466197.5	23631	52398	28767
ENST00000466202.5	346	62301	61955
ENST00000466205.5	0	10274	10274
ENST00000466227.6	9762	20842	11080
ENST00000466230.2	0	22231	22231
ENST00000466237.2	30	53565	53535
ENST00000466246.7	107	34846	34739
ENST00000466254.1	0	2017	2017
ENST00000466264.5	3141	9537	6396
ENST00000466270.5	16935	34310	17375
ENST00000466271.3	658	88675	88017
ENST00000466273.6	0	5077	5077
ENST00000466280.2	240	25535	25295
ENST00000466284.1	1582	8868	7286
ENST00000466288.1	235	2255	2020
ENST00000466293.2	839	2630	1791
ENST00000466300.1	0	1113	1113
ENST00000466306.5	970	8424	7454
ENST00000466316.1	0	20	20
ENST00000466322.5	0	8666	8666
ENST00000466323.5	4480	18935	14455
ENST00000466330.5	85022	89516	4494
ENST00000466335.1	197	18676	18479
ENST00000466352.5	9526	11358	1832
ENST00000466354.1	0	1661	1661
ENST00000466363.6	1660	25065	23405
ENST00000466364.2	7	7315	7308
ENST00000466369.5	0	6669	6669
ENST00000466375.2	1469	1851	382
ENST00000466380.6	26767	37908	11141
ENST00000466382.2	0	3059	3059
ENST00000466387.5	466326	1465336	999010
ENST00000466396.6	136	21433	21297
ENST00000466397.5	124	2307	2183
ENST00000466409.1	128	15564	15436
ENST00000466412.5	0	1407	1407
ENST00000466434.5	0	9167	9167
ENST00000466436.5	308	130489	130181
ENST00000466444.7	79	22316	22237
ENST00000466448.4	0	34210	34210
ENST00000466455.1	0	4177	4177
ENST00000466474.6	105	30404	30299
ENST00000466475.5	23280	78043	54763
ENST00000466477.5	78365	105741	27376
ENST00000466478.5	32978	59213	26235
ENST00000466480.2	178	2840	2662
ENST00000466484.1	0	33785	33785
ENST00000466489.1	11	8030	8019
ENST00000466490.7	21826	36546	14720
ENST00000466493.5	4664	67684	63020
ENST00000466494.6	359	2341	1982
ENST00000466498.2	4131	4597	466
ENST00000466499.6	760	20367	19607
ENST00000466507.2	16044	38767	22723
ENST00000466508.5	11594	18600	7006
ENST00000466512.1	205	7211	7006
ENST00000466514.5	66	5959	5893
ENST00000466519.5	7212	22020	14808
ENST00000466521.5	2875	10045	7170
ENST00000466533.5	56920	104525	47605
ENST00000466535.5	1073	2612	1539
ENST00000466540.2	35	65640	65605
ENST00000466542.6	98	19422	19324
ENST00000466544.5	6047	12780	6733
ENST00000466547.1	4020	11550	7530
ENST00000466548.5	26	67025	66999
ENST00000466559.1	111	2724	2613
ENST00000466569.1	31449	43500	12051
ENST00000466580.6	24	7723	7699
ENST00000466590.6	153	2369	2216
ENST00000466593.5	101	36645	36544
ENST00000466595.5	0	67983	67983
ENST00000466596.5	436	45728	45292
ENST00000466610.6	0	14549	14549
ENST00000466617.6	2291	67985	65694
ENST00000466621.2	0	75793	75793
ENST00000466623.1	0	3495	3495
ENST00000466635.1	3277	6226	2949
ENST00000466636.1	0	9114	9114
ENST00000466639.5	155	90440	90285
ENST00000466642.5	15368	16793	1425
ENST00000466650.5	15736	28530	12794
ENST00000466652.2	4175	25385	21210
ENST00000466671.5	0	935	935
ENST00000466674.5	119	4191	4072
ENST00000466675.5	270	2736	2466
ENST00000466678.5	0	25478	25478
ENST00000466681.2	14	10899	10885
ENST00000466684.5	13634	15910	2276
ENST00000466690.5	0	5778	5778
ENST00000466694.6	143	38727	38584
ENST00000466701.2	40403	65747	25344
ENST00000466704.1	0	18818	18818
ENST00000466716.5	0	2629	2629
ENST00000466729.5	0	2643	2643
ENST00000466732.2	0	2406	2406
ENST00000466741.5	1217	13594	12377
ENST00000466749.5	34612	42068	7456
ENST00000466752.5	10869	11131	262
ENST00000466756.2	0	8219	8219
ENST00000466757.8	0	147789	147789
ENST00000466758.5	0	11157	11157
ENST00000466759.5	43	10456	10413
ENST00000466760.5	0	99005	99005
ENST00000466766.2	97	56008	55911
ENST00000466771.6	1665	35736	34071
ENST00000466779.5	96	1100	1004
ENST00000466780.5	289	23367	23078
ENST00000466787.1	2907	3319	412
ENST00000466795.5	28785	85395	56610
ENST00000466812.1	0	1934	1934
ENST00000466813.1	0	1494	1494
ENST00000466814.1	0	48231	48231
ENST00000466817.1	1445	7082	5637
ENST00000466819.5	0	25359	25359
ENST00000466823.3	40	3090	3050
ENST00000466828.6	19573	39468	19895
ENST00000466830.6	175	78321	78146
ENST00000466842.1	0	8426	8426
ENST00000466865.1	0	18433	18433
ENST00000466876.2	385	10121	9736
ENST00000466886.5	0	934	934
ENST00000466887.5	24129	25760	1631
ENST00000466889.5	725	9830	9105
ENST00000466891.5	73	2693	2620
ENST00000466896.5	4933	16143	11210
ENST00000466897.1	2086	19237	17151
ENST00000466899.6	444	26069	25625
ENST00000466903.1	0	6915	6915
ENST00000466905.4	720	8752	8032
ENST00000466911.5	2461	8712	6251
ENST00000466914.2	1698	88217	86519
ENST00000466924.1	0	51040	51040
ENST00000466925.4	6028	36425	30397
ENST00000466926.1	0	13897	13897
ENST00000466932.1	344	19366	19022
ENST00000466936.5	195	18166	17971
ENST00000466937.2	3473	43835	40362
ENST00000466939.1	159	31614	31455
ENST00000466940.5	28	4365	4337
ENST00000466947.5	0	52059	52059
ENST00000466950.5	7289	21956	14667
ENST00000466957.1	0	33821	33821
ENST00000466967.1	86	541	455
ENST00000466968.1	0	18561	18561
ENST00000466975.5	46	89405	89359
ENST00000466983.1	0	4003	4003
ENST00000466984.1	153	19182	19029
ENST00000466986.5	20480	223737	203257
ENST00000466993.5	33	25025	24992
ENST00000466995.5	2482	4465	1983
ENST00000466996.5	28198	50381	22183
ENST00000467002.1	1876	2230	354
ENST00000467003.1	10156	17636	7480
ENST00000467006.6	7789	7793	4
ENST00000467011.6	425	162025	161600
ENST00000467025.2	1710	15256	13546
ENST00000467030.5	0	400	400
ENST00000467031.5	72	189841	189769
ENST00000467038.6	1156	6827	5671
ENST00000467048.1	0	27224	27224
ENST00000467053.5	32744	33110	366
ENST00000467056.6	23142	153291	130149
ENST00000467062.5	146	38353	38207
ENST00000467067.1	1846	2427	581
ENST00000467072.5	35	54110	54075
ENST00000467075.2	3	265	262
ENST00000467076.5	1176	12767	11591
ENST00000467078.5	3615	6701	3086
ENST00000467087.7	378	164378	164000
ENST00000467096.5	141	18988	18847
ENST00000467099.6	56	10618	10562
ENST00000467101.5	10377	16068	5691
ENST00000467103.2	95	4939	4844
ENST00000467111.5	52	9744	9692
ENST00000467124.1	0	1786	1786
ENST00000467125.1	0	256283	256283
ENST00000467127.5	16456	45908	29452
ENST00000467132.5	2051	12685	10634
ENST00000467134.5	1450	6956	5506
ENST00000467136.5	11910	26787	14877
ENST00000467141.2	0	3248	3248
ENST00000467142.5	0	5382	5382
ENST00000467148.2	1163	22227	21064
ENST00000467167.5	27	1298	1271
ENST00000467171.2	3344	16578	13234
ENST00000467174.6	802	14820	14018
ENST00000467177.5	0	156631	156631
ENST00000467183.6	208949	263319	54370
ENST00000467196.5	0	2698	2698
ENST00000467200.6	351	91750	91399
ENST00000467210.5	0	3919	3919
ENST00000467211.1	0	2378	2378
ENST00000467213.5	20	33835	33815
ENST00000467227.6	52325	68453	16128
ENST00000467229.1	0	19097	19097
ENST00000467246.5	14245	26802	12557
ENST00000467248.5	60	4054	3994
ENST00000467257.5	5259	22506	17247
ENST00000467261.5	58	1826	1768
ENST00000467264.2	25	60389	60364
ENST00000467265.5	318	93117	92799
ENST00000467282.5	56933	59032	2099
ENST00000467283.5	0	4322	4322
ENST00000467291.5	30078	37062	6984
ENST00000467306.5	2838	4195	1357
ENST00000467309.5	0	25429	25429
ENST00000467311.5	20	83800	83780
ENST00000467317.5	1415	11715	10300
ENST00000467321.6	6757	22926	16169
ENST00000467322.1	17571	43904	26333
ENST00000467324.5	121	335	214
ENST00000467331.6	15474	17399	1925
ENST00000467332.1	0	636	636
ENST00000467333.1	0	1387	1387
ENST00000467334.1	264	4720	4456
ENST00000467337.6	6834	45500	38666
ENST00000467348.1	0	21224	21224
ENST00000467366.1	0	9065	9065
ENST00000467384.6	22594	34315	11721
ENST00000467392.5	147	10422	10275
ENST00000467400.5	15277	22028	6751
ENST00000467404.6	13	86516	86503
ENST00000467420.7	13576	365752	352176
ENST00000467425.5	274	828065	827791
ENST00000467441.6	165	33640	33475
ENST00000467444.1	58	18198	18140
ENST00000467448.5	1349	10613	9264
ENST00000467459.6	2282	6409	4127
ENST00000467460.6	6873	243504	236631
ENST00000467467.5	198	137890	137692
ENST00000467468.5	3083	12668	9585
ENST00000467474.1	125	6873	6748
ENST00000467482.6	403	41674	41271
ENST00000467486.5	0	17677	17677
ENST00000467491.5	395	23669	23274
ENST00000467499.6	17580	67013	49433
ENST00000467505.5	138	56420	56282
ENST00000467513.5	0	13405	13405
ENST00000467517.1	0	11424	11424
ENST00000467518.5	0	192	192
ENST00000467525.5	0	5130	5130
ENST00000467526.1	1000	2992	1992
ENST00000467531.5	55	8257	8202
ENST00000467532.5	12971	13310	339
ENST00000467543.6	3608	4514	906
ENST00000467549.5	105	424274	424169
ENST00000467557.1	45878	46060	182
ENST00000467561.5	95689	400444	304755
ENST00000467562.5	31757	81769	50012
ENST00000467570.5	77	81619	81542
ENST00000467578.7	41	3502	3461
ENST00000467579.7	33	3839	3806
ENST00000467582.1	637	2989	2352
ENST00000467583.1	0	6668	6668
ENST00000467590.1	0	1628	1628
ENST00000467604.5	4499	19257	14758
ENST00000467606.5	0	6713	6713
ENST00000467612.5	175	6866	6691
ENST00000467618.1	56	44296	44240
ENST00000467626.6	8438	22833	14395
ENST00000467632.5	9	44476	44467
ENST00000467634.1	0	106931	106931
ENST00000467636.1	0	6512	6512
ENST00000467637.5	1382	13681	12299
ENST00000467642.5	32183	33230	1047
ENST00000467648.6	15351	51737	36386
ENST00000467655.2	84	33277	33193
ENST00000467663.5	3449	18414	14965
ENST00000467667.5	0	46380	46380
ENST00000467678.5	0	1188	1188
ENST00000467681.5	771	12319	11548
ENST00000467691.1	476	3510	3034
ENST00000467702.3	2875	20994	18119
ENST00000467709.6	0	11261	11261
ENST00000467712.1	870	2622	1752
ENST00000467715.2	0	3912	3912
ENST00000467722.3	87306	218416	131110
ENST00000467724.5	0	3332	3332
ENST00000467728.5	1238	12046	10808
ENST00000467736.5	249	1375	1126
ENST00000467746.6	1887	2380	493
ENST00000467750.5	37011	82303	45292
ENST00000467751.5	5685	10047	4362
ENST00000467752.5	138	10011	9873
ENST00000467753.1	0	60	60
ENST00000467757.5	3	99688	99685
ENST00000467761.6	55266	81961	26695
ENST00000467766.5	33	79429	79396
ENST00000467773.1	3	15050	15047
ENST00000467782.5	73886	73908	22
ENST00000467786.1	1007	59628	58621
ENST00000467789.5	385	12857	12472
ENST00000467791.5	25088	37210	12122
ENST00000467793.5	0	2746	2746
ENST00000467799.7	25031	80041	55010
ENST00000467800.5	4129	11034	6905
ENST00000467801.2	0	1816	1816
ENST00000467802.1	0	754	754
ENST00000467805.6	1378	13645	12267
ENST00000467815.5	697	102276	101579
ENST00000467825.2	0	4799	4799
ENST00000467837.5	4	649	645
ENST00000467847.1	528	918	390
ENST00000467858.1	0	16583	16583
ENST00000467864.5	84	15823	15739
ENST00000467882.5	10977	41324	30347
ENST00000467885.6	0	10724	10724
ENST00000467889.3	3313	14996	11683
ENST00000467894.5	7654	9671	2017
ENST00000467898.3	1197	32350	31153
ENST00000467905.5	1366	26762	25396
ENST00000467906.5	20559	22634	2075
ENST00000467907.5	0	5481	5481
ENST00000467908.1	131	15446	15315
ENST00000467909.5	3881	76100	72219
ENST00000467911.1	59	18448	18389
ENST00000467917.5	22447	47312	24865
ENST00000467928.2	238	6132	5894
ENST00000467929.6	132	21793	21661
ENST00000467938.5	0	34093	34093
ENST00000467940.5	2209	8167	5958
ENST00000467960.2	32348	33684	1336
ENST00000467963.6	730	30691	29961
ENST00000467977.5	82304	147994	65690
ENST00000467979.1	43300	45022	1722
ENST00000467980.5	63	999	936
ENST00000467982.6	0	4154	4154
ENST00000467986.2	402	4801	4399
ENST00000467988.2	0	24886	24886
ENST00000467991.2	5366	8065	2699
ENST00000467992.6	137	6245	6108
ENST00000467996.1	82254	88864	6610
ENST00000467997.6	4005	27517	23512
ENST00000467999.6	0	13977	13977
ENST00000468001.1	13786	14538	752
ENST00000468002.2	891	5427	4536
ENST00000468010.1	0	3579	3579
ENST00000468022.5	5520	8853	3333
ENST00000468024.5	1184	2472	1288
ENST00000468025.1	0	4494	4494
ENST00000468029.2	245	57226	56981
ENST00000468036.1	49299	50005	706
ENST00000468037.1	9199	10067	868
ENST00000468040.2	10917	16422	5505
ENST00000468049.2	19	53682	53663
ENST00000468050.1	396	4997	4601
ENST00000468059.1	0	270789	270789
ENST00000468065.5	38	94890	94852
ENST00000468073.5	0	5679	5679
ENST00000468075.2	0	21157	21157
ENST00000468080.1	0	3830	3830
ENST00000468082.1	3	33001	32998
ENST00000468084.1	938	1462	524
ENST00000468085.5	4759	5153	394
ENST00000468090.5	198	37805	37607
ENST00000468091.2	0	21675	21675
ENST00000468092.1	0	6378	6378
ENST00000468093.5	2206	2785	579
ENST00000468097.5	25	21008	20983
ENST00000468101.5	14734	15200	466
ENST00000468107.5	205	1829	1624
ENST00000468110.5	206	331033	330827
ENST00000468119.3	282	7857	7575
ENST00000468133.5	25032	81500	56468
ENST00000468137.5	2268	7362	5094
ENST00000468145.1	321	1548	1227
ENST00000468148.6	3472	24093	20621
ENST00000468149.5	11	3060	3049
ENST00000468175.1	0	4176	4176
ENST00000468187.6	335	148530	148195
ENST00000468189.5	822	785991	785169
ENST00000468200.2	20140	59204	39064
ENST00000468204.2	8653	10340	1687
ENST00000468206.6	11932	73420	61488
ENST00000468208.2	5831	6957	1126
ENST00000468210.5	7	12375	12368
ENST00000468211.6	119	35186	35067
ENST00000468218.5	0	9908	9908
ENST00000468222.2	0	94765	94765
ENST00000468226.1	45849	54192	8343
ENST00000468231.5	14761	20981	6220
ENST00000468233.5	449	36363	35914
ENST00000468236.5	154	16262	16108
ENST00000468239.1	0	4977	4977
ENST00000468240.6	3236	27279	24043
ENST00000468247.1	0	208	208
ENST00000468257.2	11182	34624	23442
ENST00000468260.5	0	21578	21578
ENST00000468268.5	0	664	664
ENST00000468271.5	0	21180	21180
ENST00000468273.1	0	2501	2501
ENST00000468275.6	266	17339	17073
ENST00000468284.1	5644	6204	560
ENST00000468289.1	0	49652	49652
ENST00000468296.5	0	44397	44397
ENST00000468300.5	982	81367	80385
ENST00000468310.5	146	96161	96015
ENST00000468317.3	179	12566	12387
ENST00000468322.2	1504	5932	4428
ENST00000468323.5	2780	5306	2526
ENST00000468324.5	0	1833	1833
ENST00000468325.5	119	4492	4373
ENST00000468332.6	49374	94082	44708
ENST00000468341.1	4	17484	17480
ENST00000468348.1	1191	1599	408
ENST00000468369.5	285	91763	91478
ENST00000468393.5	0	12943	12943
ENST00000468401.1	10174	10342	168
ENST00000468404.5	3546	19238	15692
ENST00000468407.2	18	20209	20191
ENST00000468410.5	10933	33999	23066
ENST00000468415.6	130982	296512	165530
ENST00000468425.2	42	10714	10672
ENST00000468427.2	2919	21315	18396
ENST00000468435.6	340	80662	80322
ENST00000468441.5	224	6631	6407
ENST00000468450.5	22657	23405	748
ENST00000468451.1	4938	6638	1700
ENST00000468463.5	678	21944	21266
ENST00000468465.5	116	820	704
ENST00000468466.1	0	261736	261736
ENST00000468472.1	19868	21950	2082
ENST00000468477.1	0	7803	7803
ENST00000468492.5	0	9654	9654
ENST00000468494.1	0	1143	1143
ENST00000468509.1	321	1023	702
ENST00000468516.1	1343	8991	7648
ENST00000468521.1	1507	3735	2228
ENST00000468523.2	0	3698	3698
ENST00000468529.1	292	38000	37708
ENST00000468531.1	0	3357	3357
ENST00000468539.5	49	17631	17582
ENST00000468542.1	0	46577	46577
ENST00000468553.5	5124	19425	14301
ENST00000468560.1	752	22189	21437
ENST00000468577.6	3	240956	240953
ENST00000468581.2	7008	28466	21458
ENST00000468582.5	4512	5104	592
ENST00000468586.5	40267	41725	1458
ENST00000468605.1	0	13339	13339
ENST00000468606.5	117318	129010	11692
ENST00000468618.6	101	38851	38750
ENST00000468623.6	3	25960	25957
ENST00000468626.2	778	1238	460
ENST00000468629.5	2785	12506	9721
ENST00000468642.5	1367	8798	7431
ENST00000468647.5	11286	26259	14973
ENST00000468648.5	32207	82021	49814
ENST00000468654.2	829	4946	4117
ENST00000468657.5	40	344	304
ENST00000468658.1	123149	365602	242453
ENST00000468660.6	979	53206	52227
ENST00000468670.2	734	1382	648
ENST00000468676.5	0	15627	15627
ENST00000468682.2	0	786	786
ENST00000468689.2	460	3630	3170
ENST00000468694.5	27	17506	17479
ENST00000468695.6	1045	30203	29158
ENST00000468696.1	159	6552	6393
ENST00000468709.5	27977	35507	7530
ENST00000468711.5	231	27885	27654
ENST00000468719.6	8126	12391	4265
ENST00000468727.5	0	208286	208286
ENST00000468734.1	4379	69892	65513
ENST00000468739.2	397	827	430
ENST00000468741.5	313	75180	74867
ENST00000468746.5	398	8325	7927
ENST00000468747.5	2034	11690	9656
ENST00000468757.1	0	69126	69126
ENST00000468764.5	368	1398	1030
ENST00000468776.5	104	57928	57824
ENST00000468777.5	21	81362	81341
ENST00000468785.1	0	1500	1500
ENST00000468789.5	150	49854	49704
ENST00000468793.5	144	8775	8631
ENST00000468795.1	0	16746	16746
ENST00000468796.1	0	5101	5101
ENST00000468798.5	171	6164	5993
ENST00000468801.1	903	19023	18120
ENST00000468804.6	0	17302	17302
ENST00000468811.5	157	4904	4747
ENST00000468812.6	44	5228	5184
ENST00000468815.1	0	46	46
ENST00000468820.1	274	6595	6321
ENST00000468826.2	0	10496	10496
ENST00000468836.2	13571	45151	31580
ENST00000468840.6	50	106271	106221
ENST00000468843.1	7313	8541	1228
ENST00000468861.5	35251	64813	29562
ENST00000468879.1	181	1005	824
ENST00000468886.5	2	93755	93753
ENST00000468888.6	2389	226260	223871
ENST00000468893.6	102	19259	19157
ENST00000468895.6	36	20150	20114
ENST00000468896.1	0	98324	98324
ENST00000468898.2	3995	6725	2730
ENST00000468900.5	0	67244	67244
ENST00000468904.1	703	14420	13717
ENST00000468911.2	0	80406	80406
ENST00000468915.5	0	48555	48555
ENST00000468918.5	15057	17402	2345
ENST00000468929.5	1039	152432	151393
ENST00000468930.5	7	1680	1673
ENST00000468944.1	458	992	534
ENST00000468953.1	4233	8042	3809
ENST00000468955.1	156	5236	5080
ENST00000468957.1	344	1969	1625
ENST00000468958.1	6709	9317	2608
ENST00000468962.5	68	13017	12949
ENST00000468977.5	1497	1931	434
ENST00000468980.4	1160	62169	61009
ENST00000468982.5	0	3432	3432
ENST00000468985.5	9667	20720	11053
ENST00000468990.2	30269	36877	6608
ENST00000469000.5	0	1834	1834
ENST00000469005.2	4662	59367	54705
ENST00000469013.1	1148	20751	19603
ENST00000469018.5	5803	7915	2112
ENST00000469022.5	176	24481	24305
ENST00000469023.5	0	3993	3993
ENST00000469024.1	584	1729	1145
ENST00000469027.5	172	28040	27868
ENST00000469028.2	0	246	246
ENST00000469037.2	1656	53837	52181
ENST00000469043.2	24	36635	36611
ENST00000469044.6	254	110585	110331
ENST00000469045.5	2780	3335	555
ENST00000469048.6	1416	3268	1852
ENST00000469053.5	7	922	915
ENST00000469057.1	16658	60898	44240
ENST00000469059.2	494	1972	1478
ENST00000469073.2	10423	162476	152053
ENST00000469075.5	260	105031	104771
ENST00000469076.5	12334	13304	970
ENST00000469078.5	139	43669	43530
ENST00000469082.1	692	11425	10733
ENST00000469083.1	111	1501	1390
ENST00000469091.1	229	3404	3175
ENST00000469092.5	1439	11515	10076
ENST00000469099.5	285	4584	4299
ENST00000469104.5	227	1071	844
ENST00000469105.5	36175	40845	4670
ENST00000469111.5	0	4809	4809
ENST00000469112.5	350	13270	12920
ENST00000469131.6	191	148935	148744
ENST00000469139.2	41822	67166	25344
ENST00000469141.6	58132	82437	24305
ENST00000469144.5	2790	3580	790
ENST00000469153.5	4520	4696	176
ENST00000469154.5	3764	36425	32661
ENST00000469169.5	8788	14510	5722
ENST00000469176.1	3	13766	13763
ENST00000469185.5	669	19144	18475
ENST00000469193.5	0	30919	30919
ENST00000469195.5	21681	34182	12501
ENST00000469197.5	123	62376	62253
ENST00000469198.5	0	98462	98462
ENST00000469215.2	0	44212	44212
ENST00000469217.5	17	81325	81308
ENST00000469223.6	1150	26269	25119
ENST00000469224.5	1156	18001	16845
ENST00000469225.1	0	20175	20175
ENST00000469230.5	726	12231	11505
ENST00000469232.5	18067	22368	4301
ENST00000469235.5	13965	15275	1310
ENST00000469243.5	180	36593	36413
ENST00000469256.6	714	12579	11865
ENST00000469257.2	154	2273	2119
ENST00000469261.5	153	17596	17443
ENST00000469263.5	1963	58473	56510
ENST00000469284.6	50469	58384	7915
ENST00000469299.1	92	2713	2621
ENST00000469307.4	2661	17571	14910
ENST00000469316.5	92	7555	7463
ENST00000469317.1	0	28158	28158
ENST00000469328.5	7889	14150	6261
ENST00000469350.6	1349	96355	95006
ENST00000469351.1	265	4781	4516
ENST00000469360.5	0	48126	48126
ENST00000469362.6	0	1854	1854
ENST00000469364.5	2238	6903	4665
ENST00000469372.5	35888	49074	13186
ENST00000469373.5	0	28883	28883
ENST00000469376.5	4362	47216	42854
ENST00000469379.5	12830	13398	568
ENST00000469383.2	3102	5806	2704
ENST00000469384.1	2	6664	6662
ENST00000469385.1	0	12928	12928
ENST00000469388.1	0	1330	1330
ENST00000469391.5	13439	197098	183659
ENST00000469404.1	91	18916	18825
ENST00000469406.6	22758	33679	10921
ENST00000469408.6	1290	53977	52687
ENST00000469430.5	57868	87774	29906
ENST00000469431.6	6499	22668	16169
ENST00000469435.1	1147	5528	4381
ENST00000469439.1	11	6755	6744
ENST00000469440.5	9	11875	11866
ENST00000469444.6	929	3861	2932
ENST00000469450.1	320	23946	23626
ENST00000469452.5	21267	34599	13332
ENST00000469476.2	501	10310	9809
ENST00000469477.3	3066	10483	7417
ENST00000469486.5	0	554	554
ENST00000469488.6	181	18424	18243
ENST00000469499.5	561	2100	1539
ENST00000469500.5	78	15107	15029
ENST00000469504.2	0	5675	5675
ENST00000469514.6	8650	20667	12017
ENST00000469515.6	8	16195	16187
ENST00000469520.6	1363	23278	21915
ENST00000469522.1	526	1115	589
ENST00000469524.1	0	5871	5871
ENST00000469530.4	717	12000	11283
ENST00000469543.5	629	6065	5436
ENST00000469546.6	19252	31206	11954
ENST00000469548.5	301	2854	2553
ENST00000469553.6	1436	176977	175541
ENST00000469555.1	1218	35913	34695
ENST00000469578.2	20	3178	3158
ENST00000469583.1	307	6432	6125
ENST00000469584.5	264	5059	4795
ENST00000469586.1	540	1314	774
ENST00000469597.2	53548	180564	127016
ENST00000469605.2	1267	6016	4749
ENST00000469606.5	79867	95295	15428
ENST00000469607.3	0	58888	58888
ENST00000469608.5	791	4571	3780
ENST00000469613.5	1268	3835	2567
ENST00000469623.1	2234	5356	3122
ENST00000469636.1	1624	9864	8240
ENST00000469637.1	0	284	284
ENST00000469640.6	1397	213748	212351
ENST00000469649.1	0	59117	59117
ENST00000469655.5	157	22864	22707
ENST00000469657.5	2212	5966	3754
ENST00000469672.5	9219	12649	3430
ENST00000469678.1	4867	31234	26367
ENST00000469707.5	53881	125470	71589
ENST00000469710.5	48328	64901	16573
ENST00000469715.6	0	162193	162193
ENST00000469728.5	1109	2565	1456
ENST00000469730.2	0	1090	1090
ENST00000469731.5	74	38095	38021
ENST00000469740.1	0	914	914
ENST00000469741.6	1699	4311	2612
ENST00000469749.5	1995	12239	10244
ENST00000469762.5	1177	37922	36745
ENST00000469767.5	10	14795	14785
ENST00000469772.5	28049	34313	6264
ENST00000469787.1	9475	29178	19703
ENST00000469792.6	5556	5867	311
ENST00000469796.7	2697	44270	41573
ENST00000469798.5	3485	7062	3577
ENST00000469800.7	10752	18854	8102
ENST00000469804.1	333	1239	906
ENST00000469809.5	9077	14799	5722
ENST00000469826.2	431	879	448
ENST00000469830.2	203	29901	29698
ENST00000469835.6	637	13733	13096
ENST00000469838.5	1516	11577	10061
ENST00000469847.5	2261	27488	25227
ENST00000469858.5	1176	12417	11241
ENST00000469860.2	0	21945	21945
ENST00000469863.1	528	4200	3672
ENST00000469877.5	63993	112409	48416
ENST00000469882.5	79781	81539	1758
ENST00000469892.6	778	123499	122721
ENST00000469901.5	0	31787	31787
ENST00000469902.6	1249	130834	129585
ENST00000469918.5	7	4345	4338
ENST00000469921.5	119	1461	1342
ENST00000469926.5	0	2761	2761
ENST00000469930.2	625	91244	90619
ENST00000469934.6	425	57704	57279
ENST00000469941.5	16036	18719	2683
ENST00000469946.5	339	88674	88335
ENST00000469949.6	21270	27190	5920
ENST00000469954.5	63	21403	21340
ENST00000469959.1	120	67928	67808
ENST00000469964.5	105	22525	22420
ENST00000469967.1	68	23661	23593
ENST00000469968.5	295	86448	86153
ENST00000469974.6	0	18636	18636
ENST00000469977.1	0	11230	11230
ENST00000469986.1	185	1593	1408
ENST00000469987.1	0	5577	5577
ENST00000469989.1	0	1599	1599
ENST00000470004.1	741	1752	1011
ENST00000470018.5	49737	53432	3695
ENST00000470019.5	156	54645	54489
ENST00000470022.1	334	4657	4323
ENST00000470026.6	1377	85359	83982
ENST00000470033.2	0	132230	132230
ENST00000470044.5	272	20904	20632
ENST00000470050.2	114	84798	84684
ENST00000470056.5	37090	105186	68096
ENST00000470061.5	421	12546	12125
ENST00000470062.5	514	5180	4666
ENST00000470080.5	204	12703	12499
ENST00000470082.2	0	12033	12033
ENST00000470085.5	4961	10033	5072
ENST00000470094.2	953	90156	89203
ENST00000470110.2	4202	8417	4215
ENST00000470111.5	0	326	326
ENST00000470116.2	11	62972	62961
ENST00000470117.2	0	1136	1136
ENST00000470121.5	3668	12543	8875
ENST00000470123.2	482	16357	15875
ENST00000470124.1	114	9105	8991
ENST00000470125.5	916	2301	1385
ENST00000470131.5	55	36530	36475
ENST00000470136.2	0	8068	8068
ENST00000470139.1	0	7475	7475
ENST00000470147.5	56	5187	5131
ENST00000470149.5	49	7859	7810
ENST00000470151.5	33194	59479	26285
ENST00000470152.6	599	1323	724
ENST00000470157.2	136	121782	121646
ENST00000470159.5	0	2836	2836
ENST00000470161.6	27897	61010	33113
ENST00000470169.5	0	8549	8549
ENST00000470173.1	0	1646	1646
ENST00000470177.5	151	86539	86388
ENST00000470178.6	164	8883	8719
ENST00000470180.2	6491	14143	7652
ENST00000470195.2	0	640	640
ENST00000470198.5	0	2208	2208
ENST00000470213.5	0	14678	14678
ENST00000470229.6	3538	37241	33703
ENST00000470231.1	0	3010	3010
ENST00000470241.2	0	16590	16590
ENST00000470251.1	0	856	856
ENST00000470254.1	0	9146	9146
ENST00000470256.5	402	3029	2627
ENST00000470258.5	5784	10059	4275
ENST00000470266.5	13618	18997	5379
ENST00000470271.6	3236	31943	28707
ENST00000470285.1	12669	14067	1398
ENST00000470291.6	0	397	397
ENST00000470293.6	3	32056	32053
ENST00000470299.2	18502	81815	63313
ENST00000470307.6	2628	8457	5829
ENST00000470310.5	2416	14225	11809
ENST00000470311.6	0	14856	14856
ENST00000470316.5	5	7910	7905
ENST00000470329.1	272	2147	1875
ENST00000470342.5	1251	8705	7454
ENST00000470347.1	1132	21418	20286
ENST00000470357.1	4465	7148	2683
ENST00000470360.5	46125	69888	23763
ENST00000470366.5	5966	21398	15432
ENST00000470367.2	652	137647	136995
ENST00000470370.1	0	222	222
ENST00000470376.5	10887	14489	3602
ENST00000470379.2	1044	8143	7099
ENST00000470399.1	0	3274	3274
ENST00000470402.1	100	7496	7396
ENST00000470404.5	1375	10573	9198
ENST00000470411.2	4013	6879	2866
ENST00000470413.6	134	21241	21107
ENST00000470416.5	0	10570	10570
ENST00000470418.5	161	1262	1101
ENST00000470422.5	507	9253	8746
ENST00000470431.5	2224	9814	7590
ENST00000470439.5	1344	5684	4340
ENST00000470443.6	10376	15255	4879
ENST00000470448.5	55	20091	20036
ENST00000470451.5	19631	78084	58453
ENST00000470454.5	17190	36551	19361
ENST00000470455.5	31717	34169	2452
ENST00000470456.1	0	6345	6345
ENST00000470459.6	112	1347	1235
ENST00000470466.5	27185	38730	11545
ENST00000470467.5	0	6180	6180
ENST00000470472.5	1638	14858	13220
ENST00000470476.5	587	26345	25758
ENST00000470487.6	1583	88668	87085
ENST00000470488.2	275	64816	64541
ENST00000470494.5	0	30897	30897
ENST00000470495.1	1467	4895	3428
ENST00000470503.1	377	9701	9324
ENST00000470509.1	69	6183	6114
ENST00000470511.5	28134	34934	6800
ENST00000470512.6	6506	22678	16172
ENST00000470531.5	0	512	512
ENST00000470535.2	1678	2151	473
ENST00000470540.5	2736	32142	29406
ENST00000470541.6	1089	5675	4586
ENST00000470549.6	0	16178	16178
ENST00000470551.1	33164	36431	3267
ENST00000470557.2	130	1202	1072
ENST00000470558.5	14326	15760	1434
ENST00000470564.5	513	42706	42193
ENST00000470571.1	0	29355	29355
ENST00000470592.5	29	9209	9180
ENST00000470596.5	69484	76380	6896
ENST00000470607.5	409	3181	2772
ENST00000470610.6	43	431377	431334
ENST00000470612.5	7671	60842	53171
ENST00000470626.1	0	520	520
ENST00000470637.1	2180	7198	5018
ENST00000470645.5	66	4584	4518
ENST00000470646.1	0	2331	2331
ENST00000470649.1	0	19758	19758
ENST00000470651.1	5978	12007	6029
ENST00000470662.5	83	2844	2761
ENST00000470663.1	1454	7176	5722
ENST00000470669.5	51	6888	6837
ENST00000470679.3	1171	5293	4122
ENST00000470680.5	131	2421	2290
ENST00000470681.5	3058	3974	916
ENST00000470691.2	239	4899	4660
ENST00000470694.1	21247	38846	17599
ENST00000470701.1	129	14346	14217
ENST00000470705.1	110	9775	9665
ENST00000470709.1	5953	11006	5053
ENST00000470715.1	0	56158	56158
ENST00000470716.3	134	35588	35454
ENST00000470721.5	239	84314	84075
ENST00000470728.5	1684	8239	6555
ENST00000470736.1	0	23816	23816
ENST00000470743.5	16	12408	12392
ENST00000470744.5	125	21523	21398
ENST00000470746.6	6890	7229	339
ENST00000470747.4	71	16453	16382
ENST00000470753.1	70	1238	1168
ENST00000470760.2	868	14204	13336
ENST00000470762.6	5826	38891	33065
ENST00000470768.5	86	24856	24770
ENST00000470772.5	271	14650	14379
ENST00000470794.2	2014	51441	49427
ENST00000470811.6	3023	153791	150768
ENST00000470820.1	699	12564	11865
ENST00000470821.5	24	58900	58876
ENST00000470827.3	466	23830	23364
ENST00000470830.5	20678	40315	19637
ENST00000470834.5	3	400120	400117
ENST00000470836.1	2376	9557	7181
ENST00000470840.5	20	16682	16662
ENST00000470843.5	51	1782	1731
ENST00000470866.1	0	9429	9429
ENST00000470870.5	7	5600	5593
ENST00000470872.5	216	29122	28906
ENST00000470874.5	1999	3526	1527
ENST00000470879.5	2308	6545	4237
ENST00000470914.5	6805	14191	7386
ENST00000470917.1	268	1923	1655
ENST00000470924.5	219	13023	12804
ENST00000470931.2	1107	1455	348
ENST00000470941.5	0	20588	20588
ENST00000470945.2	9082	14824	5742
ENST00000470952.2	165	2504	2339
ENST00000470954.3	1557	41637	40080
ENST00000470955.6	13392	15499	2107
ENST00000470960.1	1169	46852	45683
ENST00000470969.2	194	18127	17933
ENST00000470971.5	12	1203	1191
ENST00000470972.5	247	146386	146139
ENST00000470983.5	0	3530	3530
ENST00000470984.6	635	28940	28305
ENST00000470986.5	32685	39647	6962
ENST00000470989.5	12814	25199	12385
ENST00000470998.2	131570	133777	2207
ENST00000471012.1	0	1305	1305
ENST00000471014.2	0	3318	3318
ENST00000471018.6	10701	15421	4720
ENST00000471027.1	0	48919	48919
ENST00000471036.1	3473	20726	17253
ENST00000471058.1	0	6781	6781
ENST00000471071.2	529	3195	2666
ENST00000471074.1	83482	111409	27927
ENST00000471077.2	0	462	462
ENST00000471098.1	46	23972	23926
ENST00000471104.5	0	13573	13573
ENST00000471106.5	1472	6148	4676
ENST00000471108.1	146	38302	38156
ENST00000471111.5	47	30976	30929
ENST00000471112.1	0	8140	8140
ENST00000471115.6	2679	10223	7544
ENST00000471116.5	631	2089	1458
ENST00000471126.1	0	1942	1942
ENST00000471129.1	13355	14733	1378
ENST00000471135.2	110454	110842	388
ENST00000471136.5	106	7983	7877
ENST00000471138.5	269	74379	74110
ENST00000471141.1	344	2041	1697
ENST00000471143.6	0	190	190
ENST00000471155.5	0	684	684
ENST00000471165.2	1459	1549	90
ENST00000471166.1	35	100396	100361
ENST00000471180.5	3129	6012	2883
ENST00000471181.7	1386	85430	84044
ENST00000471182.7	39	20110	20071
ENST00000471191.2	2637	13775	11138
ENST00000471196.2	481	84153	83672
ENST00000471201.6	0	34253	34253
ENST00000471204.5	0	11242	11242
ENST00000471214.5	21795	44316	22521
ENST00000471218.5	53538	69252	15714
ENST00000471229.7	1829	4101	2272
ENST00000471231.6	7089	25297	18208
ENST00000471234.5	2170	102238	100068
ENST00000471243.2	0	39481	39481
ENST00000471254.5	1689	2588	899
ENST00000471261.2	0	31297	31297
ENST00000471262.1	8	512886	512878
ENST00000471266.5	16	3452	3436
ENST00000471267.1	3	6513	6510
ENST00000471278.5	1057	3467	2410
ENST00000471279.1	913	4895	3982
ENST00000471283.5	1179	7161	5982
ENST00000471287.5	0	12123	12123
ENST00000471289.2	67	24593	24526
ENST00000471292.5	24	3428	3404
ENST00000471295.1	98784	146291	47507
ENST00000471297.1	1224	6341	5117
ENST00000471298.2	0	564	564
ENST00000471301.3	289	125044	124755
ENST00000471308.5	3146	3948	802
ENST00000471324.6	2522	2964	442
ENST00000471336.1	84	9182	9098
ENST00000471338.6	0	2868	2868
ENST00000471350.1	0	973	973
ENST00000471353.5	3522	5762	2240
ENST00000471362.5	31	41198	41167
ENST00000471363.5	197059	763365	566306
ENST00000471367.1	11	855	844
ENST00000471368.1	0	4143	4143
ENST00000471386.3	0	212	212
ENST00000471387.6	125	1647	1522
ENST00000471389.6	29	409262	409233
ENST00000471394.6	1938	2709	771
ENST00000471396.1	0	928	928
ENST00000471398.1	14	1884	1870
ENST00000471400.1	17	1071	1054
ENST00000471410.5	5	1708	1703
ENST00000471418.5	356	15208	14852
ENST00000471432.3	0	643	643
ENST00000471433.5	74091	103539	29448
ENST00000471440.6	74	14705	14631
ENST00000471443.1	0	1220	1220
ENST00000471453.5	999	58860	57861
ENST00000471454.6	1374	514349	512975
ENST00000471459.1	0	1382	1382
ENST00000471462.2	0	7252	7252
ENST00000471464.5	16125	35721	19596
ENST00000471475.1	68	5125	5057
ENST00000471476.2	518	6197	5679
ENST00000471491.5	20152	67237	47085
ENST00000471492.2	278	15343	15065
ENST00000471500.5	0	3404	3404
ENST00000471507.5	170	28498	28328
ENST00000471517.5	1402	8250	6848
ENST00000471520.5	68	22831	22763
ENST00000471521.5	61	3898	3837
ENST00000471522.5	0	915	915
ENST00000471526.1	1312	7482	6170
ENST00000471529.6	257	1781	1524
ENST00000471530.5	0	11557	11557
ENST00000471531.1	33	3351	3318
ENST00000471541.2	0	2529	2529
ENST00000471548.5	872	5584	4712
ENST00000471549.5	50	4105	4055
ENST00000471552.5	77	18579	18502
ENST00000471555.5	0	21243	21243
ENST00000471558.5	53	10281	10228
ENST00000471562.1	21	20421	20400
ENST00000471563.5	2	93642	93640
ENST00000471564.6	6459	23658	17199
ENST00000471570.6	7716	129362	121646
ENST00000471572.6	0	43013	43013
ENST00000471583.6	3765	658922	655157
ENST00000471586.5	7192	20484	13292
ENST00000471589.5	0	6822	6822
ENST00000471595.5	18	84749	84731
ENST00000471599.5	73	53129	53056
ENST00000471600.6	2199	25598	23399
ENST00000471615.6	0	2120	2120
ENST00000471616.5	0	89246	89246
ENST00000471622.5	612	4702	4090
ENST00000471623.1	192	7756	7564
ENST00000471631.1	717	2095	1378
ENST00000471632.1	0	26887	26887
ENST00000471642.6	21813	51332	29519
ENST00000471646.6	1521	31559	30038
ENST00000471651.1	10727	16307	5580
ENST00000471652.1	697	51081	50384
ENST00000471658.5	3047	109173	106126
ENST00000471660.5	283	27059	26776
ENST00000471668.1	832	25003	24171
ENST00000471671.4	8	1757	1749
ENST00000471675.1	431	18399	17968
ENST00000471681.5	6473	16008	9535
ENST00000471683.6	430	33334	32904
ENST00000471684.2	3652	4489	837
ENST00000471696.6	42	24390	24348
ENST00000471702.2	139200	166108	26908
ENST00000471709.5	8	50700	50692
ENST00000471714.6	1342	249518	248176
ENST00000471734.5	15858	16292	434
ENST00000471742.5	217	394992	394775
ENST00000471745.5	21268	34772	13504
ENST00000471751.5	50478	72606	22128
ENST00000471753.5	3967	19254	15287
ENST00000471755.5	6	32733	32727
ENST00000471770.5	5125	20991	15866
ENST00000471779.1	44483	107185	62702
ENST00000471785.5	362	34062	33700
ENST00000471804.7	70	32129	32059
ENST00000471812.5	6866	14921	8055
ENST00000471824.6	0	3271	3271
ENST00000471832.2	31	707	676
ENST00000471839.5	0	12258	12258
ENST00000471840.5	354	2234	1880
ENST00000471841.6	1143	46553	45410
ENST00000471844.6	7931	67707	59776
ENST00000471847.2	735	15465	14730
ENST00000471849.5	0	1636	1636
ENST00000471855.1	4199	4616	417
ENST00000471857.2	181	1008	827
ENST00000471858.5	2471	54616	52145
ENST00000471859.6	90	3802	3712
ENST00000471863.5	150	57867	57717
ENST00000471867.3	2052	16806	14754
ENST00000471874.2	70	7989	7919
ENST00000471876.5	2505	6407	3902
ENST00000471877.5	79	5021	4942
ENST00000471885.5	11	33487	33476
ENST00000471886.5	42	3002	2960
ENST00000471889.7	6216	28132	21916
ENST00000471893.2	30692	1743539	1712847
ENST00000471895.1	0	3153	3153
ENST00000471898.5	23014	32009	8995
ENST00000471901.5	0	53092	53092
ENST00000471903.6	159	17327	17168
ENST00000471906.1	52165	52241	76
ENST00000471912.1	0	154	154
ENST00000471915.5	2349	2363	14
ENST00000471924.5	0	208	208
ENST00000471932.6	1035	9386	8351
ENST00000471947.2	2630	15995	13365
ENST00000471951.7	1550	151135	149585
ENST00000471971.6	979	7689	6710
ENST00000471979.6	8200	31792	23592
ENST00000471985.4	0	6348	6348
ENST00000471994.5	12037	351499	339462
ENST00000471996.1	27775	28640	865
ENST00000471998.6	16323	41572	25249
ENST00000472024.3	13063	27191	14128
ENST00000472026.5	96	56322	56226
ENST00000472028.5	80610	477101	396491
ENST00000472031.1	122	6859	6737
ENST00000472037.5	993	10667	9674
ENST00000472042.1	984	3277	2293
ENST00000472047.5	1475	29606	28131
ENST00000472049.1	954	986	32
ENST00000472056.5	692	80402	79710
ENST00000472059.6	121	7046	6925
ENST00000472066.1	165	29546	29381
ENST00000472068.2	3013	7754	4741
ENST00000472069.1	0	6746	6746
ENST00000472091.2	1208	4434	3226
ENST00000472094.5	27248	69362	42114
ENST00000472095.5	0	8715	8715
ENST00000472118.5	124	28495	28371
ENST00000472124.1	0	38	38
ENST00000472125.5	249	37496	37247
ENST00000472132.5	0	10396	10396
ENST00000472139.2	991	11857	10866
ENST00000472147.1	0	82	82
ENST00000472148.5	1596	56815	55219
ENST00000472151.1	218	6198	5980
ENST00000472158.5	7147	39992	32845
ENST00000472162.2	15823	129023	113200
ENST00000472166.1	0	4450	4450
ENST00000472167.5	52	45624	45572
ENST00000472174.7	81	3651	3570
ENST00000472182.1	0	540	540
ENST00000472183.6	54165	70334	16169
ENST00000472186.5	223	60092	59869
ENST00000472195.1	0	53760	53760
ENST00000472221.5	86	27707	27621
ENST00000472230.5	45857	46065	208
ENST00000472236.5	3309	6984	3675
ENST00000472248.5	1286	1460	174
ENST00000472249.2	0	1739	1739
ENST00000472252.6	1229	8836	7607
ENST00000472257.5	3	120580	120577
ENST00000472264.1	56	1454	1398
ENST00000472273.1	0	7738	7738
ENST00000472280.5	168	49875	49707
ENST00000472284.5	1397	213945	212548
ENST00000472289.5	74315	81064	6749
ENST00000472303.1	0	877	877
ENST00000472304.2	298	8310	8012
ENST00000472306.6	1966	3091	1125
ENST00000472311.6	46	6136	6090
ENST00000472325.5	8345	10330	1985
ENST00000472330.5	27765	29951	2186
ENST00000472333.1	23725	47857	24132
ENST00000472349.1	0	20135	20135
ENST00000472354.1	0	899	899
ENST00000472374.6	322	1609	1287
ENST00000472379.2	57	800	743
ENST00000472382.7	104	73064	72960
ENST00000472383.1	0	6565	6565
ENST00000472384.5	29	70760	70731
ENST00000472391.1	1975	13293	11318
ENST00000472396.5	0	113715	113715
ENST00000472403.5	0	9175	9175
ENST00000472417.1	0	55932	55932
ENST00000472422.6	909	27773	26864
ENST00000472435.1	1459	2264	805
ENST00000472437.5	115630	203084	87454
ENST00000472441.1	2640	6914	4274
ENST00000472454.6	0	2496	2496
ENST00000472458.5	311	6411	6100
ENST00000472468.1	0	256	256
ENST00000472469.5	2267	24412	22145
ENST00000472475.2	0	71048	71048
ENST00000472476.5	1074	3708	2634
ENST00000472477.1	0	248	248
ENST00000472478.6	2673	3351	678
ENST00000472484.6	1161	2449	1288
ENST00000472486.5	32	16587	16555
ENST00000472487.6	5257	47773	42516
ENST00000472493.6	247	4043	3796
ENST00000472495.5	323	22282	21959
ENST00000472505.6	1628	2590	962
ENST00000472507.5	696	5452	4756
ENST00000472509.6	171	9148	8977
ENST00000472520.5	829	3061	2232
ENST00000472522.6	413	8432	8019
ENST00000472528.5	10693	24728	14035
ENST00000472531.5	1896	50117	48221
ENST00000472545.6	380	157432	157052
ENST00000472555.5	39843	53786	13943
ENST00000472557.6	118	6026	5908
ENST00000472571.2	945	15935	14990
ENST00000472572.8	229	22861	22632
ENST00000472574.1	60218	67737	7519
ENST00000472580.6	80	4568	4488
ENST00000472590.6	703	3236	2533
ENST00000472595.5	68127	70274	2147
ENST00000472597.1	4419	5035	616
ENST00000472598.5	2303	11643	9340
ENST00000472599.5	179	65414	65235
ENST00000472600.6	194	145185	144991
ENST00000472605.1	1550	2225	675
ENST00000472610.5	0	1583	1583
ENST00000472611.6	23	45353	45330
ENST00000472616.1	10804	35488	24684
ENST00000472624.5	9625	34347	24722
ENST00000472628.1	2203	3516	1313
ENST00000472629.5	15	19761	19746
ENST00000472635.5	0	124	124
ENST00000472637.5	9114	14836	5722
ENST00000472642.5	248	4924	4676
ENST00000472643.5	6727	10368	3641
ENST00000472644.6	66	206289	206223
ENST00000472647.5	257	192873	192616
ENST00000472651.6	222	78952	78730
ENST00000472660.1	428	25334	24906
ENST00000472663.1	0	15606	15606
ENST00000472665.1	0	2387	2387
ENST00000472668.1	381	775	394
ENST00000472684.2	0	444	444
ENST00000472695.5	5968	8060	2092
ENST00000472700.7	5479	51747	46268
ENST00000472701.5	7002	806842	799840
ENST00000472705.5	3244	14586	11342
ENST00000472709.6	9823	26007	16184
ENST00000472710.2	1041	21039	19998
ENST00000472716.1	0	667	667
ENST00000472717.6	0	55238	55238
ENST00000472720.5	116634	141061	24427
ENST00000472726.3	40	124193	124153
ENST00000472731.1	237	5914	5677
ENST00000472739.6	0	16896	16896
ENST00000472742.6	567	5233	4666
ENST00000472745.1	1143	2431	1288
ENST00000472747.2	53404	59686	6282
ENST00000472750.5	6193	8375	2182
ENST00000472757.5	2852	7107	4255
ENST00000472765.6	37	27199	27162
ENST00000472768.5	1103	1891	788
ENST00000472769.5	30	1026	996
ENST00000472778.6	5603	9510	3907
ENST00000472781.2	12028	17181	5153
ENST00000472784.5	1742	10316	8574
ENST00000472788.6	1584	51277	49693
ENST00000472792.1	1453	1947	494
ENST00000472795.5	6176	9994	3818
ENST00000472796.2	0	2896	2896
ENST00000472798.2	0	1959	1959
ENST00000472815.5	5507	41216	35709
ENST00000472823.5	26916	30547	3631
ENST00000472825.2	0	4415	4415
ENST00000472826.6	12923	134465	121542
ENST00000472827.2	29685	121923	92238
ENST00000472832.3	141	97819	97678
ENST00000472837.7	16375	59536	43161
ENST00000472852.2	80	1567	1487
ENST00000472863.5	525	3515	2990
ENST00000472870.5	2568	5491	2923
ENST00000472876.5	218186	227920	9734
ENST00000472879.5	1290	502356	501066
ENST00000472884.6	694	29329	28635
ENST00000472886.5	14	224445	224431
ENST00000472889.2	0	8406	8406
ENST00000472896.6	15204	17425	2221
ENST00000472899.5	136	37757	37621
ENST00000472902.1	3724	26358	22634
ENST00000472914.6	217	28566	28349
ENST00000472925.1	0	8216	8216
ENST00000472932.2	0	2698	2698
ENST00000472933.2	420	3827	3407
ENST00000472940.5	99	33783	33684
ENST00000472941.5	53886	55838	1952
ENST00000472944.6	27042	30748	3706
ENST00000472947.5	706	33126	32420
ENST00000472951.1	17264	17552	288
ENST00000472952.3	100	2240	2140
ENST00000472967.2	1581	2900	1319
ENST00000472977.7	2857	35557	32700
ENST00000472991.5	3090	12797	9707
ENST00000472992.1	0	1858	1858
ENST00000472994.5	174	236630	236456
ENST00000472998.1	0	2421	2421
ENST00000473000.2	62	5170	5108
ENST00000473005.1	1902	4283	2381
ENST00000473007.7	0	10320	10320
ENST00000473008.1	0	2258	2258
ENST00000473015.5	25654	73699	48045
ENST00000473026.6	8	24325	24317
ENST00000473029.5	0	89406	89406
ENST00000473032.5	2523	5923	3400
ENST00000473040.6	17641	43814	26173
ENST00000473045.5	14734	15170	436
ENST00000473053.5	2940	60789	57849
ENST00000473062.2	4734	4848	114
ENST00000473063.2	26748	104549	77801
ENST00000473072.3	245	15967	15722
ENST00000473086.3	0	4158	4158
ENST00000473092.5	84	46070	45986
ENST00000473093.2	3	3019	3016
ENST00000473112.6	0	28521	28521
ENST00000473118.5	1384	8745	7361
ENST00000473120.1	0	840	840
ENST00000473121.1	0	5282	5282
ENST00000473122.6	3481	41447	37966
ENST00000473123.5	2387	15250	12863
ENST00000473124.1	305	3705	3400
ENST00000473127.5	24113	27256	3143
ENST00000473129.1	3583	9747	6164
ENST00000473142.5	0	350	350
ENST00000473143.1	0	6728	6728
ENST00000473149.5	0	102423	102423
ENST00000473153.1	827	5590	4763
ENST00000473166.5	1487	22424	20937
ENST00000473172.5	56	37510	37454
ENST00000473174.1	3140	4551	1411
ENST00000473183.7	1196	9148	7952
ENST00000473195.5	11269	27657	16388
ENST00000473203.1	0	5339	5339
ENST00000473209.1	0	12278	12278
ENST00000473215.5	12593	12855	262
ENST00000473233.5	1526	253120	251594
ENST00000473246.5	0	16558	16558
ENST00000473247.5	4160	102692	98532
ENST00000473251.2	0	356	356
ENST00000473252.5	94	6943	6849
ENST00000473257.3	604	3239	2635
ENST00000473262.5	94871	108041	13170
ENST00000473263.1	0	96	96
ENST00000473269.5	271	24258	23987
ENST00000473273.1	0	11837	11837
ENST00000473276.5	1429	8850	7421
ENST00000473280.1	2107	4457	2350
ENST00000473282.6	128619	192149	63530
ENST00000473284.5	8788	14510	5722
ENST00000473285.5	779	2763	1984
ENST00000473287.1	0	3181	3181
ENST00000473294.7	12175	28924	16749
ENST00000473298.6	29245	32894	3649
ENST00000473302.5	4166	32491	28325
ENST00000473312.5	0	37221	37221
ENST00000473314.6	2237	5382	3145
ENST00000473318.1	0	4906	4906
ENST00000473325.5	19665	28560	8895
ENST00000473337.6	7456	15333	7877
ENST00000473339.1	97	16352	16255
ENST00000473341.5	10505	40351	29846
ENST00000473345.5	0	28065	28065
ENST00000473363.3	0	18611	18611
ENST00000473364.2	157	32656	32499
ENST00000473367.5	200	3316	3116
ENST00000473378.1	0	1146	1146
ENST00000473381.1	29	32455	32426
ENST00000473382.2	433	1934	1501
ENST00000473386.1	23	15654	15631
ENST00000473389.5	30	5358	5328
ENST00000473392.1	114	19263	19149
ENST00000473413.1	62	444	382
ENST00000473414.6	3052	14564	11512
ENST00000473420.6	4302	6001	1699
ENST00000473421.1	1055	1675	620
ENST00000473425.2	0	2492	2492
ENST00000473428.1	0	29112	29112
ENST00000473435.1	1801	30997	29196
ENST00000473444.1	0	13786	13786
ENST00000473453.2	3	22481	22478
ENST00000473456.5	376	40840	40464
ENST00000473459.5	4133	4725	592
ENST00000473463.1	8449	9263	814
ENST00000473464.2	362	3585	3223
ENST00000473466.2	0	69564	69564
ENST00000473487.6	0	50655	50655
ENST00000473494.6	7259	70565	63306
ENST00000473505.5	0	12765	12765
ENST00000473506.6	67	1580	1513
ENST00000473512.1	0	16309	16309
ENST00000473519.5	0	20587	20587
ENST00000473520.2	54	1216	1162
ENST00000473524.5	128	29168	29040
ENST00000473527.5	620	12532	11912
ENST00000473532.6	2444	4777	2333
ENST00000473533.6	111655	150972	39317
ENST00000473539.5	57	29266	29209
ENST00000473541.5	7494	18334	10840
ENST00000473546.1	13931	14099	168
ENST00000473553.5	343	23651	23308
ENST00000473555.1	229	2395	2166
ENST00000473559.5	1291	5396	4105
ENST00000473578.5	51	86518	86467
ENST00000473588.2	5646	17645	11999
ENST00000473598.6	3295	14231	10936
ENST00000473607.5	24477	26042	1565
ENST00000473616.5	166	4189	4023
ENST00000473624.2	2821	6048	3227
ENST00000473635.5	1061	84531	83470
ENST00000473637.6	176	77957	77781
ENST00000473645.6	401	36876	36475
ENST00000473647.1	0	7643	7643
ENST00000473651.5	178	17129	16951
ENST00000473654.5	9920	54292	44372
ENST00000473656.5	2213	6643	4430
ENST00000473661.5	2092	8983	6891
ENST00000473663.1	2320	4345	2025
ENST00000473664.2	842	6699	5857
ENST00000473667.6	490	3160	2670
ENST00000473675.1	4201	5061	860
ENST00000473678.1	0	48	48
ENST00000473684.5	6408	7368	960
ENST00000473688.5	74203	142304	68101
ENST00000473690.5	2409	11309	8900
ENST00000473699.5	9901	11016	1115
ENST00000473702.5	2129	29641	27512
ENST00000473706.5	329	25534	25205
ENST00000473710.5	0	28922	28922
ENST00000473717.1	9495	20866	11371
ENST00000473726.1	0	823	823
ENST00000473730.6	2824	101340	98516
ENST00000473731.5	1794	103392	101598
ENST00000473732.1	38	7799	7761
ENST00000473734.1	1468	10454	8986
ENST00000473737.5	1139	4411	3272
ENST00000473745.5	1410	9629	8219
ENST00000473751.1	464	8104	7640
ENST00000473758.5	10048	11063	1015
ENST00000473763.1	8558	9170	612
ENST00000473767.5	56	525409	525353
ENST00000473779.5	0	226577	226577
ENST00000473781.1	0	5857	5857
ENST00000473782.2	1741	32378	30637
ENST00000473783.5	564	3709	3145
ENST00000473787.5	4091	8203	4112
ENST00000473802.1	10064	11676	1612
ENST00000473807.5	1445	22382	20937
ENST00000473814.6	3	118069	118066
ENST00000473835.7	59	57936	57877
ENST00000473842.1	0	17893	17893
ENST00000473845.1	0	27048	27048
ENST00000473854.5	11004	14095	3091
ENST00000473855.1	0	27689	27689
ENST00000473856.5	17748	49567	31819
ENST00000473858.5	4657	13072	8415
ENST00000473867.5	101976	128079	26103
ENST00000473869.5	12	10417	10405
ENST00000473881.2	28	48431	48403
ENST00000473884.5	4049	45316	41267
ENST00000473887.5	0	128	128
ENST00000473892.1	154	1903	1749
ENST00000473907.5	22806	25135	2329
ENST00000473921.2	284	2452	2168
ENST00000473939.2	2658	11510	8852
ENST00000473940.5	63	16624	16561
ENST00000473941.5	168	46227	46059
ENST00000473942.5	12427	36314	23887
ENST00000473949.5	14324	15526	1202
ENST00000473950.5	168	7270	7102
ENST00000473956.5	18	14191	14173
ENST00000473961.6	1386	85244	83858
ENST00000473968.7	2627	5973	3346
ENST00000473969.6	2297	3495	1198
ENST00000473974.5	170	4155	3985
ENST00000473981.2	0	1048	1048
ENST00000473986.1	277	1032	755
ENST00000473989.8	248	70619	70371
ENST00000473997.5	207	39433	39226
ENST00000474012.1	436	75620	75184
ENST00000474018.1	0	16945	16945
ENST00000474024.5	30704	37502	6798
ENST00000474027.1	0	1056	1056
ENST00000474035.6	80	28070	27990
ENST00000474037.6	6577	17745	11168
ENST00000474039.5	1732	69781	68049
ENST00000474047.5	3417	37738	34321
ENST00000474052.5	16126	24155	8029
ENST00000474053.6	0	3025	3025
ENST00000474057.6	2979	7154	4175
ENST00000474086.5	19443	25839	6396
ENST00000474089.5	297	44950	44653
ENST00000474096.5	990	14769	13779
ENST00000474098.1	0	2102	2102
ENST00000474112.5	48042	134607	86565
ENST00000474119.5	7278	21656	14378
ENST00000474120.5	568	12488	11920
ENST00000474121.1	0	8130	8130
ENST00000474124.6	1366	5835	4469
ENST00000474125.7	16086	22806	6720
ENST00000474126.2	0	1233	1233
ENST00000474128.1	2608	3436	828
ENST00000474130.1	502	1457	955
ENST00000474131.5	2318	27333	25015
ENST00000474141.5	61	5262	5201
ENST00000474145.5	0	28317	28317
ENST00000474151.1	0	53749	53749
ENST00000474159.6	16610	37077	20467
ENST00000474165.6	6351	44377	38026
ENST00000474178.1	4952	66672	61720
ENST00000474186.5	7470	38709	31239
ENST00000474190.1	0	2851	2851
ENST00000474194.1	28878	72436	43558
ENST00000474199.6	981	25621	24640
ENST00000474203.6	26747	79027	52280
ENST00000474213.1	35	1178	1143
ENST00000474214.2	0	1828	1828
ENST00000474226.1	0	4096	4096
ENST00000474230.5	3236	19553	16317
ENST00000474231.5	439	656425	655986
ENST00000474237.2	0	3285	3285
ENST00000474246.2	1806	5456	3650
ENST00000474263.1	350	6880	6530
ENST00000474267.5	4380	22405	18025
ENST00000474270.1	2046	6627	4581
ENST00000474279.3	39	11343	11304
ENST00000474289.6	1152	43206	42054
ENST00000474295.5	3176	10462	7286
ENST00000474304.6	52	8627	8575
ENST00000474305.2	14958	31539	16581
ENST00000474307.1	191	1987	1796
ENST00000474308.5	1693	67657	65964
ENST00000474315.5	117	6941	6824
ENST00000474333.5	361	22432	22071
ENST00000474345.5	1211	1818	607
ENST00000474348.5	32799	89259	56460
ENST00000474359.7	0	2343	2343
ENST00000474360.1	419	28717	28298
ENST00000474361.6	1840	9668	7828
ENST00000474362.5	80118	85295	5177
ENST00000474369.1	3	3934	3931
ENST00000474371.2	35	6382	6347
ENST00000474374.5	14	94584	94570
ENST00000474375.6	0	68357	68357
ENST00000474377.5	720	8752	8032
ENST00000474378.1	0	4178	4178
ENST00000474384.2	5601	9237	3636
ENST00000474393.5	4486	44741	40255
ENST00000474397.5	7953	10339	2386
ENST00000474417.1	0	13799	13799
ENST00000474423.1	621	1731	1110
ENST00000474429.5	0	45114	45114
ENST00000474433.5	51594	52000	406
ENST00000474434.2	10902	11886	984
ENST00000474448.1	2782	3638	856
ENST00000474451.5	1848	11784	9936
ENST00000474453.6	0	16405	16405
ENST00000474455.1	3937	10243	6306
ENST00000474458.5	2785	12125	9340
ENST00000474463.5	0	18047	18047
ENST00000474464.5	0	22929	22929
ENST00000474471.7	464	23079	22615
ENST00000474473.1	953	5540	4587
ENST00000474475.1	184	13558	13374
ENST00000474509.1	0	13526	13526
ENST00000474510.2	0	9266	9266
ENST00000474513.6	48042	48194	152
ENST00000474522.5	4	297287	297283
ENST00000474524.5	38	352304	352266
ENST00000474531.5	1130	62053	60923
ENST00000474532.2	0	8464	8464
ENST00000474541.1	28389	111284	82895
ENST00000474559.1	23622	53623	30001
ENST00000474568.6	1062	29094	28032
ENST00000474576.5	252	18983	18731
ENST00000474584.5	21479	59275	37796
ENST00000474588.5	20	8001	7981
ENST00000474592.1	1270	2224	954
ENST00000474594.5	354	60408	60054
ENST00000474597.5	827	45698	44871
ENST00000474602.5	6049	130537	124488
ENST00000474605.1	1333	3989	2656
ENST00000474606.1	0	3899	3899
ENST00000474617.1	114	49415	49301
ENST00000474619.1	2903	3093	190
ENST00000474627.8	531	21851	21320
ENST00000474629.7	45	53141	53096
ENST00000474655.6	18229	19382	1153
ENST00000474658.7	11605	16850	5245
ENST00000474660.5	11342	11798	456
ENST00000474663.5	1623	10931	9308
ENST00000474670.6	107	12080	11973
ENST00000474678.5	2311	3612	1301
ENST00000474690.5	304	16799	16495
ENST00000474696.5	2132	4669	2537
ENST00000474706.6	93	665	572
ENST00000474710.6	355	44353	43998
ENST00000474714.5	151	3430	3279
ENST00000474716.5	16048	21958	5910
ENST00000474717.3	8013	105855	97842
ENST00000474718.6	1152	33909	32757
ENST00000474723.5	167738	271983	104245
ENST00000474727.2	103686	155293	51607
ENST00000474732.1	73318	99703	26385
ENST00000474751.7	5036	17073	12037
ENST00000474754.1	0	11489	11489
ENST00000474756.1	10289	11592	1303
ENST00000474759.6	162	954886	954724
ENST00000474765.1	448	7167	6719
ENST00000474766.1	0	1973	1973
ENST00000474770.1	261	16093	15832
ENST00000474771.5	72	112423	112351
ENST00000474774.1	403	1291	888
ENST00000474775.1	0	6971	6971
ENST00000474781.5	5	79581	79576
ENST00000474792.2	181	9128	8947
ENST00000474796.2	258	26598	26340
ENST00000474801.2	0	869	869
ENST00000474804.5	0	1460	1460
ENST00000474809.6	8512	32007	23495
ENST00000474815.2	0	39383	39383
ENST00000474817.5	0	17521	17521
ENST00000474834.5	4101	5344	1243
ENST00000474839.5	22	2254	2232
ENST00000474840.5	63	6118	6055
ENST00000474844.6	20	22182	22162
ENST00000474850.2	138	31602	31464
ENST00000474851.1	0	1120329	1120329
ENST00000474859.5	0	66311	66311
ENST00000474861.6	277	6081	5804
ENST00000474866.3	7345	20610	13265
ENST00000474868.2	51	3122	3071
ENST00000474874.5	121	11372	11251
ENST00000474878.5	4	10335	10331
ENST00000474879.7	445	6833	6388
ENST00000474884.5	500	6847	6347
ENST00000474887.6	1537	10775	9238
ENST00000474889.6	717	736038	735321
ENST00000474890.1	152	15661	15509
ENST00000474897.6	388	44506	44118
ENST00000474903.1	0	31165	31165
ENST00000474904.5	1746	3389	1643
ENST00000474905.6	1670	25075	23405
ENST00000474913.1	619	1629	1010
ENST00000474918.1	119	11909	11790
ENST00000474923.1	129	12096	11967
ENST00000474927.1	366	13622	13256
ENST00000474928.5	120	2757	2637
ENST00000474931.5	161	15826	15665
ENST00000474935.5	10936	13088	2152
ENST00000474948.5	0	5492	5492
ENST00000474949.1	69533	78517	8984
ENST00000474951.1	4136	8898	4762
ENST00000474953.5	29598	64522	34924
ENST00000474957.5	22250	70100	47850
ENST00000474958.2	0	2378	2378
ENST00000474964.5	57	6926	6869
ENST00000474967.5	48211	48611	400
ENST00000474973.5	3911	4631	720
ENST00000474980.1	0	292	292
ENST00000474994.2	0	1672	1672
ENST00000474998.1	82	1243	1161
ENST00000475004.6	1389	5908	4519
ENST00000475017.1	0	3812	3812
ENST00000475038.3	4	16332	16328
ENST00000475040.2	39295	44460	5165
ENST00000475042.5	68	3209	3141
ENST00000475043.5	21760	30785	9025
ENST00000475045.6	0	161998	161998
ENST00000475050.5	18691	25051	6360
ENST00000475051.4	24963	26126	1163
ENST00000475053.5	6793	7531	738
ENST00000475055.2	1370	171912	170542
ENST00000475056.5	0	9325	9325
ENST00000475057.5	20502	556925	536423
ENST00000475060.1	2706	3014	308
ENST00000475068.1	1822	12866	11044
ENST00000475075.6	105	12722	12617
ENST00000475076.5	13334	25052	11718
ENST00000475079.1	1281	8112	6831
ENST00000475086.5	3573	66633	63060
ENST00000475087.5	367	21816	21449
ENST00000475091.2	770	6377	5607
ENST00000475092.4	227	2115	1888
ENST00000475093.5	48	13027	12979
ENST00000475106.2	0	6249	6249
ENST00000475108.5	138	11558	11420
ENST00000475111.6	1506	31008	29502
ENST00000475119.5	0	4608	4608
ENST00000475121.1	290	1956	1666
ENST00000475125.1	4573	9722	5149
ENST00000475126.5	0	18291	18291
ENST00000475132.1	253	3147	2894
ENST00000475133.5	2293	41147	38854
ENST00000475134.1	2343	45895	43552
ENST00000475141.2	638	4141	3503
ENST00000475147.1	7053	31615	24562
ENST00000475153.6	290	34265	33975
ENST00000475157.1	116	2416	2300
ENST00000475162.3	174	16862	16688
ENST00000475164.2	0	212	212
ENST00000475178.1	0	58365	58365
ENST00000475179.5	6569	19411	12842
ENST00000475180.5	14555	19456	4901
ENST00000475204.5	267	10916	10649
ENST00000475209.6	1407	35708	34301
ENST00000475216.5	3	61545	61542
ENST00000475228.6	3153	12119	8966
ENST00000475231.5	121	80815	80694
ENST00000475243.6	231	55726	55495
ENST00000475244.5	1792	55330	53538
ENST00000475248.5	29	2212	2183
ENST00000475252.2	0	11124	11124
ENST00000475264.5	22	10028	10006
ENST00000475268.5	94	39310	39216
ENST00000475269.5	680	2793	2113
ENST00000475272.1	0	2000	2000
ENST00000475275.5	0	159384	159384
ENST00000475276.1	193	3317	3124
ENST00000475277.2	638	35743	35105
ENST00000475278.6	11998	435006	423008
ENST00000475279.2	2791	4116	1325
ENST00000475282.6	0	16896	16896
ENST00000475283.2	11176	17521	6345
ENST00000475287.2	195	45536	45341
ENST00000475289.2	895	3185	2290
ENST00000475296.5	67820	75055	7235
ENST00000475298.5	9260	12810	3550
ENST00000475304.5	78	13745	13667
ENST00000475307.1	0	33773	33773
ENST00000475313.5	362	158340	157978
ENST00000475315.5	195	35590	35395
ENST00000475321.5	0	5194	5194
ENST00000475322.1	31704	39938	8234
ENST00000475323.5	3377	6844	3467
ENST00000475326.1	0	1509	1509
ENST00000475329.5	0	3952	3952
ENST00000475334.2	192	1339141	1338949
ENST00000475336.5	3	399956	399953
ENST00000475343.6	1386	8858	7472
ENST00000475347.5	10936	13088	2152
ENST00000475350.5	0	1452	1452
ENST00000475351.5	210	5518	5308
ENST00000475352.1	411	45365	44954
ENST00000475359.6	37867	38558	691
ENST00000475360.6	8623	56628	48005
ENST00000475361.1	376	2439	2063
ENST00000475364.1	0	2266	2266
ENST00000475377.3	154	311309	311155
ENST00000475381.7	3229	81954	78725
ENST00000475390.2	1180	7040	5860
ENST00000475407.5	33641	51386	17745
ENST00000475412.5	11352	11674	322
ENST00000475420.5	1066	15046	13980
ENST00000475430.2	852	3844	2992
ENST00000475434.1	374	15339	14965
ENST00000475435.5	0	5676	5676
ENST00000475447.2	8300	13978	5678
ENST00000475449.7	15	23502	23487
ENST00000475456.5	20	241378	241358
ENST00000475458.2	0	12241	12241
ENST00000475459.6	121	8228	8107
ENST00000475460.6	30	10643	10613
ENST00000475462.5	13882	42133	28251
ENST00000475463.6	152721	193337	40616
ENST00000475465.1	91	3497	3406
ENST00000475466.5	4075	23048	18973
ENST00000475477.5	4853	13041	8188
ENST00000475479.2	1246	1819	573
ENST00000475482.5	5175	9441	4266
ENST00000475483.5	27558	40283	12725
ENST00000475490.1	0	73529	73529
ENST00000475494.5	6022	10960	4938
ENST00000475501.2	0	12958	12958
ENST00000475509.2	4605	20434	15829
ENST00000475514.5	94	4448	4354
ENST00000475516.5	4251	5381	1130
ENST00000475518.5	232	2546	2314
ENST00000475529.7	1027	67753	66726
ENST00000475536.5	0	3312	3312
ENST00000475537.2	853	22542	21689
ENST00000475541.2	892	2972	2080
ENST00000475551.5	760	50332	49572
ENST00000475573.5	2058	7761	5703
ENST00000475576.1	0	12158	12158
ENST00000475579.1	0	656	656
ENST00000475587.2	11698	16077	4379
ENST00000475622.5	7174	68952	61778
ENST00000475629.5	0	9626	9626
ENST00000475644.5	2185	5372	3187
ENST00000475649.5	20106	20915	809
ENST00000475652.5	15	1442	1427
ENST00000475656.6	9445	24345	14900
ENST00000475668.6	9652	118198	108546
ENST00000475675.5	13	2784	2771
ENST00000475677.5	0	18583	18583
ENST00000475682.1	0	150	150
ENST00000475699.6	291	10278	9987
ENST00000475711.5	24034	24172	138
ENST00000475719.6	165	5851	5686
ENST00000475723.5	0	2607	2607
ENST00000475727.1	5393	5549	156
ENST00000475729.5	0	45854	45854
ENST00000475733.5	379	5603	5224
ENST00000475734.5	0	12005	12005
ENST00000475739.1	0	3714	3714
ENST00000475741.5	51	40519	40468
ENST00000475743.1	32307	34020	1713
ENST00000475745.5	2727	14356	11629
ENST00000475746.1	0	3550	3550
ENST00000475751.5	0	23899	23899
ENST00000475754.5	0	3771	3771
ENST00000475757.2	559	4652	4093
ENST00000475762.5	42	352	310
ENST00000475764.5	85	100212	100127
ENST00000475779.1	0	1101	1101
ENST00000475781.1	819	22337	21518
ENST00000475784.1	217	479	262
ENST00000475785.7	8034	18737	10703
ENST00000475786.5	0	9480	9480
ENST00000475797.1	612	1810	1198
ENST00000475798.5	23592	32041	8449
ENST00000475803.5	0	3620	3620
ENST00000475805.5	92	52271	52179
ENST00000475807.6	0	6867	6867
ENST00000475814.5	1907	5699	3792
ENST00000475821.2	2120	3188	1068
ENST00000475824.6	281	2542	2261
ENST00000475829.5	0	23520	23520
ENST00000475834.2	0	5623	5623
ENST00000475836.5	1849	4093	2244
ENST00000475837.1	93	16370	16277
ENST00000475839.1	394	4549	4155
ENST00000475842.5	255	26333	26078
ENST00000475846.6	17916	159399	141483
ENST00000475851.2	15895	27439	11544
ENST00000475866.3	273	44284	44011
ENST00000475880.6	0	3449	3449
ENST00000475881.5	0	2222	2222
ENST00000475883.5	0	1690	1690
ENST00000475884.5	13313	26641	13328
ENST00000475887.1	1744	60897	59153
ENST00000475890.5	3655	16574	12919
ENST00000475892.5	219	44406	44187
ENST00000475893.1	0	766	766
ENST00000475894.5	38883	66541	27658
ENST00000475903.7	4889	40991	36102
ENST00000475915.6	0	36419	36419
ENST00000475930.1	19119	20017	898
ENST00000475937.6	449	89701	89252
ENST00000475942.5	1441	7940	6499
ENST00000475945.7	17950	21175	3225
ENST00000475956.5	185	12071	11886
ENST00000475958.1	0	2329	2329
ENST00000475963.1	0	11905	11905
ENST00000475969.5	4	8635	8631
ENST00000475972.1	0	6626	6626
ENST00000475977.2	428	1797	1369
ENST00000475982.5	18740	20740	2000
ENST00000475990.5	2114	25361	23247
ENST00000475993.1	0	10002	10002
ENST00000475994.1	3	1232	1229
ENST00000475995.3	240	21277	21037
ENST00000475996.1	0	2818	2818
ENST00000475997.6	8174	15871	7697
ENST00000476004.5	0	5844	5844
ENST00000476006.5	0	21509	21509
ENST00000476007.2	9851	10279	428
ENST00000476015.1	0	9292	9292
ENST00000476032.2	0	4641	4641
ENST00000476038.5	78315	121360	43045
ENST00000476042.1	2374	3509	1135
ENST00000476044.5	74558	94026	19468
ENST00000476049.1	27608	37181	9573
ENST00000476056.6	0	12149	12149
ENST00000476058.5	1035	12003	10968
ENST00000476059.2	0	1303	1303
ENST00000476061.5	0	5585	5585
ENST00000476062.5	880	5857	4977
ENST00000476065.6	391	2776	2385
ENST00000476071.5	1590	25768	24178
ENST00000476077.1	329	2862	2533
ENST00000476082.2	0	29291	29291
ENST00000476085.1	0	168	168
ENST00000476098.5	770	9795	9025
ENST00000476103.3	1072	83869	82797
ENST00000476111.5	0	3645	3645
ENST00000476120.2	45	27465	27420
ENST00000476133.6	99	7965	7866
ENST00000476134.1	93445	102512	9067
ENST00000476138.5	308	98423	98115
ENST00000476139.5	9679	24668	14989
ENST00000476143.7	40107	40810	703
ENST00000476151.5	29085	34893	5808
ENST00000476158.2	0	3324	3324
ENST00000476161.5	83	18036	17953
ENST00000476166.6	2111	4787	2676
ENST00000476167.5	80219	90376	10157
ENST00000476170.2	434	4790	4356
ENST00000476171.2	310	6678	6368
ENST00000476176.5	0	81050	81050
ENST00000476177.6	1089	2536	1447
ENST00000476181.5	35	1468	1433
ENST00000476182.3	43	997	954
ENST00000476183.2	51	2048	1997
ENST00000476184.5	7	1278	1271
ENST00000476188.5	2617	3353	736
ENST00000476198.2	6980	14325	7345
ENST00000476201.5	1074	8757	7683
ENST00000476202.5	0	22877	22877
ENST00000476217.5	249	12602	12353
ENST00000476228.5	4080	40103	36023
ENST00000476229.5	326	5074	4748
ENST00000476237.5	457	13779	13322
ENST00000476238.6	51	27401	27350
ENST00000476243.5	6784	11424	4640
ENST00000476246.5	9987	10326	339
ENST00000476247.6	170	2604	2434
ENST00000476251.1	16084	37411	21327
ENST00000476257.6	0	5017	5017
ENST00000476258.5	857	13661	12804
ENST00000476260.1	176	1110	934
ENST00000476263.1	27824	99966	72142
ENST00000476270.1	0	610	610
ENST00000476279.5	74	8572	8498
ENST00000476286.1	65738	66188	450
ENST00000476287.4	10633	100550	89917
ENST00000476295.5	119	26227	26108
ENST00000476296.1	70	13600	13530
ENST00000476315.2	329	199368	199039
ENST00000476320.6	411	1698	1287
ENST00000476323.5	23996	27214	3218
ENST00000476325.5	20204	30522	10318
ENST00000476342.1	3	3431	3428
ENST00000476351.5	622	6735	6113
ENST00000476352.5	9878	108178	98300
ENST00000476364.5	124	77264	77140
ENST00000476368.6	18717	73899	55182
ENST00000476371.1	1714	10831	9117
ENST00000476379.6	916	68175	67259
ENST00000476384.5	16202	19445	3243
ENST00000476412.5	32747	48883	16136
ENST00000476419.5	43	86125	86082
ENST00000476423.5	22	20716	20694
ENST00000476441.6	27	8010	7983
ENST00000476451.2	0	20060	20060
ENST00000476455.1	15263	35573	20310
ENST00000476462.5	3118	11798	8680
ENST00000476465.5	2023	31457	29434
ENST00000476468.5	0	8362	8362
ENST00000476470.5	5803	7895	2092
ENST00000476477.6	18867	25412	6545
ENST00000476484.5	1530	4351	2821
ENST00000476491.5	178	24410	24232
ENST00000476493.6	12249	28832	16583
ENST00000476496.5	17215	23116	5901
ENST00000476503.5	189	6731	6542
ENST00000476505.2	799	61878	61079
ENST00000476512.5	92	10183	10091
ENST00000476521.5	15006	16895	1889
ENST00000476527.6	180	24856	24676
ENST00000476529.5	503	22211	21708
ENST00000476535.1	78188	115199	37011
ENST00000476545.6	25	15698	15673
ENST00000476549.6	3327	11552	8225
ENST00000476555.5	1780	6271	4491
ENST00000476556.5	997	13067	12070
ENST00000476558.7	5503	72601	67098
ENST00000476567.1	648	2103	1455
ENST00000476573.5	0	16955	16955
ENST00000476574.5	36955	37109	154
ENST00000476581.6	21517	33255	11738
ENST00000476593.1	5945	7429	1484
ENST00000476605.7	12215	184586	172371
ENST00000476613.1	0	2869	2869
ENST00000476620.1	265034	266914	1880
ENST00000476622.1	5236	8577	3341
ENST00000476625.5	861	3859	2998
ENST00000476627.5	56	1803	1747
ENST00000476632.2	998	76865	75867
ENST00000476646.5	34433	279312	244879
ENST00000476658.5	1531	11288	9757
ENST00000476665.5	103	50370	50267
ENST00000476670.3	1134	33159	32025
ENST00000476671.5	26735	79015	52280
ENST00000476680.2	0	28409	28409
ENST00000476687.2	0	11333	11333
ENST00000476688.3	0	12058	12058
ENST00000476696.5	4291	29017	24726
ENST00000476697.7	65	25885	25820
ENST00000476702.1	0	1813	1813
ENST00000476707.1	139	246410	246271
ENST00000476712.6	109	16062	15953
ENST00000476722.6	0	19246	19246
ENST00000476728.5	0	2610	2610
ENST00000476733.6	523	7625	7102
ENST00000476740.2	0	1116	1116
ENST00000476743.5	3581	3693	112
ENST00000476753.1	0	3259	3259
ENST00000476756.1	0	10503	10503
ENST00000476758.1	27348	36245	8897
ENST00000476760.1	182	53422	53240
ENST00000476762.5	3164	16543	13379
ENST00000476766.5	2396	4036	1640
ENST00000476773.5	167	41883	41716
ENST00000476777.6	1383	85359	83976
ENST00000476781.6	590	17082	16492
ENST00000476782.5	0	566	566
ENST00000476801.5	205	33364	33159
ENST00000476802.1	38	11561	11523
ENST00000476806.5	4952	10099	5147
ENST00000476808.1	0	23742	23742
ENST00000476809.7	169	829105	828936
ENST00000476810.5	191	550	359
ENST00000476818.2	312	748	436
ENST00000476829.5	0	8410	8410
ENST00000476832.2	1512	6715	5203
ENST00000476833.5	5132	9802	4670
ENST00000476834.6	30	2403	2373
ENST00000476840.5	122	12331	12209
ENST00000476842.1	151	42613	42462
ENST00000476843.5	0	10771	10771
ENST00000476844.5	2919	788088	785169
ENST00000476854.5	622	6646	6024
ENST00000476858.6	125	17373	17248
ENST00000476864.2	13	985659	985646
ENST00000476869.1	0	7628	7628
ENST00000476873.5	633	1912	1279
ENST00000476899.6	12028	435194	423166
ENST00000476903.1	256	2383	2127
ENST00000476905.6	4646	25378	20732
ENST00000476906.1	69	13167	13098
ENST00000476907.6	45	19046	19001
ENST00000476916.5	0	45077	45077
ENST00000476927.5	4799	8199	3400
ENST00000476931.1	6572	13122	6550
ENST00000476935.6	3613	19738	16125
ENST00000476941.6	526	84564	84038
ENST00000476946.2	0	11014	11014
ENST00000476949.1	536	11756	11220
ENST00000476950.5	75	42625	42550
ENST00000476959.5	113	23239	23126
ENST00000476961.5	2105	17327	15222
ENST00000476977.5	2089	98157	96068
ENST00000476978.2	621	42212	41591
ENST00000476979.5	23927	71454	47527
ENST00000476993.2	59	5426	5367
ENST00000476995.5	37899	37975	76
ENST00000476999.6	1190	1386	196
ENST00000477003.6	2351	40708	38357
ENST00000477006.1	0	11064	11064
ENST00000477012.5	38	4810	4772
ENST00000477024.5	197041	763364	566323
ENST00000477026.5	4092	4486	394
ENST00000477030.2	24004	45763	21759
ENST00000477031.6	77	1382	1305
ENST00000477034.2	0	18023	18023
ENST00000477042.6	21268	34772	13504
ENST00000477048.5	1982	2753	771
ENST00000477053.5	80861	142198	61337
ENST00000477060.1	0	4002	4002
ENST00000477070.6	5777	7942	2165
ENST00000477073.5	35546	130642	95096
ENST00000477084.1	343	10121	9778
ENST00000477086.5	23280	77953	54673
ENST00000477092.5	49	10132	10083
ENST00000477104.2	13980	27056	13076
ENST00000477108.5	0	590	590
ENST00000477116.5	24130	27273	3143
ENST00000477118.2	0	1228	1228
ENST00000477119.2	56	17348	17292
ENST00000477123.1	11168	22478	11310
ENST00000477127.5	7769	11319	3550
ENST00000477152.6	1386	85291	83905
ENST00000477155.6	9932	19439	9507
ENST00000477160.1	3	3316	3313
ENST00000477162.1	941	2499	1558
ENST00000477163.1	315	8114	7799
ENST00000477170.5	0	1126	1126
ENST00000477185.6	1203	9555	8352
ENST00000477186.5	18904	192103	173199
ENST00000477187.1	2070	25516	23446
ENST00000477196.5	9328	10010	682
ENST00000477203.6	12092	15916	3824
ENST00000477209.5	91	12602	12511
ENST00000477214.5	0	4586	4586
ENST00000477221.2	0	7507	7507
ENST00000477224.6	1332	5892	4560
ENST00000477237.1	0	3384	3384
ENST00000477258.2	1606	105774	104168
ENST00000477265.5	6492	18588	12096
ENST00000477270.6	124	24474	24350
ENST00000477278.3	915	9860	8945
ENST00000477279.1	699	1297	598
ENST00000477282.5	2	121094	121092
ENST00000477292.5	373	27410	27037
ENST00000477299.5	8738	19510	10772
ENST00000477303.1	0	2049	2049
ENST00000477305.5	11342	12348	1006
ENST00000477308.5	2	62463	62461
ENST00000477310.1	29	27620	27591
ENST00000477313.5	181	14153	13972
ENST00000477338.5	455	21247	20792
ENST00000477344.1	0	26619	26619
ENST00000477346.6	0	20104	20104
ENST00000477358.6	13348	26676	13328
ENST00000477367.1	0	2135	2135
ENST00000477374.5	655	53738	53083
ENST00000477382.1	29	2817	2788
ENST00000477384.6	35750	306877	271127
ENST00000477386.2	2168	15453	13285
ENST00000477391.6	0	14031	14031
ENST00000477393.1	23	4562	4539
ENST00000477394.5	0	9770	9770
ENST00000477399.5	3016	98585	95569
ENST00000477431.1	6752	13975	7223
ENST00000477432.1	2010	9196	7186
ENST00000477442.6	2372	5829	3457
ENST00000477447.6	0	2848	2848
ENST00000477451.5	14030	14891	861
ENST00000477459.5	241	15824	15583
ENST00000477462.5	9374	11768	2394
ENST00000477474.3	61911	163602	101691
ENST00000477478.7	543	4329	3786
ENST00000477488.1	0	470	470
ENST00000477489.1	0	7772	7772
ENST00000477515.3	99	11190	11091
ENST00000477522.6	443	34143	33700
ENST00000477532.5	21416	25528	4112
ENST00000477535.5	4142	12104	7962
ENST00000477548.5	131	3320	3189
ENST00000477551.5	0	16036	16036
ENST00000477554.6	109	11973	11864
ENST00000477557.3	3925	11797	7872
ENST00000477560.5	46	43879	43833
ENST00000477561.6	833	25952	25119
ENST00000477563.6	29	11277	11248
ENST00000477564.5	162	17893	17731
ENST00000477565.3	690	10558	9868
ENST00000477571.5	57705	89498	31793
ENST00000477593.5	1374	108513	107139
ENST00000477594.1	329	572	243
ENST00000477601.1	0	4021	4021
ENST00000477603.5	4956	67048	62092
ENST00000477616.2	8312	19412	11100
ENST00000477620.5	0	16574	16574
ENST00000477625.5	0	2103	2103
ENST00000477647.1	109	32060	31951
ENST00000477657.5	17788	25015	7227
ENST00000477660.1	190	1894	1704
ENST00000477663.6	2620	5966	3346
ENST00000477665.2	570	58902	58332
ENST00000477668.5	0	5691	5691
ENST00000477673.2	54	23915	23861
ENST00000477679.2	0	9039	9039
ENST00000477683.5	69	15770	15701
ENST00000477689.2	1160	2012	852
ENST00000477692.6	52	9877	9825
ENST00000477695.5	24318	55707	31389
ENST00000477696.6	0	3614	3614
ENST00000477703.6	151	4085	3934
ENST00000477708.6	358	7182	6824
ENST00000477712.2	0	12869	12869
ENST00000477715.5	6445	31203	24758
ENST00000477717.6	196	196726	196530
ENST00000477719.5	52	9931	9879
ENST00000477724.6	61	1536	1475
ENST00000477726.1	152	2787	2635
ENST00000477734.2	10155	13032	2877
ENST00000477735.1	50712	50836	124
ENST00000477737.6	5926	229034	223108
ENST00000477738.6	181	7382	7201
ENST00000477742.5	79522	109892	30370
ENST00000477743.1	0	14824	14824
ENST00000477744.1	0	284	284
ENST00000477755.1	507	3412	2905
ENST00000477756.5	19665	78281	58616
ENST00000477759.5	0	26790	26790
ENST00000477775.5	84	59705	59621
ENST00000477788.5	0	10327	10327
ENST00000477794.2	17182	17410	228
ENST00000477813.5	1448	26017	24569
ENST00000477828.6	3649	4496	847
ENST00000477833.5	252268	280316	28048
ENST00000477837.5	2232	25912	23680
ENST00000477847.6	700	15931	15231
ENST00000477853.6	3646	38805	35159
ENST00000477854.5	1009	15568	14559
ENST00000477869.6	0	7663	7663
ENST00000477871.1	0	37908	37908
ENST00000477874.1	138	13056	12918
ENST00000477876.3	202	49763	49561
ENST00000477889.5	19131	24247	5116
ENST00000477890.6	0	19343	19343
ENST00000477892.5	84	26103	26019
ENST00000477894.5	5214	11240	6026
ENST00000477898.5	779	6170	5391
ENST00000477901.5	0	168410	168410
ENST00000477902.6	1630	26937	25307
ENST00000477909.5	3891	41917	38026
ENST00000477910.5	0	3950	3950
ENST00000477914.5	395	23669	23274
ENST00000477915.5	42801	89888	47087
ENST00000477922.4	5156	117836	112680
ENST00000477925.6	3092	56163	53071
ENST00000477930.2	1317	5293	3976
ENST00000477931.5	6550	22719	16169
ENST00000477932.5	56	6767	6711
ENST00000477947.1	0	1700	1700
ENST00000477958.5	45	1593	1548
ENST00000477973.5	6563	75444	68881
ENST00000477985.1	1443	8909	7466
ENST00000477989.1	6	1269	1263
ENST00000478006.5	0	31858	31858
ENST00000478015.5	12340	29412	17072
ENST00000478020.1	0	22632	22632
ENST00000478021.1	95	831	736
ENST00000478044.2	216	10614	10398
ENST00000478046.5	0	45511	45511
ENST00000478048.5	76	6090	6014
ENST00000478049.1	58053	134202	76149
ENST00000478060.5	0	252465	252465
ENST00000478061.5	0	9092	9092
ENST00000478070.2	0	30223	30223
ENST00000478074.6	249	14145	13896
ENST00000478076.5	176	9832	9656
ENST00000478079.2	26731	97840	71109
ENST00000478080.5	17724	71809	54085
ENST00000478093.2	0	3213	3213
ENST00000478100.3	214	11712	11498
ENST00000478104.5	12	12859	12847
ENST00000478106.2	3	5020	5017
ENST00000478122.6	57	6026	5969
ENST00000478136.6	2380	540648	538268
ENST00000478144.5	0	31927	31927
ENST00000478156.5	6424	80243	73819
ENST00000478157.1	51769	55709	3940
ENST00000478165.5	120	334	214
ENST00000478172.1	0	872	872
ENST00000478180.6	0	27336	27336
ENST00000478182.5	310	31123	30813
ENST00000478185.1	0	4423	4423
ENST00000478191.1	0	18922	18922
ENST00000478200.1	1141	28492	27351
ENST00000478201.1	1665	6015	4350
ENST00000478235.5	0	37935	37935
ENST00000478244.6	2213	35620	33407
ENST00000478253.6	18795	56973	38178
ENST00000478254.5	107	19481	19374
ENST00000478255.1	3767	26789	23022
ENST00000478260.5	1092	8192	7100
ENST00000478262.2	279	1297	1018
ENST00000478263.5	1057	28187	27130
ENST00000478266.6	3550	20439	16889
ENST00000478267.5	8716	19769	11053
ENST00000478273.5	0	84	84
ENST00000478274.6	0	33412	33412
ENST00000478279.6	2998	5484	2486
ENST00000478281.5	41	1605	1564
ENST00000478284.5	3124	3979	855
ENST00000478286.3	26408	26766	358
ENST00000478296.5	1006	8357	7351
ENST00000478300.6	226	338019	337793
ENST00000478315.5	0	7385	7385
ENST00000478323.1	265	520	255
ENST00000478336.5	13978	15412	1434
ENST00000478341.1	0	2551	2551
ENST00000478344.6	22940	23487	547
ENST00000478349.7	0	14410	14410
ENST00000478356.5	0	1448	1448
ENST00000478359.5	3974	23099	19125
ENST00000478361.6	84659	99728	15069
ENST00000478368.1	475	2585	2110
ENST00000478370.5	0	9852	9852
ENST00000478373.6	185	861	676
ENST00000478381.5	146	10377	10231
ENST00000478387.1	3894	10707	6813
ENST00000478393.5	5073	80275	75202
ENST00000478399.5	2902	9675	6773
ENST00000478405.1	8091	18794	10703
ENST00000478407.1	3880	15303	11423
ENST00000478412.1	5948	9341	3393
ENST00000478424.5	14374	15808	1434
ENST00000478442.5	3037	83657	80620
ENST00000478464.6	2351	13309	10958
ENST00000478467.5	188	1097	909
ENST00000478469.5	1	84829	84828
ENST00000478470.5	31139	52697	21558
ENST00000478480.2	388	50760	50372
ENST00000478483.6	164	8456	8292
ENST00000478490.5	95	4923	4828
ENST00000478500.3	80360	222586	142226
ENST00000478515.2	0	23009	23009
ENST00000478519.5	0	3267	3267
ENST00000478531.6	1386	82056	80670
ENST00000478532.5	0	5874	5874
ENST00000478535.1	0	44865	44865
ENST00000478536.1	0	3222	3222
ENST00000478537.1	1074	10290	9216
ENST00000478545.1	2927	107860	104933
ENST00000478547.1	305	930	625
ENST00000478576.5	107	39397	39290
ENST00000478585.6	6490	22618	16128
ENST00000478586.4	17512	55729	38217
ENST00000478595.1	11912	14639	2727
ENST00000478600.5	3164	50140	46976
ENST00000478611.2	49548	73468	23920
ENST00000478616.1	393	1931	1538
ENST00000478620.2	12152	12510	358
ENST00000478631.6	120	67083	66963
ENST00000478640.6	0	17717	17717
ENST00000478654.5	265	41981	41716
ENST00000478658.1	1708	28369	26661
ENST00000478660.6	541	92259	91718
ENST00000478679.5	63	52736	52673
ENST00000478691.5	5769	34743	28974
ENST00000478708.2	0	2183	2183
ENST00000478717.5	182	109788	109606
ENST00000478722.6	381	675071	674690
ENST00000478726.1	0	302	302
ENST00000478727.6	38	1960	1922
ENST00000478730.7	5387	14239	8852
ENST00000478732.1	0	20554	20554
ENST00000478733.6	0	70106	70106
ENST00000478741.1	0	28754	28754
ENST00000478746.1	908	1802	894
ENST00000478753.5	753	3439	2686
ENST00000478763.2	232	1205	973
ENST00000478765.6	132	5670	5538
ENST00000478768.3	12302	36388	24086
ENST00000478770.6	649	37501	36852
ENST00000478774.5	4697	87803	83106
ENST00000478789.5	19681	28557	8876
ENST00000478793.1	738	12706	11968
ENST00000478801.5	0	192	192
ENST00000478811.6	1002	43828	42826
ENST00000478815.1	155	1305	1150
ENST00000478821.1	1837	3042	1205
ENST00000478825.7	0	144	144
ENST00000478836.6	80	56976	56896
ENST00000478843.5	22414	23916	1502
ENST00000478844.5	0	7385	7385
ENST00000478849.1	19516	46072	26556
ENST00000478850.5	0	33164	33164
ENST00000478859.5	1496	50153	48657
ENST00000478873.7	243	5999	5756
ENST00000478892.1	71	20357	20286
ENST00000478894.7	21208	34712	13504
ENST00000478900.5	8833	119558	110725
ENST00000478909.5	78	19203	19125
ENST00000478915.1	827	116202	115375
ENST00000478922.1	24328	27440	3112
ENST00000478926.5	675	2967	2292
ENST00000478927.5	2580	9353	6773
ENST00000478930.5	10904	13635	2731
ENST00000478935.1	27	20146	20119
ENST00000478937.3	0	24219	24219
ENST00000478940.1	458	2965	2507
ENST00000478943.5	813	23336	22523
ENST00000478945.1	6608	21641	15033
ENST00000478946.2	1881	16399	14518
ENST00000478951.6	501	15219	14718
ENST00000478953.1	1843	5295	3452
ENST00000478961.6	0	4782	4782
ENST00000478968.6	359	7075	6716
ENST00000478970.6	2231	6843	4612
ENST00000478973.6	12811	23622	10811
ENST00000478989.7	9731	76539	66808
ENST00000478990.6	26748	78605	51857
ENST00000478993.5	855	16287	15432
ENST00000479011.1	268	3241	2973
ENST00000479013.7	33	13633	13600
ENST00000479017.5	123	2306	2183
ENST00000479021.1	44	26669	26625
ENST00000479026.2	8249	8347	98
ENST00000479035.7	2275	6265	3990
ENST00000479040.5	20	54092	54072
ENST00000479048.6	42	37866	37824
ENST00000479049.6	12703	112448	99745
ENST00000479054.5	524	41852	41328
ENST00000479070.5	0	74892	74892
ENST00000479072.5	15726	17140	1414
ENST00000479075.6	2251	18834	16583
ENST00000479077.5	3229	5207	1978
ENST00000479081.5	10547	10796	249
ENST00000479097.6	16	73050	73034
ENST00000479101.1	20422	26715	6293
ENST00000479105.6	12462	17139	4677
ENST00000479111.5	15510	31277	15767
ENST00000479114.2	0	5349	5349
ENST00000479121.5	66	33234	33168
ENST00000479128.5	1462	2267	805
ENST00000479129.5	210	11188	10978
ENST00000479134.5	0	30209	30209
ENST00000479138.5	15352	60004	44652
ENST00000479141.6	46	4576	4530
ENST00000479143.2	0	1272	1272
ENST00000479150.5	0	3514	3514
ENST00000479151.5	0	11215	11215
ENST00000479179.1	4841	4893	52
ENST00000479184.2	3278	22729	19451
ENST00000479191.2	15	7583	7568
ENST00000479198.5	118	167812	167694
ENST00000479201.2	2051	4832	2781
ENST00000479204.1	31	12594	12563
ENST00000479209.1	2463	4332	1869
ENST00000479210.1	251	188883	188632
ENST00000479214.5	22241	62719	40478
ENST00000479218.6	17	1444	1427
ENST00000479230.5	5636	8348	2712
ENST00000479232.1	2466	5496	3030
ENST00000479238.1	0	85008	85008
ENST00000479239.1	2525	2904	379
ENST00000479241.5	41	93655	93614
ENST00000479242.5	90	15850	15760
ENST00000479257.5	8951	30722	21771
ENST00000479265.1	304	4963	4659
ENST00000479269.5	78	3780	3702
ENST00000479287.1	0	41972	41972
ENST00000479291.5	27844	143125	115281
ENST00000479298.5	1852	2232	380
ENST00000479301.5	3570	10927	7357
ENST00000479303.1	58	6217	6159
ENST00000479306.5	1519	6760	5241
ENST00000479328.1	251	12737	12486
ENST00000479335.5	3765	45337	41572
ENST00000479339.5	247	37570	37323
ENST00000479344.1	1120	1822	702
ENST00000479348.2	0	3508	3508
ENST00000479351.5	5571	207037	201466
ENST00000479353.5	9930	196310	186380
ENST00000479362.1	0	6918	6918
ENST00000479365.5	5711	24235	18524
ENST00000479368.1	0	5403	5403
ENST00000479371.5	48	10679	10631
ENST00000479373.1	13106	24102	10996
ENST00000479377.6	31288	39923	8635
ENST00000479381.5	0	4810	4810
ENST00000479383.6	28705	94064	65359
ENST00000479388.5	1453	16628	15175
ENST00000479391.7	0	13269	13269
ENST00000479406.5	23280	78043	54763
ENST00000479407.5	1500	3914	2414
ENST00000479408.6	8720	31708	22988
ENST00000479413.1	225	60100	59875
ENST00000479414.1	10	13576	13566
ENST00000479418.7	17930	18648	718
ENST00000479421.5	15832	18795	2963
ENST00000479441.1	3	142168	142165
ENST00000479446.5	3279	15272	11993
ENST00000479451.5	306	64734	64428
ENST00000479452.5	135	29943	29808
ENST00000479460.5	0	1064	1064
ENST00000479467.5	9115	45940	36825
ENST00000479475.1	0	1855	1855
ENST00000479485.5	331	6612	6281
ENST00000479492.1	0	5405	5405
ENST00000479502.2	2604	5950	3346
ENST00000479520.5	13142	21161	8019
ENST00000479522.6	146	20124	19978
ENST00000479525.6	25257	41767	16510
ENST00000479529.2	292	5237	4945
ENST00000479530.5	232	52912	52680
ENST00000479536.2	0	4750	4750
ENST00000479537.6	12897	47841	34944
ENST00000479548.2	3092	4404	1312
ENST00000479553.5	0	4735	4735
ENST00000479558.5	0	22105	22105
ENST00000479577.2	3707	44509	40802
ENST00000479582.5	4120	9000	4880
ENST00000479604.1	0	12256	12256
ENST00000479608.5	0	9993	9993
ENST00000479613.5	90	6255	6165
ENST00000479614.1	0	25297	25297
ENST00000479615.5	36759	913248	876489
ENST00000479621.5	0	15151	15151
ENST00000479632.5	3273	7317	4044
ENST00000479633.2	10401	141119	130718
ENST00000479653.6	2603	5827	3224
ENST00000479656.6	15489	17414	1925
ENST00000479660.1	10	20068	20058
ENST00000479665.6	2998	20739	17741
ENST00000479666.1	10400	22219	11819
ENST00000479668.5	1440	3486	2046
ENST00000479669.5	9576	11101	1525
ENST00000479672.6	4246	19846	15600
ENST00000479684.2	4712	5020	308
ENST00000479692.2	166	1997	1831
ENST00000479697.5	22404	30557	8153
ENST00000479719.5	20	8854	8834
ENST00000479729.1	5295	8380	3085
ENST00000479731.5	35	9691	9656
ENST00000479733.5	493	131012	130519
ENST00000479739.6	12192	24481	12289
ENST00000479740.5	121	23065	22944
ENST00000479748.5	72	22950	22878
ENST00000479749.1	1740	20608	18868
ENST00000479756.1	128	28444	28316
ENST00000479764.7	3144	7030	3886
ENST00000479765.5	88163	176284	88121
ENST00000479769.1	4022	131121	127099
ENST00000479770.2	8007	11456	3449
ENST00000479771.5	3545	17874	14329
ENST00000479774.5	0	264	264
ENST00000479780.6	23682	126611	102929
ENST00000479782.1	1770	5509	3739
ENST00000479795.1	75	7506	7431
ENST00000479796.5	3904	4058	154
ENST00000479797.1	5064	6961	1897
ENST00000479800.1	0	6616	6616
ENST00000479808.5	898	10577	9679
ENST00000479809.1	0	18262	18262
ENST00000479813.5	0	28317	28317
ENST00000479814.5	0	2549	2549
ENST00000479817.1	78	15735	15657
ENST00000479824.5	1525	3800	2275
ENST00000479826.1	0	80794	80794
ENST00000479838.3	26768	90196	63428
ENST00000479844.1	1211	10502	9291
ENST00000479848.1	204	8308	8104
ENST00000479862.6	89447	324277	234830
ENST00000479867.1	1633	1979	346
ENST00000479870.6	2761	27988	25227
ENST00000479875.1	524	938	414
ENST00000479877.5	7	23662	23655
ENST00000479882.5	13905	30015	16110
ENST00000479884.6	9528	15213	5685
ENST00000479890.5	0	25079	25079
ENST00000479892.5	0	1043	1043
ENST00000479896.1	18	25261	25243
ENST00000479899.5	84	23753	23669
ENST00000479901.5	0	37063	37063
ENST00000479903.5	0	50145	50145
ENST00000479907.1	40	30107	30067
ENST00000479917.5	501	20817	20316
ENST00000479918.5	598	26584	25986
ENST00000479924.5	372	4560	4188
ENST00000479927.6	3017	13347	10330
ENST00000479930.5	1468	6216	4748
ENST00000479931.5	25374	162851	137477
ENST00000479934.5	3033	7715	4682
ENST00000479940.2	0	4317	4317
ENST00000479949.5	3923	6557	2634
ENST00000479950.5	2560	7307	4747
ENST00000479952.5	3937	17632	13695
ENST00000479953.6	52	31183	31131
ENST00000479961.1	18	63012	62994
ENST00000479981.1	0	824	824
ENST00000479987.5	0	42366	42366
ENST00000479991.1	2724	6136	3412
ENST00000480001.6	330	166957	166627
ENST00000480003.5	90	42564	42474
ENST00000480005.1	22	20447	20425
ENST00000480006.1	17	62403	62386
ENST00000480013.6	1641	165844	164203
ENST00000480026.1	0	145834	145834
ENST00000480031.6	3109	5330	2221
ENST00000480034.1	0	1075	1075
ENST00000480036.5	0	154	154
ENST00000480039.5	40	2194	2154
ENST00000480045.6	16598	84131	67533
ENST00000480046.5	115	26090	25975
ENST00000480058.5	159	42352	42193
ENST00000480071.2	30	10746	10716
ENST00000480073.5	22	6584	6562
ENST00000480087.5	2499	5408	2909
ENST00000480109.2	465	19792	19327
ENST00000480112.5	71408	193010	121602
ENST00000480119.5	11976	188527	176551
ENST00000480123.2	1351	10591	9240
ENST00000480131.1	1621	6439	4818
ENST00000480134.5	1482	24179	22697
ENST00000480139.5	881	2332	1451
ENST00000480143.5	796	8108	7312
ENST00000480152.3	119369	168651	49282
ENST00000480174.5	41481	89174	47693
ENST00000480180.1	16114	26601	10487
ENST00000480184.5	132	90926	90794
ENST00000480186.7	5	6352	6347
ENST00000480205.5	358	9188	8830
ENST00000480206.2	2904	44269	41365
ENST00000480218.1	0	11167	11167
ENST00000480226.5	0	7895	7895
ENST00000480229.5	71	17965	17894
ENST00000480232.6	6427	22599	16172
ENST00000480240.5	808	2395	1587
ENST00000480245.5	25836	113488	87652
ENST00000480266.6	672	12241	11569
ENST00000480274.1	66	6469	6403
ENST00000480282.5	73	33615	33542
ENST00000480283.5	185205	280773	95568
ENST00000480290.5	534	10532	9998
ENST00000480292.5	96	5231	5135
ENST00000480294.1	1452	143867	142415
ENST00000480306.5	1221	1941	720
ENST00000480322.1	0	106	106
ENST00000480326.1	0	5768	5768
ENST00000480328.6	0	70954	70954
ENST00000480336.1	5568	72999	67431
ENST00000480358.6	12010	18714	6704
ENST00000480360.1	719	2668	1949
ENST00000480371.1	1568	24321	22753
ENST00000480374.1	0	13895	13895
ENST00000480379.5	315	33901	33586
ENST00000480382.1	0	4694	4694
ENST00000480385.1	0	22560	22560
ENST00000480388.1	184	50563	50379
ENST00000480393.5	1760	5709	3949
ENST00000480398.2	0	1810	1810
ENST00000480402.1	421	1984	1563
ENST00000480405.2	25	13346	13321
ENST00000480409.1	21	2699	2678
ENST00000480431.5	0	1588	1588
ENST00000480432.5	11226	19078	7852
ENST00000480434.5	326	8709	8383
ENST00000480456.6	564	76295	75731
ENST00000480470.5	3861	5108	1247
ENST00000480473.5	21974	27675	5701
ENST00000480484.5	14	4515	4501
ENST00000480488.2	0	19392	19392
ENST00000480492.1	0	823	823
ENST00000480502.5	1413	13662	12249
ENST00000480504.1	0	37251	37251
ENST00000480507.1	6890	7229	339
ENST00000480513.6	961	10560	9599
ENST00000480514.6	2345	16716	14371
ENST00000480525.6	0	21925	21925
ENST00000480527.1	0	13866	13866
ENST00000480548.6	186	138314	138128
ENST00000480549.6	157	12977	12820
ENST00000480552.5	476	16155	15679
ENST00000480559.6	1706	3747	2041
ENST00000480564.1	0	37534	37534
ENST00000480566.5	2563	124766	122203
ENST00000480567.5	183	11351	11168
ENST00000480585.5	484	4949	4465
ENST00000480589.1	0	47758	47758
ENST00000480602.1	60190	64754	4564
ENST00000480603.1	658	1236	578
ENST00000480608.5	20	961	941
ENST00000480609.1	0	2321	2321
ENST00000480611.6	22771	31916	9145
ENST00000480623.6	106	62944	62838
ENST00000480631.5	7199	23564	16365
ENST00000480641.2	232	5713	5481
ENST00000480643.1	0	86	86
ENST00000480644.2	7	12835	12828
ENST00000480648.5	15	21292	21277
ENST00000480649.1	0	4247	4247
ENST00000480650.3	2017	24590	22573
ENST00000480663.1	0	13173	13173
ENST00000480675.5	16685	56590	39905
ENST00000480676.2	4172	26693	22521
ENST00000480679.5	15326	15552	226
ENST00000480683.2	2280	4034	1754
ENST00000480687.5	4911	7953	3042
ENST00000480691.2	0	59882	59882
ENST00000480696.1	3811	9599	5788
ENST00000480703.2	2258	59662	57404
ENST00000480704.2	51846	91908	40062
ENST00000480708.5	15	27441	27426
ENST00000480714.1	0	5970	5970
ENST00000480716.1	55	15089	15034
ENST00000480733.1	353	113544	113191
ENST00000480736.1	1057	5611	4554
ENST00000480740.5	19547	24663	5116
ENST00000480741.1	0	4418	4418
ENST00000480744.3	41	27262	27221
ENST00000480747.1	589	5538	4949
ENST00000480748.2	593	63179	62586
ENST00000480757.5	21798	62439	40641
ENST00000480759.1	45	13637	13592
ENST00000480775.3	45	15411	15366
ENST00000480787.5	205	7139	6934
ENST00000480796.6	1811	34870	33059
ENST00000480798.2	237	10871	10634
ENST00000480801.1	0	3925	3925
ENST00000480802.2	267	9366	9099
ENST00000480814.5	4563	19053	14490
ENST00000480820.5	16250	439410	423160
ENST00000480823.1	749	7130	6381
ENST00000480824.7	13493	38520	25027
ENST00000480836.5	7150	11188	4038
ENST00000480843.5	19665	78126	58461
ENST00000480861.5	160	14527	14367
ENST00000480873.1	410	768	358
ENST00000480876.3	224	12488	12264
ENST00000480877.6	7744	8649	905
ENST00000480887.5	690	39798	39108
ENST00000480888.1	0	13726	13726
ENST00000480896.5	9596	129808	120212
ENST00000480899.5	78	2707	2629
ENST00000480905.1	2715	10868	8153
ENST00000480908.1	65	7286	7221
ENST00000480910.1	477	6304	5827
ENST00000480911.6	25	440954	440929
ENST00000480918.5	83	62662	62579
ENST00000480936.1	0	16601	16601
ENST00000480945.6	213	40360	40147
ENST00000480951.1	342	8756	8414
ENST00000480954.6	2343	3217	874
ENST00000480959.6	0	11453	11453
ENST00000480963.5	10533	32592	22059
ENST00000480975.5	6479	22604	16125
ENST00000480976.5	3	94626	94623
ENST00000480977.2	6	87527	87521
ENST00000480978.5	53	50076	50023
ENST00000480979.1	14049	14667	618
ENST00000480994.5	0	2122	2122
ENST00000481010.6	2331	6371	4040
ENST00000481013.1	0	2523	2523
ENST00000481015.5	16676	53241	36565
ENST00000481024.5	49	21161	21112
ENST00000481034.1	22	43984	43962
ENST00000481039.6	6791	22919	16128
ENST00000481050.1	352	1710	1358
ENST00000481060.2	693	97621	96928
ENST00000481065.5	2802	17998	15196
ENST00000481070.1	365	1825	1460
ENST00000481077.6	64	3311	3247
ENST00000481079.1	0	100729	100729
ENST00000481085.5	0	56879	56879
ENST00000481090.6	61	19523	19462
ENST00000481100.5	137	120595	120458
ENST00000481102.5	2600	25547	22947
ENST00000481105.5	316	52156	51840
ENST00000481109.5	0	24942	24942
ENST00000481110.7	634	16344	15710
ENST00000481112.1	0	2398	2398
ENST00000481115.2	0	48371	48371
ENST00000481124.5	34969	64144	29175
ENST00000481129.1	3852	4666	814
ENST00000481130.6	0	26479	26479
ENST00000481137.2	58725	65747	7022
ENST00000481138.6	1657	37785	36128
ENST00000481140.5	73	53309	53236
ENST00000481149.2	1278	53744	52466
ENST00000481152.2	1065	97581	96516
ENST00000481166.6	32400	67746	35346
ENST00000481169.5	3608	62203	58595
ENST00000481174.1	38711	40970	2259
ENST00000481179.5	24354	69940	45586
ENST00000481180.6	2593	32537	29944
ENST00000481182.1	1194	3628	2434
ENST00000481186.6	0	15279	15279
ENST00000481189.1	6529	8198	1669
ENST00000481190.2	81	2304	2223
ENST00000481193.2	2133	2878	745
ENST00000481195.6	3443	32449	29006
ENST00000481209.5	6926	9521	2595
ENST00000481210.6	3290	18518	15228
ENST00000481213.5	4796	6095	1299
ENST00000481223.6	4833	13299	8466
ENST00000481224.5	2	8797	8795
ENST00000481229.2	2474	16852	14378
ENST00000481230.1	0	3990	3990
ENST00000481231.6	5971	9621	3650
ENST00000481232.2	8249	12647	4398
ENST00000481238.1	1172	2863	1691
ENST00000481240.5	1415	11614	10199
ENST00000481247.6	6537	431469	424932
ENST00000481257.5	2428	3712	1284
ENST00000481259.1	0	1297	1297
ENST00000481261.6	106	120516	120410
ENST00000481262.6	0	5137	5137
ENST00000481266.2	9483	62274	52791
ENST00000481272.6	187	100022	99835
ENST00000481273.5	70	87278	87208
ENST00000481275.5	224	2538	2314
ENST00000481278.5	0	25770	25770
ENST00000481284.5	137	8012	7875
ENST00000481285.5	163	40101	39938
ENST00000481290.5	0	3913	3913
ENST00000481299.1	0	3193	3193
ENST00000481315.1	0	3537	3537
ENST00000481323.1	329	597	268
ENST00000481324.5	0	27076	27076
ENST00000481342.5	1408	3451	2043
ENST00000481345.1	0	26021	26021
ENST00000481348.5	797	5000	4203
ENST00000481359.3	10482	96399	85917
ENST00000481367.5	0	14429	14429
ENST00000481385.6	44197	64856	20659
ENST00000481390.5	2379	4187	1808
ENST00000481392.1	0	9320	9320
ENST00000481395.7	0	5491	5491
ENST00000481401.5	0	568	568
ENST00000481416.5	8929	13251	4322
ENST00000481426.6	0	5209	5209
ENST00000481431.2	7025	11864	4839
ENST00000481432.5	1931	24500	22569
ENST00000481448.5	1603	9547	7944
ENST00000481450.2	1306	1838	532
ENST00000481455.6	23022	32181	9159
ENST00000481475.1	0	8309	8309
ENST00000481478.2	556	323286	322730
ENST00000481479.5	1130	8584	7454
ENST00000481485.5	8071	21379	13308
ENST00000481490.3	4418	10047	5629
ENST00000481498.1	996	8042	7046
ENST00000481499.5	320	588	268
ENST00000481503.5	341	34407	34066
ENST00000481508.1	560	12182	11622
ENST00000481511.5	810	1322	512
ENST00000481513.5	78	17488	17410
ENST00000481524.5	96	3110	3014
ENST00000481530.5	31017	38618	7601
ENST00000481531.1	4455	4753	298
ENST00000481533.5	411	1698	1287
ENST00000481534.5	7274	23241	15967
ENST00000481535.5	0	2121	2121
ENST00000481538.1	677	1611	934
ENST00000481540.1	0	7347	7347
ENST00000481541.1	310	3067	2757
ENST00000481543.1	0	300	300
ENST00000481550.6	55	14808	14753
ENST00000481551.5	41	7432	7391
ENST00000481563.6	3	11722	11719
ENST00000481571.5	4251	11171	6920
ENST00000481579.5	1887	33699	31812
ENST00000481584.1	0	3901	3901
ENST00000481587.5	5048	10538	5490
ENST00000481589.1	0	28	28
ENST00000481591.5	0	56423	56423
ENST00000481592.5	3952	5926	1974
ENST00000481599.2	9621	11224	1603
ENST00000481600.5	293	11789	11496
ENST00000481605.6	51436	94718	43282
ENST00000481608.1	0	3900	3900
ENST00000481614.1	1315	1385	70
ENST00000481617.6	149	25936	25787
ENST00000481629.1	667	1342	675
ENST00000481632.5	356	15208	14852
ENST00000481639.1	602	11420	10818
ENST00000481642.6	3	32056	32053
ENST00000481643.5	1339	1975	636
ENST00000481646.5	1261	110577	109316
ENST00000481647.5	113	12917	12804
ENST00000481648.5	0	2844	2844
ENST00000481655.2	110	6918	6808
ENST00000481661.1	34723	37685	2962
ENST00000481662.2	0	7624	7624
ENST00000481668.5	0	928	928
ENST00000481670.3	1019	29097	28078
ENST00000481671.6	16252	29333	13081
ENST00000481685.1	382	77928	77546
ENST00000481687.1	48	3735	3687
ENST00000481688.1	354	10158	9804
ENST00000481689.6	22983	32016	9033
ENST00000481690.2	4202	28810	24608
ENST00000481701.5	0	22485	22485
ENST00000481720.5	70	3048	2978
ENST00000481731.5	3122	21480	18358
ENST00000481739.2	177	111532	111355
ENST00000481743.2	2052	5319	3267
ENST00000481744.5	60	7759	7699
ENST00000481745.1	120	1894	1774
ENST00000481752.6	65794	87370	21576
ENST00000481756.7	109069	125492	16423
ENST00000481766.1	25	45000	44975
ENST00000481767.5	1235	3871	2636
ENST00000481768.6	552	45179	44627
ENST00000481777.5	0	1757	1757
ENST00000481781.3	490	3560	3070
ENST00000481785.1	65	3891	3826
ENST00000481799.6	800	13177	12377
ENST00000481816.5	2737	7305	4568
ENST00000481820.6	659	2092	1433
ENST00000481823.5	16698	20776	4078
ENST00000481827.5	0	168410	168410
ENST00000481834.5	216	74691	74475
ENST00000481836.2	0	11525	11525
ENST00000481838.5	0	8057	8057
ENST00000481848.6	34878	81043	46165
ENST00000481853.5	1034	30414	29380
ENST00000481862.1	111	1953	1842
ENST00000481873.7	38	96417	96379
ENST00000481878.1	149	1895	1746
ENST00000481882.7	2092	5942	3850
ENST00000481884.6	276	5128	4852
ENST00000481885.5	10728	17375	6647
ENST00000481888.1	274	2144	1870
ENST00000481889.6	10959	21160	10201
ENST00000481895.6	11533	31894	20361
ENST00000481909.2	1529	24606	23077
ENST00000481911.5	27077	38826	11749
ENST00000481914.2	0	2758	2758
ENST00000481916.6	156297	158917	2620
ENST00000481924.2	1924	7349	5425
ENST00000481932.1	593	4142	3549
ENST00000481935.5	12045	17063	5018
ENST00000481937.5	20291	26608	6317
ENST00000481939.5	28784	70184	41400
ENST00000481941.5	0	40884	40884
ENST00000481946.5	0	9454	9454
ENST00000481949.6	12319	17104	4785
ENST00000481953.5	115	94211	94096
ENST00000481965.6	7249	69895	62646
ENST00000481966.1	2808	4382	1574
ENST00000481970.2	370	42918	42548
ENST00000481972.5	11300	12306	1006
ENST00000481976.6	2416	48170	45754
ENST00000481980.3	218	1633	1415
ENST00000481983.5	3119	4772	1653
ENST00000481987.5	1559	32369	30810
ENST00000481989.2	3	3019	3016
ENST00000482007.5	29	2972	2943
ENST00000482010.6	0	43277	43277
ENST00000482011.3	269	3766	3497
ENST00000482016.6	3526	4526	1000
ENST00000482017.1	0	51311	51311
ENST00000482018.1	0	7516	7516
ENST00000482020.2	100	374206	374106
ENST00000482023.5	862	5645	4783
ENST00000482026.6	85	45111	45026
ENST00000482041.5	135	3545	3410
ENST00000482049.6	76424	77596	1172
ENST00000482059.6	8097	18167	10070
ENST00000482060.5	14	1329	1315
ENST00000482061.6	13176	43988	30812
ENST00000482062.1	508	9525	9017
ENST00000482063.1	53293	73328	20035
ENST00000482067.3	32578	327201	294623
ENST00000482070.1	0	18495	18495
ENST00000482079.1	0	7184	7184
ENST00000482083.7	279	66461	66182
ENST00000482086.5	21	80925	80904
ENST00000482090.1	418	5665	5247
ENST00000482093.5	15	21939	21924
ENST00000482099.1	0	23928	23928
ENST00000482102.2	37	3564	3527
ENST00000482108.1	7232	9180	1948
ENST00000482110.5	161563	169292	7729
ENST00000482112.6	54032	70157	16125
ENST00000482119.6	61698	216276	154578
ENST00000482125.1	0	8965	8965
ENST00000482126.1	105	196464	196359
ENST00000482138.1	14734	15536	802
ENST00000482140.5	8960	12469	3509
ENST00000482148.6	82	11444	11362
ENST00000482155.1	408	4503	4095
ENST00000482157.1	0	16939	16939
ENST00000482160.5	293	117365	117072
ENST00000482173.6	276	8288	8012
ENST00000482182.3	0	3983	3983
ENST00000482190.1	0	11774	11774
ENST00000482202.5	68	1815	1747
ENST00000482212.1	8401	9277	876
ENST00000482218.2	1895	119277	117382
ENST00000482224.5	8271	10721	2450
ENST00000482227.5	36	6520	6484
ENST00000482235.2	0	122612	122612
ENST00000482236.5	0	13133	13133
ENST00000482237.5	5851	6031	180
ENST00000482240.5	382	2445	2063
ENST00000482242.5	235	67628	67393
ENST00000482243.1	0	14417	14417
ENST00000482246.5	34	4148	4114
ENST00000482252.5	28230	43960	15730
ENST00000482253.5	200	48259	48059
ENST00000482271.5	8158	10929	2771
ENST00000482274.2	0	522	522
ENST00000482277.5	0	8817	8817
ENST00000482278.5	3525	25448	21923
ENST00000482285.1	0	706	706
ENST00000482287.5	0	45218	45218
ENST00000482307.1	14	12031	12017
ENST00000482309.5	90	5983	5893
ENST00000482317.5	1721	9063	7342
ENST00000482318.5	88903	257256	168353
ENST00000482320.5	2170	65541	63371
ENST00000482325.5	35	19874	19839
ENST00000482340.5	2085	14461	12376
ENST00000482345.2	1967	41941	39974
ENST00000482347.1	7956	9664	1708
ENST00000482348.5	819	13623	12804
ENST00000482349.5	220	11454	11234
ENST00000482352.1	511	2570	2059
ENST00000482354.5	74	49406	49332
ENST00000482356.5	13748	28961	15213
ENST00000482367.1	1589	3755	2166
ENST00000482371.5	512	15805	15293
ENST00000482374.5	27	331	304
ENST00000482387.7	455	310048	309593
ENST00000482396.5	0	26136	26136
ENST00000482399.5	21140	21666	526
ENST00000482405.7	51	42522	42471
ENST00000482411.5	32757	85821	53064
ENST00000482419.1	210	10427	10217
ENST00000482437.5	4	7892	7888
ENST00000482439.6	40855	53974	13119
ENST00000482444.5	7259	7287	28
ENST00000482446.5	5939	13032	7093
ENST00000482447.1	1863	11471	9608
ENST00000482448.1	0	3781	3781
ENST00000482449.2	32723	33479	756
ENST00000482451.5	3103	5615	2512
ENST00000482452.5	21140	35578	14438
ENST00000482456.6	22127	30280	8153
ENST00000482457.4	1625	3261	1636
ENST00000482469.5	0	958	958
ENST00000482489.5	2042	5931	3889
ENST00000482491.5	292	79779	79487
ENST00000482493.1	729	25768	25039
ENST00000482504.1	5	39484	39479
ENST00000482510.5	87	13877	13790
ENST00000482512.6	66754	66986	232
ENST00000482515.5	264	4735	4471
ENST00000482525.5	69175	87701	18526
ENST00000482533.5	1603	7421	5818
ENST00000482536.5	696	10772	10076
ENST00000482541.2	1174	11711	10537
ENST00000482556.5	6490	35505	29015
ENST00000482560.6	2827	26345	23518
ENST00000482567.5	9518	29423	19905
ENST00000482571.2	102	5696	5594
ENST00000482573.5	77	4537	4460
ENST00000482578.3	202	19222	19020
ENST00000482580.2	362	915	553
ENST00000482582.5	0	17433	17433
ENST00000482587.5	5754	6538	784
ENST00000482593.5	145	16517	16372
ENST00000482602.5	0	2253	2253
ENST00000482604.5	0	19821	19821
ENST00000482618.5	370	183580	183210
ENST00000482621.5	8992	11956	2964
ENST00000482623.5	8468	18522	10054
ENST00000482627.1	684	2766	2082
ENST00000482628.5	21252	34712	13460
ENST00000482630.7	0	15024	15024
ENST00000482634.1	172	17633	17461
ENST00000482638.6	0	9961	9961
ENST00000482640.5	280	24236	23956
ENST00000482666.5	37836	37912	76
ENST00000482668.5	15351	41899	26548
ENST00000482669.1	3	2469	2466
ENST00000482680.1	900	2946	2046
ENST00000482684.5	1325	1575	250
ENST00000482686.5	39623	46369	6746
ENST00000482687.6	15462	17387	1925
ENST00000482689.5	0	485	485
ENST00000482695.5	20297	79808	59511
ENST00000482699.1	584	3541	2957
ENST00000482706.1	0	20231	20231
ENST00000482710.1	6839	7367	528
ENST00000482713.1	12771	14358	1587
ENST00000482740.2	1564	6781	5217
ENST00000482742.5	3370	6516	3146
ENST00000482743.1	54	58727	58673
ENST00000482745.5	32	1718	1686
ENST00000482750.6	608	4597	3989
ENST00000482760.3	0	4867	4867
ENST00000482765.5	0	18069	18069
ENST00000482769.1	0	1091	1091
ENST00000482772.5	0	1111	1111
ENST00000482782.6	7005	383920	376915
ENST00000482785.1	0	10303	10303
ENST00000482791.2	0	11453	11453
ENST00000482796.1	56	15860	15804
ENST00000482804.1	441	44605	44164
ENST00000482807.1	0	2481	2481
ENST00000482814.5	2	121177	121175
ENST00000482822.3	12030	434376	422346
ENST00000482824.2	5438	12608	7170
ENST00000482833.1	0	6926	6926
ENST00000482835.1	0	5333	5333
ENST00000482842.1	5058	7249	2191
ENST00000482848.7	662	73890	73228
ENST00000482850.1	2118	3290	1172
ENST00000482852.5	131	29965	29834
ENST00000482853.5	18653	37816	19163
ENST00000482855.5	9824	59940	50116
ENST00000482862.2	2088	275678	273590
ENST00000482871.6	2120	16090	13970
ENST00000482872.5	38753	39031	278
ENST00000482873.6	4174	8333	4159
ENST00000482889.2	260	14470	14210
ENST00000482890.6	407	18288	17881
ENST00000482897.6	87236	272857	185621
ENST00000482911.2	41	1461	1420
ENST00000482914.5	1946	4883	2937
ENST00000482918.5	7524	14910	7386
ENST00000482927.5	63	391	328
ENST00000482929.6	6305	95144	88839
ENST00000482934.1	0	61258	61258
ENST00000482935.5	4896	8324	3428
ENST00000482936.6	1088	39062	37974
ENST00000482937.2	0	2683	2683
ENST00000482940.5	196930	231249	34319
ENST00000482949.6	23066	36139	13073
ENST00000482950.5	771	3854	3083
ENST00000482951.6	235077	235828	751
ENST00000482954.5	12183	14275	2092
ENST00000482958.1	55107	59701	4594
ENST00000482962.5	13893	15099	1206
ENST00000482975.6	133	8053	7920
ENST00000482982.2	96035	331172	235137
ENST00000482983.1	6444	7122	678
ENST00000483004.2	222	8087	7865
ENST00000483012.1	14707	29689	14982
ENST00000483013.5	0	14242	14242
ENST00000483014.1	0	21168	21168
ENST00000483015.1	0	3029	3029
ENST00000483017.7	286	7526	7240
ENST00000483020.5	0	208	208
ENST00000483024.1	0	6700	6700
ENST00000483025.5	6081	32391	26310
ENST00000483029.2	146	1615	1469
ENST00000483039.5	1780	2877	1097
ENST00000483043.1	3952	5974	2022
ENST00000483054.5	10216	65498	55282
ENST00000483063.2	37	11123	11086
ENST00000483069.5	0	25974	25974
ENST00000483070.2	0	7995	7995
ENST00000483077.5	30830	90318	59488
ENST00000483083.3	0	20069	20069
ENST00000483089.5	5464	7101	1637
ENST00000483095.6	634	24080	23446
ENST00000483108.5	15316	15955	639
ENST00000483118.5	12	58709	58697
ENST00000483127.2	67	10520	10453
ENST00000483129.5	0	23819	23819
ENST00000483139.1	0	11880	11880
ENST00000483141.1	620	15077	14457
ENST00000483147.2	0	51091	51091
ENST00000483148.6	15008	17494	2486
ENST00000483150.1	42667	93515	50848
ENST00000483158.1	0	856	856
ENST00000483159.1	0	26	26
ENST00000483164.5	37829	38520	691
ENST00000483168.5	0	11154	11154
ENST00000483173.5	348	29246	28898
ENST00000483176.2	0	2771	2771
ENST00000483177.5	3019	62457	59438
ENST00000483178.2	0	7633	7633
ENST00000483180.5	24103	31259	7156
ENST00000483192.2	190	11586	11396
ENST00000483196.1	0	2399	2399
ENST00000483200.2	0	2529	2529
ENST00000483206.2	6	18569	18563
ENST00000483208.5	0	6669	6669
ENST00000483209.5	820	19393	18573
ENST00000483211.6	30	2403	2373
ENST00000483213.6	86247	89402	3155
ENST00000483223.5	1442	2032	590
ENST00000483224.5	0	61526	61526
ENST00000483233.5	919	3787	2868
ENST00000483235.5	254156	293809	39653
ENST00000483238.5	3	14954	14951
ENST00000483239.6	17	52168	52151
ENST00000483251.1	173	1159	986
ENST00000483260.5	277	6081	5804
ENST00000483267.5	129	33224	33095
ENST00000483273.2	208	752	544
ENST00000483281.5	4243	6491	2248
ENST00000483288.5	0	22556	22556
ENST00000483292.5	965	6785	5820
ENST00000483300.5	0	13171	13171
ENST00000483311.6	18399	149225	130826
ENST00000483319.1	0	1246	1246
ENST00000483320.5	976	5311	4335
ENST00000483325.1	188	9064	8876
ENST00000483326.1	2571	20954	18383
ENST00000483328.5	9062	25853	16791
ENST00000483337.1	0	352	352
ENST00000483338.1	8577	45940	37363
ENST00000483339.2	0	11341	11341
ENST00000483347.1	1703	10107	8404
ENST00000483348.5	356	19442	19086
ENST00000483358.5	5	15619	15614
ENST00000483364.5	6	13360	13354
ENST00000483366.5	0	27318	27318
ENST00000483369.5	0	23763	23763
ENST00000483373.5	67822	73101	5279
ENST00000483377.5	570	103867	103297
ENST00000483378.1	147	31399	31252
ENST00000483379.1	181	1005	824
ENST00000483386.5	43	12407	12364
ENST00000483388.5	19556	24467	4911
ENST00000483391.5	26822	30540	3718
ENST00000483392.6	4933	29975	25042
ENST00000483398.5	15931	20269	4338
ENST00000483399.6	29	1708	1679
ENST00000483400.5	0	16163	16163
ENST00000483401.5	0	1748	1748
ENST00000483405.5	1436	5839	4403
ENST00000483410.1	389	7298	6909
ENST00000483411.5	0	903	903
ENST00000483426.5	0	364	364
ENST00000483434.5	16201	19444	3243
ENST00000483437.2	161	64760	64599
ENST00000483439.1	174	868	694
ENST00000483447.1	0	272	272
ENST00000483457.1	7	255900	255893
ENST00000483465.5	1536	120751	119215
ENST00000483466.5	781	681682	680901
ENST00000483468.5	36591	83470	46879
ENST00000483490.1	0	667	667
ENST00000483493.6	49923	50719	796
ENST00000483497.6	308	46100	45792
ENST00000483530.6	16547	75333	58786
ENST00000483534.5	13948	33279	19331
ENST00000483536.6	106606	154703	48097
ENST00000483539.3	0	13230	13230
ENST00000483553.6	54	12575	12521
ENST00000483557.5	27091	32277	5186
ENST00000483566.2	2213	67907	65694
ENST00000483582.5	218	17494	17276
ENST00000483589.5	3081	6442	3361
ENST00000483593.5	99	5142	5043
ENST00000483615.1	0	3554	3554
ENST00000483619.1	0	96227	96227
ENST00000483630.6	0	6051	6051
ENST00000483631.2	1741	15291	13550
ENST00000483632.5	9110	12473	3363
ENST00000483633.6	6200	9207	3007
ENST00000483645.6	734	2926	2192
ENST00000483658.2	17521	23215	5694
ENST00000483660.5	28	4041	4013
ENST00000483663.5	21043	40306	19263
ENST00000483665.6	11	1586	1575
ENST00000483681.5	653	19136	18483
ENST00000483687.5	21	81214	81193
ENST00000483702.5	780	3813	3033
ENST00000483704.5	0	847	847
ENST00000483705.6	0	17529	17529
ENST00000483708.1	9222	11228	2006
ENST00000483709.6	10364	21205	10841
ENST00000483713.5	89	5950	5861
ENST00000483718.5	50	4213	4163
ENST00000483720.7	2422	7448	5026
ENST00000483722.2	2681	12217	9536
ENST00000483723.5	10825	17001	6176
ENST00000483725.8	5706	17652	11946
ENST00000483726.1	0	18951	18951
ENST00000483733.1	111	53421	53310
ENST00000483738.1	0	21181	21181
ENST00000483743.6	145	99043	98898
ENST00000483744.6	0	10241	10241
ENST00000483746.1	0	5603	5603
ENST00000483754.1	31074	214557	183483
ENST00000483756.5	2773	2987	214
ENST00000483757.6	13450	94849	81399
ENST00000483760.1	123	162076	161953
ENST00000483765.5	12	1761	1749
ENST00000483766.1	0	22082	22082
ENST00000483786.5	4778	7967	3189
ENST00000483787.5	0	18868	18868
ENST00000483793.5	40	59909	59869
ENST00000483795.5	6542	13321	6779
ENST00000483798.6	37	41607	41570
ENST00000483801.6	31	6773	6742
ENST00000483802.6	202	11711	11509
ENST00000483815.5	163	2401	2238
ENST00000483827.1	13311	25275	11964
ENST00000483851.7	2125	11071	8946
ENST00000483855.5	11478	11817	339
ENST00000483857.5	91	3232	3141
ENST00000483858.5	1014	2074	1060
ENST00000483859.6	13038	43505	30467
ENST00000483868.5	2130	7682	5552
ENST00000483871.6	106	1775	1669
ENST00000483873.6	564	9313	8749
ENST00000483876.1	3554	10552	6998
ENST00000483878.1	20140	28938	8798
ENST00000483887.1	51	961	910
ENST00000483888.6	370	124724	124354
ENST00000483892.5	18124	33080	14956
ENST00000483895.5	0	3393	3393
ENST00000483896.5	71	1591	1520
ENST00000483899.1	0	13443	13443
ENST00000483906.5	9	18458	18449
ENST00000483909.5	86	164144	164058
ENST00000483910.6	5101	31402	26301
ENST00000483919.5	3040	14192	11152
ENST00000483928.6	210	11188	10978
ENST00000483930.2	15485	33295	17810
ENST00000483936.5	6	19065	19059
ENST00000483943.6	1475	15395	13920
ENST00000483956.2	184	13440	13256
ENST00000483961.6	314	12529	12215
ENST00000483966.3	163	3991	3828
ENST00000483967.5	124	41965	41841
ENST00000483968.5	0	3978	3978
ENST00000483970.7	115	3943	3828
ENST00000483985.3	0	14430	14430
ENST00000483990.1	12568	16372	3804
ENST00000483993.3	35	2361	2326
ENST00000483994.1	58	12087	12029
ENST00000483998.6	293	4059	3766
ENST00000484007.1	0	3946	3946
ENST00000484019.1	29431	31042	1611
ENST00000484024.5	22454	32135	9681
ENST00000484030.5	858	18647	17789
ENST00000484034.1	33452	35046	1594
ENST00000484036.1	3527	30286	26759
ENST00000484042.1	109	33729	33620
ENST00000484049.6	14721	25084	10363
ENST00000484054.3	0	3024	3024
ENST00000484063.6	15408	49720	34312
ENST00000484067.6	0	5998	5998
ENST00000484068.5	10501	16646	6145
ENST00000484069.1	12441	22998	10557
ENST00000484074.5	29518	216582	187064
ENST00000484075.5	135	178254	178119
ENST00000484086.6	1010	4669	3659
ENST00000484087.6	247	80793	80546
ENST00000484091.1	756	45386	44630
ENST00000484100.5	0	33171	33171
ENST00000484106.3	9875	118196	108321
ENST00000484111.1	308	2299	1991
ENST00000484114.2	13975	14199	224
ENST00000484126.5	61	18218	18157
ENST00000484127.5	0	246	246
ENST00000484142.2	1232	17088	15856
ENST00000484146.6	493	13572	13079
ENST00000484157.5	328	3397	3069
ENST00000484166.5	102	5237	5135
ENST00000484177.5	0	15157	15157
ENST00000484178.5	567	12189	11622
ENST00000484181.5	21	78498	78477
ENST00000484193.5	362	10558	10196
ENST00000484197.5	83	36261	36178
ENST00000484210.1	42	22378	22336
ENST00000484212.5	122	170090	169968
ENST00000484216.1	0	920	920
ENST00000484218.6	107	3368	3261
ENST00000484226.2	104	2245	2141
ENST00000484243.1	15	9914	9899
ENST00000484257.1	2163	6320	4157
ENST00000484259.3	31	37632	37601
ENST00000484262.1	232	17817	17585
ENST00000484274.1	53	81095	81042
ENST00000484279.5	22	2500	2478
ENST00000484280.6	1979	2558	579
ENST00000484283.5	0	44725	44725
ENST00000484288.5	78	89168	89090
ENST00000484291.5	44	2372	2328
ENST00000484298.5	111	236207	236096
ENST00000484302.3	665	3069	2404
ENST00000484309.5	0	2502	2502
ENST00000484310.6	1000	15182	14182
ENST00000484313.3	2460	55638	53178
ENST00000484319.1	560	13449	12889
ENST00000484324.1	654	7900	7246
ENST00000484325.1	77085	87816	10731
ENST00000484329.1	3	349	346
ENST00000484332.1	168	33952	33784
ENST00000484338.6	4	322948	322944
ENST00000484343.2	375	8592	8217
ENST00000484347.5	269	65431	65162
ENST00000484350.5	39	240959	240920
ENST00000484354.1	74	37056	36982
ENST00000484361.1	0	1882	1882
ENST00000484370.5	3120	31714	28594
ENST00000484376.1	0	485	485
ENST00000484389.6	63528	88157	24629
ENST00000484399.5	2507	15370	12863
ENST00000484408.5	0	1175	1175
ENST00000484414.5	4892	5888	996
ENST00000484416.5	773	13501	12728
ENST00000484417.5	8	26838	26830
ENST00000484418.1	2609	4132	1523
ENST00000484425.6	7857	16167	8310
ENST00000484432.1	4335	12129	7794
ENST00000484436.7	0	5817	5817
ENST00000484444.6	25	20256	20231
ENST00000484445.5	855	12745	11890
ENST00000484447.6	169	151631	151462
ENST00000484457.6	71	109417	109346
ENST00000484460.5	56886	104285	47399
ENST00000484471.6	236	33206	32970
ENST00000484475.5	241	12510	12269
ENST00000484477.2	0	2016	2016
ENST00000484479.1	0	113855	113855
ENST00000484490.1	499	6163	5664
ENST00000484491.5	268	83940	83672
ENST00000484492.5	3351	7432	4081
ENST00000484504.5	6423	10762	4339
ENST00000484508.5	10348	61663	51315
ENST00000484517.2	358	32307	31949
ENST00000484519.5	0	9232	9232
ENST00000484524.5	0	11354	11354
ENST00000484532.6	22041	38395	16354
ENST00000484535.5	8689	123911	115222
ENST00000484547.7	0	2173	2173
ENST00000484549.6	42147	42595	448
ENST00000484551.1	193	3177	2984
ENST00000484552.6	58	29381	29323
ENST00000484556.1	0	2947	2947
ENST00000484558.3	176	2462	2286
ENST00000484566.5	890	5673	4783
ENST00000484585.5	1836	12907	11071
ENST00000484586.5	0	6721	6721
ENST00000484589.2	0	82864	82864
ENST00000484601.6	458	22836	22378
ENST00000484605.1	0	7004	7004
ENST00000484614.5	30010	51887	21877
ENST00000484633.5	606	4851	4245
ENST00000484636.1	13577	14360	783
ENST00000484640.6	314	2969	2655
ENST00000484644.5	35094	39684	4590
ENST00000484657.5	3154	11580	8426
ENST00000484663.5	2565	8516	5951
ENST00000484667.2	92	1567	1475
ENST00000484674.5	620	47475	46855
ENST00000484684.1	234	2434	2200
ENST00000484691.1	0	15708	15708
ENST00000484697.5	0	2951	2951
ENST00000484714.2	5	62396	62391
ENST00000484715.1	7916	8210	294
ENST00000484720.1	0	3230	3230
ENST00000484722.5	74306	100462	26156
ENST00000484723.6	0	72349	72349
ENST00000484726.5	11636	455056	443420
ENST00000484729.2	1950	6905	4955
ENST00000484731.3	832	7878	7046
ENST00000484733.6	8227	12691	4464
ENST00000484735.5	0	6657	6657
ENST00000484742.5	2835	4275	1440
ENST00000484743.5	22	13383	13361
ENST00000484746.1	0	12402	12402
ENST00000484747.5	321	7284	6963
ENST00000484758.6	1364	143850	142486
ENST00000484764.5	146	3776	3630
ENST00000484769.1	14552	15477	925
ENST00000484784.2	0	400	400
ENST00000484786.5	89640	117265	27625
ENST00000484790.5	79766	80851	1085
ENST00000484793.5	2903	21890	18987
ENST00000484798.5	0	28317	28317
ENST00000484800.6	2624	50334	47710
ENST00000484810.5	5620	8069	2449
ENST00000484814.1	2738	4225	1487
ENST00000484817.1	0	1160	1160
ENST00000484818.6	3	32056	32053
ENST00000484828.1	0	31275	31275
ENST00000484844.2	0	1328	1328
ENST00000484864.1	36	3558	3522
ENST00000484866.5	733	8309	7576
ENST00000484868.2	28623	64735	36112
ENST00000484873.6	5101	5217	116
ENST00000484875.5	959	102547	101588
ENST00000484888.5	15	79699	79684
ENST00000484893.2	6089	38734	32645
ENST00000484897.4	64158	65926	1768
ENST00000484921.1	33	17104	17071
ENST00000484928.5	1148	5161	4013
ENST00000484930.5	3	67569	67566
ENST00000484931.5	0	53044	53044
ENST00000484937.5	12	320910	320898
ENST00000484952.6	1082	17927	16845
ENST00000484953.1	0	68	68
ENST00000484955.5	21289	34749	13460
ENST00000484958.5	35237	37021	1784
ENST00000484963.5	1555	21602	20047
ENST00000484971.1	0	176	176
ENST00000484973.5	98	99835	99737
ENST00000484976.6	17777	26495	8718
ENST00000484979.5	737	37549	36812
ENST00000484980.5	592	2363	1771
ENST00000484995.5	1695	19287	17592
ENST00000485002.6	5382	124644	119262
ENST00000485005.2	2394	98443	96049
ENST00000485022.1	0	8657	8657
ENST00000485027.5	30781	70152	39371
ENST00000485028.5	2232	26196	23964
ENST00000485032.1	0	3763	3763
ENST00000485033.6	0	17297	17297
ENST00000485036.5	1512	5780	4268
ENST00000485050.5	115	30438	30323
ENST00000485064.1	32	5320	5288
ENST00000485070.5	5059	22771	17712
ENST00000485079.1	0	43223	43223
ENST00000485080.6	1641	3697	2056
ENST00000485083.5	21	1114	1093
ENST00000485087.6	0	48225	48225
ENST00000485089.6	1044	4976	3932
ENST00000485096.5	65760	83804	18044
ENST00000485100.5	75	15309	15234
ENST00000485110.6	249	14145	13896
ENST00000485114.1	0	28902	28902
ENST00000485115.1	0	136	136
ENST00000485118.5	1426	2189	763
ENST00000485122.6	147	10063	9916
ENST00000485128.5	1408	4616	3208
ENST00000485145.1	1849	17851	16002
ENST00000485161.5	17398	53967	36569
ENST00000485169.1	0	1637	1637
ENST00000485178.5	0	22578	22578
ENST00000485181.5	1379	43318	41939
ENST00000485186.1	0	23259	23259
ENST00000485198.5	46632	102568	55936
ENST00000485199.5	765	237292	236527
ENST00000485200.1	0	6956	6956
ENST00000485209.6	77	6838	6761
ENST00000485211.5	0	5810	5810
ENST00000485222.2	27	19364	19337
ENST00000485230.5	38238	39832	1594
ENST00000485248.2	6167	23380	17213
ENST00000485249.1	0	392	392
ENST00000485252.6	37792	41224	3432
ENST00000485254.3	185	579395	579210
ENST00000485271.6	1274	6683	5409
ENST00000485273.1	8601	11146	2545
ENST00000485275.2	740	3586	2846
ENST00000485280.1	9	18330	18321
ENST00000485281.2	138	59236	59098
ENST00000485287.5	205	8603	8398
ENST00000485288.7	827	2749	1922
ENST00000485300.1	63	5164	5101
ENST00000485303.6	202	64037	63835
ENST00000485307.5	254	173889	173635
ENST00000485317.6	288	3280	2992
ENST00000485323.2	29805	40481	10676
ENST00000485326.7	0	53409	53409
ENST00000485330.5	9	10673	10664
ENST00000485333.6	80	2819	2739
ENST00000485337.1	10218	33049	22831
ENST00000485348.3	1441	6628	5187
ENST00000485352.1	0	830	830
ENST00000485356.1	248	5705	5457
ENST00000485357.1	0	5348	5348
ENST00000485358.5	1467	5982	4515
ENST00000485372.1	791	2311	1520
ENST00000485375.6	19683	27203	7520
ENST00000485376.5	165	59401	59236
ENST00000485377.5	639	15313	14674
ENST00000485378.6	0	33998	33998
ENST00000485391.5	5101	25769	20668
ENST00000485396.5	34402	110142	75740
ENST00000485399.5	2370	17284	14914
ENST00000485402.5	14000	15223	1223
ENST00000485403.6	104	12609	12505
ENST00000485416.1	0	448	448
ENST00000485419.7	169	829185	829016
ENST00000485421.1	0	27297	27297
ENST00000485423.1	232	6642	6410
ENST00000485433.6	22738	28795	6057
ENST00000485435.6	599	13572	12973
ENST00000485437.2	6099	32765	26666
ENST00000485444.1	6	4945	4939
ENST00000485453.1	0	3575	3575
ENST00000485460.5	365	7149	6784
ENST00000485461.1	0	2462	2462
ENST00000485477.5	1639	25044	23405
ENST00000485479.6	15457	17382	1925
ENST00000485491.6	191	16028	15837
ENST00000485506.1	0	83082	83082
ENST00000485508.5	2209	10859	8650
ENST00000485509.5	0	160143	160143
ENST00000485511.6	108	28503	28395
ENST00000485523.5	6216	23025	16809
ENST00000485538.1	277	8832	8555
ENST00000485545.5	3804	8587	4783
ENST00000485548.5	11	1617	1606
ENST00000485554.6	244	14027	13783
ENST00000485560.5	1118	53815	52697
ENST00000485568.5	735	109360	108625
ENST00000485569.1	0	12775	12775
ENST00000485592.5	2316	5291	2975
ENST00000485595.5	2431	23989	21558
ENST00000485596.5	182	109646	109464
ENST00000485614.5	319	16672	16353
ENST00000485616.5	72170	113427	41257
ENST00000485634.7	0	49671	49671
ENST00000485637.5	4191	56287	52096
ENST00000485638.5	23496	65915	42419
ENST00000485641.5	5409	7456	2047
ENST00000485645.5	1188	5212	4024
ENST00000485649.3	143	20736	20593
ENST00000485651.5	0	1945	1945
ENST00000485673.6	6526	22654	16128
ENST00000485678.6	1723	4122	2399
ENST00000485682.6	1616	2276	660
ENST00000485687.5	19	30208	30189
ENST00000485690.5	0	9197	9197
ENST00000485703.1	10043	27265	17222
ENST00000485713.5	3776	21853	18077
ENST00000485727.5	1065	37562	36497
ENST00000485729.2	10	8014	8004
ENST00000485734.1	0	17217	17217
ENST00000485735.6	34118	35094	976
ENST00000485742.5	0	324	324
ENST00000485743.1	296	1089	793
ENST00000485751.1	0	310	310
ENST00000485766.1	176	71539	71363
ENST00000485769.5	623	1172	549
ENST00000485772.5	23635	29700	6065
ENST00000485775.5	6	5876	5870
ENST00000485789.5	1500	2663	1163
ENST00000485796.5	724	3074	2350
ENST00000485808.5	0	3075	3075
ENST00000485816.5	154	20153	19999
ENST00000485838.5	37	6817	6780
ENST00000485839.6	67	18868	18801
ENST00000485846.5	10121	33187	23066
ENST00000485855.1	0	6653	6653
ENST00000485861.5	0	21557	21557
ENST00000485863.1	0	26413	26413
ENST00000485866.5	16	83688	83672
ENST00000485867.5	2323	5303	2980
ENST00000485876.6	24	4292	4268
ENST00000485895.6	1389	7795	6406
ENST00000485900.1	18165	33155	14990
ENST00000485903.6	69	373982	373913
ENST00000485906.6	0	41129	41129
ENST00000485908.6	148	4403	4255
ENST00000485910.5	511	160541	160030
ENST00000485914.2	7420	12122	4702
ENST00000485919.5	10261	22000	11739
ENST00000485920.2	0	16595	16595
ENST00000485923.1	19086	24202	5116
ENST00000485924.2	0	2238	2238
ENST00000485928.5	8717	10734	2017
ENST00000485929.5	0	2187	2187
ENST00000485932.5	32	5651	5619
ENST00000485938.4	40	4646	4606
ENST00000485960.7	23	85447	85424
ENST00000485964.5	24999	39588	14589
ENST00000485972.6	197	4897	4700
ENST00000485977.1	48	11748	11700
ENST00000485982.5	5054	17085	12031
ENST00000485993.4	0	6172	6172
ENST00000485998.6	1655	10900	9245
ENST00000486000.2	38	355	317
ENST00000486010.1	0	1974	1974
ENST00000486012.5	44187	82314	38127
ENST00000486037.1	0	197627	197627
ENST00000486039.1	140	408	268
ENST00000486040.1	4476	8336	3860
ENST00000486042.1	13	12347	12334
ENST00000486046.5	199	1529	1330
ENST00000486047.5	39012	77917	38905
ENST00000486050.1	10162	10864	702
ENST00000486064.5	520	1241	721
ENST00000486072.1	0	1052	1052
ENST00000486074.2	193	30278	30085
ENST00000486081.6	86	9597	9511
ENST00000486082.5	43	8979	8936
ENST00000486085.5	574	15425	14851
ENST00000486108.1	9774	10422	648
ENST00000486111.5	1014	55089	54075
ENST00000486116.5	0	4237	4237
ENST00000486121.7	2818	10628	7810
ENST00000486125.5	482	1450	968
ENST00000486130.5	0	27144	27144
ENST00000486134.1	0	519	519
ENST00000486135.1	0	184	184
ENST00000486138.2	13	34868	34855
ENST00000486141.3	0	24229	24229
ENST00000486145.6	226	114591	114365
ENST00000486149.2	3820	4807	987
ENST00000486160.3	56	53866	53810
ENST00000486161.5	473	420923	420450
ENST00000486164.5	0	12707	12707
ENST00000486165.5	4341	13444	9103
ENST00000486171.5	17	4326	4309
ENST00000486180.5	1134	15529	14395
ENST00000486199.5	6	30707	30701
ENST00000486207.6	1030	4905	3875
ENST00000486211.1	5211	29843	24632
ENST00000486215.1	39	397	358
ENST00000486217.2	0	1383	1383
ENST00000486220.5	1949	82569	80620
ENST00000486221.5	47	19531	19484
ENST00000486226.1	18542	27345	8803
ENST00000486229.5	4849	26031	21182
ENST00000486238.1	254	3633	3379
ENST00000486249.5	35991	40661	4670
ENST00000486257.5	2960	17754	14794
ENST00000486270.5	25	4208	4183
ENST00000486279.2	0	7958	7958
ENST00000486280.1	136	1085	949
ENST00000486284.5	274	828065	827791
ENST00000486293.1	0	81455	81455
ENST00000486299.5	0	789	789
ENST00000486304.2	396	2871	2475
ENST00000486310.5	12599	25909	13310
ENST00000486311.5	0	2134	2134
ENST00000486313.2	0	13319	13319
ENST00000486319.5	3622	34945	31323
ENST00000486333.2	38	4698	4660
ENST00000486334.6	35750	56399	20649
ENST00000486337.6	166	991	825
ENST00000486347.5	568	25366	24798
ENST00000486349.2	129	746	617
ENST00000486353.5	21	8455	8434
ENST00000486355.1	1699	5499	3800
ENST00000486368.6	0	23693	23693
ENST00000486371.1	117	415	298
ENST00000486379.1	0	11541	11541
ENST00000486387.6	40245	58113	17868
ENST00000486389.5	1459	4599	3140
ENST00000486393.5	2523	4664	2141
ENST00000486396.1	2101	7492	5391
ENST00000486402.1	287	5653	5366
ENST00000486405.2	3	35170	35167
ENST00000486417.5	0	24551	24551
ENST00000486418.5	167	15303	15136
ENST00000486422.1	124	10105	9981
ENST00000486428.6	761	18868	18107
ENST00000486433.5	4178	18135	13957
ENST00000486435.1	40283	42805	2522
ENST00000486437.1	2935	3898	963
ENST00000486442.6	177018	324095	147077
ENST00000486443.5	141	4336	4195
ENST00000486446.3	3	91026	91023
ENST00000486455.5	433	19467	19034
ENST00000486459.1	29	11798	11769
ENST00000486460.1	321	13367	13046
ENST00000486461.2	193	2863	2670
ENST00000486464.1	1526	35639	34113
ENST00000486474.5	25456	26070	614
ENST00000486475.6	183	19656	19473
ENST00000486479.3	2655	7555	4900
ENST00000486483.5	4463	33859	29396
ENST00000486487.1	33	3677	3644
ENST00000486488.5	132	30981	30849
ENST00000486504.5	95	2349	2254
ENST00000486514.5	0	318557	318557
ENST00000486519.5	7422	14436	7014
ENST00000486554.1	0	1298	1298
ENST00000486556.1	453	2179	1726
ENST00000486558.6	10312	18291	7979
ENST00000486561.6	662	9294	8632
ENST00000486562.2	280	74003	73723
ENST00000486568.5	216	75568	75352
ENST00000486574.5	0	1375	1375
ENST00000486577.6	106	81257	81151
ENST00000486585.2	86	16045	15959
ENST00000486588.6	0	18603	18603
ENST00000486593.5	7909	18587	10678
ENST00000486596.5	0	55005	55005
ENST00000486598.1	7564	11298	3734
ENST00000486602.1	61	4877	4816
ENST00000486603.2	174	3216	3042
ENST00000486604.1	796	3535	2739
ENST00000486606.5	5620	7933	2313
ENST00000486607.5	59	11461	11402
ENST00000486609.1	0	4260	4260
ENST00000486626.8	0	1710	1710
ENST00000486629.1	0	2381	2381
ENST00000486631.5	0	16898	16898
ENST00000486632.5	0	28317	28317
ENST00000486637.2	1556	8915	7359
ENST00000486638.1	0	2746	2746
ENST00000486645.5	5009	21740	16731
ENST00000486652.5	35515	45565	10050
ENST00000486655.5	9124	22016	12892
ENST00000486659.5	213	1911	1698
ENST00000486663.5	6712	31342	24630
ENST00000486668.5	0	1476	1476
ENST00000486678.6	10387	49572	39185
ENST00000486681.5	41297	51752	10455
ENST00000486685.3	274	24005	23731
ENST00000486689.6	924	115080	114156
ENST00000486690.6	25	4160	4135
ENST00000486699.5	206	1213	1007
ENST00000486700.2	4583	6615	2032
ENST00000486706.6	16042	21952	5910
ENST00000486707.5	996	2086	1090
ENST00000486713.1	48	2298	2250
ENST00000486714.2	68	1432	1364
ENST00000486715.6	108	49172	49064
ENST00000486723.1	22202	30098	7896
ENST00000486725.1	16705	32906	16201
ENST00000486728.5	3	2122	2119
ENST00000486742.2	162	6620	6458
ENST00000486744.3	4858	5447	589
ENST00000486748.2	0	282485	282485
ENST00000486759.6	4053	19394	15341
ENST00000486770.7	214	246723	246509
ENST00000486773.1	572	16391	15819
ENST00000486775.5	1195	19553	18358
ENST00000486777.7	2142	43361	41219
ENST00000486790.2	35	13634	13599
ENST00000486791.6	13859	35969	22110
ENST00000486794.1	69	9765	9696
ENST00000486806.1	0	9668	9668
ENST00000486811.5	405	4560	4155
ENST00000486814.2	2425	7451	5026
ENST00000486815.5	21590	39751	18161
ENST00000486825.6	10124	36433	26309
ENST00000486827.1	38	348	310
ENST00000486828.6	6633	13680	7047
ENST00000486829.1	124808	203734	78926
ENST00000486843.1	0	2238	2238
ENST00000486847.2	0	3756	3756
ENST00000486850.1	0	7824	7824
ENST00000486856.5	0	9852	9852
ENST00000486858.5	138	57489	57351
ENST00000486862.1	0	4268	4268
ENST00000486867.2	1303	15597	14294
ENST00000486878.2	0	3227	3227
ENST00000486879.2	123	4925	4802
ENST00000486896.5	3359	14048	10689
ENST00000486897.5	2272	4289	2017
ENST00000486903.5	10014	70814	60800
ENST00000486909.1	22	3294	3272
ENST00000486911.2	74	35654	35580
ENST00000486921.5	147	163987	163840
ENST00000486936.2	1379	3845	2466
ENST00000486940.2	0	13853	13853
ENST00000486942.5	20114	59410	39296
ENST00000486943.1	314	1242	928
ENST00000486944.2	283	3732	3449
ENST00000486950.5	456	30253	29797
ENST00000486952.2	0	125454	125454
ENST00000486971.1	66	6601	6535
ENST00000486975.1	199	289771	289572
ENST00000486979.6	6822	60193	53371
ENST00000486995.5	10	452	442
ENST00000486996.5	339	2023	1684
ENST00000487007.1	0	4864	4864
ENST00000487026.5	893	2450	1557
ENST00000487029.1	0	102	102
ENST00000487038.5	21771	30802	9031
ENST00000487042.5	13879	15304	1425
ENST00000487046.1	209	3111	2902
ENST00000487053.5	7532	16044	8512
ENST00000487065.5	151243	213818	62575
ENST00000487068.1	730	6340	5610
ENST00000487078.5	1313	20406	19093
ENST00000487081.1	2228	23239	21011
ENST00000487082.5	134	19292	19158
ENST00000487087.5	21	19317	19296
ENST00000487088.6	22995	71572	48577
ENST00000487099.7	5433	255274	249841
ENST00000487101.5	9453	21595	12142
ENST00000487103.5	3629	108646	105017
ENST00000487109.5	9199	24443	15244
ENST00000487113.1	200	1512	1312
ENST00000487116.5	0	13914	13914
ENST00000487126.5	2327	5244	2917
ENST00000487132.6	20895	84981	64086
ENST00000487136.2	3328	3584	256
ENST00000487137.7	916	10998	10082
ENST00000487141.5	44	23878	23834
ENST00000487146.8	83	9933	9850
ENST00000487150.2	1715	4509	2794
ENST00000487153.1	126	2006	1880
ENST00000487159.5	163038	212465	49427
ENST00000487173.5	219	12166	11947
ENST00000487179.2	246	4906	4660
ENST00000487184.2	37084	75806	38722
ENST00000487193.1	11296	15828	4532
ENST00000487199.5	0	514	514
ENST00000487200.5	390	44222	43832
ENST00000487205.5	76	14141	14065
ENST00000487210.5	0	146247	146247
ENST00000487220.1	1455	1675	220
ENST00000487230.5	13459	31973	18514
ENST00000487251.5	760	103399	102639
ENST00000487253.6	2566	22452	19886
ENST00000487256.1	442	2033	1591
ENST00000487257.1	104	4555	4451
ENST00000487270.5	3736	775934	772198
ENST00000487271.5	6762	9070	2308
ENST00000487272.1	3440	8599	5159
ENST00000487273.7	91	109159	109068
ENST00000487276.5	1452	173287	171835
ENST00000487279.6	11957	17291	5334
ENST00000487285.5	64	5323	5259
ENST00000487289.1	418	17626	17208
ENST00000487292.1	0	608	608
ENST00000487300.1	0	3088	3088
ENST00000487323.5	1863	9612	7749
ENST00000487331.2	0	7135	7135
ENST00000487335.5	33475	255238	221763
ENST00000487338.6	125	62743	62618
ENST00000487349.6	8211	25443	17232
ENST00000487355.5	0	8192	8192
ENST00000487361.5	394	27373	26979
ENST00000487366.5	271	2785	2514
ENST00000487372.5	370	149246	148876
ENST00000487389.5	231	18651	18420
ENST00000487393.1	0	5001	5001
ENST00000487416.7	1101	14182	13081
ENST00000487418.8	33	13722	13689
ENST00000487424.2	13040	14125	1085
ENST00000487429.1	583	2090	1507
ENST00000487430.7	102	2829	2727
ENST00000487437.5	650	1634	984
ENST00000487447.1	0	3444	3444
ENST00000487453.1	1444	6800	5356
ENST00000487468.5	841	104050	103209
ENST00000487473.6	84	90291	90207
ENST00000487476.5	383	125842	125459
ENST00000487484.1	0	12375	12375
ENST00000487495.5	1256	2407	1151
ENST00000487503.5	0	9102	9102
ENST00000487505.6	3716	39751	36035
ENST00000487507.1	0	8462	8462
ENST00000487519.6	138	10392	10254
ENST00000487522.5	147	14914	14767
ENST00000487525.5	38	2981	2943
ENST00000487530.2	0	6241	6241
ENST00000487540.7	1865	15097	13232
ENST00000487543.2	12002	72679	60677
ENST00000487553.5	167	37552	37385
ENST00000487559.1	1330	1733	403
ENST00000487561.2	0	12480	12480
ENST00000487562.5	2798	21037	18239
ENST00000487572.5	7167	44610	37443
ENST00000487577.5	18	5391	5373
ENST00000487587.3	56	7052	6996
ENST00000487599.1	1699	24396	22697
ENST00000487602.5	1125	14152	13027
ENST00000487612.1	141	986	845
ENST00000487627.5	3501	4101	600
ENST00000487634.5	1395	28574	27179
ENST00000487640.5	15188	16613	1425
ENST00000487642.5	0	2781	2781
ENST00000487647.5	13306	41634	28328
ENST00000487649.5	847	7878	7031
ENST00000487652.5	38	24016	23978
ENST00000487664.5	74	93709	93635
ENST00000487666.5	103	2645	2542
ENST00000487667.5	1574	5740	4166
ENST00000487672.1	5790	27053	21263
ENST00000487688.1	700	2976	2276
ENST00000487694.7	30799	1742365	1711566
ENST00000487695.6	47	339704	339657
ENST00000487698.5	1585	16661	15076
ENST00000487717.5	670	90200	89530
ENST00000487726.5	2296	3405	1109
ENST00000487727.6	0	10830	10830
ENST00000487734.5	47835	149459	101624
ENST00000487736.5	9	8939	8930
ENST00000487741.6	6795	11540	4745
ENST00000487753.5	0	35626	35626
ENST00000487761.5	603	2183	1580
ENST00000487763.5	63	17032	16969
ENST00000487769.2	0	33247	33247
ENST00000487783.5	0	3685	3685
ENST00000487787.5	43	104082	104039
ENST00000487794.5	1576	2809	1233
ENST00000487796.2	2477	5186	2709
ENST00000487798.5	37	11370	11333
ENST00000487799.5	118	38890	38772
ENST00000487803.5	7204	14753	7549
ENST00000487819.5	0	5459	5459
ENST00000487822.5	0	2038	2038
ENST00000487824.2	0	386	386
ENST00000487830.2	6102	44128	38026
ENST00000487832.6	17371	22046	4675
ENST00000487835.5	0	28171	28171
ENST00000487836.6	2186	74191	72005
ENST00000487838.5	40	17781	17741
ENST00000487848.6	1595	9039	7444
ENST00000487861.5	3765	792730	788965
ENST00000487863.5	25472	30474	5002
ENST00000487864.1	200	1523	1323
ENST00000487865.5	33	70323	70290
ENST00000487873.1	0	1319	1319
ENST00000487874.1	2392	51260	48868
ENST00000487897.5	16902	20119	3217
ENST00000487901.1	0	7213	7213
ENST00000487902.5	1993	5245	3252
ENST00000487903.5	88	191335	191247
ENST00000487906.5	71720	77196	5476
ENST00000487910.1	4088	11095	7007
ENST00000487915.6	0	163458	163458
ENST00000487924.1	1568	8992	7424
ENST00000487932.5	11973	22223	10250
ENST00000487938.5	145	7917	7772
ENST00000487941.6	509	5162	4653
ENST00000487947.6	18	33494	33476
ENST00000487950.1	6442	15580	9138
ENST00000487978.5	0	6086	6086
ENST00000487985.1	0	2868	2868
ENST00000487990.5	1603	7421	5818
ENST00000488005.5	597	36602	36005
ENST00000488009.1	0	21176	21176
ENST00000488010.5	6820	31324	24504
ENST00000488011.1	1670	2581	911
ENST00000488012.5	0	32294	32294
ENST00000488031.6	1626	20608	18982
ENST00000488034.6	211	2089	1878
ENST00000488048.1	0	962	962
ENST00000488050.1	970	1841	871
ENST00000488054.1	65	25699	25634
ENST00000488060.1	6012	6148	136
ENST00000488061.5	801	925	124
ENST00000488066.5	10	14760	14750
ENST00000488079.1	280	5501	5221
ENST00000488083.5	0	2394	2394
ENST00000488100.6	0	20892	20892
ENST00000488107.6	0	27119	27119
ENST00000488109.6	1103	5760	4657
ENST00000488120.2	1082	110864	109782
ENST00000488134.5	27439	78278	50839
ENST00000488135.6	24069	29526	5457
ENST00000488137.5	0	548	548
ENST00000488144.5	78342	86331	7989
ENST00000488156.1	0	132	132
ENST00000488165.5	144	16009	15865
ENST00000488170.5	3	1987	1984
ENST00000488172.5	158	39365	39207
ENST00000488175.5	2	93847	93845
ENST00000488176.1	53	35933	35880
ENST00000488181.3	870	247861	246991
ENST00000488185.2	0	11869	11869
ENST00000488193.7	8910	17435	8525
ENST00000488198.5	154	13579	13425
ENST00000488199.5	36	7551	7515
ENST00000488206.5	43082	44177	1095
ENST00000488215.5	0	154	154
ENST00000488226.2	0	4862	4862
ENST00000488228.1	0	8196	8196
ENST00000488236.5	0	7118	7118
ENST00000488238.5	0	4621	4621
ENST00000488241.5	4496	4969	473
ENST00000488245.6	14418	41150	26732
ENST00000488246.6	0	12930	12930
ENST00000488252.6	3828	15566	11738
ENST00000488253.5	9560	20613	11053
ENST00000488254.6	7	11949	11942
ENST00000488258.5	26758	308608	281850
ENST00000488266.5	5970	14043	8073
ENST00000488267.5	153	19439	19286
ENST00000488279.6	49630	122400	72770
ENST00000488296.1	0	244	244
ENST00000488300.6	52168	53648	1480
ENST00000488320.1	571	5312	4741
ENST00000488323.5	23226	23498	272
ENST00000488325.5	2416	4300	1884
ENST00000488327.6	6728	7046	318
ENST00000488328.5	57	16991	16934
ENST00000488333.2	324	616	292
ENST00000488336.5	1332	5798	4466
ENST00000488340.5	3626	12748	9122
ENST00000488343.2	0	4138	4138
ENST00000488344.6	8107	16957	8850
ENST00000488353.2	1786	9698	7912
ENST00000488356.5	0	4047	4047
ENST00000488357.1	0	33603	33603
ENST00000488362.5	30	40747	40717
ENST00000488380.5	25	26635	26610
ENST00000488381.5	4786	12143	7357
ENST00000488383.5	177	4589	4412
ENST00000488386.5	103879	124570	20691
ENST00000488397.3	0	6336	6336
ENST00000488404.5	0	20057	20057
ENST00000488417.2	883	43638	42755
ENST00000488418.2	0	260	260
ENST00000488420.1	399	2981	2582
ENST00000488423.2	3706	8058	4352
ENST00000488427.2	1240	31903	30663
ENST00000488429.6	5354	21321	15967
ENST00000488432.1	0	7945	7945
ENST00000488443.1	857	15031	14174
ENST00000488444.6	3	59187	59184
ENST00000488451.5	170	12475	12305
ENST00000488454.5	16082	17508	1426
ENST00000488464.6	1006	2776	1770
ENST00000488466.5	0	75598	75598
ENST00000488467.5	0	523176	523176
ENST00000488469.4	324	2869	2545
ENST00000488470.5	3	400065	400062
ENST00000488476.1	0	96	96
ENST00000488478.5	125	1910	1785
ENST00000488486.5	0	1290	1290
ENST00000488489.5	13686	17423	3737
ENST00000488494.6	1240	37613	36373
ENST00000488495.3	935	7083	6148
ENST00000488497.7	461	27287	26826
ENST00000488499.1	0	1730	1730
ENST00000488505.2	3167	40852	37685
ENST00000488525.2	16	26295	26279
ENST00000488534.5	6573	24020	17447
ENST00000488535.2	237	9065	8828
ENST00000488539.1	0	7633	7633
ENST00000488540.5	145	14009	13864
ENST00000488546.6	6871	22999	16128
ENST00000488550.5	299	134341	134042
ENST00000488551.5	40	4558	4518
ENST00000488558.2	28	20567	20539
ENST00000488564.2	0	13592	13592
ENST00000488574.5	217	9362	9145
ENST00000488576.5	0	8867	8867
ENST00000488580.5	0	7305	7305
ENST00000488594.5	7915	16316	8401
ENST00000488598.5	7822	8576	754
ENST00000488608.5	3592	60285	56693
ENST00000488609.5	45	667	622
ENST00000488610.6	80	1746	1666
ENST00000488612.5	3715	832101	828386
ENST00000488623.6	21338	23972	2634
ENST00000488627.6	2018	3717	1699
ENST00000488631.1	21752	28960	7208
ENST00000488633.2	126	6133	6007
ENST00000488652.6	3669	19838	16169
ENST00000488653.6	1329	50588	49259
ENST00000488673.6	8115	10557	2442
ENST00000488674.2	0	6771	6771
ENST00000488679.5	6745	15896	9151
ENST00000488680.1	11578	18421	6843
ENST00000488681.2	1123	9505	8382
ENST00000488683.1	172	96305	96133
ENST00000488684.5	89	5950	5861
ENST00000488690.6	282	2479	2197
ENST00000488699.5	43	65607	65564
ENST00000488716.1	4941	10121	5180
ENST00000488717.5	37453	147456	110003
ENST00000488718.5	0	25938	25938
ENST00000488727.5	85	74084	73999
ENST00000488729.5	96785	96999	214
ENST00000488731.6	66	5904	5838
ENST00000488734.5	37854	37930	76
ENST00000488741.5	5615	15833	10218
ENST00000488746.1	582	6699	6117
ENST00000488747.5	17	11528	11511
ENST00000488752.5	0	1295	1295
ENST00000488757.6	20	4872	4852
ENST00000488762.5	12973	13312	339
ENST00000488763.5	52674	52978	304
ENST00000488766.5	154	21974	21820
ENST00000488769.2	23	5194	5171
ENST00000488770.1	13292	24409	11117
ENST00000488775.5	133	8088	7955
ENST00000488780.6	193	84564	84371
ENST00000488781.5	36	6323	6287
ENST00000488787.5	2385	10415	8030
ENST00000488788.2	2233	29254	27021
ENST00000488794.6	255	14401	14146
ENST00000488795.1	124	72766	72642
ENST00000488800.5	0	846	846
ENST00000488810.5	199	68798	68599
ENST00000488816.1	0	37916	37916
ENST00000488854.6	53769	70925	17156
ENST00000488857.5	39	1981	1942
ENST00000488863.5	362	77502	77140
ENST00000488864.5	0	17339	17339
ENST00000488865.2	171	3726	3555
ENST00000488869.1	90	11378	11288
ENST00000488877.6	0	20368	20368
ENST00000488879.7	35990	38358	2368
ENST00000488892.5	120	7364	7244
ENST00000488912.5	21566	69250	47684
ENST00000488917.1	0	809	809
ENST00000488919.5	11659	32431	20772
ENST00000488920.2	381	1087	706
ENST00000488921.6	7822	8318	496
ENST00000488922.6	12781	13558	777
ENST00000488925.1	794	3093	2299
ENST00000488927.2	796	4510	3714
ENST00000488930.5	65704	84403	18699
ENST00000488931.2	27083	45287	18204
ENST00000488932.5	0	3995	3995
ENST00000488936.1	2015	8701	6686
ENST00000488942.5	0	6767	6767
ENST00000488943.1	81	4598	4517
ENST00000488954.1	379	59503	59124
ENST00000488958.5	9545	32416	22871
ENST00000488961.5	1301	26639	25338
ENST00000488965.1	47	33108	33061
ENST00000488969.1	0	23433	23433
ENST00000488990.5	516	49456	48940
ENST00000489004.5	0	7525	7525
ENST00000489015.1	0	6381	6381
ENST00000489024.5	0	99028	99028
ENST00000489029.1	161	37958	37797
ENST00000489031.5	426	15391	14965
ENST00000489033.5	3	307	304
ENST00000489034.2	0	18432	18432
ENST00000489036.5	0	161253	161253
ENST00000489037.2	1386	85291	83905
ENST00000489041.2	29	2893	2864
ENST00000489056.5	69	6704	6635
ENST00000489057.1	0	62	62
ENST00000489058.6	23003	28924	5921
ENST00000489081.5	59	64228	64169
ENST00000489090.2	720	3508	2788
ENST00000489093.1	0	6430	6430
ENST00000489099.5	6816	82862	76046
ENST00000489100.5	0	9628	9628
ENST00000489102.2	57	2764	2707
ENST00000489117.5	0	519	519
ENST00000489125.2	0	10416	10416
ENST00000489131.1	1967	2111	144
ENST00000489144.5	29933	35074	5141
ENST00000489148.5	30582	34132	3550
ENST00000489155.1	176	2490	2314
ENST00000489157.6	2059	15413	13354
ENST00000489161.2	36986	45917	8931
ENST00000489170.5	1936	8331	6395
ENST00000489180.6	16695	126190	109495
ENST00000489183.1	91	2229	2138
ENST00000489192.5	78	5343	5265
ENST00000489199.2	0	1362	1362
ENST00000489203.2	1621	12922	11301
ENST00000489213.5	34580	58957	24377
ENST00000489216.5	8663	77660	68997
ENST00000489219.5	863	48892	48029
ENST00000489223.2	0	1779	1779
ENST00000489237.6	41	6536	6495
ENST00000489241.1	13772	17042	3270
ENST00000489244.1	9942	17284	7342
ENST00000489254.5	260	98426	98166
ENST00000489263.1	0	10313	10313
ENST00000489272.5	9848	9956	108
ENST00000489273.1	0	33848	33848
ENST00000489283.5	49077	53155	4078
ENST00000489286.5	111	8350	8239
ENST00000489288.7	8144	11945	3801
ENST00000489290.1	29	10456	10427
ENST00000489291.5	72	141352	141280
ENST00000489294.2	183	25978	25795
ENST00000489298.1	149	15282	15133
ENST00000489301.6	85	51237	51152
ENST00000489304.6	0	9442	9442
ENST00000489308.6	3577	30676	27099
ENST00000489314.1	256	80720	80464
ENST00000489316.5	0	7000	7000
ENST00000489321.5	20948	52310	31362
ENST00000489328.1	37815	37891	76
ENST00000489329.5	2668	8146	5478
ENST00000489338.6	1814	7819	6005
ENST00000489339.2	516	1666	1150
ENST00000489341.5	6747	55307	48560
ENST00000489352.5	736	3734	2998
ENST00000489358.5	59	13296	13237
ENST00000489361.1	91	4867	4776
ENST00000489363.5	1098	29350	28252
ENST00000489374.5	27923	163892	135969
ENST00000489375.5	1775	2528	753
ENST00000489385.5	1658	5474	3816
ENST00000489394.5	155	1316	1161
ENST00000489400.2	0	70825	70825
ENST00000489404.5	10	19324	19314
ENST00000489410.1	134	14956	14822
ENST00000489418.6	869	20259	19390
ENST00000489426.5	3814	10992	7178
ENST00000489427.1	3627	4375	748
ENST00000489432.7	890	5990	5100
ENST00000489434.3	3	2524	2521
ENST00000489435.2	169	1947	1778
ENST00000489441.5	7471	16952	9481
ENST00000489442.5	5218	36049	30831
ENST00000489444.6	2813	14905	12092
ENST00000489457.2	114	28290	28176
ENST00000489459.5	2791	5050	2259
ENST00000489471.5	0	33214	33214
ENST00000489472.1	6839	9409	2570
ENST00000489473.6	37817	37881	64
ENST00000489475.5	69	3059	2990
ENST00000489498.5	10957	12765	1808
ENST00000489512.5	2909	22091	19182
ENST00000489514.6	40029	66724	26695
ENST00000489516.7	787	99853	99066
ENST00000489517.1	0	9309	9309
ENST00000489524.5	7216	10768	3552
ENST00000489525.5	321	1538	1217
ENST00000489527.1	0	3788	3788
ENST00000489538.1	488	2646	2158
ENST00000489552.1	0	542	542
ENST00000489567.5	1185	25084	23899
ENST00000489571.5	13301	25118	11817
ENST00000489572.5	44	15476	15432
ENST00000489573.5	1161	16111	14950
ENST00000489585.5	3635	77225	73590
ENST00000489591.5	46	5836	5790
ENST00000489595.6	0	1209	1209
ENST00000489597.2	1048	42026	40978
ENST00000489602.1	0	25011	25011
ENST00000489615.5	401	191167	190766
ENST00000489618.5	0	20904	20904
ENST00000489623.1	208	5452	5244
ENST00000489630.5	0	18454	18454
ENST00000489634.2	5728	44311	38583
ENST00000489635.5	135	9685	9550
ENST00000489637.3	68	69493	69425
ENST00000489640.5	107	12363	12256
ENST00000489647.4	114	28319	28205
ENST00000489649.6	2802	3899	1097
ENST00000489656.5	122	33072	32950
ENST00000489666.2	0	101070	101070
ENST00000489667.1	152	4564	4412
ENST00000489671.6	8088	158647	150559
ENST00000489681.5	0	2595	2595
ENST00000489686.5	17929	18095	166
ENST00000489689.5	1889	135162	133273
ENST00000489693.2	0	8700	8700
ENST00000489701.5	6922	34405	27483
ENST00000489702.6	4470	12737	8267
ENST00000489703.2	5685	16051	10366
ENST00000489705.2	9201	9301	100
ENST00000489707.5	0	29438	29438
ENST00000489709.5	49	32513	32464
ENST00000489710.1	8986	26619	17633
ENST00000489711.6	76	48768	48692
ENST00000489715.1	477	255610	255133
ENST00000489724.2	149	2443	2294
ENST00000489730.1	387	1214	827
ENST00000489742.1	0	477	477
ENST00000489746.5	1055	37552	36497
ENST00000489748.5	62615	73039	10424
ENST00000489752.1	28119	54882	26763
ENST00000489753.1	5947	16606	10659
ENST00000489769.1	2497	5780	3283
ENST00000489775.5	9549	20602	11053
ENST00000489789.3	0	29835	29835
ENST00000489791.1	266	18022	17756
ENST00000489794.1	72	38954	38882
ENST00000489798.5	2616	39536	36920
ENST00000489805.5	9415	14521	5106
ENST00000489809.5	1707	32971	31264
ENST00000489816.5	25998	28274	2276
ENST00000489817.1	0	102	102
ENST00000489824.1	47	826	779
ENST00000489828.5	315	153366	153051
ENST00000489835.6	910	10948	10038
ENST00000489843.1	817	6130	5313
ENST00000489848.5	8709	14431	5722
ENST00000489855.2	518	31294	30776
ENST00000489857.5	0	18741	18741
ENST00000489860.5	617	3435	2818
ENST00000489862.1	4698	18546	13848
ENST00000489867.2	0	7104	7104
ENST00000489868.6	4338	7304	2966
ENST00000489889.2	331	5961	5630
ENST00000489897.6	28718	151008	122290
ENST00000489917.1	16161	24654	8493
ENST00000489923.5	103	79247	79144
ENST00000489932.2	3663	8876	5213
ENST00000489938.2	12606	29596	16990
ENST00000489940.5	791	2712	1921
ENST00000489941.6	100	15792	15692
ENST00000489945.5	3027	36696	33669
ENST00000489960.5	378	8109	7731
ENST00000489978.5	39291	39671	380
ENST00000489986.1	53	17677	17624
ENST00000489990.5	0	149334	149334
ENST00000490004.1	228	46431	46203
ENST00000490012.6	236387	269702	33315
ENST00000490016.6	70	286510	286440
ENST00000490017.1	0	641	641
ENST00000490025.5	5085	10328	5243
ENST00000490035.7	7946	643664	635718
ENST00000490038.1	0	13318	13318
ENST00000490039.1	5	132011	132006
ENST00000490047.2	31444	93712	62268
ENST00000490063.5	0	973	973
ENST00000490064.5	105	2341	2236
ENST00000490067.5	30	94786	94756
ENST00000490078.2	25358	74672	49314
ENST00000490084.5	10586	13185	2599
ENST00000490090.6	0	333369	333369
ENST00000490093.6	69211	81905	12694
ENST00000490099.5	11141	15191	4050
ENST00000490101.1	214	1401	1187
ENST00000490102.6	22781	49996	27215
ENST00000490103.6	2581	45298	42717
ENST00000490104.5	117	3334	3217
ENST00000490107.6	219	759142	758923
ENST00000490113.1	2679	8942	6263
ENST00000490131.7	242	34238	33996
ENST00000490145.1	22276	22542	266
ENST00000490179.4	4889	40994	36105
ENST00000490207.5	1158	5226	4068
ENST00000490229.5	37829	37905	76
ENST00000490230.1	717	6504	5787
ENST00000490231.7	149	1583	1434
ENST00000490242.2	0	118123	118123
ENST00000490249.5	0	9447	9447
ENST00000490254.5	3442	11987	8545
ENST00000490264.1	6637	10219	3582
ENST00000490272.1	3234	24691	21457
ENST00000490273.5	228	138634	138406
ENST00000490276.5	84	1949	1865
ENST00000490279.5	5909	21038	15129
ENST00000490284.5	1403	28600	27197
ENST00000490290.5	0	4813	4813
ENST00000490298.5	2610	10098	7488
ENST00000490316.7	0	71225	71225
ENST00000490320.2	0	1158	1158
ENST00000490331.2	45	6495	6450
ENST00000490332.2	0	138358	138358
ENST00000490337.6	34	417409	417375
ENST00000490341.3	165	19172	19007
ENST00000490345.2	0	2941	2941
ENST00000490347.5	0	56901	56901
ENST00000490353.2	1298	251163	249865
ENST00000490355.6	0	59198	59198
ENST00000490358.5	201	1513	1312
ENST00000490364.1	7132	7432	300
ENST00000490367.5	0	6009	6009
ENST00000490368.5	3617	7365	3748
ENST00000490369.6	23014	27736	4722
ENST00000490373.5	2270	6676	4406
ENST00000490388.2	424	297717	297293
ENST00000490395.5	17215	23125	5910
ENST00000490416.2	4146	24526	20380
ENST00000490427.5	0	14289	14289
ENST00000490434.5	103	22031	21928
ENST00000490437.5	43	20934	20891
ENST00000490439.1	0	1069	1069
ENST00000490444.2	83865	87506	3641
ENST00000490447.6	3921	4838	917
ENST00000490460.5	21413	80185	58772
ENST00000490463.6	6391	14551	8160
ENST00000490466.2	268	1500	1232
ENST00000490467.5	61301	180649	119348
ENST00000490468.5	88	23404	23316
ENST00000490474.5	395	23669	23274
ENST00000490477.1	9	217	208
ENST00000490478.5	197059	953697	756638
ENST00000490481.1	8410	30211	21801
ENST00000490483.5	1805	5337	3532
ENST00000490484.7	741	12822	12081
ENST00000490486.2	81	2306	2225
ENST00000490491.5	34	30436	30402
ENST00000490493.1	355	2593	2238
ENST00000490495.5	13776	70516	56740
ENST00000490500.5	518	6290	5772
ENST00000490502.1	0	31176	31176
ENST00000490504.5	21	81101	81080
ENST00000490505.5	3	11841	11838
ENST00000490506.5	300	6130	5830
ENST00000490507.1	0	4642	4642
ENST00000490511.1	54	16127	16073
ENST00000490514.5	81	2450	2369
ENST00000490520.1	0	13922	13922
ENST00000490528.1	2874	8126	5252
ENST00000490531.3	75	13135	13060
ENST00000490534.2	56	608554	608498
ENST00000490539.1	2858	3210	352
ENST00000490540.1	0	1911	1911
ENST00000490541.6	0	102093	102093
ENST00000490542.5	19	19653	19634
ENST00000490547.2	0	76065	76065
ENST00000490562.6	291	70760	70469
ENST00000490574.6	4391	40426	36035
ENST00000490576.2	3216	9506	6290
ENST00000490581.6	2281	2812	531
ENST00000490585.2	352	25158	24806
ENST00000490591.1	75	1607	1532
ENST00000490594.2	0	40676	40676
ENST00000490599.2	290	39763	39473
ENST00000490600.6	12285	21223	8938
ENST00000490605.3	394	112448	112054
ENST00000490612.5	37867	38558	691
ENST00000490617.1	9320	11424	2104
ENST00000490622.5	12973	13312	339
ENST00000490623.3	0	28296	28296
ENST00000490628.3	120	2631	2511
ENST00000490631.5	7	75734	75727
ENST00000490633.1	0	2165	2165
ENST00000490638.5	3115	11626	8511
ENST00000490643.5	0	4024	4024
ENST00000490644.5	1153	1611	458
ENST00000490646.1	9231	23821	14590
ENST00000490654.1	0	68681	68681
ENST00000490656.5	430	1634	1204
ENST00000490673.5	4343	47076	42733
ENST00000490677.1	80	24517	24437
ENST00000490680.5	65	48452	48387
ENST00000490686.1	0	824	824
ENST00000490693.5	12	42228	42216
ENST00000490703.1	479	7664	7185
ENST00000490705.2	6627	7221	594
ENST00000490713.5	0	13194	13194
ENST00000490715.5	17319	97245	79926
ENST00000490716.5	13722	43726	30004
ENST00000490717.5	120	334	214
ENST00000490721.5	162	17745	17583
ENST00000490722.1	98	14071	13973
ENST00000490730.1	0	6426	6426
ENST00000490734.6	5599	17271	11672
ENST00000490742.5	0	1441	1441
ENST00000490743.5	31	1630	1599
ENST00000490755.2	0	4029	4029
ENST00000490760.5	7282	31255	23973
ENST00000490776.3	103	26881	26778
ENST00000490778.5	0	943	943
ENST00000490791.5	0	16	16
ENST00000490792.1	1143	1291	148
ENST00000490795.1	2993	6791	3798
ENST00000490798.6	0	14331	14331
ENST00000490799.6	387	79082	78695
ENST00000490813.5	107	30836	30729
ENST00000490814.6	26002	28278	2276
ENST00000490816.1	0	3313	3313
ENST00000490818.1	3605	4559	954
ENST00000490820.2	4106	6228	2122
ENST00000490830.5	26395	27424	1029
ENST00000490835.5	183	36372	36189
ENST00000490841.7	507	113777	113270
ENST00000490843.6	363	3625	3262
ENST00000490868.5	49	10373	10324
ENST00000490882.5	165	170211	170046
ENST00000490898.5	1918	5328	3410
ENST00000490901.2	0	1167	1167
ENST00000490902.1	0	2937	2937
ENST00000490903.5	625	21060	20435
ENST00000490904.6	88	80769	80681
ENST00000490905.5	0	22315	22315
ENST00000490910.5	16254	21955	5701
ENST00000490911.5	227	52906	52679
ENST00000490917.1	904	2824	1920
ENST00000490956.1	16080	23270	7190
ENST00000490969.5	11	38218	38207
ENST00000490972.7	687	140242	139555
ENST00000490973.1	5775	14779	9004
ENST00000490974.1	0	91815	91815
ENST00000490975.1	414	5150	4736
ENST00000490979.1	0	16749	16749
ENST00000490985.5	18894	65441	46547
ENST00000490986.5	1805	5477	3672
ENST00000490991.5	0	30012	30012
ENST00000490994.6	30876	32876	2000
ENST00000490996.1	97	21739	21642
ENST00000491000.5	0	52778	52778
ENST00000491013.5	876	10807	9931
ENST00000491019.2	18017	25190	7173
ENST00000491020.1	1133	3383	2250
ENST00000491024.1	0	1584	1584
ENST00000491026.6	3204	101720	98516
ENST00000491027.6	227	22452	22225
ENST00000491040.5	39640	65345	25705
ENST00000491049.6	84	56769	56685
ENST00000491050.2	3	3019	3016
ENST00000491062.5	15	64920	64905
ENST00000491063.5	40803	58957	18154
ENST00000491064.6	4824	6523	1699
ENST00000491069.5	4540	23549	19009
ENST00000491070.1	0	252	252
ENST00000491071.6	321	518423	518102
ENST00000491076.1	73005	77168	4163
ENST00000491082.2	567	8821	8254
ENST00000491084.5	35	3760	3725
ENST00000491086.5	82315	148507	66192
ENST00000491093.5	8799	9241	442
ENST00000491101.5	6578	11003	4425
ENST00000491102.2	10493	21022	10529
ENST00000491104.2	0	62816	62816
ENST00000491114.1	0	50970	50970
ENST00000491115.7	71	5890	5819
ENST00000491121.1	2938	8660	5722
ENST00000491134.5	0	11148	11148
ENST00000491137.5	0	3035	3035
ENST00000491142.2	2334	32971	30637
ENST00000491143.3	343	42856	42513
ENST00000491148.5	36722	70137	33415
ENST00000491150.5	0	38907	38907
ENST00000491163.1	0	130325	130325
ENST00000491164.1	244	49707	49463
ENST00000491165.5	1458	26752	25294
ENST00000491174.1	17848	32804	14956
ENST00000491184.2	564	1808	1244
ENST00000491189.5	0	56237	56237
ENST00000491190.5	667	86728	86061
ENST00000491191.5	74113	81913	7800
ENST00000491206.5	12404	15168	2764
ENST00000491209.5	5253	14263	9010
ENST00000491214.1	0	25721	25721
ENST00000491219.6	389	155937	155548
ENST00000491222.5	1100	1539	439
ENST00000491231.5	17569	25048	7479
ENST00000491238.8	19	96238	96219
ENST00000491241.2	22728	28051	5323
ENST00000491246.4	802	1885	1083
ENST00000491268.2	200	10198	9998
ENST00000491274.6	220	27296	27076
ENST00000491281.1	1833	3337	1504
ENST00000491288.5	2269	7363	5094
ENST00000491297.6	78189	92884	14695
ENST00000491299.5	97	323808	323711
ENST00000491306.6	31	2829	2798
ENST00000491309.5	2694	8021	5327
ENST00000491310.5	0	6327	6327
ENST00000491318.5	622	4480	3858
ENST00000491335.1	3	415	412
ENST00000491336.5	32727	118429	85702
ENST00000491337.6	22169	62549	40380
ENST00000491340.2	0	8671	8671
ENST00000491344.7	1	6108	6107
ENST00000491348.5	54307	58646	4339
ENST00000491350.1	175	1161	986
ENST00000491351.6	0	11607	11607
ENST00000491356.5	600	33959	33359
ENST00000491357.5	375	14158	13783
ENST00000491361.5	10	43796	43786
ENST00000491365.1	3622	3830	208
ENST00000491366.5	7198	21962	14764
ENST00000491373.1	0	4317	4317
ENST00000491380.5	73	2495	2422
ENST00000491381.6	121	8626	8505
ENST00000491402.5	7213	8348	1135
ENST00000491415.7	92	25728	25636
ENST00000491418.5	181	17332	17151
ENST00000491422.1	0	19367	19367
ENST00000491424.5	0	46050	46050
ENST00000491426.3	0	13981	13981
ENST00000491431.2	785	23341	22556
ENST00000491434.5	3048	8129	5081
ENST00000491462.2	8091	12445	4354
ENST00000491463.4	0	24308	24308
ENST00000491466.5	846	3543	2697
ENST00000491470.1	33	6192	6159
ENST00000491471.5	0	394	394
ENST00000491483.5	28	11307	11279
ENST00000491486.5	0	14842	14842
ENST00000491493.5	1068	13569	12501
ENST00000491505.1	0	86	86
ENST00000491511.6	6155	44181	38026
ENST00000491513.5	7919	30609	22690
ENST00000491525.5	48719	48821	102
ENST00000491526.6	0	246008	246008
ENST00000491527.2	595	1330	735
ENST00000491534.5	0	9324	9324
ENST00000491535.5	8	28381	28373
ENST00000491539.5	65769	83895	18126
ENST00000491540.1	0	61557	61557
ENST00000491542.6	0	31386	31386
ENST00000491546.5	130	40354	40224
ENST00000491554.6	0	24641	24641
ENST00000491556.1	296	5917	5621
ENST00000491559.5	0	5527	5527
ENST00000491563.1	0	102	102
ENST00000491568.6	1853	2417	564
ENST00000491580.1	52	7559	7507
ENST00000491586.5	3	41483	41480
ENST00000491598.5	13244	30314	17070
ENST00000491600.5	52041	68231	16190
ENST00000491606.5	345	7061	6716
ENST00000491614.6	2375	21609	19234
ENST00000491617.5	8990	11454	2464
ENST00000491621.5	10246	40243	29997
ENST00000491631.5	16048	21958	5910
ENST00000491638.5	1474	2427	953
ENST00000491640.5	0	1135	1135
ENST00000491651.1	0	32844	32844
ENST00000491660.1	232	970	738
ENST00000491661.2	0	148621	148621
ENST00000491666.5	596	18735	18139
ENST00000491672.5	2169	14415	12246
ENST00000491674.1	148	15170	15022
ENST00000491682.5	0	13908	13908
ENST00000491685.5	0	25624	25624
ENST00000491690.2	5074	63694	58620
ENST00000491692.5	7335	42522	35187
ENST00000491695.2	543	58867	58324
ENST00000491699.6	0	17162	17162
ENST00000491704.5	34629	110461	75832
ENST00000491710.5	6867	111754	104887
ENST00000491711.5	0	20807	20807
ENST00000491714.2	107	20363	20256
ENST00000491718.5	0	1220	1220
ENST00000491728.5	0	944	944
ENST00000491734.6	47699	60153	12454
ENST00000491736.1	95	2723	2628
ENST00000491737.5	18	91166	91148
ENST00000491739.5	0	5897	5897
ENST00000491747.6	3	80673	80670
ENST00000491753.2	1067	30544	29477
ENST00000491763.1	2971	98540	95569
ENST00000491767.6	25726	34613	8887
ENST00000491768.5	1124	4520	3396
ENST00000491772.5	1166	33721	32555
ENST00000491773.6	744	4097	3353
ENST00000491775.5	64035	64271	236
ENST00000491777.2	0	1360	1360
ENST00000491778.6	4344	17041	12697
ENST00000491787.7	393	182142	181749
ENST00000491788.1	1342	20781	19439
ENST00000491789.2	51	32348	32297
ENST00000491804.1	57	72266	72209
ENST00000491806.6	18	59160	59142
ENST00000491818.5	5218	11182	5964
ENST00000491820.5	55268	81913	26645
ENST00000491823.1	0	321	321
ENST00000491829.5	28284	30555	2271
ENST00000491832.6	65	67021	66956
ENST00000491839.1	0	43413	43413
ENST00000491842.1	0	6528	6528
ENST00000491845.5	91	24315	24224
ENST00000491846.5	1811	2765	954
ENST00000491854.1	53267	87221	33954
ENST00000491855.5	698	14116	13418
ENST00000491864.1	0	17378	17378
ENST00000491873.5	365	4067	3702
ENST00000491875.5	908	18915	18007
ENST00000491889.6	294715	462720	168005
ENST00000491893.5	73	212424	212351
ENST00000491895.7	2003	61390	59387
ENST00000491896.1	0	8874	8874
ENST00000491900.1	1084	45865	44781
ENST00000491903.1	132	133393	133261
ENST00000491906.5	0	148	148
ENST00000491908.1	0	898	898
ENST00000491920.1	0	2081	2081
ENST00000491928.1	7890	10289	2399
ENST00000491934.3	298	1960	1662
ENST00000491935.5	1476	7877	6401
ENST00000491939.6	1234	40444	39210
ENST00000491942.1	247	25455	25208
ENST00000491950.5	54	23795	23741
ENST00000491957.5	0	48198	48198
ENST00000491959.5	339244	379606	40362
ENST00000491975.5	0	24679	24679
ENST00000491977.1	30	1115	1085
ENST00000491981.5	0	7132	7132
ENST00000491993.2	132	1468	1336
ENST00000491994.2	54	13812	13758
ENST00000491998.5	323	16563	16240
ENST00000491999.5	146	4830	4684
ENST00000492007.6	554	29457	28903
ENST00000492010.1	0	234	234
ENST00000492021.6	92	901	809
ENST00000492027.5	310	16490	16180
ENST00000492038.5	25	1216	1191
ENST00000492049.1	0	889	889
ENST00000492059.5	1616	72852	71236
ENST00000492062.1	0	2626	2626
ENST00000492063.5	1422	32385	30963
ENST00000492066.5	20445	24548	4103
ENST00000492072.5	20	14163	14143
ENST00000492079.5	0	11528	11528
ENST00000492081.1	87	23542	23455
ENST00000492084.5	15134	16002	868
ENST00000492095.5	19	18925	18906
ENST00000492097.5	22135	62776	40641
ENST00000492106.1	0	3388	3388
ENST00000492108.5	4954	22761	17807
ENST00000492112.3	6798	16688	9890
ENST00000492129.5	9484	21626	12142
ENST00000492130.2	3379	34238	30859
ENST00000492132.1	35	303	268
ENST00000492139.5	0	32867	32867
ENST00000492141.1	0	1578	1578
ENST00000492143.5	11659	40908	29249
ENST00000492145.1	0	16632	16632
ENST00000492158.5	0	7039	7039
ENST00000492164.5	159	5300	5141
ENST00000492167.1	0	880	880
ENST00000492189.5	24132	27275	3143
ENST00000492190.5	348	28249	27901
ENST00000492200.5	9522	29463	19941
ENST00000492201.6	12236	46863	34627
ENST00000492211.5	36519	71343	34824
ENST00000492213.5	4710	14327	9617
ENST00000492223.5	28	3871	3843
ENST00000492232.5	49627	50459	832
ENST00000492233.5	90	11913	11823
ENST00000492235.2	821	1869	1048
ENST00000492239.5	272	558	286
ENST00000492243.1	0	3431	3431
ENST00000492245.5	0	551	551
ENST00000492252.5	509	11248	10739
ENST00000492254.6	5088	25785	20697
ENST00000492255.1	0	16002	16002
ENST00000492259.6	103	33455	33352
ENST00000492270.1	37	838	801
ENST00000492273.1	74	1260	1186
ENST00000492275.6	48621	133455	84834
ENST00000492276.7	0	5927	5927
ENST00000492277.5	0	2187	2187
ENST00000492281.5	0	25929	25929
ENST00000492285.6	2705	5652	2947
ENST00000492306.5	153	1219	1066
ENST00000492318.1	0	51210	51210
ENST00000492333.5	0	2523	2523
ENST00000492341.6	121	7728	7607
ENST00000492345.5	44602	83978	39376
ENST00000492348.6	90	17876	17786
ENST00000492349.5	61	2575	2514
ENST00000492351.6	87997	112779	24782
ENST00000492353.5	0	390	390
ENST00000492354.1	0	28265	28265
ENST00000492359.6	18	11403	11385
ENST00000492363.6	2880	26087	23207
ENST00000492382.5	408	32850	32442
ENST00000492389.6	27788	27978	190
ENST00000492394.5	265	83937	83672
ENST00000492395.5	0	9678	9678
ENST00000492396.5	197	13415	13218
ENST00000492399.5	0	192	192
ENST00000492406.6	1359	21954	20595
ENST00000492412.2	17950	25730	7780
ENST00000492414.5	97057	149688	52631
ENST00000492433.2	598	56298	55700
ENST00000492446.1	27	851	824
ENST00000492450.3	795	9560	8765
ENST00000492451.1	0	1588	1588
ENST00000492452.2	91	17315	17224
ENST00000492460.5	142724	385493	242769
ENST00000492463.6	3650	16531	12881
ENST00000492466.2	0	16373	16373
ENST00000492467.6	273	102546	102273
ENST00000492469.3	0	5556	5556
ENST00000492474.6	20687	58393	37706
ENST00000492491.6	2539	6609	4070
ENST00000492492.5	45835	46031	196
ENST00000492498.5	2765	23040	20275
ENST00000492502.2	8827	9983	1156
ENST00000492508.1	390	5011	4621
ENST00000492509.5	1388	13826	12438
ENST00000492510.1	0	32	32
ENST00000492526.5	17715	54660	36945
ENST00000492530.1	3283	3694	411
ENST00000492539.5	2206	3842	1636
ENST00000492541.5	1265	502402	501137
ENST00000492542.1	0	26823	26823
ENST00000492555.5	4835	10514	5679
ENST00000492563.1	18919	35487	16568
ENST00000492571.1	3391	5399	2008
ENST00000492584.3	175507	929557	754050
ENST00000492586.1	0	16206	16206
ENST00000492587.5	0	13790	13790
ENST00000492590.6	4952	790121	785169
ENST00000492595.6	7275	70691	63416
ENST00000492597.5	223	73348	73125
ENST00000492600.1	245	6301	6056
ENST00000492607.5	249	6088	5839
ENST00000492608.1	0	1331	1331
ENST00000492609.1	20539	21393	854
ENST00000492611.5	617	11653	11036
ENST00000492612.6	6051	39700	33649
ENST00000492617.5	632	3054	2422
ENST00000492621.5	55010	87756	32746
ENST00000492622.6	30279	235049	204770
ENST00000492627.5	11667	14892	3225
ENST00000492632.5	15	163835	163820
ENST00000492642.5	7983	42082	34099
ENST00000492648.2	0	37952	37952
ENST00000492651.5	0	279	279
ENST00000492653.6	1450	58998	57548
ENST00000492654.3	491	3024	2533
ENST00000492661.5	60044	158560	98516
ENST00000492671.1	463	7754	7291
ENST00000492672.5	14148	19279	5131
ENST00000492680.6	0	18177	18177
ENST00000492684.5	513	1816	1303
ENST00000492685.5	8805	24912	16107
ENST00000492693.5	14	38097	38083
ENST00000492720.5	982	61192	60210
ENST00000492721.5	167	2405	2238
ENST00000492739.1	13	6158	6145
ENST00000492741.5	2415	108541	106126
ENST00000492756.7	182	20297	20115
ENST00000492758.1	1	3109	3108
ENST00000492769.5	2232	26214	23982
ENST00000492773.6	0	1882	1882
ENST00000492775.5	3351	14331	10980
ENST00000492782.6	10314	61011	50697
ENST00000492785.1	0	1467	1467
ENST00000492791.1	278	6709	6431
ENST00000492792.1	0	4964	4964
ENST00000492795.1	354	247107	246753
ENST00000492807.6	1736	401544	399808
ENST00000492815.5	17942	44005	26063
ENST00000492826.1	363	5874	5511
ENST00000492830.5	1352	42447	41095
ENST00000492838.1	0	1183	1183
ENST00000492843.6	1043	181150	180107
ENST00000492859.5	16426	30158	13732
ENST00000492862.6	5351	5936	585
ENST00000492871.5	13	1106	1093
ENST00000492886.5	0	10713	10713
ENST00000492890.5	40	2876	2836
ENST00000492891.5	159	41358	41199
ENST00000492907.6	3572	19700	16128
ENST00000492909.1	0	186448	186448
ENST00000492910.5	37868	37944	76
ENST00000492918.1	905	13781	12876
ENST00000492933.5	116	14181	14065
ENST00000492945.5	0	2093	2093
ENST00000492948.5	0	160124	160124
ENST00000492950.5	1191	3674	2483
ENST00000492957.2	2484	233397	230913
ENST00000492959.1	7809	8539	730
ENST00000492972.6	937	8558	7621
ENST00000492982.6	26534	54636	28102
ENST00000492987.2	2453	6151	3698
ENST00000492988.5	1497	3062	1565
ENST00000492989.1	0	29829	29829
ENST00000492990.1	20270	77227	56957
ENST00000492993.5	41484	63321	21837
ENST00000492996.6	2807	5747	2940
ENST00000493014.1	68	30040	29972
ENST00000493016.1	0	852	852
ENST00000493018.5	589	4313	3724
ENST00000493030.6	1035	9545	8510
ENST00000493032.5	12278	12728	450
ENST00000493037.5	370	202784	202414
ENST00000493039.5	2870	3222	352
ENST00000493041.5	132	15160	15028
ENST00000493054.5	0	473	473
ENST00000493061.1	0	9270	9270
ENST00000493066.5	752	17578	16826
ENST00000493074.1	14747	15509	762
ENST00000493075.1	129	7466	7337
ENST00000493085.5	0	3940	3940
ENST00000493087.5	74224	98991	24767
ENST00000493089.7	1111	242254	241143
ENST00000493094.6	6109	19468	13359
ENST00000493101.5	124	64810	64686
ENST00000493109.2	173	6651	6478
ENST00000493111.7	344	8756	8412
ENST00000493112.5	172	295435	295263
ENST00000493114.2	1385	16234	14849
ENST00000493129.2	0	15093	15093
ENST00000493135.1	0	2347	2347
ENST00000493138.6	0	7712	7712
ENST00000493145.1	0	1047	1047
ENST00000493151.1	2367	5112	2745
ENST00000493152.6	6883	13307	6424
ENST00000493156.6	15350	15570	220
ENST00000493157.6	236363	283285	46922
ENST00000493166.1	0	21025	21025
ENST00000493172.5	27893	163421	135528
ENST00000493173.1	1632	5558	3926
ENST00000493178.1	3954	4004	50
ENST00000493185.2	0	13136	13136
ENST00000493186.6	69185	87526	18341
ENST00000493193.1	8466	9862	1396
ENST00000493196.2	2036	15845	13809
ENST00000493197.5	23122	24074	952
ENST00000493203.7	6182	12813	6631
ENST00000493209.5	38	1131	1093
ENST00000493222.5	15310	15949	639
ENST00000493230.5	1057	2586	1529
ENST00000493231.5	113	36475	36362
ENST00000493237.5	4057	102573	98516
ENST00000493243.5	0	16922	16922
ENST00000493251.5	418	1515	1097
ENST00000493252.2	0	9506	9506
ENST00000493255.1	2227	2465	238
ENST00000493259.5	7680	30453	22773
ENST00000493263.1	0	15667	15667
ENST00000493265.2	266	1451	1185
ENST00000493272.5	8050	8098	48
ENST00000493275.5	709	5892	5183
ENST00000493277.5	1842	16438	14596
ENST00000493278.1	0	10637	10637
ENST00000493281.6	23014	29003	5989
ENST00000493285.2	0	6842	6842
ENST00000493290.5	0	847	847
ENST00000493293.5	115	57469	57354
ENST00000493294.2	0	2419	2419
ENST00000493298.1	3866	6082	2216
ENST00000493301.5	0	18860	18860
ENST00000493307.1	13571	15123	1552
ENST00000493317.1	72	2964	2892
ENST00000493322.6	166	8946	8780
ENST00000493325.1	92	1950	1858
ENST00000493333.5	63	24914	24851
ENST00000493341.1	0	12652	12652
ENST00000493344.6	4	7234	7230
ENST00000493348.1	2334	8349	6015
ENST00000493349.2	9627	83932	74305
ENST00000493373.5	8495	31323	22828
ENST00000493380.5	14078	247312	233234
ENST00000493382.5	57	28693	28636
ENST00000493391.6	3861	5743	1882
ENST00000493402.1	0	8251	8251
ENST00000493409.5	563	89292	88729
ENST00000493412.1	214	6277	6063
ENST00000493417.5	12	26089	26077
ENST00000493422.3	493	8520	8027
ENST00000493429.5	31844	38828	6984
ENST00000493432.5	10438	21491	11053
ENST00000493439.1	1327	3315	1988
ENST00000493442.2	333	24480	24147
ENST00000493445.5	0	10374	10374
ENST00000493452.5	157	99613	99456
ENST00000493454.5	306	2289	1983
ENST00000493459.5	127275	191397	64122
ENST00000493463.2	387	3613	3226
ENST00000493468.7	0	42128	42128
ENST00000493470.2	2088	9064	6976
ENST00000493471.2	499	9628	9129
ENST00000493474.1	0	11082	11082
ENST00000493476.1	144	16818	16674
ENST00000493483.5	0	2501	2501
ENST00000493484.5	2132	14000	11868
ENST00000493485.5	5461	30856	25395
ENST00000493510.1	0	43174	43174
ENST00000493515.1	348	1581	1233
ENST00000493517.5	10265	10604	339
ENST00000493518.5	9171	71108	61937
ENST00000493519.2	225	4225	4000
ENST00000493525.6	99	9640	9541
ENST00000493530.2	74	20414	20340
ENST00000493547.6	3218	17767	14549
ENST00000493568.5	242	61655	61413
ENST00000493576.6	0	8807	8807
ENST00000493583.5	10523	14824	4301
ENST00000493585.5	840	24414	23574
ENST00000493590.1	10817	14677	3860
ENST00000493591.6	95	25293	25198
ENST00000493594.6	12859	13722	863
ENST00000493598.6	8	57882	57874
ENST00000493603.5	3688	175523	171835
ENST00000493610.2	1777	3120	1343
ENST00000493615.5	252	122660	122408
ENST00000493622.5	61519	75141	13622
ENST00000493623.5	4158	32475	28317
ENST00000493627.1	0	48781	48781
ENST00000493645.1	95	21600	21505
ENST00000493648.1	3377	3683	306
ENST00000493661.2	0	19824	19824
ENST00000493662.6	447	25037	24590
ENST00000493669.2	37704	89671	51967
ENST00000493677.5	185	35952	35767
ENST00000493678.5	1094	23920	22826
ENST00000493680.5	16940	64215	47275
ENST00000493694.1	187	25656	25469
ENST00000493697.1	0	1384	1384
ENST00000493720.6	592	17097	16505
ENST00000493729.5	105	96879	96774
ENST00000493736.5	0	16844	16844
ENST00000493744.5	54006	58389	4383
ENST00000493748.5	154	171989	171835
ENST00000493751.2	2465	7261	4796
ENST00000493763.7	295	7604	7309
ENST00000493770.3	29	35528	35499
ENST00000493782.5	105	15841	15736
ENST00000493784.1	10	8029	8019
ENST00000493787.6	91472	101387	9915
ENST00000493789.6	51	7411	7360
ENST00000493793.2	2440	69426	66986
ENST00000493795.5	52	66325	66273
ENST00000493798.1	0	1656	1656
ENST00000493803.5	4202	8029	3827
ENST00000493805.6	56	37371	37315
ENST00000493815.5	7709	13571	5862
ENST00000493819.1	0	824	824
ENST00000493826.1	257	43579	43322
ENST00000493834.2	182	6337	6155
ENST00000493838.1	86640	193209	106569
ENST00000493845.1	0	8809	8809
ENST00000493866.5	25	19653	19628
ENST00000493869.2	0	8804	8804
ENST00000493872.5	61454	62063	609
ENST00000493873.1	0	126	126
ENST00000493875.5	822	32822	32000
ENST00000493880.5	0	77339	77339
ENST00000493900.5	107	24792	24685
ENST00000493905.6	1971	10761	8790
ENST00000493919.6	1386	64350	62964
ENST00000493930.1	19	57719	57700
ENST00000493932.5	0	248	248
ENST00000493938.6	2023	6735	4712
ENST00000493945.6	215	3241	3026
ENST00000493950.6	36	73916	73880
ENST00000493952.2	89	3635	3546
ENST00000493955.1	2247	8982	6735
ENST00000493959.6	301	20821	20520
ENST00000493960.6	1053	64780	63727
ENST00000493962.6	302	24783	24481
ENST00000493963.5	33670	44069	10399
ENST00000493964.5	339	73720	73381
ENST00000493969.2	512	2650	2138
ENST00000493970.5	420	3333	2913
ENST00000493975.5	1637	6998	5361
ENST00000493977.2	0	2416	2416
ENST00000493979.5	11478	11817	339
ENST00000493985.5	13090	13540	450
ENST00000493987.5	965	2284	1319
ENST00000493990.5	3587	34076	30489
ENST00000493995.6	25684	38939	13255
ENST00000494002.5	14316	95947	81631
ENST00000494012.1	328	50015	49687
ENST00000494014.1	73	374462	374389
ENST00000494019.5	7665	19092	11427
ENST00000494029.5	4096	17371	13275
ENST00000494034.5	1984	5969	3985
ENST00000494035.1	408	1409	1001
ENST00000494050.5	22	43300	43278
ENST00000494054.1	0	8120	8120
ENST00000494055.5	1228	58343	57115
ENST00000494062.2	766	34218	33452
ENST00000494066.1	8692	22227	13535
ENST00000494073.5	54	23874	23820
ENST00000494076.5	227	11019	10792
ENST00000494077.6	0	3816	3816
ENST00000494079.1	494	12564	12070
ENST00000494081.5	0	2215	2215
ENST00000494082.3	5401	5873	472
ENST00000494088.6	6840	36953	30113
ENST00000494090.6	0	68431	68431
ENST00000494100.1	0	19186	19186
ENST00000494102.2	2996	5022	2026
ENST00000494103.5	622	6625	6003
ENST00000494105.2	39	6740	6701
ENST00000494108.3	2798	955615	952817
ENST00000494115.1	0	470	470
ENST00000494118.5	127651	935950	808299
ENST00000494120.1	4767	8647	3880
ENST00000494123.6	1386	85368	83982
ENST00000494124.2	0	36312	36312
ENST00000494131.6	3551	38868	35317
ENST00000494137.2	1221	27049	25828
ENST00000494146.5	0	148	148
ENST00000494154.6	796	5006	4210
ENST00000494157.6	240	6553	6313
ENST00000494164.5	2975	8697	5722
ENST00000494165.1	258	2531	2273
ENST00000494167.6	8050	8068	18
ENST00000494173.7	286	1549	1263
ENST00000494176.6	85	11957	11872
ENST00000494177.6	0	2931	2931
ENST00000494183.5	16466	492756	476290
ENST00000494184.1	604	2278	1674
ENST00000494192.6	72558	95400	22842
ENST00000494201.1	7806	23628	15822
ENST00000494208.5	7822	126063	118241
ENST00000494229.1	0	22620	22620
ENST00000494234.5	550	5996	5446
ENST00000494235.2	5505	23427	17922
ENST00000494238.6	5468	17194	11726
ENST00000494251.1	11329	13865	2536
ENST00000494254.3	0	6303	6303
ENST00000494258.5	257	8041	7784
ENST00000494260.2	0	91010	91010
ENST00000494262.5	50	3336	3286
ENST00000494279.2	227	2169	1942
ENST00000494282.6	25	127146	127121
ENST00000494284.6	10857	61314	50457
ENST00000494290.1	673	2856	2183
ENST00000494292.6	151	582285	582134
ENST00000494304.1	0	18576	18576
ENST00000494307.1	198	4856	4658
ENST00000494309.5	0	14435	14435
ENST00000494311.1	1667	1857	190
ENST00000494320.5	186	5384	5198
ENST00000494324.2	34602	36690	2088
ENST00000494325.2	1630	5263	3633
ENST00000494338.1	4	19340	19336
ENST00000494339.5	30750	70121	39371
ENST00000494358.5	0	10460	10460
ENST00000494361.5	32194	39575	7381
ENST00000494364.5	1894	55482	53588
ENST00000494368.5	134	420	286
ENST00000494380.5	144	37431	37287
ENST00000494383.1	139	13660	13521
ENST00000494385.1	0	8364	8364
ENST00000494393.5	3103	4223	1120
ENST00000494395.1	9964	10820	856
ENST00000494400.5	10813	265963	255150
ENST00000494405.2	63929	69069	5140
ENST00000494410.5	25	20393	20368
ENST00000494411.6	175	23096	22921
ENST00000494426.2	76	2637	2561
ENST00000494430.5	48	8500	8452
ENST00000494440.5	109	30503	30394
ENST00000494448.5	7179	9882	2703
ENST00000494453.1	249	13430	13181
ENST00000494469.5	375	8323	7948
ENST00000494474.5	3195	13569	10374
ENST00000494475.5	2611	12705	10094
ENST00000494478.5	168	7238	7070
ENST00000494479.5	3644	31763	28119
ENST00000494481.5	1429	14723	13294
ENST00000494486.1	0	668	668
ENST00000494490.2	148	374	226
ENST00000494498.2	830	3110	2280
ENST00000494502.6	2343	24722	22379
ENST00000494507.2	41913	69506	27593
ENST00000494511.7	1141	10080	8939
ENST00000494516.6	79520	79982	462
ENST00000494517.6	347	76484	76137
ENST00000494518.1	10252	17369	7117
ENST00000494525.1	31228	48213	16985
ENST00000494537.2	0	15192	15192
ENST00000494538.6	40567	58376	17809
ENST00000494544.1	250	38413	38163
ENST00000494547.5	20	27694	27674
ENST00000494552.5	0	23783	23783
ENST00000494554.2	0	1157	1157
ENST00000494555.2	32933	68492	35559
ENST00000494558.5	36	16924	16888
ENST00000494559.5	935	19670	18735
ENST00000494563.5	0	10883	10883
ENST00000494572.1	0	1063	1063
ENST00000494580.1	91	414664	414573
ENST00000494586.5	798	39353	38555
ENST00000494588.2	13493	14767	1274
ENST00000494597.5	0	9102	9102
ENST00000494598.5	106	303479	303373
ENST00000494619.1	13537	14557	1020
ENST00000494621.5	87508	89603	2095
ENST00000494626.6	296	51155	50859
ENST00000494628.6	61834	145023	83189
ENST00000494642.1	3815	4209	394
ENST00000494649.5	15495	17420	1925
ENST00000494653.5	188	20387	20199
ENST00000494656.3	297	4715	4418
ENST00000494660.6	0	184	184
ENST00000494664.6	187	26054	25867
ENST00000494668.1	0	572	572
ENST00000494675.5	771	3617	2846
ENST00000494677.5	552	36466	35914
ENST00000494687.5	37241	37433	192
ENST00000494688.1	14	87093	87079
ENST00000494691.5	327	3311	2984
ENST00000494692.5	0	14916	14916
ENST00000494695.4	2684	9234	6550
ENST00000494706.1	6465	17519	11054
ENST00000494707.6	0	32577	32577
ENST00000494709.1	360	1095	735
ENST00000494710.6	73	139662	139589
ENST00000494714.5	1651	55908	54257
ENST00000494733.5	0	117898	117898
ENST00000494737.5	27	12397	12370
ENST00000494742.5	615	6968	6353
ENST00000494751.5	78	1517	1439
ENST00000494754.1	7213	19628	12415
ENST00000494758.5	3218	15705	12487
ENST00000494759.1	23221	26691	3470
ENST00000494767.2	2786	4675	1889
ENST00000494770.7	9923	11575	1652
ENST00000494771.5	1845	4086	2241
ENST00000494772.5	26983	27119	136
ENST00000494774.5	21	17476	17455
ENST00000494792.1	143332	175243	31911
ENST00000494793.6	212	144050	143838
ENST00000494796.5	753	1894	1141
ENST00000494797.2	3545	24392	20847
ENST00000494798.1	56	109300	109244
ENST00000494799.6	22729	23303	574
ENST00000494801.5	1113	2401	1288
ENST00000494811.2	25	15319	15294
ENST00000494817.1	9	12295	12286
ENST00000494818.6	1346	1542	196
ENST00000494826.1	60	6134	6074
ENST00000494827.5	313	2949	2636
ENST00000494830.1	0	40259	40259
ENST00000494831.1	0	1611	1611
ENST00000494842.2	0	83490	83490
ENST00000494852.2	0	6759	6759
ENST00000494855.5	13142	21281	8139
ENST00000494857.6	46252	70018	23766
ENST00000494863.2	0	1466	1466
ENST00000494864.1	659	1689	1030
ENST00000494865.5	0	9618	9618
ENST00000494872.6	65943	121841	55898
ENST00000494877.5	3795	29192	25397
ENST00000494888.5	22164	29043	6879
ENST00000494898.5	41678	41942	264
ENST00000494903.2	285	15940	15655
ENST00000494905.1	127	2339	2212
ENST00000494920.1	0	7019	7019
ENST00000494921.2	109	43212	43103
ENST00000494922.6	0	107502	107502
ENST00000494926.5	29630	30581	951
ENST00000494932.1	75	14861	14786
ENST00000494939.1	0	13231	13231
ENST00000494941.2	179	1583	1404
ENST00000494943.5	2012	86630	84618
ENST00000494946.6	52	5603	5551
ENST00000494948.1	0	48289	48289
ENST00000494949.5	48665	53816	5151
ENST00000494950.5	539	56082	55543
ENST00000494956.1	2319	3468	1149
ENST00000494961.6	212207	353398	141191
ENST00000494969.7	13872	41299	27427
ENST00000494972.1	0	8343	8343
ENST00000494977.1	0	18236	18236
ENST00000494980.5	221	27060	26839
ENST00000494992.5	32	12447	12415
ENST00000494999.1	0	78479	78479
ENST00000495008.5	15702	47814	32112
ENST00000495013.5	0	27109	27109
ENST00000495019.5	0	450	450
ENST00000495021.6	307	130748	130441
ENST00000495022.5	13307	52904	39597
ENST00000495025.2	181	22595	22414
ENST00000495027.6	84	260977	260893
ENST00000495038.5	94	56919	56825
ENST00000495041.1	0	5627	5627
ENST00000495052.5	1844	6659	4815
ENST00000495056.2	262	524	262
ENST00000495062.2	1095	17405	16310
ENST00000495063.6	651	180328	179677
ENST00000495070.2	0	16394	16394
ENST00000495071.6	13718	43651	29933
ENST00000495075.5	338221	352277	14056
ENST00000495076.5	57232	68219	10987
ENST00000495078.1	0	618	618
ENST00000495082.5	31	55354	55323
ENST00000495090.6	62	21029	20967
ENST00000495093.1	891	1237	346
ENST00000495106.5	17206	52747	35541
ENST00000495122.1	222	3003	2781
ENST00000495130.5	155	23523	23368
ENST00000495132.5	46	72161	72115
ENST00000495134.6	3	32056	32053
ENST00000495160.2	0	1448	1448
ENST00000495175.6	8621	42052	33431
ENST00000495180.1	22	65167	65145
ENST00000495186.6	1964	7332	5368
ENST00000495204.5	715	56971	56256
ENST00000495216.1	24632	36532	11900
ENST00000495233.6	0	6725	6725
ENST00000495234.5	120	8607	8487
ENST00000495241.5	38743	39495	752
ENST00000495242.5	11109	529342	518233
ENST00000495262.7	7561	106456	98895
ENST00000495265.5	26002	28278	2276
ENST00000495266.2	244	32700	32456
ENST00000495267.5	26745	61254	34509
ENST00000495268.3	0	15920	15920
ENST00000495273.5	228	424562	424334
ENST00000495276.6	2493	7154	4661
ENST00000495279.2	1043	4511	3468
ENST00000495283.5	21	325	304
ENST00000495301.1	3633	13023	9390
ENST00000495305.5	2513	25723	23210
ENST00000495310.5	240	54219	53979
ENST00000495313.5	29	13746	13717
ENST00000495328.5	10849	23226	12377
ENST00000495334.1	0	13646	13646
ENST00000495340.5	65	1624	1559
ENST00000495347.5	70620	72428	1808
ENST00000495350.5	79	2489	2410
ENST00000495360.6	14748	16692	1944
ENST00000495362.1	6022	6168	146
ENST00000495373.5	625	71444	70819
ENST00000495376.5	5093	9763	4670
ENST00000495377.6	44	34547	34503
ENST00000495380.7	259	22192	21933
ENST00000495383.5	123	2306	2183
ENST00000495399.1	0	218	218
ENST00000495401.5	86	5938	5852
ENST00000495403.1	185	17438	17253
ENST00000495414.5	452	17417	16965
ENST00000495418.5	4881	9953	5072
ENST00000495421.1	166	1302	1136
ENST00000495422.2	692	21800	21108
ENST00000495427.1	0	812	812
ENST00000495434.1	0	50	50
ENST00000495452.5	107	21424	21317
ENST00000495456.1	0	26637	26637
ENST00000495457.1	116	24093	23977
ENST00000495460.2	129	16739	16610
ENST00000495461.6	1144	7648	6504
ENST00000495465.6	2036	3770	1734
ENST00000495479.5	66	26666	26600
ENST00000495483.5	368	1101	733
ENST00000495484.5	257	52154	51897
ENST00000495487.1	21156	43872	22716
ENST00000495488.5	11292	15336	4044
ENST00000495489.1	0	812	812
ENST00000495490.6	279	3958	3679
ENST00000495491.5	3338	26561	23223
ENST00000495501.2	266	32255	31989
ENST00000495504.5	477	136721	136244
ENST00000495509.6	1138	5382	4244
ENST00000495511.2	348	356065	355717
ENST00000495514.5	38321	78701	40380
ENST00000495517.5	3893	53399	49506
ENST00000495522.1	11	78390	78379
ENST00000495526.5	13	1479	1466
ENST00000495527.5	18225	53607	35382
ENST00000495529.5	8785	60895	52110
ENST00000495530.5	20	14415	14395
ENST00000495539.5	0	2618	2618
ENST00000495544.5	930	8437	7507
ENST00000495548.1	0	8146	8146
ENST00000495557.5	0	11822	11822
ENST00000495558.1	2098	3098	1000
ENST00000495564.5	65512	116970	51458
ENST00000495566.1	61	19069	19008
ENST00000495571.5	0	24108	24108
ENST00000495572.1	40624	78153	37529
ENST00000495583.1	34	1540	1506
ENST00000495585.1	0	53896	53896
ENST00000495591.5	258	99535	99277
ENST00000495594.2	360	39357	38997
ENST00000495603.2	0	14861	14861
ENST00000495610.7	23074	35820	12746
ENST00000495624.1	379	3101	2722
ENST00000495625.2	0	5020	5020
ENST00000495627.2	225	3375	3150
ENST00000495632.1	0	902	902
ENST00000495634.5	573	9007	8434
ENST00000495639.1	0	30	30
ENST00000495640.1	5898	5996	98
ENST00000495642.1	2741	4611	1870
ENST00000495645.5	276	8476	8200
ENST00000495646.5	1296	9290	7994
ENST00000495650.1	0	222	222
ENST00000495659.6	76	6045	5969
ENST00000495660.1	576	2443	1867
ENST00000495665.2	0	5539	5539
ENST00000495667.5	969	2347	1378
ENST00000495679.5	3043	8828	5785
ENST00000495684.2	175604	180167	4563
ENST00000495688.5	1594	13458	11864
ENST00000495692.5	23597	30199	6602
ENST00000495694.5	126	13790	13664
ENST00000495699.3	27	10425	10398
ENST00000495708.5	425	83961	83536
ENST00000495711.2	12263	12445	182
ENST00000495717.6	100	38008	37908
ENST00000495723.1	0	6669	6669
ENST00000495733.5	1969	7528	5559
ENST00000495737.1	0	132502	132502
ENST00000495739.1	97	74633	74536
ENST00000495744.5	67806	73235	5429
ENST00000495747.5	14168	15583	1415
ENST00000495759.6	40840	64181	23341
ENST00000495767.5	56890	84069	27179
ENST00000495769.5	14034	16484	2450
ENST00000495776.5	0	97166	97166
ENST00000495778.1	0	11646	11646
ENST00000495785.1	7337	9121	1784
ENST00000495793.2	0	14913	14913
ENST00000495797.1	6287	9552	3265
ENST00000495799.5	11567	18573	7006
ENST00000495803.5	53	14649	14596
ENST00000495812.5	0	18083	18083
ENST00000495819.6	0	27352	27352
ENST00000495827.3	7531	32770	25239
ENST00000495831.5	13965	16423	2458
ENST00000495834.1	637	1592	955
ENST00000495842.6	6395	44421	38026
ENST00000495852.6	0	25471	25471
ENST00000495859.1	451	863	412
ENST00000495871.2	0	122876	122876
ENST00000495875.6	146123	164265	18142
ENST00000495880.2	1899	8701	6802
ENST00000495887.1	0	748	748
ENST00000495891.1	0	25035	25035
ENST00000495893.7	9649	97101	87452
ENST00000495903.1	0	30544	30544
ENST00000495910.6	0	25757	25757
ENST00000495911.5	88	25701	25613
ENST00000495912.5	8825	79684	70859
ENST00000495931.1	0	1232	1232
ENST00000495936.7	5382	14234	8852
ENST00000495953.2	0	7206	7206
ENST00000495954.5	245	52316	52071
ENST00000495955.5	37054	105284	68230
ENST00000495956.3	602	686895	686293
ENST00000495957.1	0	1162	1162
ENST00000495960.5	21309	51962	30653
ENST00000495961.1	0	2932	2932
ENST00000495972.6	1267	64265	62998
ENST00000495980.1	2	107786	107784
ENST00000495992.5	29	32889	32860
ENST00000495996.1	0	526	526
ENST00000496004.5	21	4697	4676
ENST00000496020.1	16935	85152	68217
ENST00000496035.2	330	4188	3858
ENST00000496045.5	2834	5724	2890
ENST00000496046.5	99	20118	20019
ENST00000496050.1	24	10971	10947
ENST00000496061.5	97	18420	18323
ENST00000496075.2	50029	82072	32043
ENST00000496083.1	0	7078	7078
ENST00000496090.6	215	14046	13831
ENST00000496101.5	2	115252	115250
ENST00000496106.5	286	188957	188671
ENST00000496112.5	168	11797	11629
ENST00000496113.1	0	67055	67055
ENST00000496114.5	0	15180	15180
ENST00000496118.2	81	3292	3211
ENST00000496132.2	1944	3638	1694
ENST00000496137.5	14937	17163	2226
ENST00000496144.5	523	498813	498290
ENST00000496145.5	0	3847	3847
ENST00000496156.5	6301	20640	14339
ENST00000496163.5	308	16434	16126
ENST00000496166.6	2280	43398	41118
ENST00000496168.1	0	824	824
ENST00000496169.5	18210	23435	5225
ENST00000496182.5	2693	4006	1313
ENST00000496196.5	1342	14585	13243
ENST00000496197.5	6030	11528	5498
ENST00000496200.5	732	15040	14308
ENST00000496206.5	3294	9322	6028
ENST00000496212.5	0	28828	28828
ENST00000496214.6	0	5915	5915
ENST00000496222.1	0	11497	11497
ENST00000496226.1	75	1129	1054
ENST00000496231.1	0	1389	1389
ENST00000496233.1	55	9469	9414
ENST00000496241.6	14541	18387	3846
ENST00000496246.5	0	5368	5368
ENST00000496258.1	5843	6341	498
ENST00000496259.6	104	22268	22164
ENST00000496261.6	2394	34719	32325
ENST00000496276.5	10297	13072	2775
ENST00000496288.5	156	6756	6600
ENST00000496292.5	823	26202	25379
ENST00000496293.2	0	1485	1485
ENST00000496306.5	90	29681	29591
ENST00000496318.5	53	6214	6161
ENST00000496325.5	69095	75827	6732
ENST00000496327.2	0	4234	4234
ENST00000496330.5	56	9712	9656
ENST00000496334.6	11	14036	14025
ENST00000496340.1	1159	7193	6034
ENST00000496341.6	6407	13116	6709
ENST00000496343.6	7430	21751	14321
ENST00000496368.6	16505	25534	9029
ENST00000496383.5	1336	80561	79225
ENST00000496384.7	7170	207658	200488
ENST00000496387.5	58	6824	6766
ENST00000496391.5	32515	61757	29242
ENST00000496396.1	145	98058	97913
ENST00000496404.1	7863	78581	70718
ENST00000496410.1	732	4016	3284
ENST00000496411.5	2229	2819	590
ENST00000496423.1	10866	24010	13144
ENST00000496424.2	876	239113	238237
ENST00000496428.6	103	10665	10562
ENST00000496430.6	8015	13537	5522
ENST00000496448.6	44	15851	15807
ENST00000496455.7	221	69102	68881
ENST00000496460.5	1652	3640	1988
ENST00000496465.1	29066	30648	1582
ENST00000496468.1	498	1644	1146
ENST00000496474.2	40403	65747	25344
ENST00000496484.3	10180	23445	13265
ENST00000496489.5	0	18594	18594
ENST00000496493.5	784	2860	2076
ENST00000496503.5	16629	31423	14794
ENST00000496504.3	0	2442	2442
ENST00000496514.6	54	47071	47017
ENST00000496518.6	43783	76964	33181
ENST00000496529.6	3311	11025	7714
ENST00000496533.5	1034	15108	14074
ENST00000496537.1	0	16109	16109
ENST00000496541.6	0	9304	9304
ENST00000496549.5	16254	21865	5611
ENST00000496551.2	7	110496	110489
ENST00000496558.5	138557	1137567	999010
ENST00000496568.1	0	432	432
ENST00000496589.5	348	119563	119215
ENST00000496590.1	0	1055	1055
ENST00000496603.5	7684	11111	3427
ENST00000496610.2	18570	66343	47773
ENST00000496611.2	283	282400	282117
ENST00000496612.5	851	27245	26394
ENST00000496613.6	290	86986	86696
ENST00000496616.6	49760	129093	79333
ENST00000496619.6	0	15365	15365
ENST00000496623.5	32	22673	22641
ENST00000496627.5	2	55313	55311
ENST00000496633.1	23	38640	38617
ENST00000496634.2	15205	33448	18243
ENST00000496637.6	8418	188785	180367
ENST00000496655.1	4761	7571	2810
ENST00000496660.5	10009	20253	10244
ENST00000496664.5	97057	149807	52750
ENST00000496677.6	9216	10678	1462
ENST00000496681.5	35695	35745	50
ENST00000496682.2	0	30545	30545
ENST00000496684.6	0	19958	19958
ENST00000496687.1	397	538665	538268
ENST00000496698.5	0	46411	46411
ENST00000496703.1	0	45744	45744
ENST00000496706.1	2849	16481	13632
ENST00000496707.5	0	6665	6665
ENST00000496710.5	577	135733	135156
ENST00000496712.1	0	44577	44577
ENST00000496714.2	2629	490854	488225
ENST00000496719.1	3078	6196	3118
ENST00000496721.5	0	16517	16517
ENST00000496742.5	521	11317	10796
ENST00000496746.5	60	620	560
ENST00000496747.6	34025	64121	30096
ENST00000496749.1	0	29512	29512
ENST00000496751.1	0	4210	4210
ENST00000496769.1	0	4036	4036
ENST00000496770.1	164	4380	4216
ENST00000496772.1	0	14944	14944
ENST00000496791.3	653	1412	759
ENST00000496792.3	87	105652	105565
ENST00000496804.5	233	44322	44089
ENST00000496806.2	0	105791	105791
ENST00000496807.1	2	23264	23262
ENST00000496808.1	0	153017	153017
ENST00000496811.6	3628	54869	51241
ENST00000496816.5	0	5489	5489
ENST00000496817.5	100	1008	908
ENST00000496820.2	0	3481	3481
ENST00000496822.1	2233	4539	2306
ENST00000496834.6	15726	17152	1426
ENST00000496835.7	21	81348	81327
ENST00000496840.1	0	94	94
ENST00000496844.6	2722	16688	13966
ENST00000496850.1	10	51600	51590
ENST00000496856.6	5263	12839	7576
ENST00000496859.1	0	112	112
ENST00000496873.1	0	16957	16957
ENST00000496887.7	32	405001	404969
ENST00000496897.5	28212	132819	104607
ENST00000496900.2	89	37139	37050
ENST00000496902.7	229	4838	4609
ENST00000496903.5	178	30439	30261
ENST00000496913.6	0	27535	27535
ENST00000496928.6	8377	8555	178
ENST00000496930.5	13557	47191	33634
ENST00000496948.2	0	11993	11993
ENST00000496954.2	0	39827	39827
ENST00000496958.5	265	4781	4516
ENST00000496959.5	0	15351	15351
ENST00000496961.5	61	1794	1733
ENST00000496962.2	169	3096	2927
ENST00000496973.5	60	9656	9596
ENST00000496977.5	259	905	646
ENST00000496980.6	90	9767	9677
ENST00000496983.1	0	684	684
ENST00000497002.1	7341	56979	49638
ENST00000497008.5	35966	56210	20244
ENST00000497011.5	4889	59811	54922
ENST00000497013.1	0	3482	3482
ENST00000497016.5	787	2551	1764
ENST00000497019.7	26465	60973	34508
ENST00000497027.5	102	11977	11875
ENST00000497029.5	1265	502324	501059
ENST00000497038.6	14	8978	8964
ENST00000497053.2	0	6148	6148
ENST00000497056.6	399	36874	36475
ENST00000497062.6	95141	294787	199646
ENST00000497067.1	83	1232	1149
ENST00000497069.2	0	19583	19583
ENST00000497079.5	241	45940	45699
ENST00000497081.6	1023	4312	3289
ENST00000497092.1	0	37977	37977
ENST00000497094.6	57012	57074	62
ENST00000497105.1	0	6531	6531
ENST00000497116.1	773	3118	2345
ENST00000497136.6	12495	21821	9326
ENST00000497137.1	321	775	454
ENST00000497140.5	102	2625	2523
ENST00000497146.5	9930	196405	186475
ENST00000497148.5	331	2645	2314
ENST00000497155.1	0	40477	40477
ENST00000497160.5	3012	6724	3712
ENST00000497161.1	0	6576	6576
ENST00000497162.1	0	2858	2858
ENST00000497164.5	205	8556	8351
ENST00000497165.5	8999	10299	1300
ENST00000497170.5	149620	257144	107524
ENST00000497173.5	129683	155426	25743
ENST00000497183.5	11046	16302	5256
ENST00000497186.5	2498	2973	475
ENST00000497194.6	1372	3622	2250
ENST00000497198.1	400	3480	3080
ENST00000497199.5	40831	46226	5395
ENST00000497202.6	32066	44797	12731
ENST00000497206.6	17178	65734	48556
ENST00000497208.5	1891	55482	53591
ENST00000497209.5	13935	27465	13530
ENST00000497220.5	0	7889	7889
ENST00000497230.2	282	63062	62780
ENST00000497241.5	27	23359	23332
ENST00000497243.5	0	3492	3492
ENST00000497249.6	198	13276	13078
ENST00000497250.5	81	18034	17953
ENST00000497255.1	334	24691	24357
ENST00000497259.5	0	20467	20467
ENST00000497267.5	252	47573	47321
ENST00000497269.5	0	3301	3301
ENST00000497270.5	22	11702	11680
ENST00000497287.6	621	3881	3260
ENST00000497289.5	255	19053	18798
ENST00000497295.1	106	11755	11649
ENST00000497302.1	8734	12026	3292
ENST00000497311.5	1553	5577	4024
ENST00000497317.5	18	4240	4222
ENST00000497318.1	0	11647	11647
ENST00000497323.5	0	5193	5193
ENST00000497327.1	6236	14217	7981
ENST00000497333.5	13040	16308	3268
ENST00000497339.6	938	14248	13310
ENST00000497340.1	0	9266	9266
ENST00000497343.5	707	267139	266432
ENST00000497345.1	0	16192	16192
ENST00000497348.1	0	1408	1408
ENST00000497355.7	59	89311	89252
ENST00000497365.5	612	1810	1198
ENST00000497370.5	3018	14784	11766
ENST00000497371.6	0	4706	4706
ENST00000497373.1	0	688	688
ENST00000497380.1	0	47934	47934
ENST00000497382.5	90452	118589	28137
ENST00000497391.5	2595	13754	11159
ENST00000497395.5	0	30111	30111
ENST00000497423.1	12225	86367	74142
ENST00000497424.5	19332	35283	15951
ENST00000497430.1	1719	11728	10009
ENST00000497436.5	0	2943	2943
ENST00000497447.5	59	10031	9972
ENST00000497450.5	860	13648	12788
ENST00000497454.6	451	9270	8819
ENST00000497473.6	16	14513	14497
ENST00000497477.6	75	680690	680615
ENST00000497488.2	1386	55034	53648
ENST00000497492.1	0	9126	9126
ENST00000497503.5	1670	1718	48
ENST00000497509.1	182	4475	4293
ENST00000497510.5	15349	22100	6751
ENST00000497513.1	0	9914	9914
ENST00000497522.5	418	11172	10754
ENST00000497524.5	43252	45404	2152
ENST00000497525.5	833	2816	1983
ENST00000497535.5	10125	13082	2957
ENST00000497547.2	53	15564	15511
ENST00000497553.4	0	12592	12592
ENST00000497558.5	35	39392	39357
ENST00000497571.6	3546	9863	6317
ENST00000497577.2	49	466	417
ENST00000497579.5	0	42245	42245
ENST00000497580.5	37128	72974	35846
ENST00000497582.5	8270	18589	10319
ENST00000497584.5	714	29019	28305
ENST00000497586.5	0	25710	25710
ENST00000497587.6	1152	6370	5218
ENST00000497596.2	0	8076	8076
ENST00000497599.5	193	27419	27226
ENST00000497603.2	0	382	382
ENST00000497606.5	0	4779	4779
ENST00000497608.5	28443	81482	53039
ENST00000497642.5	10410	30251	19841
ENST00000497644.1	0	4053	4053
ENST00000497649.6	6792	14994	8202
ENST00000497653.5	0	1299	1299
ENST00000497658.5	1616	12446	10830
ENST00000497665.5	17	1450	1433
ENST00000497671.5	5401	21452	16051
ENST00000497673.5	9652	23847	14195
ENST00000497679.6	5049	8659	3610
ENST00000497683.6	3	32056	32053
ENST00000497685.5	14429	30981	16552
ENST00000497691.5	51508	138756	87248
ENST00000497705.5	39	90607	90568
ENST00000497706.6	35886	49170	13284
ENST00000497711.1	41	76277	76236
ENST00000497716.5	0	968	968
ENST00000497724.1	0	974	974
ENST00000497726.5	272	23780	23508
ENST00000497750.1	178	800	622
ENST00000497759.2	2636	5417	2781
ENST00000497771.6	1358	5327	3969
ENST00000497775.2	279	1297	1018
ENST00000497783.3	0	27496	27496
ENST00000497784.2	73701	190728	117027
ENST00000497785.1	0	12243	12243
ENST00000497789.2	0	1313	1313
ENST00000497791.5	20	7299	7279
ENST00000497792.6	114	3673	3559
ENST00000497803.2	0	1743	1743
ENST00000497810.1	105	3751	3646
ENST00000497812.6	146	16587	16441
ENST00000497820.1	130	5477	5347
ENST00000497826.5	7	23032	23025
ENST00000497827.1	4949	13099	8150
ENST00000497830.5	71564	84358	12794
ENST00000497838.5	0	9873	9873
ENST00000497841.6	239	5054	4815
ENST00000497844.6	0	141338	141338
ENST00000497849.1	554	1208	654
ENST00000497861.5	0	40097	40097
ENST00000497864.5	128	9718	9590
ENST00000497866.6	1725	2797	1072
ENST00000497868.5	0	12347	12347
ENST00000497870.1	0	7275	7275
ENST00000497872.4	426	5833	5407
ENST00000497876.5	20	17207	17187
ENST00000497880.5	0	3317	3317
ENST00000497883.5	80	42481	42401
ENST00000497892.6	18770	41920	23150
ENST00000497895.5	217	1875	1658
ENST00000497899.6	83	48946	48863
ENST00000497905.5	2574	8661	6087
ENST00000497907.5	0	4931	4931
ENST00000497910.5	210	67766	67556
ENST00000497921.2	55011	55757	746
ENST00000497923.5	1672	42050	40378
ENST00000497930.6	880	5997	5117
ENST00000497932.5	8759	147723	138964
ENST00000497933.3	70	6416	6346
ENST00000497947.6	15489	28800	13311
ENST00000497948.5	604	2424	1820
ENST00000497953.5	0	2787	2787
ENST00000497957.1	0	144	144
ENST00000497959.5	18750	80581	61831
ENST00000497965.5	60	11336	11276
ENST00000497970.5	1248	4860	3612
ENST00000497979.5	104	10481	10377
ENST00000497985.5	8350	29312	20962
ENST00000497986.5	75	1895	1820
ENST00000497989.5	527	32263	31736
ENST00000497990.1	4006	19033	15027
ENST00000497993.5	0	10044	10044
ENST00000497999.1	1733	5119	3386
ENST00000498000.5	0	6720	6720
ENST00000498004.5	61194	76063	14869
ENST00000498008.5	8	3918	3910
ENST00000498010.2	0	4486	4486
ENST00000498016.1	34	8154	8120
ENST00000498035.5	95	24294	24199
ENST00000498043.6	4431	13510	9079
ENST00000498051.6	88063	155748	67685
ENST00000498072.5	81	2846	2765
ENST00000498077.6	2122	106714	104592
ENST00000498083.2	9	2565	2556
ENST00000498086.5	0	79731	79731
ENST00000498088.1	1179	2063	884
ENST00000498092.5	0	1063	1063
ENST00000498096.5	145	14969	14824
ENST00000498098.1	842	13197	12355
ENST00000498104.1	0	10441	10441
ENST00000498107.5	809	12431	11622
ENST00000498124.1	672	7269	6597
ENST00000498125.6	0	50941	50941
ENST00000498133.5	16971	57635	40664
ENST00000498139.6	1845	3631	1786
ENST00000498148.5	3395	7557	4162
ENST00000498153.7	13904	41966	28062
ENST00000498155.1	65	4963	4898
ENST00000498160.6	4106	5805	1699
ENST00000498162.2	0	285611	285611
ENST00000498165.6	78	313999	313921
ENST00000498166.6	73	4512	4439
ENST00000498167.1	0	8479	8479
ENST00000498169.1	2242	4768	2526
ENST00000498181.6	18632	21726	3094
ENST00000498187.6	889	4076	3187
ENST00000498193.5	1234	41130	39896
ENST00000498196.1	8477	82299	73822
ENST00000498200.1	0	46	46
ENST00000498202.6	55047	55341	294
ENST00000498208.1	0	1253	1253
ENST00000498211.5	11478	11817	339
ENST00000498214.6	218	1181	963
ENST00000498215.7	42	241188	241146
ENST00000498216.5	0	322	322
ENST00000498220.1	0	13753	13753
ENST00000498234.2	0	25446	25446
ENST00000498236.1	25772	26137	365
ENST00000498237.3	0	12849	12849
ENST00000498240.6	3023	12251	9228
ENST00000498257.6	1255	27083	25828
ENST00000498267.5	27081	32195	5114
ENST00000498271.1	40	25523	25483
ENST00000498273.2	11780	19113	7333
ENST00000498274.5	30	5576	5546
ENST00000498275.5	846	13959	13113
ENST00000498281.2	437	15415	14978
ENST00000498285.1	0	12422	12422
ENST00000498286.6	118	41059	40941
ENST00000498288.1	742	1569	827
ENST00000498301.1	0	8763	8763
ENST00000498306.5	0	99370	99370
ENST00000498307.5	207	2521	2314
ENST00000498311.5	1049	14918	13869
ENST00000498315.1	448	47462	47014
ENST00000498316.3	0	9467	9467
ENST00000498318.1	0	15444	15444
ENST00000498338.1	0	8548	8548
ENST00000498347.1	0	12190	12190
ENST00000498386.1	0	5482	5482
ENST00000498390.5	0	138	138
ENST00000498399.1	0	222	222
ENST00000498402.2	1061	20648	19587
ENST00000498407.5	24	118365	118341
ENST00000498408.1	0	17588	17588
ENST00000498409.5	0	19081	19081
ENST00000498416.2	28	151455	151427
ENST00000498419.5	370	64896	64526
ENST00000498420.5	12008	14402	2394
ENST00000498431.5	1450	7003	5553
ENST00000498435.1	0	823	823
ENST00000498447.5	4815	7096	2281
ENST00000498449.5	332	166188	165856
ENST00000498450.3	0	12857	12857
ENST00000498451.3	347	9839	9492
ENST00000498460.1	0	22591	22591
ENST00000498469.5	396	11519	11123
ENST00000498470.1	234	10798	10564
ENST00000498473.6	0	3123	3123
ENST00000498476.6	0	5701	5701
ENST00000498479.5	17912	51378	33466
ENST00000498482.5	23	32461	32438
ENST00000498502.5	789	160931	160142
ENST00000498505.5	5	5808	5803
ENST00000498510.2	106	6816	6710
ENST00000498513.6	22424	35795	13371
ENST00000498535.1	12219	19893	7674
ENST00000498543.1	2218	2550	332
ENST00000498555.1	0	1141	1141
ENST00000498565.5	1365	58792	57427
ENST00000498573.5	0	13566	13566
ENST00000498574.1	0	823	823
ENST00000498578.5	54	18947	18893
ENST00000498580.5	7382	12592	5210
ENST00000498592.6	86	34697	34611
ENST00000498593.5	9749	10088	339
ENST00000498596.5	0	5031	5031
ENST00000498601.1	1810	9125	7315
ENST00000498603.5	5896	8481	2585
ENST00000498619.4	69856	104112	34256
ENST00000498623.6	9202	13948	4746
ENST00000498625.1	0	15774	15774
ENST00000498628.6	127	3413	3286
ENST00000498631.5	490	1458	968
ENST00000498633.1	0	4133	4133
ENST00000498634.2	119	2483	2364
ENST00000498635.1	0	1907	1907
ENST00000498636.1	132	12142	12010
ENST00000498653.5	10284	36999	26715
ENST00000498661.6	2797	11649	8852
ENST00000498664.1	60	2417	2357
ENST00000498673.5	9051	9085	34
ENST00000498677.5	0	3726	3726
ENST00000498678.6	1467	4895	3428
ENST00000498682.3	2466	3682	1216
ENST00000498683.2	0	27286	27286
ENST00000498691.5	10495	12443	1948
ENST00000498697.3	373	132829	132456
ENST00000498699.5	24787	113890	89103
ENST00000498702.1	0	2218	2218
ENST00000498704.6	384	2086	1702
ENST00000498707.5	6520	177769	171249
ENST00000498710.1	4678	57085	52407
ENST00000498729.9	3600	89310	85710
ENST00000498733.5	36	5679	5643
ENST00000498737.8	660	5599	4939
ENST00000498739.1	255594	276198	20604
ENST00000498740.1	0	1472	1472
ENST00000498744.5	18936	26973	8037
ENST00000498746.1	251	2034	1783
ENST00000498750.5	10147	52261	42114
ENST00000498765.5	0	847	847
ENST00000498791.6	0	17338	17338
ENST00000498806.1	661	1520	859
ENST00000498808.7	0	23786	23786
ENST00000498811.2	0	7099	7099
ENST00000498812.5	4106	13577	9471
ENST00000498820.5	185	38058	37873
ENST00000498824.4	19408	50394	30986
ENST00000498839.5	3030	27077	24047
ENST00000498875.6	3273	36913	33640
ENST00000498907.3	1407	3553	2146
ENST00000498926.7	35	10844	10809
ENST00000498971.7	131	2466	2335
ENST00000499023.7	1683	16830	15147
ENST00000499044.6	4564	21095	16531
ENST00000499247.3	760	2828	2068
ENST00000499536.2	811	3029	2218
ENST00000499666.7	3661	15993	12332
ENST00000499676.5	8081	57162	49081
ENST00000499709.3	0	188	188
ENST00000499810.6	2213	13962	11749
ENST00000499869.7	1042	44130	43088
ENST00000499879.7	43	109933	109890
ENST00000499914.2	552	11122	10570
ENST00000500065.8	497	16197	15700
ENST00000500090.2	0	2947	2947
ENST00000500161.2	1546	4790	3244
ENST00000500254.6	1287	4320	3033
ENST00000500320.7	35	27469	27434
ENST00000500337.6	1973	10360	8387
ENST00000500450.6	887	2664	1777
ENST00000500576.4	198	74520	74322
ENST00000500625.7	10001	20997	10996
ENST00000500635.2	51	29725	29674
ENST00000500655.2	106	1208	1102
ENST00000500685.6	10675	22306	11631
ENST00000500692.6	1358	12222	10864
ENST00000500704.7	3394	80320	76926
ENST00000500777.6	405	66442	66037
ENST00000500813.6	4531	25629	21098
ENST00000500869.6	3204	10126	6922
ENST00000500893.4	17	2433	2416
ENST00000500945.2	1933	11099	9166
ENST00000500968.4	2191	6455	4264
ENST00000501272.6	444	29332	28888
ENST00000501403.6	202	7071	6869
ENST00000501463.2	1979	2763	784
ENST00000501493.6	1383	24020	22637
ENST00000501516.7	3	37067	37064
ENST00000501597.3	198	1003	805
ENST00000501599.3	125	3546	3421
ENST00000501744.2	0	550	550
ENST00000501748.3	213	3427	3214
ENST00000502059.7	3093	12897	9804
ENST00000502213.6	191	4905	4714
ENST00000502247.1	0	2896	2896
ENST00000502248.5	47538	55098	7560
ENST00000502250.5	442	19856	19414
ENST00000502252.5	64	245193	245129
ENST00000502254.5	83	68719	68636
ENST00000502260.5	8328	13330	5002
ENST00000502264.5	0	72170	72170
ENST00000502265.5	5930	7293	1363
ENST00000502268.5	2656	3943	1287
ENST00000502270.5	90	5367	5277
ENST00000502271.5	2619	2767	148
ENST00000502274.2	36713	48906	12193
ENST00000502276.6	3102	4042	940
ENST00000502280.5	1323	9736	8413
ENST00000502281.3	65922	72108	6186
ENST00000502283.1	463	16449	15986
ENST00000502286.1	0	14714	14714
ENST00000502288.5	267	25200	24933
ENST00000502294.5	2300	10171	7871
ENST00000502295.1	33225	33635	410
ENST00000502296.6	7276	31997	24721
ENST00000502297.5	1606	37830	36224
ENST00000502298.1	1321	4250	2929
ENST00000502299.5	0	5435	5435
ENST00000502302.6	0	52316	52316
ENST00000502304.5	0	8305	8305
ENST00000502305.5	57154	57416	262
ENST00000502307.1	44	10430	10386
ENST00000502310.5	0	6822	6822
ENST00000502315.1	0	596	596
ENST00000502316.5	21397	45272	23875
ENST00000502319.1	0	156	156
ENST00000502320.2	12055	27051	14996
ENST00000502321.5	0	564	564
ENST00000502322.5	775	7759	6984
ENST00000502323.5	4010	16819	12809
ENST00000502326.7	57	37989	37932
ENST00000502330.5	739	501285	500546
ENST00000502336.5	31599	32081	482
ENST00000502338.1	0	1399	1399
ENST00000502346.2	4241	24689	20448
ENST00000502348.5	9905	31566	21661
ENST00000502351.1	1254	1410	156
ENST00000502355.5	159	12681	12522
ENST00000502358.5	0	6405	6405
ENST00000502363.1	50	20775	20725
ENST00000502371.3	0	81568	81568
ENST00000502374.5	4024	27428	23404
ENST00000502375.1	29344	43128	13784
ENST00000502382.1	0	10932	10932
ENST00000502384.3	0	69988	69988
ENST00000502391.6	2471	44044	41573
ENST00000502392.1	0	16975	16975
ENST00000502393.5	13529	33499	19970
ENST00000502394.1	31307	31903	596
ENST00000502396.6	37	157474	157437
ENST00000502397.5	993	16333	15340
ENST00000502399.7	212	72255	72043
ENST00000502401.1	0	10611	10611
ENST00000502403.1	0	1264	1264
ENST00000502404.5	19	12741	12722
ENST00000502408.1	0	4325	4325
ENST00000502409.1	27746	36574	8828
ENST00000502412.2	1184	16306	15122
ENST00000502418.1	7	5209	5202
ENST00000502423.5	28	44429	44401
ENST00000502426.5	36	34214	34178
ENST00000502428.5	529	10915	10386
ENST00000502429.5	184	24390	24206
ENST00000502434.1	0	31488	31488
ENST00000502436.5	0	155704	155704
ENST00000502440.1	0	60	60
ENST00000502442.1	7584	8602	1018
ENST00000502446.6	440	264055	263615
ENST00000502456.5	0	6485	6485
ENST00000502458.5	5543	110123	104580
ENST00000502464.5	40728	102458	61730
ENST00000502468.5	304	96620	96316
ENST00000502470.5	7566	8161	595
ENST00000502471.5	0	1009	1009
ENST00000502478.1	0	14146	14146
ENST00000502480.5	200	3701	3501
ENST00000502481.5	16192	26154	9962
ENST00000502482.1	809	97582	96773
ENST00000502483.5	0	364	364
ENST00000502484.6	10	1213169	1213159
ENST00000502486.6	6668	42887	36219
ENST00000502491.1	0	196	196
ENST00000502492.6	1162	16184	15022
ENST00000502499.5	22015	37185	15170
ENST00000502500.1	0	862	862
ENST00000502503.1	116804	433011	316207
ENST00000502506.6	503	10834	10331
ENST00000502512.1	944	5012	4068
ENST00000502517.5	528	4279	3751
ENST00000502524.5	722	93544	92822
ENST00000502525.5	117366	117778	412
ENST00000502527.2	11594	110459	98865
ENST00000502529.1	0	4318	4318
ENST00000502534.5	1391	4987	3596
ENST00000502535.1	2750	4923	2173
ENST00000502536.5	23187	41387	18200
ENST00000502539.5	215	6378	6163
ENST00000502541.1	0	18775	18775
ENST00000502547.5	27	1229	1202
ENST00000502550.5	1568	9251	7683
ENST00000502551.5	0	386297	386297
ENST00000502553.5	391	29159	28768
ENST00000502555.5	32	2143	2111
ENST00000502556.5	67	40405	40338
ENST00000502557.5	0	2717	2717
ENST00000502558.5	20	43505	43485
ENST00000502560.5	0	18195	18195
ENST00000502563.5	8250	25153	16903
ENST00000502569.1	0	97105	97105
ENST00000502572.1	0	18951	18951
ENST00000502575.1	256	612094	611838
ENST00000502580.5	1134	4144	3010
ENST00000502582.1	0	12885	12885
ENST00000502583.6	202	63018	62816
ENST00000502584.5	153	82486	82333
ENST00000502586.5	6125	13319	7194
ENST00000502588.5	1229	5076	3847
ENST00000502590.5	5000	12589	7589
ENST00000502594.5	160	25506	25346
ENST00000502596.5	0	15910	15910
ENST00000502597.2	976	4085	3109
ENST00000502598.5	27712	29240	1528
ENST00000502604.5	20394	42766	22372
ENST00000502607.1	1241	8004	6763
ENST00000502608.5	155	18221	18066
ENST00000502612.5	90696	132946	42250
ENST00000502613.3	194	139147	138953
ENST00000502616.5	14137	21831	7694
ENST00000502617.1	300	37884	37584
ENST00000502618.5	3765	11334	7569
ENST00000502620.1	2336	35467	33131
ENST00000502623.1	0	11686	11686
ENST00000502635.2	224	16912	16688
ENST00000502637.5	412	20431	20019
ENST00000502638.5	7037	7221	184
ENST00000502640.5	1538	397870	396332
ENST00000502646.1	0	17701	17701
ENST00000502649.5	167	45465	45298
ENST00000502650.1	0	59842	59842
ENST00000502653.5	7228	73905	66677
ENST00000502656.5	0	36128	36128
ENST00000502658.1	0	207531	207531
ENST00000502663.5	2667	4613	1946
ENST00000502664.6	198	23451	23253
ENST00000502666.1	2158	2306	148
ENST00000502667.5	10	50087	50077
ENST00000502669.5	5891	19620	13729
ENST00000502673.6	6705	31236	24531
ENST00000502674.5	0	40383	40383
ENST00000502676.1	0	2885	2885
ENST00000502678.1	0	618	618
ENST00000502686.6	702	20992	20290
ENST00000502689.1	0	20605	20605
ENST00000502690.5	0	25215	25215
ENST00000502692.5	116	19606	19490
ENST00000502694.1	7309	207903	200594
ENST00000502696.1	0	433312	433312
ENST00000502698.5	1443	4318	2875
ENST00000502699.5	262057	342279	80222
ENST00000502702.6	229	42900	42671
ENST00000502703.5	5117	8378	3261
ENST00000502704.2	960	37264	36304
ENST00000502705.5	20719	89568	68849
ENST00000502709.1	0	65222	65222
ENST00000502713.1	0	54	54
ENST00000502716.1	5088	6172	1084
ENST00000502717.6	4114	55307	51193
ENST00000502719.5	0	7468	7468
ENST00000502730.5	691	5047	4356
ENST00000502732.6	8391	133601	125210
ENST00000502735.5	322	27714	27392
ENST00000502739.5	6191	16269	10078
ENST00000502741.5	6415	351711	345296
ENST00000502743.5	1158	6846	5688
ENST00000502745.5	90	101374	101284
ENST00000502749.1	43	34786	34743
ENST00000502750.2	1032	42211	41179
ENST00000502753.4	3	154229	154226
ENST00000502754.5	0	50130	50130
ENST00000502755.6	1879	23287	21408
ENST00000502761.1	145	10135	9990
ENST00000502762.4	1433	6314	4881
ENST00000502763.1	0	2784	2784
ENST00000502769.5	13004	26843	13839
ENST00000502770.2	773	6198	5425
ENST00000502771.1	0	260	260
ENST00000502773.6	2639	211478	208839
ENST00000502781.5	7193	14161	6968
ENST00000502783.5	46537	62684	16147
ENST00000502795.5	188	36888	36700
ENST00000502796.5	9773	367119	357346
ENST00000502798.7	48368	244330	195962
ENST00000502801.1	581	105079	104498
ENST00000502805.1	9822	13243	3421
ENST00000502810.5	31	48738	48707
ENST00000502814.5	7106	12233	5127
ENST00000502815.1	0	177902	177902
ENST00000502818.5	175	504295	504120
ENST00000502819.5	589	17983	17394
ENST00000502821.5	499387	499763	376
ENST00000502826.5	0	302	302
ENST00000502831.5	0	72506	72506
ENST00000502832.1	0	380	380
ENST00000502835.5	60	5932	5872
ENST00000502839.1	412	8745	8333
ENST00000502841.5	762	12508	11746
ENST00000502843.5	140	56307	56167
ENST00000502844.5	0	5200	5200
ENST00000502847.1	0	14643	14643
ENST00000502848.5	3091	7182	4091
ENST00000502850.5	29128	33696	4568
ENST00000502852.1	20	1482	1462
ENST00000502858.3	49	11450	11401
ENST00000502865.5	0	16920	16920
ENST00000502869.5	48457	73316	24859
ENST00000502870.1	0	12367	12367
ENST00000502871.5	166	104520	104354
ENST00000502874.1	7994	22447	14453
ENST00000502877.1	0	23944	23944
ENST00000502878.6	777	26922	26145
ENST00000502885.5	0	4918	4918
ENST00000502887.5	8911	16464	7553
ENST00000502892.5	0	870	870
ENST00000502894.1	0	4993	4993
ENST00000502897.5	2925	15870	12945
ENST00000502899.2	53	7262	7209
ENST00000502900.2	3653	26659	23006
ENST00000502905.5	51	5863	5812
ENST00000502906.5	2689	13148	10459
ENST00000502910.5	41	15626	15585
ENST00000502911.5	56	1097	1041
ENST00000502918.1	9677	12441	2764
ENST00000502922.5	8241	10111	1870
ENST00000502929.5	33312	57959	24647
ENST00000502930.5	110	31314	31204
ENST00000502933.1	24	28971	28947
ENST00000502935.6	421	60644	60223
ENST00000502938.5	4023	27137	23114
ENST00000502939.2	2905	3069	164
ENST00000502940.1	57160	57696	536
ENST00000502942.5	47203	57328	10125
ENST00000502945.1	98083	117847	19764
ENST00000502949.5	162	102215	102053
ENST00000502955.5	12309	12729	420
ENST00000502959.5	120	49293	49173
ENST00000502961.1	0	346	346
ENST00000502968.1	0	556	556
ENST00000502970.5	7097	28556	21459
ENST00000502971.5	40940	96113	55173
ENST00000502976.5	972	2779	1807
ENST00000502978.1	7	135339	135332
ENST00000502979.1	58	10072	10014
ENST00000502982.2	474	7166	6692
ENST00000502983.5	0	62972	62972
ENST00000502984.5	0	19196	19196
ENST00000502985.5	1125	7265	6140
ENST00000502986.4	14515	82159	67644
ENST00000502987.5	358	14160	13802
ENST00000502994.5	324	53538	53214
ENST00000502997.5	0	26304	26304
ENST00000503000.1	727	89015	88288
ENST00000503002.5	903	1676	773
ENST00000503004.5	1179	6696	5517
ENST00000503005.2	26	7727	7701
ENST00000503008.5	4033	330274	326241
ENST00000503012.1	13875	22421	8546
ENST00000503014.5	318	34831	34513
ENST00000503015.5	6388	18854	12466
ENST00000503016.5	11487	26726	15239
ENST00000503022.5	0	39935	39935
ENST00000503023.2	162	14210	14048
ENST00000503024.1	2311	4215	1904
ENST00000503026.5	75	16400	16325
ENST00000503030.1	114	4447	4333
ENST00000503032.3	5282	8088	2806
ENST00000503035.5	38263	41008	2745
ENST00000503039.1	4	42810	42806
ENST00000503040.5	0	4416	4416
ENST00000503045.5	55	11052	10997
ENST00000503046.5	115	93729	93614
ENST00000503053.5	15104	20676	5572
ENST00000503056.6	3930	32451	28521
ENST00000503057.6	67839	163397	95558
ENST00000503058.5	0	19887	19887
ENST00000503059.1	0	24875	24875
ENST00000503060.5	61384	62454	1070
ENST00000503064.5	413	5635	5222
ENST00000503070.5	168	4892	4724
ENST00000503075.1	0	62722	62722
ENST00000503079.6	74	27737	27663
ENST00000503081.1	0	5126	5126
ENST00000503082.5	0	3239	3239
ENST00000503087.1	0	4249	4249
ENST00000503094.1	0	2862	2862
ENST00000503097.1	510	2142	1632
ENST00000503098.5	0	6431	6431
ENST00000503099.1	0	21259	21259
ENST00000503103.5	469	42836	42367
ENST00000503105.5	0	5804	5804
ENST00000503109.6	156	49380	49224
ENST00000503111.5	1269	23360	22091
ENST00000503114.1	0	10661	10661
ENST00000503117.1	0	29479	29479
ENST00000503118.2	673	10242	9569
ENST00000503119.5	73	76523	76450
ENST00000503121.5	0	5784	5784
ENST00000503124.5	2429	17360	14931
ENST00000503127.5	82	716	634
ENST00000503128.5	1437	45112	43675
ENST00000503129.5	0	29554	29554
ENST00000503130.5	0	9705	9705
ENST00000503131.1	225	13613	13388
ENST00000503133.5	0	4093	4093
ENST00000503141.1	5771	10228	4457
ENST00000503143.3	2163	3625	1462
ENST00000503146.5	157014	168336	11322
ENST00000503149.5	0	28924	28924
ENST00000503150.1	20718	32297	11579
ENST00000503156.5	284	6022	5738
ENST00000503160.5	46121	90470	44349
ENST00000503161.6	0	290	290
ENST00000503172.5	0	14177	14177
ENST00000503173.5	84	71314	71230
ENST00000503175.1	0	19783	19783
ENST00000503176.6	85	15953	15868
ENST00000503180.5	7695	8093	398
ENST00000503182.5	0	24641	24641
ENST00000503184.2	494	1674	1180
ENST00000503189.5	437	37347	36910
ENST00000503193.5	92	92848	92756
ENST00000503195.5	4621	4865	244
ENST00000503196.5	0	6472	6472
ENST00000503197.5	305	10179	9874
ENST00000503200.5	2182	7263	5081
ENST00000503201.1	81	121351	121270
ENST00000503210.5	0	3289	3289
ENST00000503213.1	0	15179	15179
ENST00000503215.5	134	198833	198699
ENST00000503216.5	165	3365	3200
ENST00000503217.2	0	15360	15360
ENST00000503219.5	27547	32549	5002
ENST00000503222.5	1187	72032	70845
ENST00000503223.1	0	856	856
ENST00000503228.1	0	14840	14840
ENST00000503229.5	0	7333	7333
ENST00000503230.5	209	42816	42607
ENST00000503233.5	3	51643	51640
ENST00000503235.1	562	15624	15062
ENST00000503238.6	59394	139763	80369
ENST00000503241.1	86	4310	4224
ENST00000503245.6	3	1585	1582
ENST00000503246.1	3875	4883	1008
ENST00000503247.5	0	10162	10162
ENST00000503251.5	47	2899	2852
ENST00000503258.5	106	302863	302757
ENST00000503264.5	0	156	156
ENST00000503271.5	86385	521074	434689
ENST00000503272.1	0	152	152
ENST00000503275.6	61226	152955	91729
ENST00000503277.6	414	4962	4548
ENST00000503281.6	26934	44968	18034
ENST00000503283.5	11	12727	12716
ENST00000503285.1	178	18871	18693
ENST00000503288.6	0	22339	22339
ENST00000503290.1	0	4142	4142
ENST00000503291.5	121502	127189	5687
ENST00000503292.6	6062	136375	130313
ENST00000503293.5	446	26951	26505
ENST00000503294.5	10850	11112	262
ENST00000503297.1	4700	8976	4276
ENST00000503300.5	4467	4849	382
ENST00000503301.5	0	375550	375550
ENST00000503306.5	0	490	490
ENST00000503312.5	0	5209	5209
ENST00000503315.5	0	18649	18649
ENST00000503318.5	2060	17456	15396
ENST00000503322.1	3	12037	12034
ENST00000503324.1	32128	32476	348
ENST00000503326.6	1735	38294	36559
ENST00000503329.5	4460	11004	6544
ENST00000503330.5	0	5390	5390
ENST00000503332.5	80	4137	4057
ENST00000503334.5	0	4778	4778
ENST00000503335.7	40513	169915	129402
ENST00000503336.1	0	742	742
ENST00000503340.1	12830	13352	522
ENST00000503345.1	1870	4318	2448
ENST00000503350.6	599	8806	8207
ENST00000503351.1	1627	2239	612
ENST00000503359.5	273	559	286
ENST00000503361.5	0	36147	36147
ENST00000503362.2	111	8896	8785
ENST00000503366.6	16396	551790	535394
ENST00000503368.5	165	80710	80545
ENST00000503370.5	29615	30237	622
ENST00000503373.5	11307	38523	27216
ENST00000503385.1	1306	1572	266
ENST00000503391.5	6228	23862	17634
ENST00000503392.1	95	101686	101591
ENST00000503393.8	27533	42417	14884
ENST00000503396.5	345	80348	80003
ENST00000503397.5	0	331400	331400
ENST00000503400.5	54873	70452	15579
ENST00000503401.1	980	43272	42292
ENST00000503407.6	1527	49957	48430
ENST00000503408.5	44	34177	34133
ENST00000503411.5	8086	17742	9656
ENST00000503412.1	338	18823	18485
ENST00000503414.5	360	22615	22255
ENST00000503418.5	6575	24087	17512
ENST00000503420.5	0	2871	2871
ENST00000503421.5	74412	262011	187599
ENST00000503423.6	86389	568682	482293
ENST00000503425.5	35	42672	42637
ENST00000503427.5	4532	55628	51096
ENST00000503431.5	208	11961	11753
ENST00000503432.5	47541	69000	21459
ENST00000503433.5	20321	25458	5137
ENST00000503434.5	6037	22337	16300
ENST00000503435.5	21	5973	5952
ENST00000503436.5	0	62061	62061
ENST00000503442.1	91	126478	126387
ENST00000503444.1	0	30	30
ENST00000503445.5	189	21037	20848
ENST00000503450.1	0	170	170
ENST00000503451.5	0	75142	75142
ENST00000503454.5	0	4625	4625
ENST00000503455.6	31929	84661	52732
ENST00000503457.1	26659	36253	9594
ENST00000503462.3	3117	184775	181658
ENST00000503466.1	563	3110	2547
ENST00000503468.5	42745	90746	48001
ENST00000503475.5	5771	10228	4457
ENST00000503477.5	13484	171876	158392
ENST00000503479.6	40690	83328	42638
ENST00000503481.5	601	2742	2141
ENST00000503485.5	0	72002	72002
ENST00000503492.5	2867	26031	23164
ENST00000503494.5	1245	5184	3939
ENST00000503495.5	47	5921	5874
ENST00000503497.7	5178	12084	6906
ENST00000503501.1	0	43836	43836
ENST00000503503.5	0	18894	18894
ENST00000503506.6	24644	63220	38576
ENST00000503507.1	0	364	364
ENST00000503511.1	5081	5579	498
ENST00000503513.5	0	1235	1235
ENST00000503515.1	0	1336	1336
ENST00000503516.1	0	2475	2475
ENST00000503518.2	437	2058	1621
ENST00000503520.5	51	49060	49009
ENST00000503525.2	46048	46334	286
ENST00000503543.1	5	36258	36253
ENST00000503548.1	0	5096	5096
ENST00000503550.5	1611	3190	1579
ENST00000503552.1	0	6875	6875
ENST00000503554.4	40	39614	39574
ENST00000503556.5	1110	97610	96500
ENST00000503563.1	0	60	60
ENST00000503566.7	49	5857	5808
ENST00000503569.5	7607	35279	27672
ENST00000503570.6	27283	59196	31913
ENST00000503573.5	6670	8712	2042
ENST00000503581.6	619	1784822	1784203
ENST00000503584.5	47243	106878	59635
ENST00000503585.6	4024	27616	23592
ENST00000503588.1	448	16089	15641
ENST00000503591.2	1191	9342	8151
ENST00000503592.5	336617	413404	76787
ENST00000503594.6	558	30927	30369
ENST00000503596.5	1327	4059	2732
ENST00000503607.5	0	62008	62008
ENST00000503610.5	47389	47945	556
ENST00000503614.5	2212	14203	11991
ENST00000503617.1	5221	5365	144
ENST00000503618.1	51727	61211	9484
ENST00000503621.5	0	4658	4658
ENST00000503622.5	116	594263	594147
ENST00000503626.5	78	44207	44129
ENST00000503627.2	3	29551	29548
ENST00000503628.5	5549	5878	329
ENST00000503631.5	25	72512	72487
ENST00000503633.5	988	5550	4562
ENST00000503635.2	187	40165	39978
ENST00000503639.7	725	8219	7494
ENST00000503640.5	958	60802	59844
ENST00000503641.5	621	3346	2725
ENST00000503642.1	44	2759	2715
ENST00000503643.1	44	18523	18479
ENST00000503646.1	1318	39197	37879
ENST00000503649.5	1442	9182	7740
ENST00000503653.5	23	47919	47896
ENST00000503655.2	1031	12831	11800
ENST00000503658.2	5920	11557	5637
ENST00000503659.5	28274	34805	6531
ENST00000503660.5	0	7417	7417
ENST00000503664.1	0	1932	1932
ENST00000503665.5	129	77961	77832
ENST00000503667.5	170	35637	35467
ENST00000503669.1	1018	48442	47424
ENST00000503670.5	2071	2411	340
ENST00000503673.5	2402	149167	146765
ENST00000503676.5	178	23720	23542
ENST00000503680.1	37	13704	13667
ENST00000503682.5	18	41523	41505
ENST00000503683.1	0	18562	18562
ENST00000503684.5	0	4230	4230
ENST00000503687.2	107	145526	145419
ENST00000503690.5	3832	3900	68
ENST00000503694.5	7213	47137	39924
ENST00000503697.5	54	21436	21382
ENST00000503698.2	0	6998	6998
ENST00000503703.5	9695	12769	3074
ENST00000503706.5	29562	63337	33775
ENST00000503707.6	129	95150	95021
ENST00000503708.5	2698	4798	2100
ENST00000503715.5	0	2976	2976
ENST00000503716.5	1066	318947	317881
ENST00000503719.6	1624	59599	57975
ENST00000503728.1	0	5048	5048
ENST00000503731.6	168	218577	218409
ENST00000503737.1	0	10539	10539
ENST00000503738.5	1278	22375	21097
ENST00000503743.5	281	468332	468051
ENST00000503746.5	0	7162	7162
ENST00000503747.5	4009	12593	8584
ENST00000503752.5	7446	46749	39303
ENST00000503753.5	36	11674	11638
ENST00000503754.6	50419	51563	1144
ENST00000503759.5	801	11552	10751
ENST00000503760.5	9115	120659	111544
ENST00000503765.5	0	1014	1014
ENST00000503767.5	229	43486	43257
ENST00000503771.2	662	2460	1798
ENST00000503773.6	18680	36304	17624
ENST00000503779.5	3469	10966	7497
ENST00000503780.6	15211	34629	19418
ENST00000503781.7	3	485265	485262
ENST00000503784.1	0	39024	39024
ENST00000503785.5	21839	39537	17698
ENST00000503786.1	1090	13761	12671
ENST00000503787.6	22	4668	4646
ENST00000503788.5	183	82357	82174
ENST00000503789.5	6045	7856	1811
ENST00000503792.1	0	2109	2109
ENST00000503794.5	1354	12218	10864
ENST00000503795.1	50	259721	259671
ENST00000503799.5	1850	4601	2751
ENST00000503800.1	172	1847	1675
ENST00000503802.5	365	64241	63876
ENST00000503804.5	644	24105	23461
ENST00000503806.5	0	76640	76640
ENST00000503808.5	39832	45950	6118
ENST00000503809.5	55937	56141	204
ENST00000503810.6	129	62612	62483
ENST00000503811.5	231	37305	37074
ENST00000503816.1	4	38565	38561
ENST00000503817.5	0	3662	3662
ENST00000503818.1	0	10162	10162
ENST00000503820.5	0	841	841
ENST00000503822.2	1133	20329	19196
ENST00000503823.5	556	370273	369717
ENST00000503828.5	440	5410	4970
ENST00000503830.2	0	8485	8485
ENST00000503832.1	3261	4435	1174
ENST00000503833.7	0	11405	11405
ENST00000503835.5	0	12727	12727
ENST00000503837.5	0	369728	369728
ENST00000503842.5	23735	73929	50194
ENST00000503845.6	39900	42266	2366
ENST00000503851.5	55	89328	89273
ENST00000503853.1	0	2530	2530
ENST00000503856.5	28926	34407	5481
ENST00000503857.5	202	19491	19289
ENST00000503859.5	1533	453139	451606
ENST00000503860.1	106	1575	1469
ENST00000503862.5	74431	83895	9464
ENST00000503865.1	152	4108	3956
ENST00000503868.5	7	38878	38871
ENST00000503871.1	0	2304	2304
ENST00000503872.1	614	1823	1209
ENST00000503873.6	194	8281	8087
ENST00000503876.5	58109	64659	6550
ENST00000503884.5	7994	21417	13423
ENST00000503885.1	0	139008	139008
ENST00000503886.5	3682	47536	43854
ENST00000503888.5	1123	91283	90160
ENST00000503889.2	0	12459	12459
ENST00000503891.5	0	28751	28751
ENST00000503902.1	0	2387	2387
ENST00000503906.1	54907	57544	2637
ENST00000503908.6	8661	11954	3293
ENST00000503911.5	0	35169	35169
ENST00000503913.6	66089	153379	87290
ENST00000503915.5	3352	15903	12551
ENST00000503921.5	0	4	4
ENST00000503925.1	0	66477	66477
ENST00000503927.5	0	2182	2182
ENST00000503931.5	96	4740	4644
ENST00000503932.6	0	1143	1143
ENST00000503934.5	0	2843	2843
ENST00000503937.5	416	26939	26523
ENST00000503941.6	49724	50868	1144
ENST00000503945.2	0	11536	11536
ENST00000503951.5	62	28172	28110
ENST00000503952.5	69	53818	53749
ENST00000503957.1	0	17680	17680
ENST00000503963.1	11540	25778	14238
ENST00000503965.5	0	10377	10377
ENST00000503968.1	9656	10292	636
ENST00000503972.5	0	5131	5131
ENST00000503974.5	3354	213535	210181
ENST00000503977.1	654	3569	2915
ENST00000503978.2	43042	44186	1144
ENST00000503988.1	0	753	753
ENST00000503995.5	95304	497669	402365
ENST00000503997.5	25673	29143	3470
ENST00000504005.5	44779	109354	64575
ENST00000504008.1	0	3889	3889
ENST00000504010.5	63	9156	9093
ENST00000504020.2	9602	10744	1142
ENST00000504021.6	111	83355	83244
ENST00000504023.1	12778	13242	464
ENST00000504024.1	18786	34471	15685
ENST00000504026.5	0	52122	52122
ENST00000504028.5	0	50381	50381
ENST00000504030.7	218	16077	15859
ENST00000504035.5	0	35068	35068
ENST00000504039.2	0	24476	24476
ENST00000504040.1	42	5592	5550
ENST00000504045.5	13698	25289	11591
ENST00000504052.5	2384	123621	121237
ENST00000504061.1	3871	3923	52
ENST00000504062.1	0	6391	6391
ENST00000504065.5	0	5197	5197
ENST00000504069.6	59	444	385
ENST00000504073.2	0	10395	10395
ENST00000504075.1	0	56	56
ENST00000504076.5	0	62097	62097
ENST00000504085.5	26483	32262	5779
ENST00000504087.6	4942	50747	45805
ENST00000504089.5	21915	39655	17740
ENST00000504092.5	61	16955	16894
ENST00000504094.2	208	83395	83187
ENST00000504098.1	4645	20912	16267
ENST00000504099.5	10124	12406	2282
ENST00000504102.6	1497	25039	23542
ENST00000504103.5	167	10818	10651
ENST00000504104.1	0	3178	3178
ENST00000504108.7	421	60947	60526
ENST00000504109.6	203	1785	1582
ENST00000504110.2	3919	4313	394
ENST00000504114.5	3598	96926	93328
ENST00000504119.1	46428	46714	286
ENST00000504120.4	151	226640	226489
ENST00000504121.5	1813	2201	388
ENST00000504123.7	7047	107574	100527
ENST00000504124.6	923	10002	9079
ENST00000504125.1	0	13161	13161
ENST00000504128.5	251	5435	5184
ENST00000504134.1	0	9573	9573
ENST00000504137.1	5260	7037	1777
ENST00000504138.5	340	14704	14364
ENST00000504139.5	0	10654	10654
ENST00000504143.6	49221	119099	69878
ENST00000504147.5	18	16005	15987
ENST00000504148.3	498	2170	1672
ENST00000504154.6	1911	371651	369740
ENST00000504156.7	355	18913	18558
ENST00000504160.1	1165	1668	503
ENST00000504168.5	111	10216	10105
ENST00000504169.2	162	4525	4363
ENST00000504170.2	57	7712	7655
ENST00000504171.1	525	30762	30237
ENST00000504176.6	80514	147349	66835
ENST00000504178.1	0	37919	37919
ENST00000504179.5	82	26136	26054
ENST00000504181.1	7174	14142	6968
ENST00000504187.5	126	7189	7063
ENST00000504190.5	2342	25680	23338
ENST00000504192.2	1540	22411	20871
ENST00000504198.5	439	493092	492653
ENST00000504199.5	4483	63716	59233
ENST00000504201.1	8982	16610	7628
ENST00000504202.1	3024	5794	2770
ENST00000504203.5	41633	56803	15170
ENST00000504208.5	55676	76776	21100
ENST00000504209.1	0	3178	3178
ENST00000504211.5	96	12818	12722
ENST00000504212.5	2911	3621	710
ENST00000504216.5	31137	90765	59628
ENST00000504218.5	1235	2667	1432
ENST00000504220.6	0	635997	635997
ENST00000504224.5	21765	32210	10445
ENST00000504225.1	0	960	960
ENST00000504226.5	0	3060	3060
ENST00000504228.6	82128	115390	33262
ENST00000504233.5	7214	74145	66931
ENST00000504234.1	0	904	904
ENST00000504235.5	2872	28132	25260
ENST00000504238.5	275	119364	119089
ENST00000504243.5	0	11897	11897
ENST00000504247.1	84	35469	35385
ENST00000504248.5	22	48948	48926
ENST00000504250.1	24	11545	11521
ENST00000504254.5	26	2223	2197
ENST00000504264.5	82	31972	31890
ENST00000504273.5	43120	161727	118607
ENST00000504275.1	151	15958	15807
ENST00000504284.1	0	3443	3443
ENST00000504285.5	0	10135	10135
ENST00000504290.5	4820	7449	2629
ENST00000504292.1	0	4676	4676
ENST00000504294.5	22054	29266	7212
ENST00000504296.1	34646	47803	13157
ENST00000504299.5	0	36	36
ENST00000504302.1	0	18591	18591
ENST00000504304.5	42281	43818	1537
ENST00000504305.5	349	12095	11746
ENST00000504309.5	53	39850	39797
ENST00000504311.5	22018	25547	3529
ENST00000504315.1	38144	38452	308
ENST00000504317.1	5650	13338	7688
ENST00000504320.5	10844	11507	663
ENST00000504325.5	4651	7219	2568
ENST00000504326.5	327	151827	151500
ENST00000504329.1	177	65406	65229
ENST00000504330.5	7894	10644	2750
ENST00000504334.5	4151	4785	634
ENST00000504338.5	0	2063	2063
ENST00000504340.2	883	42225	41342
ENST00000504341.1	0	7453	7453
ENST00000504342.5	107	48567	48460
ENST00000504343.1	2	39391	39389
ENST00000504346.5	1272	42799	41527
ENST00000504348.5	0	4332	4332
ENST00000504350.1	57	1283	1226
ENST00000504352.1	0	55858	55858
ENST00000504358.1	13643	37121	23478
ENST00000504360.5	6789	42497	35708
ENST00000504367.1	901	5132	4231
ENST00000504373.2	2340	15545	13205
ENST00000504374.5	20990	34339	13349
ENST00000504376.6	1067	330374	329307
ENST00000504381.5	226	168454	168228
ENST00000504386.1	0	24286	24286
ENST00000504387.5	347	123680	123333
ENST00000504390.5	11488	22640	11152
ENST00000504391.5	0	384	384
ENST00000504392.5	44	50032	49988
ENST00000504395.1	0	662	662
ENST00000504396.1	867	21652	20785
ENST00000504401.1	2891	3237	346
ENST00000504404.2	412	21402	20990
ENST00000504405.5	3	38443	38440
ENST00000504415.5	0	22283	22283
ENST00000504417.1	0	890	890
ENST00000504423.2	61441	87649	26208
ENST00000504424.1	0	172	172
ENST00000504425.5	128	234273	234145
ENST00000504432.5	186	29662	29476
ENST00000504433.1	1334	16231	14897
ENST00000504441.6	10083	38171	28088
ENST00000504445.1	27242	63174	35932
ENST00000504448.1	0	9630	9630
ENST00000504449.2	230	25934	25704
ENST00000504451.1	193	14493	14300
ENST00000504452.5	15796	21308	5512
ENST00000504454.5	79	309266	309187
ENST00000504455.5	13442	33149	19707
ENST00000504456.1	0	22279	22279
ENST00000504458.1	96	4741	4645
ENST00000504461.5	28447	33922	5475
ENST00000504463.5	11	3714	3703
ENST00000504464.5	77	6602	6525
ENST00000504465.5	19872	70753	50881
ENST00000504467.5	164	52018	51854
ENST00000504476.5	65	31777	31712
ENST00000504477.5	0	8876	8876
ENST00000504480.5	900	9453	8553
ENST00000504481.1	0	3178	3178
ENST00000504487.5	2275	108307	106032
ENST00000504489.3	3347	4006	659
ENST00000504491.1	132	21368	21236
ENST00000504492.1	6995	17517	10522
ENST00000504493.6	13978	23936	9958
ENST00000504499.5	391621	931350	539729
ENST00000504500.5	0	3579	3579
ENST00000504501.1	0	15599	15599
ENST00000504513.1	0	2418	2418
ENST00000504517.5	30552	38018	7466
ENST00000504518.1	0	13921	13921
ENST00000504519.5	49776	59294	9518
ENST00000504525.1	5924	36208	30284
ENST00000504541.1	0	2316	2316
ENST00000504542.1	0	8	8
ENST00000504543.1	0	3178	3178
ENST00000504544.5	102	170612	170510
ENST00000504548.4	73	3923	3850
ENST00000504551.6	41	18766	18725
ENST00000504553.2	38	2839	2801
ENST00000504554.1	0	14479	14479
ENST00000504560.5	219	46318	46099
ENST00000504561.1	494	9058	8564
ENST00000504563.6	134	17992	17858
ENST00000504564.1	83	309843	309760
ENST00000504565.1	177014	334224	157210
ENST00000504568.5	0	15208	15208
ENST00000504569.5	2184	9315	7131
ENST00000504570.5	6679	22979	16300
ENST00000504571.5	0	29571	29571
ENST00000504572.5	772	122045	121273
ENST00000504575.5	0	24512	24512
ENST00000504576.2	2355	3187	832
ENST00000504577.5	6507	7381	874
ENST00000504584.1	58	197294	197236
ENST00000504591.2	105	2314	2209
ENST00000504592.5	301448	656073	354625
ENST00000504594.5	171	2432	2261
ENST00000504595.2	497	438472	437975
ENST00000504597.5	1116	5024	3908
ENST00000504599.6	7143	17064	9921
ENST00000504603.1	29	51932	51903
ENST00000504612.5	0	86882	86882
ENST00000504621.1	460	4197	3737
ENST00000504625.1	375	10625	10250
ENST00000504627.1	32	3719	3687
ENST00000504630.5	4023	7683	3660
ENST00000504637.5	46020	62256	16236
ENST00000504639.5	9736	30494	20758
ENST00000504641.1	0	8503	8503
ENST00000504642.1	43	38663	38620
ENST00000504644.1	3328	13311	9983
ENST00000504651.5	5645	6363	718
ENST00000504652.5	2905	92456	89551
ENST00000504654.5	27413	45150	17737
ENST00000504668.5	1706	2849	1143
ENST00000504671.1	0	1196	1196
ENST00000504673.5	40019	40581	562
ENST00000504676.5	802	29780	28978
ENST00000504679.5	3017	4031	1014
ENST00000504681.5	8851	38695	29844
ENST00000504684.5	125	5599	5474
ENST00000504685.5	4305	31790	27485
ENST00000504686.2	37	1181	1144
ENST00000504687.7	7903	13982	6079
ENST00000504688.5	0	3211	3211
ENST00000504689.1	294	2084	1790
ENST00000504690.5	80102	143143	63041
ENST00000504691.1	0	22246	22246
ENST00000504692.1	339	2026	1687
ENST00000504695.1	0	1466	1466
ENST00000504707.1	1100	7027	5927
ENST00000504709.1	90	46949	46859
ENST00000504713.5	0	29400	29400
ENST00000504715.1	0	28284	28284
ENST00000504721.5	0	31851	31851
ENST00000504722.6	0	9812	9812
ENST00000504725.1	0	288	288
ENST00000504726.1	39	7114	7075
ENST00000504727.1	8805	11761	2956
ENST00000504730.5	198	33666	33468
ENST00000504734.5	7265	31986	24721
ENST00000504744.5	15294	16201	907
ENST00000504750.6	1197	3670	2473
ENST00000504751.5	16	22276	22260
ENST00000504757.2	18	7478	7460
ENST00000504758.6	22676	22920	244
ENST00000504761.6	0	45736	45736
ENST00000504762.1	270	12143	11873
ENST00000504763.1	112	1188	1076
ENST00000504764.5	3	138411	138408
ENST00000504770.5	15310	271103	255793
ENST00000504771.3	72	37951	37879
ENST00000504779.6	3909	5206	1297
ENST00000504780.6	14894	30660	15766
ENST00000504781.5	356	1759	1403
ENST00000504784.1	347	4006	3659
ENST00000504786.5	3	29589	29586
ENST00000504787.1	0	11875	11875
ENST00000504790.1	0	368	368
ENST00000504797.1	0	572	572
ENST00000504800.5	2951	40373	37422
ENST00000504804.7	54464	99205	44741
ENST00000504805.6	0	10371	10371
ENST00000504806.5	138	61083	60945
ENST00000504809.5	113	8518	8405
ENST00000504813.5	887	2685	1798
ENST00000504819.5	210	6318	6108
ENST00000504825.5	14418	19987	5569
ENST00000504830.6	3656	373079	369423
ENST00000504836.5	36155	92158	56003
ENST00000504841.6	0	21303	21303
ENST00000504844.1	31812	32776	964
ENST00000504854.1	11732	143825	132093
ENST00000504858.5	25	8659	8634
ENST00000504860.2	42	59469	59427
ENST00000504863.1	0	14272	14272
ENST00000504867.5	607	9810	9203
ENST00000504873.5	96	46870	46774
ENST00000504875.5	4258	35135	30877
ENST00000504878.1	175	17706	17531
ENST00000504894.1	3633	4202	569
ENST00000504895.5	0	37797	37797
ENST00000504896.5	95	576791	576696
ENST00000504897.2	481	2079	1598
ENST00000504898.5	267	7038	6771
ENST00000504899.1	212	2322	2110
ENST00000504900.5	250	36637	36387
ENST00000504902.6	1498	18127	16629
ENST00000504904.8	1836	24867	23031
ENST00000504905.5	11	4557	4546
ENST00000504907.5	176	69496	69320
ENST00000504910.1	1452	1899	447
ENST00000504912.1	22431	22807	376
ENST00000504914.5	63793	70433	6640
ENST00000504915.3	17003	114802	97799
ENST00000504921.7	5490	108080	102590
ENST00000504924.6	2622	427144	424522
ENST00000504926.5	987	15435	14448
ENST00000504927.5	4626	7409	2783
ENST00000504929.6	0	4011	4011
ENST00000504930.5	10679	37909	27230
ENST00000504933.1	250	78382	78132
ENST00000504937.5	1210	7589	6379
ENST00000504938.1	43652	58622	14970
ENST00000504942.6	139	755092	754953
ENST00000504944.1	32620	33232	612
ENST00000504946.6	1072	21859	20787
ENST00000504948.5	36280	109852	73572
ENST00000504950.5	1276	88348	87072
ENST00000504951.6	6400	23223	16823
ENST00000504952.1	198	36754	36556
ENST00000504953.5	1537	502075	500538
ENST00000504958.6	413	134843	134430
ENST00000504959.5	0	18967	18967
ENST00000504962.1	666	301685	301019
ENST00000504963.5	15	25389	25374
ENST00000504964.1	5661	7015	1354
ENST00000504968.6	98	109769	109671
ENST00000504970.1	0	1868	1868
ENST00000504985.5	571	94593	94022
ENST00000504986.6	56	19501	19445
ENST00000504988.1	550	10903	10353
ENST00000504999.1	0	586	586
ENST00000505005.5	3	7764	7761
ENST00000505007.5	39268	62566	23298
ENST00000505012.5	92	12673	12581
ENST00000505013.5	31450	59092	27642
ENST00000505016.2	33285	33565	280
ENST00000505019.6	211	100122	99911
ENST00000505022.1	0	780	780
ENST00000505024.1	29	42249	42220
ENST00000505026.2	251	94826	94575
ENST00000505034.6	7214	21602	14388
ENST00000505035.3	69	991	922
ENST00000505036.5	2615	6085	3470
ENST00000505049.5	11064	13939	2875
ENST00000505052.1	3	138244	138241
ENST00000505055.5	29	17188	17159
ENST00000505059.7	242	858	616
ENST00000505060.1	17808	24084	6276
ENST00000505064.1	0	4218	4218
ENST00000505065.2	95441	127284	31843
ENST00000505066.5	12286	13362	1076
ENST00000505067.6	970	42416	41446
ENST00000505070.5	2354	26693	24339
ENST00000505071.5	10652	18670	8018
ENST00000505072.5	588	43638	43050
ENST00000505073.5	180750	538349	357599
ENST00000505074.5	0	7555	7555
ENST00000505078.5	908	207813	206905
ENST00000505079.5	14907	25337	10430
ENST00000505080.1	113	6239	6126
ENST00000505085.5	80	913	833
ENST00000505086.2	33	418	385
ENST00000505093.1	0	2644	2644
ENST00000505094.6	19291	19387	96
ENST00000505095.1	0	15308	15308
ENST00000505099.5	2427	54633	52206
ENST00000505102.1	0	194	194
ENST00000505105.5	8628	32834	24206
ENST00000505113.6	51	72448	72397
ENST00000505118.1	459	23280	22821
ENST00000505119.2	321	27039	26718
ENST00000505120.1	75	7207	7132
ENST00000505123.5	154541	155943	1402
ENST00000505124.5	15392	20404	5012
ENST00000505126.5	1999	41850	39851
ENST00000505127.5	80396	138680	58284
ENST00000505128.5	2106	2860	754
ENST00000505129.5	10477	51868	41391
ENST00000505131.1	9	3160	3151
ENST00000505138.1	0	71910	71910
ENST00000505139.1	76	23486	23410
ENST00000505140.1	2361	3115	754
ENST00000505141.5	57168	57252	84
ENST00000505143.5	0	211149	211149
ENST00000505154.5	18558	49056	30498
ENST00000505160.1	1372	1404	32
ENST00000505163.5	1127	7209	6082
ENST00000505164.5	561	24977	24416
ENST00000505165.5	0	71866	71866
ENST00000505170.5	96	2070	1974
ENST00000505177.6	27	50571	50544
ENST00000505184.5	315	15178	14863
ENST00000505187.5	265827	499729	233902
ENST00000505188.5	8010	9028	1018
ENST00000505189.5	11064	16003	4939
ENST00000505192.5	69	14193	14124
ENST00000505197.1	0	106	106
ENST00000505199.5	15	109425	109410
ENST00000505202.5	1534	23016	21482
ENST00000505203.1	1546	39899	38353
ENST00000505205.1	2174	12978	10804
ENST00000505206.5	105	100293	100188
ENST00000505207.5	51	12773	12722
ENST00000505208.5	213	216121	215908
ENST00000505210.1	0	24219	24219
ENST00000505212.5	0	6378	6378
ENST00000505213.5	0	95451	95451
ENST00000505216.2	7145	8994	1849
ENST00000505220.1	0	354	354
ENST00000505221.5	74	32777	32703
ENST00000505224.5	697	39993	39296
ENST00000505225.1	0	7851	7851
ENST00000505226.1	27186	29801	2615
ENST00000505228.5	1942	13511	11569
ENST00000505231.1	33248	132848	99600
ENST00000505232.5	45	6766	6721
ENST00000505233.5	7120	13731	6611
ENST00000505236.2	119	38043	37924
ENST00000505237.2	0	4078	4078
ENST00000505239.1	72	131356	131284
ENST00000505242.6	1127	8749	7622
ENST00000505243.5	906	3606	2700
ENST00000505246.5	2549	32902	30353
ENST00000505251.1	0	222	222
ENST00000505260.5	5222	6999	1777
ENST00000505262.5	3915	41392	37477
ENST00000505270.1	5444	5952	508
ENST00000505279.5	648	158932	158284
ENST00000505283.1	1705	17170	15465
ENST00000505286.5	410	127135	126725
ENST00000505290.1	0	8448	8448
ENST00000505299.1	0	118	118
ENST00000505304.1	0	85963	85963
ENST00000505307.5	9729	27241	17512
ENST00000505308.6	25	154862	154837
ENST00000505311.5	5543	98185	92642
ENST00000505314.2	0	22659	22659
ENST00000505319.5	4797	5199	402
ENST00000505320.5	244	35010	34766
ENST00000505330.5	226	153584	153358
ENST00000505335.2	6770	6912	142
ENST00000505337.5	1073	27027	25954
ENST00000505342.6	9859	91684	81825
ENST00000505344.1	0	2479	2479
ENST00000505345.5	11509	21923	10414
ENST00000505350.2	197	47532	47335
ENST00000505353.1	0	77117	77117
ENST00000505354.3	180	3496	3316
ENST00000505357.1	0	7105	7105
ENST00000505365.2	969	6723	5754
ENST00000505373.5	783	36918	36135
ENST00000505374.6	903	80627	79724
ENST00000505375.5	0	49918	49918
ENST00000505380.1	3672	9116	5444
ENST00000505382.5	1542	8170	6628
ENST00000505397.1	328	59302	58974
ENST00000505400.5	0	14062	14062
ENST00000505403.5	7	48903	48896
ENST00000505406.5	3884	17457	13573
ENST00000505411.5	2064	9600	7536
ENST00000505412.1	0	32705	32705
ENST00000505414.5	0	950	950
ENST00000505416.5	4627	75459	70832
ENST00000505419.5	5389	44249	38860
ENST00000505420.5	4080	8240	4160
ENST00000505425.5	102	61754	61652
ENST00000505426.1	13890	21456	7566
ENST00000505427.1	1953	8415	6462
ENST00000505433.5	49	7724	7675
ENST00000505434.5	0	1328	1328
ENST00000505440.5	1802	11810	10008
ENST00000505446.1	0	466	466
ENST00000505450.5	2842	110221	107379
ENST00000505452.5	33557	92106	58549
ENST00000505453.1	0	65209	65209
ENST00000505456.6	25	659	634
ENST00000505458.5	23621	117574	93953
ENST00000505459.6	90	6674	6584
ENST00000505465.1	0	128430	128430
ENST00000505468.1	4241	7214	2973
ENST00000505470.6	20422	22859	2437
ENST00000505472.5	405	66990	66585
ENST00000505473.5	3936	9907	5971
ENST00000505477.5	5029	8441	3412
ENST00000505480.6	0	8485	8485
ENST00000505486.1	110	9050	8940
ENST00000505489.5	0	56360	56360
ENST00000505490.3	299	4531	4232
ENST00000505491.1	29514	53476	23962
ENST00000505492.2	1447	49830	48383
ENST00000505496.7	786	10215	9429
ENST00000505497.1	0	3244	3244
ENST00000505500.5	0	11549	11549
ENST00000505503.5	8944	8964	20
ENST00000505507.6	0	197322	197322
ENST00000505512.1	0	948	948
ENST00000505526.1	60	32646	32586
ENST00000505529.1	0	6281	6281
ENST00000505534.5	7760	8644	884
ENST00000505545.5	0	296	296
ENST00000505548.5	38406	65117	26711
ENST00000505553.5	16	40787	40771
ENST00000505554.5	17	176981	176964
ENST00000505559.5	4	638	634
ENST00000505560.5	26084	73910	47826
ENST00000505561.5	0	49962	49962
ENST00000505563.5	1318	5214	3896
ENST00000505565.5	0	17998	17998
ENST00000505568.5	5807	16790	10983
ENST00000505574.1	2586	5853	3267
ENST00000505578.5	1168	19098	17930
ENST00000505581.5	0	15644	15644
ENST00000505583.5	6444	23267	16823
ENST00000505590.5	66	20049	19983
ENST00000505591.1	0	420	420
ENST00000505594.1	477	21475	20998
ENST00000505596.1	0	866	866
ENST00000505599.5	183	15713	15530
ENST00000505600.1	109	866	757
ENST00000505603.5	28230	63544	35314
ENST00000505606.6	458	55294	54836
ENST00000505609.5	0	10691	10691
ENST00000505610.5	88	2647	2559
ENST00000505616.5	0	157035	157035
ENST00000505618.6	52376	53520	1144
ENST00000505619.5	104	22631	22527
ENST00000505624.6	1508	58685	57177
ENST00000505634.5	0	24862	24862
ENST00000505639.5	0	6325	6325
ENST00000505648.5	172	71218	71046
ENST00000505652.1	3138	12187	9049
ENST00000505654.1	112215	112387	172
ENST00000505657.1	2424	12398	9974
ENST00000505658.6	130	32341	32211
ENST00000505665.5	597	3385	2788
ENST00000505666.2	0	2252	2252
ENST00000505667.6	14453	431540	417087
ENST00000505669.5	0	4953	4953
ENST00000505673.2	0	15123	15123
ENST00000505676.5	4492	27729	23237
ENST00000505678.6	6504	13965	7461
ENST00000505686.5	7293	109048	101755
ENST00000505689.5	0	10811	10811
ENST00000505690.1	0	386479	386479
ENST00000505691.2	0	1130	1130
ENST00000505695.5	133	48798	48665
ENST00000505696.5	0	11138	11138
ENST00000505697.6	1197	178702	177505
ENST00000505698.1	0	7671	7671
ENST00000505699.5	36	46868	46832
ENST00000505703.2	6405	7041	636
ENST00000505708.5	7865	47954	40089
ENST00000505710.1	685	22318	21633
ENST00000505719.1	0	5208	5208
ENST00000505726.1	103	51742	51639
ENST00000505728.1	0	4379	4379
ENST00000505729.1	0	48983	48983
ENST00000505747.6	677	44677	44000
ENST00000505752.6	67973	129990	62017
ENST00000505755.5	63	66907	66844
ENST00000505758.5	0	17486	17486
ENST00000505759.1	0	61036	61036
ENST00000505762.1	239	195001	194762
ENST00000505764.5	13711	49164	35453
ENST00000505769.5	14922	149762	134840
ENST00000505774.5	34958	56893	21935
ENST00000505777.5	142	8642	8500
ENST00000505782.5	0	12941	12941
ENST00000505785.5	0	16494	16494
ENST00000505788.5	95	88268	88173
ENST00000505790.5	524	6751	6227
ENST00000505791.5	111	48924	48813
ENST00000505797.1	0	1481	1481
ENST00000505802.1	0	34239	34239
ENST00000505803.5	7	8161	8154
ENST00000505810.5	45823	49592	3769
ENST00000505811.6	1370	10289	8919
ENST00000505814.5	34798	89967	55169
ENST00000505818.1	241	857	616
ENST00000505819.5	18669	39118	20449
ENST00000505820.7	7953	17874	9921
ENST00000505823.5	23734	73928	50194
ENST00000505830.5	0	77380	77380
ENST00000505839.1	2267	30415	28148
ENST00000505843.1	22425	22641	216
ENST00000505846.5	24109	29797	5688
ENST00000505853.1	0	99543	99543
ENST00000505855.1	0	2504	2504
ENST00000505859.1	0	1000	1000
ENST00000505863.1	0	62545	62545
ENST00000505865.1	0	36274	36274
ENST00000505866.1	12554	13320	766
ENST00000505867.5	46	602	556
ENST00000505868.1	0	132974	132974
ENST00000505869.5	299	433414	433115
ENST00000505871.7	164	15936	15772
ENST00000505872.5	3	193358	193355
ENST00000505878.4	42	45801	45759
ENST00000505881.5	0	209404	209404
ENST00000505886.5	18869	31013	12144
ENST00000505888.1	122	91621	91499
ENST00000505890.5	423	86492	86069
ENST00000505894.2	0	18417	18417
ENST00000505900.1	0	30377	30377
ENST00000505901.1	34	5424	5390
ENST00000505902.5	24619	30563	5944
ENST00000505904.1	904	6655	5751
ENST00000505907.1	0	45166	45166
ENST00000505909.5	3	245222	245219
ENST00000505911.6	22676	22920	244
ENST00000505913.5	33769	89005	55236
ENST00000505916.6	3311	15347	12036
ENST00000505917.1	0	44738	44738
ENST00000505920.1	172	770	598
ENST00000505922.6	1616	26743	25127
ENST00000505926.5	101578	121370	19792
ENST00000505934.5	22	41680	41658
ENST00000505937.2	2490	4195	1705
ENST00000505939.5	150	45708	45558
ENST00000505940.1	0	964	964
ENST00000505945.1	0	91109	91109
ENST00000505949.5	14550	22794	8244
ENST00000505956.6	275	28874	28599
ENST00000505957.1	0	182075	182075
ENST00000505958.6	41247	111086	69839
ENST00000505959.5	2834	33122	30288
ENST00000505960.5	22702	26757	4055
ENST00000505961.1	0	312	312
ENST00000505965.1	0	504	504
ENST00000505969.1	517	1986	1469
ENST00000505975.5	0	21935	21935
ENST00000505977.1	0	8834	8834
ENST00000505980.5	493	332035	331542
ENST00000505984.5	33	66366	66333
ENST00000505986.5	14	13521	13507
ENST00000505990.5	151	305402	305251
ENST00000505991.1	108	12015	11907
ENST00000505992.1	133	48950	48817
ENST00000505993.5	9331	10175	844
ENST00000505996.1	16641	17550	909
ENST00000505999.5	0	3577	3577
ENST00000506000.5	18508	26092	7584
ENST00000506003.5	10511	16932	6421
ENST00000506004.5	4320	4410	90
ENST00000506006.1	886	1054	168
ENST00000506018.5	1341	9186	7845
ENST00000506030.6	66089	156130	90041
ENST00000506040.1	7199	7499	300
ENST00000506044.1	0	16833	16833
ENST00000506045.1	10655	11126	471
ENST00000506055.5	28677	95065	66388
ENST00000506066.1	0	57882	57882
ENST00000506072.5	54143	55542	1399
ENST00000506073.2	3	48348	48345
ENST00000506074.6	2800	31486	28686
ENST00000506080.5	34798	89967	55169
ENST00000506081.5	152	61646	61494
ENST00000506087.5	1241	104931	103690
ENST00000506092.6	34	56354	56320
ENST00000506099.1	0	672	672
ENST00000506101.2	2688	103075	100387
ENST00000506103.2	0	156	156
ENST00000506105.5	5285	18807	13522
ENST00000506107.1	0	762	762
ENST00000506108.2	9290	22707	13417
ENST00000506110.1	39	649	610
ENST00000506111.1	545	5409	4864
ENST00000506113.5	482	118813	118331
ENST00000506117.5	0	959	959
ENST00000506119.1	0	188	188
ENST00000506126.5	860	5592	4732
ENST00000506128.5	235	79210	78975
ENST00000506129.5	4908	12508	7600
ENST00000506134.5	8537	15467	6930
ENST00000506135.5	5772	18864	13092
ENST00000506139.5	360	35588	35228
ENST00000506140.5	361	213686	213325
ENST00000506143.5	0	13570	13570
ENST00000506144.1	117866	120549	2683
ENST00000506146.5	0	290	290
ENST00000506147.5	41948	42432	484
ENST00000506151.1	0	3178	3178
ENST00000506154.1	2565	93380	90815
ENST00000506156.1	0	47095	47095
ENST00000506158.5	2292	7282	4990
ENST00000506161.5	0	6002	6002
ENST00000506163.5	9	28193	28184
ENST00000506164.5	0	192	192
ENST00000506167.5	2628	5964	3336
ENST00000506168.2	0	18302	18302
ENST00000506169.5	0	540	540
ENST00000506174.5	0	4792	4792
ENST00000506176.1	610	69598	68988
ENST00000506179.5	1358	24195	22837
ENST00000506180.5	0	22662	22662
ENST00000506183.5	0	7077	7077
ENST00000506184.7	40072	90099	50027
ENST00000506187.1	805	1053	248
ENST00000506189.1	0	280	280
ENST00000506192.5	5173	10025	4852
ENST00000506197.3	94	15166	15072
ENST00000506198.5	233	29876	29643
ENST00000506200.5	23898	39003	15105
ENST00000506205.1	0	12283	12283
ENST00000506208.1	0	4640	4640
ENST00000506209.5	407	8599	8192
ENST00000506211.1	0	2938	2938
ENST00000506217.5	280	47831	47551
ENST00000506223.1	19938	20420	482
ENST00000506230.5	0	11304	11304
ENST00000506234.1	5832	28041	22209
ENST00000506237.5	56880	69825	12945
ENST00000506238.5	14	10200	10186
ENST00000506239.6	29	22553	22524
ENST00000506244.5	54	109505	109451
ENST00000506245.1	0	18979	18979
ENST00000506254.5	15814	67835	52021
ENST00000506259.5	290	6921	6631
ENST00000506261.5	1507	3223	1716
ENST00000506264.5	2539	34785	32246
ENST00000506267.1	0	1160	1160
ENST00000506269.1	0	666	666
ENST00000506272.5	79395	111816	32421
ENST00000506278.5	7364	16530	9166
ENST00000506283.1	0	18245	18245
ENST00000506284.5	913	82996	82083
ENST00000506286.1	0	128	128
ENST00000506288.5	53	38766	38713
ENST00000506290.1	61999	124554	62555
ENST00000506296.5	26510	30375	3865
ENST00000506297.5	109666	165242	55576
ENST00000506300.5	12530	77507	64977
ENST00000506302.1	1438	8874	7436
ENST00000506303.1	9396	9644	248
ENST00000506307.5	8888	51736	42848
ENST00000506308.5	0	4081	4081
ENST00000506312.3	2462	4876	2414
ENST00000506322.5	35570	37743	2173
ENST00000506325.5	0	179495	179495
ENST00000506327.6	0	36171	36171
ENST00000506339.5	305	7061	6756
ENST00000506344.6	250	248516	248266
ENST00000506349.1	0	1341	1341
ENST00000506351.6	210	59870	59660
ENST00000506352.5	478	219835	219357
ENST00000506357.5	3122	9769	6647
ENST00000506362.2	17133	34903	17770
ENST00000506363.5	108629	128410	19781
ENST00000506364.6	225	174153	173928
ENST00000506368.5	1429	56895	55466
ENST00000506372.5	9779	367128	357349
ENST00000506376.1	152	146102	145950
ENST00000506378.1	172	2377	2205
ENST00000506380.5	2185	32538	30353
ENST00000506382.2	0	2011	2011
ENST00000506390.5	257	12869	12612
ENST00000506393.5	45	3994	3949
ENST00000506395.5	10373	29045	18672
ENST00000506397.5	1327	4923	3596
ENST00000506399.5	10892	11602	710
ENST00000506400.1	3337	13512	10175
ENST00000506401.6	472	15309	14837
ENST00000506402.5	78	23885	23807
ENST00000506406.5	0	62129	62129
ENST00000506411.5	1821	8611	6790
ENST00000506414.1	0	3178	3178
ENST00000506415.1	3416	3968	552
ENST00000506417.1	0	11743	11743
ENST00000506430.2	80	65375	65295
ENST00000506432.1	0	1068	1068
ENST00000506438.5	229	6267	6038
ENST00000506439.5	0	620	620
ENST00000506442.5	504	13618	13114
ENST00000506444.1	0	4395	4395
ENST00000506445.5	130	113091	112961
ENST00000506446.6	0	7855	7855
ENST00000506447.5	8063	140972	132909
ENST00000506449.1	45489	54147	8658
ENST00000506453.1	7240	12857	5617
ENST00000506455.6	30020	65442	35422
ENST00000506456.1	400	15575	15175
ENST00000506457.1	0	2213	2213
ENST00000506466.5	0	26139	26139
ENST00000506467.1	0	4808	4808
ENST00000506468.1	156	761	605
ENST00000506469.5	242	5938	5696
ENST00000506473.5	92	3781	3689
ENST00000506474.5	26270	38526	12256
ENST00000506488.5	5876	10653	4777
ENST00000506491.5	4601	82406	77805
ENST00000506493.5	0	4994	4994
ENST00000506495.5	0	158	158
ENST00000506498.5	0	7815	7815
ENST00000506501.1	86	6570	6484
ENST00000506502.2	216	138748	138532
ENST00000506503.1	10	36954	36944
ENST00000506508.1	327	4834	4507
ENST00000506511.5	924	62070	61146
ENST00000506515.1	0	174	174
ENST00000506516.6	105	5236	5131
ENST00000506520.1	0	8321	8321
ENST00000506521.5	6200	9965	3765
ENST00000506523.6	994	11503	10509
ENST00000506526.5	0	14609	14609
ENST00000506529.1	0	1470	1470
ENST00000506533.6	9135	39540	30405
ENST00000506536.5	1174	12518	11344
ENST00000506537.1	0	4367	4367
ENST00000506542.1	79	16625	16546
ENST00000506545.5	27	15253	15226
ENST00000506553.5	463	21247	20784
ENST00000506554.5	1912	104131	102219
ENST00000506557.5	0	372	372
ENST00000506560.5	519	59228	58709
ENST00000506563.5	20670	38505	17835
ENST00000506564.5	1963	12315	10352
ENST00000506565.1	0	354454	354454
ENST00000506568.8	1108	74185	73077
ENST00000506569.1	0	196201	196201
ENST00000506572.5	128	11418	11290
ENST00000506574.5	4781	7770	2989
ENST00000506575.1	0	536	536
ENST00000506577.5	592	9361	8769
ENST00000506578.5	1429	6194	4765
ENST00000506581.6	407	3809	3402
ENST00000506582.5	44	36752	36708
ENST00000506583.5	176	201263	201087
ENST00000506585.6	4014	153558	149544
ENST00000506587.5	114	23842	23728
ENST00000506589.1	0	201766	201766
ENST00000506595.5	69	3015	2946
ENST00000506597.2	5635	7725	2090
ENST00000506598.1	0	248	248
ENST00000506599.2	103	1268	1165
ENST00000506600.1	3615	15576	11961
ENST00000506602.5	31781	62315	30534
ENST00000506607.2	0	3342	3342
ENST00000506608.1	5205	7489	2284
ENST00000506609.2	215	10735	10520
ENST00000506618.5	59	1965	1906
ENST00000506619.2	0	1100	1100
ENST00000506620.1	0	366	366
ENST00000506622.5	8265	36921	28656
ENST00000506624.5	0	224	224
ENST00000506625.5	0	147015	147015
ENST00000506627.5	1561	4877	3316
ENST00000506632.2	0	69700	69700
ENST00000506635.5	0	5019	5019
ENST00000506636.1	417	44584	44167
ENST00000506639.5	5928	20618	14690
ENST00000506643.5	1524	126897	125373
ENST00000506644.3	0	4410	4410
ENST00000506646.5	9030	47584	38554
ENST00000506651.5	350	11689	11339
ENST00000506654.6	9275	31098	21823
ENST00000506666.5	160	75180	75020
ENST00000506671.5	26290	55111	28821
ENST00000506673.5	140	20562	20422
ENST00000506679.5	5174	23306	18132
ENST00000506680.5	14692	105117	90425
ENST00000506684.6	95	8139	8044
ENST00000506686.5	135	17993	17858
ENST00000506691.1	0	13512	13512
ENST00000506692.1	12169	12895	726
ENST00000506693.5	43	42484	42441
ENST00000506696.1	29	9266	9237
ENST00000506697.5	0	234153	234153
ENST00000506698.1	3289	4096	807
ENST00000506700.5	173	576715	576542
ENST00000506702.5	4023	27535	23512
ENST00000506705.5	16182	16751	569
ENST00000506706.5	21041	44926	23885
ENST00000506716.5	0	92611	92611
ENST00000506720.5	0	578326	578326
ENST00000506721.6	3990	9502	5512
ENST00000506722.5	86385	568902	482517
ENST00000506724.1	0	602	602
ENST00000506729.6	1581	129214	127633
ENST00000506730.5	39880	56705	16825
ENST00000506731.5	0	16734	16734
ENST00000506732.1	0	312929	312929
ENST00000506733.5	31543	46986	15443
ENST00000506734.5	29	22546	22517
ENST00000506736.2	203	1785	1582
ENST00000506738.6	281	12199	11918
ENST00000506745.5	4024	7642	3618
ENST00000506746.5	0	578300	578300
ENST00000506749.5	80	334594	334514
ENST00000506750.5	13	21031	21018
ENST00000506757.7	43	15457	15414
ENST00000506761.1	22966	82979	60013
ENST00000506762.2	6342	25334	18992
ENST00000506763.5	950	14945	13995
ENST00000506764.1	0	538	538
ENST00000506765.1	0	122796	122796
ENST00000506767.1	0	9213	9213
ENST00000506778.1	0	7740	7740
ENST00000506780.2	0	13279	13279
ENST00000506783.5	48461	76600	28139
ENST00000506784.5	18570	28274	9704
ENST00000506786.1	2393	11023	8630
ENST00000506787.5	0	19043	19043
ENST00000506788.5	0	26299	26299
ENST00000506789.5	84	23334	23250
ENST00000506794.1	41	4541	4500
ENST00000506796.5	31217	37383	6166
ENST00000506797.5	185	37920	37735
ENST00000506800.5	13513	56625	43112
ENST00000506801.5	11506	30021	18515
ENST00000506802.5	198	224907	224709
ENST00000506806.1	311	5824	5513
ENST00000506808.1	2160	3465	1305
ENST00000506810.1	0	43689	43689
ENST00000506811.5	112	67128	67016
ENST00000506813.1	0	5695	5695
ENST00000506815.5	47974	68474	20500
ENST00000506816.1	0	40699	40699
ENST00000506817.1	537	1332	795
ENST00000506822.5	15252	20452	5200
ENST00000506823.6	1177	1228484	1227307
ENST00000506824.5	107	28904	28797
ENST00000506825.1	0	144	144
ENST00000506827.1	0	14344	14344
ENST00000506830.5	0	7235	7235
ENST00000506831.1	0	291	291
ENST00000506838.5	5390	8802	3412
ENST00000506841.6	138	16094	15956
ENST00000506844.1	136455	139020	2565
ENST00000506848.5	859	26254	25395
ENST00000506850.5	87	19474	19387
ENST00000506855.1	601	3276	2675
ENST00000506857.5	35334	75714	40380
ENST00000506860.1	0	8153	8153
ENST00000506866.6	415	61274	60859
ENST00000506868.1	51	1843	1792
ENST00000506869.5	29	17253	17224
ENST00000506870.5	1319	14698	13379
ENST00000506871.5	5687	48781	43094
ENST00000506876.5	0	12575	12575
ENST00000506877.1	1556	1800	244
ENST00000506880.5	16202	87478	71276
ENST00000506881.5	6502	18195	11693
ENST00000506882.5	38530	74489	35959
ENST00000506885.5	285	6261	5976
ENST00000506886.5	1536	502082	500546
ENST00000506889.1	0	920	920
ENST00000506891.1	923	58203	57280
ENST00000506894.5	1461	369659	368198
ENST00000506901.5	1151	6912	5761
ENST00000506908.2	3258	6141	2883
ENST00000506910.5	0	15896	15896
ENST00000506913.1	0	9561	9561
ENST00000506916.1	52	14149	14097
ENST00000506938.5	4484	9914	5430
ENST00000506939.6	39	155975	155936
ENST00000506945.5	161	31519	31358
ENST00000506951.5	4016	9516	5500
ENST00000506953.1	55	2723	2668
ENST00000506954.1	0	2906	2906
ENST00000506955.5	34243	35093	850
ENST00000506956.5	42950	96238	53288
ENST00000506957.1	0	2229	2229
ENST00000506959.5	5	18107	18102
ENST00000506961.5	0	76554	76554
ENST00000506962.3	0	2979	2979
ENST00000506963.1	13512	34165	20653
ENST00000506970.2	73	26106	26033
ENST00000506974.5	16	86018	86002
ENST00000506979.1	0	5123	5123
ENST00000506980.2	7933	148639	140706
ENST00000506983.5	0	5276	5276
ENST00000506985.5	16162	33324	17162
ENST00000506990.5	0	3846	3846
ENST00000506993.1	2298	2504	206
ENST00000506996.5	8	156884	156876
ENST00000506997.2	82	3276	3194
ENST00000507000.5	0	4739	4739
ENST00000507002.5	0	77388	77388
ENST00000507008.5	6196	34432	28236
ENST00000507010.6	1490	20888	19398
ENST00000507013.5	5704	13342	7638
ENST00000507014.1	3	32377	32374
ENST00000507017.5	15042	33576	18534
ENST00000507018.5	0	17740	17740
ENST00000507019.5	95	5548	5453
ENST00000507020.1	5720	11796	6076
ENST00000507024.5	31	13503	13472
ENST00000507026.5	30	13168	13138
ENST00000507029.5	245	60528	60283
ENST00000507030.5	365	266288	265923
ENST00000507032.2	0	20289	20289
ENST00000507036.1	2246	10500	8254
ENST00000507039.5	65	30209	30144
ENST00000507045.5	2861	28399	25538
ENST00000507046.5	5775	6475	700
ENST00000507047.5	0	23658	23658
ENST00000507051.1	0	68	68
ENST00000507053.1	0	9992	9992
ENST00000507061.1	0	962	962
ENST00000507063.1	42270	88512	46242
ENST00000507064.2	8048	9188	1140
ENST00000507066.1	1129	3237	2108
ENST00000507069.5	22	139940	139918
ENST00000507071.6	0	66770	66770
ENST00000507076.1	16872	17188	316
ENST00000507079.6	9603	118168	108565
ENST00000507081.6	624	6218	5594
ENST00000507085.5	14793	39164	24371
ENST00000507086.5	6415	351711	345296
ENST00000507088.5	238	2880	2642
ENST00000507089.5	235	12105	11870
ENST00000507093.5	1033	213292	212259
ENST00000507103.1	0	1360	1360
ENST00000507105.1	0	10066	10066
ENST00000507109.5	0	224	224
ENST00000507110.6	16	7564	7548
ENST00000507111.1	423	110674	110251
ENST00000507113.5	251	37060	36809
ENST00000507115.6	12	20890	20878
ENST00000507116.6	5629	801691	796062
ENST00000507118.5	20914	21680	766
ENST00000507119.1	8073	8615	542
ENST00000507139.5	31863	31927	64
ENST00000507141.1	0	4359	4359
ENST00000507142.6	1704	213645	211941
ENST00000507146.5	18519	49146	30627
ENST00000507148.1	2002	18661	16659
ENST00000507150.5	14754	40135	25381
ENST00000507152.6	154	1987	1833
ENST00000507153.2	3	9901	9898
ENST00000507154.1	0	772	772
ENST00000507163.5	4432	9950	5518
ENST00000507164.5	129	577002	576873
ENST00000507165.5	0	2796	2796
ENST00000507166.5	0	919953	919953
ENST00000507168.5	0	94	94
ENST00000507173.5	3	124841	124838
ENST00000507176.5	550	84982	84432
ENST00000507180.5	0	740	740
ENST00000507187.2	1215	6556	5341
ENST00000507193.5	6102	24331	18229
ENST00000507194.1	0	3689	3689
ENST00000507200.5	0	18472	18472
ENST00000507208.1	276	9366	9090
ENST00000507210.5	1562	19219	17657
ENST00000507212.1	3179	4852	1673
ENST00000507213.1	645	1021	376
ENST00000507214.5	0	105199	105199
ENST00000507215.5	3091	8590	5499
ENST00000507218.5	518	39981	39463
ENST00000507221.2	215	34006	33791
ENST00000507224.5	806	707594	706788
ENST00000507226.1	0	2581	2581
ENST00000507227.1	0	3178	3178
ENST00000507228.1	0	6635	6635
ENST00000507232.5	4667	7485	2818
ENST00000507237.5	266	28386	28120
ENST00000507247.5	21389	44905	23516
ENST00000507249.5	206	20320	20114
ENST00000507252.5	0	4728	4728
ENST00000507253.5	0	2985	2985
ENST00000507257.6	19688	34012	14324
ENST00000507259.5	0	56389	56389
ENST00000507270.5	0	268801	268801
ENST00000507272.5	2541	3615	1074
ENST00000507277.2	412	19589	19177
ENST00000507280.5	0	35068	35068
ENST00000507281.5	8827	53293	44466
ENST00000507285.5	93	40990	40897
ENST00000507286.1	4	54557	54553
ENST00000507288.1	935	121578	120643
ENST00000507291.1	4312	5738	1426
ENST00000507292.1	12149	12741	592
ENST00000507294.1	144	213469	213325
ENST00000507295.5	347	48706	48359
ENST00000507302.6	5428	13395	7967
ENST00000507306.1	0	10465	10465
ENST00000507310.1	0	15316	15316
ENST00000507311.1	16313	47271	30958
ENST00000507314.2	0	1869	1869
ENST00000507319.5	15353	19208	3855
ENST00000507320.5	9230	16160	6930
ENST00000507327.5	865	5397	4532
ENST00000507330.5	0	7438	7438
ENST00000507331.5	5299	51901	46602
ENST00000507336.5	0	72349	72349
ENST00000507338.1	3865	41347	37482
ENST00000507339.5	330	12137	11807
ENST00000507340.5	3133	6352	3219
ENST00000507345.6	31	61904	61873
ENST00000507346.1	495	2977	2482
ENST00000507348.5	882	6967	6085
ENST00000507349.5	23	5172	5149
ENST00000507350.5	0	33022	33022
ENST00000507351.1	479	13429	12950
ENST00000507352.1	18635	74535	55900
ENST00000507355.5	1852	29177	27325
ENST00000507356.5	37	49486	49449
ENST00000507357.1	0	244	244
ENST00000507359.3	1438	270116	268678
ENST00000507367.1	31822	31880	58
ENST00000507370.5	178125	499789	321664
ENST00000507371.5	0	253397	253397
ENST00000507375.5	0	17153	17153
ENST00000507376.1	24	10625	10601
ENST00000507377.1	0	45852	45852
ENST00000507379.6	196	145062	144866
ENST00000507380.1	2010	7573	5563
ENST00000507382.2	36	5311	5275
ENST00000507384.1	0	202	202
ENST00000507386.5	13337	85757	72420
ENST00000507390.1	0	2693	2693
ENST00000507392.5	160	32741	32581
ENST00000507393.1	51866	54326	2460
ENST00000507408.5	467	12318	11851
ENST00000507416.1	28	470	442
ENST00000507419.5	524	6687	6163
ENST00000507420.1	177	937	760
ENST00000507423.1	356	11066	10710
ENST00000507429.5	168	21743	21575
ENST00000507438.5	0	3332	3332
ENST00000507439.5	4328	26107	21779
ENST00000507440.5	1781	135060	133279
ENST00000507450.6	2030	11142	9112
ENST00000507457.5	7095	13059	5964
ENST00000507458.2	0	6038	6038
ENST00000507459.5	365	6527	6162
ENST00000507460.1	5260	25207	19947
ENST00000507462.5	113433	134787	21354
ENST00000507463.1	166	13014	12848
ENST00000507464.5	604	94708	94104
ENST00000507465.1	23561	35208	11647
ENST00000507467.1	1999	2813	814
ENST00000507468.5	13523	158027	144504
ENST00000507469.5	118	84206	84088
ENST00000507471.1	0	9939	9939
ENST00000507473.1	0	42108	42108
ENST00000507481.2	0	5160	5160
ENST00000507484.5	6430	15304	8874
ENST00000507488.6	220	168534	168314
ENST00000507489.2	926	69674	68748
ENST00000507492.5	2286	12384	10098
ENST00000507499.5	557	230611	230054
ENST00000507500.5	74	222964	222890
ENST00000507501.5	0	3191	3191
ENST00000507510.6	0	72247	72247
ENST00000507511.5	98	5435	5337
ENST00000507512.1	25328	36663	11335
ENST00000507513.1	0	12047	12047
ENST00000507515.1	0	452	452
ENST00000507520.5	0	50058	50058
ENST00000507523.5	0	21430	21430
ENST00000507527.1	22	15508	15486
ENST00000507528.5	64	43416	43352
ENST00000507529.1	411	3141	2730
ENST00000507530.1	6032	10241	4209
ENST00000507531.5	386	40366	39980
ENST00000507532.5	1472	1680	208
ENST00000507534.5	296	16149	15853
ENST00000507537.5	33	10219	10186
ENST00000507539.5	3239	5557	2318
ENST00000507540.1	0	27983	27983
ENST00000507543.5	26474	27188	714
ENST00000507544.3	5755	18283	12528
ENST00000507548.1	0	4484	4484
ENST00000507554.2	993	24382	23389
ENST00000507555.1	495	4400	3905
ENST00000507556.5	980	25927	24947
ENST00000507557.5	2371	28331	25960
ENST00000507561.5	84580	110788	26208
ENST00000507563.7	2075	3982	1907
ENST00000507564.5	119	83722	83603
ENST00000507572.1	0	1084	1084
ENST00000507574.5	83973	102642	18669
ENST00000507580.5	4214	38389	34175
ENST00000507584.1	32	28753	28721
ENST00000507586.1	23007	40968	17961
ENST00000507587.1	14772	15653	881
ENST00000507588.1	0	2609	2609
ENST00000507590.5	54134	55437	1303
ENST00000507591.2	1804	40772	38968
ENST00000507593.5	67	5716	5649
ENST00000507594.1	33308	33880	572
ENST00000507595.1	11	18049	18038
ENST00000507596.5	931	8630	7699
ENST00000507598.5	98	62413	62315
ENST00000507601.1	0	266	266
ENST00000507602.5	6	18948	18942
ENST00000507606.3	66	11786	11720
ENST00000507609.5	0	72083	72083
ENST00000507612.1	384	7992	7608
ENST00000507613.5	4693	53418	48725
ENST00000507618.1	39	10623	10584
ENST00000507625.5	106	578278	578172
ENST00000507631.5	3577	24675	21098
ENST00000507633.5	101	11218	11117
ENST00000507634.5	4010	27522	23512
ENST00000507637.1	0	12242	12242
ENST00000507645.5	0	1209	1209
ENST00000507646.2	7	423583	423576
ENST00000507647.1	0	6011	6011
ENST00000507654.5	0	53504	53504
ENST00000507656.6	800	102074	101274
ENST00000507661.1	0	191435	191435
ENST00000507667.1	1247	1455	208
ENST00000507668.7	4939	118566	113627
ENST00000507669.5	0	31210	31210
ENST00000507675.1	6928	7250	322
ENST00000507676.5	0	1322	1322
ENST00000507677.5	0	64474	64474
ENST00000507680.6	523	1390	867
ENST00000507683.1	0	33252	33252
ENST00000507689.1	0	1273	1273
ENST00000507696.1	0	14006	14006
ENST00000507703.1	3407	4661	1254
ENST00000507704.5	0	18961	18961
ENST00000507706.5	0	14152	14152
ENST00000507709.1	2182	2286	104
ENST00000507710.1	24111	24959	848
ENST00000507711.5	64	88532	88468
ENST00000507712.5	57	7983	7926
ENST00000507716.5	110	14457	14347
ENST00000507717.5	475	39702	39227
ENST00000507719.1	343	40849	40506
ENST00000507721.5	1437	5604	4167
ENST00000507722.5	57579	58289	710
ENST00000507724.1	3524	32616	29092
ENST00000507735.6	45864	96359	50495
ENST00000507738.1	41	6696	6655
ENST00000507740.6	288	436064	435776
ENST00000507741.5	90	5168	5078
ENST00000507745.5	0	5505	5505
ENST00000507746.7	255	18822	18567
ENST00000507747.1	46	98576	98530
ENST00000507750.5	0	100201	100201
ENST00000507751.5	0	2953	2953
ENST00000507752.1	1376	2626	1250
ENST00000507753.1	879	1341	462
ENST00000507754.9	14	12325	12311
ENST00000507755.5	22198	23394	1196
ENST00000507756.5	68	6130	6062
ENST00000507760.5	15	49745	49730
ENST00000507763.5	11	12972	12961
ENST00000507772.5	0	12964	12964
ENST00000507773.6	3928	6849	2921
ENST00000507777.6	460	28555	28095
ENST00000507779.2	51	3086	3035
ENST00000507780.1	0	34709	34709
ENST00000507785.2	58	860	802
ENST00000507788.2	0	17131	17131
ENST00000507798.1	0	3608	3608
ENST00000507800.1	27712	51930	24218
ENST00000507804.1	451	2764	2313
ENST00000507807.3	619	25064	24445
ENST00000507812.5	1195	93886	92691
ENST00000507814.5	939	4159	3220
ENST00000507816.5	1123	7510	6387
ENST00000507818.6	98	4064	3966
ENST00000507820.5	29221	29443	222
ENST00000507823.5	13514	30640	17126
ENST00000507824.6	35	86952	86917
ENST00000507825.3	0	13181	13181
ENST00000507827.5	3489	8983	5494
ENST00000507828.5	0	19424	19424
ENST00000507829.5	0	2699	2699
ENST00000507832.5	0	31806	31806
ENST00000507833.5	19915	37625	17710
ENST00000507845.5	33	12755	12722
ENST00000507846.5	1329	14463	13134
ENST00000507851.6	50420	51564	1144
ENST00000507853.5	1186	23671	22485
ENST00000507861.5	974	4934	3960
ENST00000507866.6	109	551173	551064
ENST00000507872.1	4446	66492	62046
ENST00000507873.8	1884	145830	143946
ENST00000507874.5	592	21210	20618
ENST00000507875.6	130	62115	61985
ENST00000507877.5	0	102401	102401
ENST00000507879.5	611	85537	84926
ENST00000507881.5	8623	9921	1298
ENST00000507885.5	2342	25805	23463
ENST00000507891.2	0	10564	10564
ENST00000507892.1	0	321	321
ENST00000507896.5	0	71834	71834
ENST00000507897.5	1828	58089	56261
ENST00000507898.5	1577	145392	143815
ENST00000507899.1	0	15697	15697
ENST00000507901.5	5796	6544	748
ENST00000507902.5	39564	93781	54217
ENST00000507904.5	0	1677	1677
ENST00000507905.6	0	2207	2207
ENST00000507906.5	0	6667	6667
ENST00000507907.1	32	399840	399808
ENST00000507908.5	0	34810	34810
ENST00000507909.1	0	29758	29758
ENST00000507910.5	1980	158452	156472
ENST00000507917.5	1216	21060	19844
ENST00000507918.6	2024	11139	9115
ENST00000507920.5	203	8045	7842
ENST00000507921.5	159	39379	39220
ENST00000507922.5	168	51639	51471
ENST00000507927.5	2899	4632	1733
ENST00000507931.1	1821	37814	35993
ENST00000507939.5	0	5559	5559
ENST00000507943.2	508	67348	66840
ENST00000507944.5	0	4890	4890
ENST00000507954.5	6030	11708	5678
ENST00000507955.6	3123	6295	3172
ENST00000507956.5	2442	24443	22001
ENST00000507958.5	181	368297	368116
ENST00000507959.5	1103	6860	5757
ENST00000507961.1	3450	15755	12305
ENST00000507970.5	0	11981	11981
ENST00000507978.5	3021	12881	9860
ENST00000507980.1	436	2811	2375
ENST00000507984.5	0	63123	63123
ENST00000507993.5	76	40973	40897
ENST00000507996.5	0	6666	6666
ENST00000508001.1	0	16827	16827
ENST00000508017.5	78886	119982	41096
ENST00000508022.1	2938	4530	1592
ENST00000508024.2	229	40017	39788
ENST00000508029.6	4192	32713	28521
ENST00000508030.5	2713	12458	9745
ENST00000508045.5	163	18021	17858
ENST00000508047.5	0	6455	6455
ENST00000508048.6	1950	55242	53292
ENST00000508051.2	899	5130	4231
ENST00000508053.6	124	139033	138909
ENST00000508062.1	3	12465	12462
ENST00000508064.7	101	80244	80143
ENST00000508067.1	4957	7133	2176
ENST00000508071.1	0	4698	4698
ENST00000508074.5	831	171517	170686
ENST00000508076.5	2036	4565	2529
ENST00000508077.1	0	8130	8130
ENST00000508079.1	0	28704	28704
ENST00000508088.1	2841	8168	5327
ENST00000508092.5	0	1004	1004
ENST00000508103.6	3949	9461	5512
ENST00000508105.5	2342	7761	5419
ENST00000508107.5	5439	24919	19480
ENST00000508113.1	0	7904	7904
ENST00000508116.5	40	405263	405223
ENST00000508117.6	19875	27087	7212
ENST00000508119.6	4952	19758	14806
ENST00000508121.2	448	7942	7494
ENST00000508122.5	0	989392	989392
ENST00000508124.5	44006	72227	28221
ENST00000508126.1	0	65923	65923
ENST00000508130.5	10133	31414	21281
ENST00000508131.5	5747	18603	12856
ENST00000508133.5	401	30048	29647
ENST00000508136.1	1104	19610	18506
ENST00000508137.6	30945	77697	46752
ENST00000508138.5	58252	78589	20337
ENST00000508143.5	0	58	58
ENST00000508150.2	0	2457	2457
ENST00000508155.5	23	28444	28421
ENST00000508159.1	519	39989	39470
ENST00000508161.5	0	24843	24843
ENST00000508164.6	132	11189	11057
ENST00000508166.5	102	127408	127306
ENST00000508167.5	2840	110219	107379
ENST00000508170.5	29489	35324	5835
ENST00000508171.5	42839	57985	15146
ENST00000508175.5	134880	169030	34150
ENST00000508177.5	1354	12218	10864
ENST00000508184.5	0	2313	2313
ENST00000508190.1	4680	7940	3260
ENST00000508192.5	502	72384	71882
ENST00000508196.5	0	321983	321983
ENST00000508197.1	19821	37709	17888
ENST00000508200.5	230	3111	2881
ENST00000508204.5	17997	27273	9276
ENST00000508208.5	571	55259	54688
ENST00000508213.5	115	130996	130881
ENST00000508214.1	554	32828	32274
ENST00000508216.5	44	132528	132484
ENST00000508221.5	503	4379	3876
ENST00000508222.5	0	5666	5666
ENST00000508227.5	0	52	52
ENST00000508229.5	772	3434	2662
ENST00000508233.6	1182	7994	6812
ENST00000508237.5	9208	29790	20582
ENST00000508238.5	0	25323	25323
ENST00000508240.2	63	70357	70294
ENST00000508243.5	2474	25744	23270
ENST00000508244.5	1377	151010	149633
ENST00000508245.5	0	7829	7829
ENST00000508247.5	4657	10152	5495
ENST00000508248.1	0	40124	40124
ENST00000508249.1	0	24039	24039
ENST00000508254.6	4189	8963	4774
ENST00000508256.5	21	6668	6647
ENST00000508259.5	521	40250	39729
ENST00000508261.5	1876	5417	3541
ENST00000508267.5	0	337272	337272
ENST00000508268.1	94	23195	23101
ENST00000508270.1	0	3145	3145
ENST00000508273.5	0	15724	15724
ENST00000508274.5	13847	116707	102860
ENST00000508277.5	31934	51176	19242
ENST00000508278.6	100	35270	35170
ENST00000508279.5	784	2844	2060
ENST00000508284.5	59	2354	2295
ENST00000508293.5	1319	30180	28861
ENST00000508295.2	0	10684	10684
ENST00000508297.2	460	4926	4466
ENST00000508301.5	67	8942	8875
ENST00000508305.5	552	30945	30393
ENST00000508306.5	124651	233944	109293
ENST00000508307.5	0	29576	29576
ENST00000508310.5	8367	8571	204
ENST00000508312.5	252	16990	16738
ENST00000508315.5	1220	122525	121305
ENST00000508317.5	7664	8704	1040
ENST00000508320.1	0	7084	7084
ENST00000508322.1	0	344	344
ENST00000508327.5	306	9372	9066
ENST00000508330.5	16955	30915	13960
ENST00000508331.1	0	296	296
ENST00000508334.1	33	4897	4864
ENST00000508337.1	9238	29413	20175
ENST00000508342.5	2978	93841	90863
ENST00000508346.1	0	12571	12571
ENST00000508357.5	25678	27212	1534
ENST00000508361.5	123	12519	12396
ENST00000508364.1	0	140	140
ENST00000508365.5	40463	135188	94725
ENST00000508369.5	881	97422	96541
ENST00000508372.1	9992	54336	44344
ENST00000508376.6	16996	114742	97746
ENST00000508384.5	0	178	178
ENST00000508385.5	21620	29212	7592
ENST00000508387.5	1125	8673	7548
ENST00000508393.5	788	20771	19983
ENST00000508394.6	824	3473	2649
ENST00000508399.1	0	8353	8353
ENST00000508400.1	0	4518	4518
ENST00000508403.5	0	823	823
ENST00000508404.5	227	7519	7292
ENST00000508407.5	47	8575	8528
ENST00000508408.5	37	51691	51654
ENST00000508411.1	0	15227	15227
ENST00000508420.1	0	5407	5407
ENST00000508421.5	658	37705	37047
ENST00000508423.1	41812	42264	452
ENST00000508425.5	284	23858	23574
ENST00000508426.6	57	46893	46836
ENST00000508428.5	23942	40767	16825
ENST00000508440.1	0	63428	63428
ENST00000508442.7	1627	76452	74825
ENST00000508445.5	4567	12568	8001
ENST00000508447.1	696	17859	17163
ENST00000508448.5	356	19653	19297
ENST00000508450.5	0	3826	3826
ENST00000508453.1	13511	19825	6314
ENST00000508457.1	3072	5310	2238
ENST00000508459.5	312	144219	143907
ENST00000508461.5	43439	82842	39403
ENST00000508465.6	2609	34573	31964
ENST00000508466.1	0	86435	86435
ENST00000508468.2	31	13338	13307
ENST00000508471.5	1146	5171	4025
ENST00000508473.5	2183	18471	16288
ENST00000508476.5	0	8551	8551
ENST00000508479.5	696	40862	40166
ENST00000508481.5	671	14073	13402
ENST00000508482.5	104	21654	21550
ENST00000508487.3	719	2397	1678
ENST00000508488.2	3093	6219	3126
ENST00000508490.5	143	35607	35464
ENST00000508491.1	1572	15803	14231
ENST00000508493.1	280	1549	1269
ENST00000508495.5	1539	6148	4609
ENST00000508498.5	242	170786	170544
ENST00000508499.5	62	59797	59735
ENST00000508501.5	56	339539	339483
ENST00000508502.5	66	66514	66448
ENST00000508504.1	875	3699	2824
ENST00000508506.3	0	4264	4264
ENST00000508509.5	0	374965	374965
ENST00000508510.6	0	188	188
ENST00000508513.6	50397	51541	1144
ENST00000508514.5	141	30552	30411
ENST00000508515.2	66138	155830	89692
ENST00000508518.5	0	75631	75631
ENST00000508520.5	0	5643	5643
ENST00000508522.5	40	8371	8331
ENST00000508526.5	0	52999	52999
ENST00000508527.5	11097	13799	2702
ENST00000508528.1	0	1566	1566
ENST00000508530.5	2655	62203	59548
ENST00000508532.5	779	110086	109307
ENST00000508537.1	0	17500	17500
ENST00000508538.1	11714	13251	1537
ENST00000508540.6	805	5391	4586
ENST00000508545.6	446	268318	267872
ENST00000508546.5	0	35540	35540
ENST00000508549.5	229	39727	39498
ENST00000508550.5	0	16618	16618
ENST00000508558.1	0	12472	12472
ENST00000508560.5	64730	65403	673
ENST00000508569.5	118	102685	102567
ENST00000508576.5	264	137369	137105
ENST00000508577.5	7505	9832	2327
ENST00000508579.5	787	31055	30268
ENST00000508582.7	1091	41165	40074
ENST00000508588.5	12855	33580	20725
ENST00000508591.5	34059	49811	15752
ENST00000508593.6	6068	225490	219422
ENST00000508595.6	409	3804	3395
ENST00000508596.6	45740	117556	71816
ENST00000508599.1	6539	12752	6213
ENST00000508602.5	14156	68714	54558
ENST00000508603.5	85	11234	11149
ENST00000508606.1	193	37581	37388
ENST00000508608.6	112	110845	110733
ENST00000508609.5	0	33070	33070
ENST00000508610.5	0	62954	62954
ENST00000508611.1	252	39378	39126
ENST00000508614.5	153	141085	140932
ENST00000508622.1	6441	10621	4180
ENST00000508623.5	82	25430	25348
ENST00000508624.5	17006	73120	56114
ENST00000508626.5	77	41298	41221
ENST00000508628.6	2816	148329	145513
ENST00000508629.5	333	21556	21223
ENST00000508632.6	468	19986	19518
ENST00000508635.5	11733	12443	710
ENST00000508638.5	55	48527	48472
ENST00000508639.5	0	101370	101370
ENST00000508641.2	27729	62641	34912
ENST00000508645.5	447182	478413	31231
ENST00000508647.5	7085	11746	4661
ENST00000508653.5	151	284951	284800
ENST00000508657.5	4601	104653	100052
ENST00000508658.6	1395	90684	89289
ENST00000508659.5	0	4862	4862
ENST00000508660.5	0	31298	31298
ENST00000508661.5	27	17081	17054
ENST00000508666.5	4565	14753	10188
ENST00000508673.5	6482	13710	7228
ENST00000508675.1	0	628583	628583
ENST00000508676.5	0	18998	18998
ENST00000508679.5	17065	33078	16013
ENST00000508681.5	79375	111564	32189
ENST00000508682.5	3379	7300	3921
ENST00000508683.5	0	6443	6443
ENST00000508686.1	1591	1633	42
ENST00000508689.1	13464	13932	468
ENST00000508692.1	7182	12235	5053
ENST00000508693.5	129	577028	576899
ENST00000508698.3	3111	9858	6747
ENST00000508699.1	551	2795	2244
ENST00000508701.5	146	14926	14780
ENST00000508705.1	0	1591	1591
ENST00000508707.5	0	19244	19244
ENST00000508711.5	104485	271468	166983
ENST00000508715.5	34798	89115	54317
ENST00000508716.1	0	7170	7170
ENST00000508722.5	1506	23955	22449
ENST00000508723.5	41	1119	1078
ENST00000508726.5	7	27485	27478
ENST00000508731.5	4753	49285	44532
ENST00000508733.5	65	62562	62497
ENST00000508738.5	3	305186	305183
ENST00000508740.5	3	9303	9300
ENST00000508747.1	33	34073	34040
ENST00000508748.6	2638	26366	23728
ENST00000508751.1	32	11373	11341
ENST00000508757.1	58	7775	7717
ENST00000508758.2	89	1281	1192
ENST00000508760.5	0	870	870
ENST00000508761.1	0	335677	335677
ENST00000508767.5	0	8071	8071
ENST00000508768.5	37	11743	11706
ENST00000508775.6	7478	34828	27350
ENST00000508776.5	730	53548	52818
ENST00000508777.5	2413	111673	109260
ENST00000508778.2	21039	90109	69070
ENST00000508779.1	0	25366	25366
ENST00000508780.5	65197	71659	6462
ENST00000508783.5	894	3738	2844
ENST00000508784.6	5483	184009	178526
ENST00000508789.5	72	254134	254062
ENST00000508791.1	8655	8697	42
ENST00000508792.5	521	10847	10326
ENST00000508793.6	1199	9350	8151
ENST00000508798.5	5920	188431	182511
ENST00000508801.1	120	4375	4255
ENST00000508802.5	11009	249702	238693
ENST00000508803.6	29262	111587	82325
ENST00000508805.5	0	904	904
ENST00000508809.2	0	21224	21224
ENST00000508810.1	41	13620	13579
ENST00000508812.1	1907	21945	20038
ENST00000508816.1	0	164	164
ENST00000508817.1	0	4320	4320
ENST00000508819.5	13640	119811	106171
ENST00000508821.6	2836	36442	33606
ENST00000508824.1	94	231726	231632
ENST00000508830.5	349	111944	111595
ENST00000508835.5	163	45217	45054
ENST00000508842.5	138	93767	93629
ENST00000508848.5	27030	32838	5808
ENST00000508849.1	1624	1832	208
ENST00000508852.5	368	6530	6162
ENST00000508855.5	1573	18582	17009
ENST00000508856.2	216	3040	2824
ENST00000508859.8	6456	57667	51211
ENST00000508860.5	113869	570469	456600
ENST00000508862.5	1076	3916	2840
ENST00000508863.6	0	77484	77484
ENST00000508870.5	56	25105	25049
ENST00000508871.5	2978	91437	88459
ENST00000508875.1	2187	2381	194
ENST00000508882.1	0	11870	11870
ENST00000508883.6	35	48808	48773
ENST00000508891.5	14754	39962	25208
ENST00000508894.1	0	22965	22965
ENST00000508895.5	373	109824	109451
ENST00000508896.7	4147	170819	166672
ENST00000508898.5	0	190076	190076
ENST00000508900.2	687	282906	282219
ENST00000508902.5	0	5419	5419
ENST00000508903.7	435	50917	50482
ENST00000508906.6	3447	10075	6628
ENST00000508908.1	0	1649	1649
ENST00000508915.5	289	18501	18212
ENST00000508916.1	0	100	100
ENST00000508918.5	171431	396018	224587
ENST00000508921.7	1587	3208	1621
ENST00000508922.5	8999	11891	2892
ENST00000508934.5	599	43284	42685
ENST00000508940.1	0	240	240
ENST00000508941.5	4283	8430	4147
ENST00000508946.5	0	578123	578123
ENST00000508947.1	0	232	232
ENST00000508952.5	4024	12608	8584
ENST00000508954.4	162	1744	1582
ENST00000508956.5	444	49732	49288
ENST00000508971.1	0	14379	14379
ENST00000508974.5	7631	25160	17529
ENST00000508983.5	49	118282	118233
ENST00000508987.1	240	856	616
ENST00000508989.5	350	213690	213340
ENST00000508990.2	194	7332	7138
ENST00000508994.1	0	140	140
ENST00000508996.5	1562	17620	16058
ENST00000508997.1	326	17960	17634
ENST00000509000.3	16488	17404	916
ENST00000509001.5	179	15069	14890
ENST00000509002.5	7403	22711	15308
ENST00000509005.5	0	15970	15970
ENST00000509008.1	320	28281	27961
ENST00000509009.5	44	32280	32236
ENST00000509011.5	182	131059	130877
ENST00000509013.2	0	244370	244370
ENST00000509018.6	3348	215884	212536
ENST00000509023.5	78898	128630	49732
ENST00000509025.5	8794	86689	77895
ENST00000509031.5	84066	104581	20515
ENST00000509042.5	905	26765	25860
ENST00000509052.2	1260	11509	10249
ENST00000509053.5	634	332048	331414
ENST00000509059.5	154	94092	93938
ENST00000509060.1	0	40	40
ENST00000509061.5	7544	21932	14388
ENST00000509063.5	24	18612	18588
ENST00000509064.5	0	34986	34986
ENST00000509066.1	0	468	468
ENST00000509070.1	15399	16204	805
ENST00000509072.5	0	132	132
ENST00000509074.5	96	28483	28387
ENST00000509079.6	391	23933	23542
ENST00000509081.5	1378	34518	33140
ENST00000509085.5	0	2147	2147
ENST00000509087.2	353	17905	17552
ENST00000509093.5	778	41950	41172
ENST00000509094.5	1733	121507	119774
ENST00000509097.1	0	24502	24502
ENST00000509100.6	782	5219	4437
ENST00000509102.5	126152	173609	47457
ENST00000509104.5	17	94709	94692
ENST00000509107.1	0	14434	14434
ENST00000509109.5	74403	269007	194604
ENST00000509111.2	407	129073	128666
ENST00000509115.5	36	18942	18906
ENST00000509122.5	1627	30408	28781
ENST00000509126.2	0	50765	50765
ENST00000509127.2	0	22	22
ENST00000509128.5	3245	10670	7425
ENST00000509129.1	0	827	827
ENST00000509134.1	9	16816	16807
ENST00000509140.5	641	41717	41076
ENST00000509142.5	415	66567	66152
ENST00000509145.5	0	6316	6316
ENST00000509146.1	0	518	518
ENST00000509148.1	641	1511	870
ENST00000509152.3	185	14815	14630
ENST00000509153.5	11499	33616	22117
ENST00000509154.6	79366	142398	63032
ENST00000509156.5	546	55485	54939
ENST00000509157.5	10274	25247	14973
ENST00000509158.6	41637	111321	69684
ENST00000509163.5	61	433367	433306
ENST00000509164.5	1543	17601	16058
ENST00000509165.2	22144	116100	93956
ENST00000509167.5	709	30742	30033
ENST00000509171.5	291	90028	89737
ENST00000509172.1	0	358	358
ENST00000509175.5	3109	14213	11104
ENST00000509176.6	180891	1474350	1293459
ENST00000509180.1	0	12066	12066
ENST00000509186.6	1062	88701	87639
ENST00000509189.5	182	3871	3689
ENST00000509190.1	0	10128	10128
ENST00000509193.5	1953	145519	143566
ENST00000509195.5	0	8930	8930
ENST00000509200.5	9749	9773	24
ENST00000509205.5	164	104370	104206
ENST00000509207.1	447	121563	121116
ENST00000509217.6	80	465	385
ENST00000509218.5	1741	2455	714
ENST00000509219.2	162	23177	23015
ENST00000509231.1	248	18565	18317
ENST00000509233.5	0	98	98
ENST00000509236.5	0	13799	13799
ENST00000509237.5	0	12529	12529
ENST00000509238.1	20969	21557	588
ENST00000509242.5	31952	94832	62880
ENST00000509245.1	0	5414	5414
ENST00000509246.5	11522	21167	9645
ENST00000509248.1	11428	51621	40193
ENST00000509253.5	105	4547	4442
ENST00000509254.5	20	22655	22635
ENST00000509257.1	521	4342	3821
ENST00000509258.5	21388	43175	21787
ENST00000509259.5	466	8697	8231
ENST00000509263.5	0	17371	17371
ENST00000509270.2	0	18692	18692
ENST00000509271.1	0	3178	3178
ENST00000509274.1	1356	11135	9779
ENST00000509277.5	366	87200	86834
ENST00000509278.5	2183	2619	436
ENST00000509279.1	0	9295	9295
ENST00000509282.1	1622	95804	94182
ENST00000509291.5	0	54429	54429
ENST00000509297.6	20847	45952	25105
ENST00000509299.6	2509	6716	4207
ENST00000509300.5	218	144774	144556
ENST00000509305.6	6227	8898	2671
ENST00000509310.1	0	1191	1191
ENST00000509311.7	3195	15499	12304
ENST00000509313.5	1194	3419	2225
ENST00000509314.5	0	6452	6452
ENST00000509317.5	52	41017	40965
ENST00000509320.5	11528	14048	2520
ENST00000509323.1	0	23933	23933
ENST00000509328.1	33824	34956	1132
ENST00000509330.5	10071	51654	41583
ENST00000509335.5	135	17993	17858
ENST00000509336.5	6768	8789	2021
ENST00000509337.5	2001	23534	21533
ENST00000509338.6	442	90129	89687
ENST00000509340.1	0	32	32
ENST00000509341.5	370	40023	39653
ENST00000509353.5	37	5459	5422
ENST00000509356.2	148	25194	25046
ENST00000509357.5	0	62152	62152
ENST00000509358.7	86	54729	54643
ENST00000509359.6	1499	2017	518
ENST00000509368.6	174411	199249	24838
ENST00000509373.1	0	19102	19102
ENST00000509376.5	243	31447	31204
ENST00000509377.1	14	12212	12198
ENST00000509380.5	150	193974	193824
ENST00000509381.1	250	33903	33653
ENST00000509383.5	40012	52811	12799
ENST00000509384.5	1009	7377	6368
ENST00000509387.5	18	18213	18195
ENST00000509391.1	0	11163	11163
ENST00000509397.5	22702	22840	138
ENST00000509402.1	6844	10069	3225
ENST00000509403.7	19380	22785	3405
ENST00000509407.5	0	5633	5633
ENST00000509409.5	16075	26152	10077
ENST00000509415.5	10673	20597	9924
ENST00000509417.5	352	83376	83024
ENST00000509418.1	11422	38010	26588
ENST00000509419.1	10	4569	4559
ENST00000509427.5	200	25249	25049
ENST00000509430.5	400	44801	44401
ENST00000509432.1	1601	7272	5671
ENST00000509434.5	206	30334	30128
ENST00000509437.6	1601	30123	28522
ENST00000509446.5	0	838	838
ENST00000509448.5	84	26605	26521
ENST00000509451.1	166	48500	48334
ENST00000509452.1	0	512	512
ENST00000509454.5	173	7016	6843
ENST00000509459.6	21202	39154	17952
ENST00000509462.6	3	1585	1582
ENST00000509464.7	0	35125	35125
ENST00000509465.5	1735	17039	15304
ENST00000509469.5	4024	12778	8754
ENST00000509471.5	2357	12515	10158
ENST00000509477.1	0	13099	13099
ENST00000509479.6	2573	439983	437410
ENST00000509480.5	119	7187	7068
ENST00000509482.1	259	3044	2785
ENST00000509484.3	227	62795	62568
ENST00000509485.5	0	943	943
ENST00000509487.1	0	3697	3697
ENST00000509489.1	0	3356	3356
ENST00000509490.5	29458	51794	22336
ENST00000509491.2	0	589	589
ENST00000509492.2	17492	47849	30357
ENST00000509493.1	4734	8432	3698
ENST00000509501.5	0	42931	42931
ENST00000509502.6	6657	22905	16248
ENST00000509503.1	20	289974	289954
ENST00000509504.2	0	72687	72687
ENST00000509505.5	557	119952	119395
ENST00000509507.5	10682	33364	22682
ENST00000509508.5	18015	23836	5821
ENST00000509513.6	45310	116091	70781
ENST00000509514.6	100	91630	91530
ENST00000509519.5	73	4858	4785
ENST00000509522.6	0	22932	22932
ENST00000509523.2	459	35835	35376
ENST00000509524.5	7037	8895	1858
ENST00000509528.5	1158	6761	5603
ENST00000509531.5	0	49272	49272
ENST00000509532.5	0	57450	57450
ENST00000509534.5	97	191713	191616
ENST00000509535.5	43	3056	3013
ENST00000509536.1	0	87097	87097
ENST00000509537.1	1559	6861	5302
ENST00000509539.3	0	10893	10893
ENST00000509540.6	108482	160223	51741
ENST00000509541.5	1418	12444	11026
ENST00000509549.5	57205	96592	39387
ENST00000509550.5	315	91606	91291
ENST00000509551.5	740	23716	22976
ENST00000509558.1	0	812	812
ENST00000509560.5	7140	21615	14475
ENST00000509561.6	0	188	188
ENST00000509562.2	28964	29202	238
ENST00000509563.2	5496	30217	24721
ENST00000509564.1	0	5318	5318
ENST00000509574.5	7412	9226	1814
ENST00000509576.5	327	2560	2233
ENST00000509578.1	100	1697	1597
ENST00000509579.1	709	1286	577
ENST00000509580.2	232	72042	71810
ENST00000509581.5	64	4518	4454
ENST00000509582.5	4606	7054	2448
ENST00000509585.5	31072	38534	7462
ENST00000509586.5	332	1176	844
ENST00000509594.1	0	58071	58071
ENST00000509596.5	0	963	963
ENST00000509597.5	0	34627	34627
ENST00000509599.5	20719	89596	68877
ENST00000509601.1	1665	12993	11328
ENST00000509613.1	7843	9119	1276
ENST00000509617.1	1298	1386	88
ENST00000509618.1	0	13101	13101
ENST00000509619.1	0	4009	4009
ENST00000509620.6	365	16000	15635
ENST00000509622.5	7543	9392	1849
ENST00000509625.1	1378	1837	459
ENST00000509627.1	455	20055	19600
ENST00000509632.5	29	6314	6285
ENST00000509633.1	133	605	472
ENST00000509634.5	456	55292	54836
ENST00000509635.5	20473	29984	9511
ENST00000509637.6	0	6172	6172
ENST00000509638.5	245365	259266	13901
ENST00000509639.5	5802	6770	968
ENST00000509644.5	41613	43785	2172
ENST00000509647.1	0	2928	2928
ENST00000509652.1	78568	78650	82
ENST00000509657.5	0	25786	25786
ENST00000509660.1	0	3178	3178
ENST00000509662.5	388	40615	40227
ENST00000509663.2	267	209355	209088
ENST00000509664.5	1616	17630	16014
ENST00000509665.1	0	9031	9031
ENST00000509667.5	33428	93050	59622
ENST00000509670.1	69110	136192	67082
ENST00000509674.1	0	10726	10726
ENST00000509681.1	4281	12803	8522
ENST00000509682.6	0	56336	56336
ENST00000509684.1	0	8624	8624
ENST00000509686.5	0	9395	9395
ENST00000509690.6	1191	7570	6379
ENST00000509692.5	135	14719	14584
ENST00000509698.6	146	6216	6070
ENST00000509700.2	127	43949	43822
ENST00000509701.5	12449	55334	42885
ENST00000509704.5	10622	54229	43607
ENST00000509705.3	53	5299	5246
ENST00000509708.2	0	2898	2898
ENST00000509712.6	0	32821	32821
ENST00000509717.5	4047	4788	741
ENST00000509720.5	0	1781	1781
ENST00000509722.5	80398	128698	48300
ENST00000509730.5	0	6095	6095
ENST00000509731.5	94	5839	5745
ENST00000509732.6	47373	145119	97746
ENST00000509733.7	225	6788	6563
ENST00000509734.5	1710	46510	44800
ENST00000509736.5	3250	5398	2148
ENST00000509739.5	107	433102	432995
ENST00000509740.5	12771	43325	30554
ENST00000509752.5	57	17296	17239
ENST00000509756.1	4498	19733	15235
ENST00000509757.5	1746	2460	714
ENST00000509759.2	0	226048	226048
ENST00000509768.1	1220	24178	22958
ENST00000509769.5	120	27640	27520
ENST00000509773.5	153	40307	40154
ENST00000509774.5	55	89569	89514
ENST00000509777.5	1175	405094	403919
ENST00000509778.1	10	7676	7666
ENST00000509784.1	0	4342	4342
ENST00000509785.5	4629	7166	2537
ENST00000509791.7	83	16406	16323
ENST00000509793.5	452	102040	101588
ENST00000509799.5	0	98895	98895
ENST00000509800.5	79	10985	10906
ENST00000509813.1	10666	11332	666
ENST00000509814.5	29	87385	87356
ENST00000509818.5	62301	81579	19278
ENST00000509820.1	0	118	118
ENST00000509823.2	194	4285	4091
ENST00000509826.2	12527	45277	32750
ENST00000509828.1	1741	8532	6791
ENST00000509829.1	4393	76879	72486
ENST00000509832.5	717	2020	1303
ENST00000509837.5	17112	18675	1563
ENST00000509839.5	0	5442	5442
ENST00000509841.1	368	96219	95851
ENST00000509842.5	118176	119078	902
ENST00000509848.5	58656	127028	68372
ENST00000509849.5	31848	112281	80433
ENST00000509852.6	4013	12197	8184
ENST00000509854.5	0	345415	345415
ENST00000509860.1	0	40556	40556
ENST00000509862.5	0	47108	47108
ENST00000509864.5	7335	19613	12278
ENST00000509865.5	0	28033	28033
ENST00000509867.6	548	154777	154229
ENST00000509869.5	11299	12265	966
ENST00000509876.5	10441	42962	32521
ENST00000509877.5	388	3301	2913
ENST00000509883.5	54742	59366	4624
ENST00000509887.5	861	7349	6488
ENST00000509889.5	0	12226	12226
ENST00000509892.5	13407	42586	29179
ENST00000509894.5	1957	40859	38902
ENST00000509895.5	469	1295	826
ENST00000509896.5	173	576944	576771
ENST00000509900.5	34798	89356	54558
ENST00000509901.5	29826	50413	20587
ENST00000509903.5	19872	70863	50991
ENST00000509906.5	6900	40593	33693
ENST00000509910.2	3607	13768	10161
ENST00000509914.5	3721	6611	2890
ENST00000509917.1	5979	9377	3398
ENST00000509923.1	220374	221226	852
ENST00000509927.1	0	7081	7081
ENST00000509931.5	15	53643	53628
ENST00000509933.1	686	12823	12137
ENST00000509935.2	0	83947	83947
ENST00000509937.5	4	6167	6163
ENST00000509940.1	203	26348	26145
ENST00000509941.1	0	15840	15840
ENST00000509952.5	0	2810	2810
ENST00000509954.1	0	6396	6396
ENST00000509959.5	116	3095	2979
ENST00000509960.5	29	78384	78355
ENST00000509963.5	1507	19164	17657
ENST00000509967.6	152	219823	219671
ENST00000509970.5	0	5443	5443
ENST00000509971.5	0	167087	167087
ENST00000509972.1	107	6960	6853
ENST00000509973.5	3897	14346	10449
ENST00000509975.5	2730	4329	1599
ENST00000509979.5	4061	25216	21155
ENST00000509982.5	2144	21185	19041
ENST00000509987.1	362	113199	112837
ENST00000509988.6	18234	18746	512
ENST00000509989.5	6583	6673	90
ENST00000509990.5	33664	58167	24503
ENST00000509992.1	4471	42733	38262
ENST00000509994.2	3724	32844	29120
ENST00000509995.5	10554	14601	4047
ENST00000509997.5	29	247624	247595
ENST00000510006.6	0	22339	22339
ENST00000510015.5	0	78291	78291
ENST00000510017.1	0	282	282
ENST00000510018.5	0	48400	48400
ENST00000510019.5	691	3153	2462
ENST00000510021.5	127	16991	16864
ENST00000510025.7	79	91678	91599
ENST00000510026.5	1136	41567	40431
ENST00000510027.2	935	4683	3748
ENST00000510030.2	54736	55907	1171
ENST00000510031.1	9972	11914	1942
ENST00000510038.1	66	55288	55222
ENST00000510041.1	0	140	140
ENST00000510042.5	143111	146470	3359
ENST00000510045.5	3799	6045	2246
ENST00000510047.5	488	23561	23073
ENST00000510051.5	1425	13835	12410
ENST00000510055.5	0	4791	4791
ENST00000510056.5	13686	37994	24308
ENST00000510062.5	90	1923	1833
ENST00000510063.1	0	14262	14262
ENST00000510069.5	0	6655	6655
ENST00000510071.5	425	173878	173453
ENST00000510080.1	21334	26722	5388
ENST00000510084.2	0	8752	8752
ENST00000510085.1	15545	15761	216
ENST00000510088.5	421	53033	52612
ENST00000510089.5	10644	25874	15230
ENST00000510091.4	2390	11170	8780
ENST00000510092.5	135	43485	43350
ENST00000510097.5	1662	4032	2370
ENST00000510098.1	0	14691	14691
ENST00000510099.5	24	87429	87405
ENST00000510100.1	2010	42237	40227
ENST00000510101.5	32044	40859	8815
ENST00000510102.5	4240	5154	914
ENST00000510104.5	218	2811	2593
ENST00000510105.5	529	41367	40838
ENST00000510106.5	78	19832	19754
ENST00000510107.5	0	35810	35810
ENST00000510108.1	13831	17414	3583
ENST00000510111.6	0	27579	27579
ENST00000510114.1	0	324	324
ENST00000510115.5	0	72147	72147
ENST00000510118.5	3377	455033	451656
ENST00000510119.1	0	12657	12657
ENST00000510124.5	21812	23649	1837
ENST00000510129.5	10240	27143	16903
ENST00000510130.1	246	34253	34007
ENST00000510133.5	0	18571	18571
ENST00000510143.1	0	596	596
ENST00000510146.5	2766	40009	37243
ENST00000510147.2	181	49481	49300
ENST00000510154.1	0	2319	2319
ENST00000510156.5	19876	66581	46705
ENST00000510158.5	26124	73950	47826
ENST00000510159.1	4983	11896	6913
ENST00000510163.5	12251	16918	4667
ENST00000510164.5	109	12922	12813
ENST00000510167.1	0	11817	11817
ENST00000510168.6	686	109993	109307
ENST00000510170.5	0	870	870
ENST00000510171.3	736	1317	581
ENST00000510173.6	1007	6103	5096
ENST00000510175.6	170	39048	38878
ENST00000510177.5	0	18951	18951
ENST00000510181.6	460	24226	23766
ENST00000510183.1	36537	187854	151317
ENST00000510187.5	16	16860	16844
ENST00000510188.1	0	1044	1044
ENST00000510191.5	198	62162	61964
ENST00000510194.5	0	7469	7469
ENST00000510197.5	3568	70293	66725
ENST00000510199.5	0	10150	10150
ENST00000510207.5	9466	16632	7166
ENST00000510208.2	111413	276650	165237
ENST00000510210.5	733	4196	3463
ENST00000510213.5	10402	24517	14115
ENST00000510217.1	36337	58051	21714
ENST00000510219.2	1072	4473	3401
ENST00000510224.5	2836	110241	107405
ENST00000510233.5	53323	138889	85566
ENST00000510235.1	5085	5229	144
ENST00000510237.5	0	79865	79865
ENST00000510243.5	21858	81493	59635
ENST00000510246.1	0	6117	6117
ENST00000510258.1	0	7511	7511
ENST00000510260.5	6701	8786	2085
ENST00000510262.1	0	7848	7848
ENST00000510263.5	3	61403	61400
ENST00000510267.5	612	7213	6601
ENST00000510272.5	388085	570315	182230
ENST00000510275.8	0	50354	50354
ENST00000510276.5	1821	27259	25438
ENST00000510277.1	0	53841	53841
ENST00000510279.5	1647	6326	4679
ENST00000510283.5	1200	85089	83889
ENST00000510286.1	0	18984	18984
ENST00000510289.1	1853	31895	30042
ENST00000510290.5	0	1256	1256
ENST00000510291.5	16	73060	73044
ENST00000510303.6	1106	91486	90380
ENST00000510305.5	194	9917	9723
ENST00000510306.1	0	436	436
ENST00000510307.5	0	21437	21437
ENST00000510308.5	20471	38249	17778
ENST00000510309.1	122	10867	10745
ENST00000510313.1	0	21279	21279
ENST00000510314.5	853	23801	22948
ENST00000510316.5	7310	10404	3094
ENST00000510319.5	30519	101364	70845
ENST00000510323.1	0	102	102
ENST00000510328.5	12088	26929	14841
ENST00000510335.5	34798	72820	38022
ENST00000510338.5	40040	40914	874
ENST00000510340.5	0	19336	19336
ENST00000510347.2	532	69376	68844
ENST00000510354.1	699	4754	4055
ENST00000510361.5	38	39933	39895
ENST00000510362.6	1706	11327	9621
ENST00000510366.5	0	71949	71949
ENST00000510370.5	30	24725	24695
ENST00000510373.6	3700	44478	40778
ENST00000510377.5	534	33074	32540
ENST00000510380.5	0	5430	5430
ENST00000510384.1	3938	4158	220
ENST00000510385.5	4908	7434	2526
ENST00000510387.5	133	9370	9237
ENST00000510389.1	0	76	76
ENST00000510393.5	8343	8809	466
ENST00000510395.5	128577	140188	11611
ENST00000510397.5	15248	46676	31428
ENST00000510398.1	28696	360535	331839
ENST00000510400.5	21333	100658	79325
ENST00000510403.5	0	480120	480120
ENST00000510408.5	267	27027	26760
ENST00000510410.5	104	35614	35510
ENST00000510411.6	1368	10228	8860
ENST00000510413.5	1194	758608	757414
ENST00000510423.1	639	7549	6910
ENST00000510428.1	472	50947	50475
ENST00000510429.1	0	1226	1226
ENST00000510431.6	3990	9502	5512
ENST00000510434.1	347	6607	6260
ENST00000510437.5	12	10643	10631
ENST00000510439.7	62	8529	8467
ENST00000510442.1	2913	6282	3369
ENST00000510448.5	937	9822	8885
ENST00000510451.5	116519	176488	59969
ENST00000510461.6	2974	158687	155713
ENST00000510463.1	12	265131	265119
ENST00000510474.5	2774	83169	80395
ENST00000510476.5	0	1062	1062
ENST00000510477.5	11120	107443	96323
ENST00000510479.5	16686	19585	2899
ENST00000510481.5	1331	12065	10734
ENST00000510483.5	244	43636	43392
ENST00000510490.1	0	320	320
ENST00000510492.1	6734	8604	1870
ENST00000510493.5	17995	26443	8448
ENST00000510496.5	3889	65921	62032
ENST00000510500.5	0	31726	31726
ENST00000510503.5	419	5687	5268
ENST00000510504.1	0	180421	180421
ENST00000510508.5	2	1824	1822
ENST00000510510.5	95	55751	55656
ENST00000510515.5	46045	85979	39934
ENST00000510516.5	77	28810	28733
ENST00000510525.5	0	19463	19463
ENST00000510528.1	41	14608	14567
ENST00000510531.5	150	11841	11691
ENST00000510533.5	1123	212850	211727
ENST00000510535.1	574	37860	37286
ENST00000510541.5	0	2467	2467
ENST00000510545.5	1175	6692	5517
ENST00000510548.6	0	529	529
ENST00000510554.1	656	966	310
ENST00000510557.5	545	58856	58311
ENST00000510558.6	4127	14858	10731
ENST00000510559.1	0	1996	1996
ENST00000510560.1	0	1186	1186
ENST00000510563.5	1229	5210	3981
ENST00000510568.1	3154	7146	3992
ENST00000510571.2	0	57212	57212
ENST00000510573.6	0	119204	119204
ENST00000510580.1	64	13113	13049
ENST00000510585.3	4561	6059	1498
ENST00000510586.5	5522	7695	2173
ENST00000510595.1	0	37268	37268
ENST00000510600.1	0	37700	37700
ENST00000510609.5	36381	64477	28096
ENST00000510614.5	0	10595	10595
ENST00000510617.5	23	16438	16415
ENST00000510623.1	0	16677	16677
ENST00000510624.5	14993	118540	103547
ENST00000510630.5	82	7180	7098
ENST00000510633.5	0	334	334
ENST00000510634.5	891	63582	62691
ENST00000510635.1	0	5634	5634
ENST00000510636.5	22842	57057	34215
ENST00000510641.5	25039	82177	57138
ENST00000510643.5	304	32985	32681
ENST00000510644.6	860	15224	14364
ENST00000510647.1	0	14826	14826
ENST00000510651.5	0	42354	42354
ENST00000510658.5	79444	120540	41096
ENST00000510659.5	106	6631	6525
ENST00000510660.5	11833	13020	1187
ENST00000510661.2	4497	8749	4252
ENST00000510662.1	426466	437075	10609
ENST00000510663.6	19	36054	36035
ENST00000510664.5	1720	5444	3724
ENST00000510670.5	0	5488	5488
ENST00000510674.1	0	24343	24343
ENST00000510676.6	14675	38601	23926
ENST00000510678.6	3988	9500	5512
ENST00000510685.1	0	267266	267266
ENST00000510688.5	2830	324635	321805
ENST00000510689.5	0	120117	120117
ENST00000510693.5	143	37092	36949
ENST00000510697.5	0	50765	50765
ENST00000510698.2	219	65661	65442
ENST00000510700.5	1399	1491	92
ENST00000510702.5	10669	18453	7784
ENST00000510704.1	715	1491	776
ENST00000510706.5	18	19138	19120
ENST00000510708.6	4846	153325	148479
ENST00000510709.6	19	7138	7119
ENST00000510712.1	0	494	494
ENST00000510715.5	26832	40884	14052
ENST00000510719.1	0	76704	76704
ENST00000510720.1	1939	31021	29082
ENST00000510722.1	29	93873	93844
ENST00000510723.1	0	6153	6153
ENST00000510726.1	16262	17524	1262
ENST00000510730.5	539	38941	38402
ENST00000510732.5	0	139498	139498
ENST00000510734.5	13892	24113	10221
ENST00000510735.1	4988	29939	24951
ENST00000510739.1	1372	12907	11535
ENST00000510741.5	739	501158	500419
ENST00000510746.1	0	74	74
ENST00000510755.5	5586	26685	21099
ENST00000510756.6	19456	70429	50973
ENST00000510761.1	4265	7276	3011
ENST00000510766.1	0	7418	7418
ENST00000510768.5	12831	26710	13879
ENST00000510769.5	2859	324530	321671
ENST00000510776.5	120	10939	10819
ENST00000510777.5	78	37437	37359
ENST00000510778.7	13	103907	103894
ENST00000510779.1	24121	27173	3052
ENST00000510784.8	1348	204494	203146
ENST00000510786.1	27264	85283	58019
ENST00000510790.5	7707	9669	1962
ENST00000510792.1	136	33633	33497
ENST00000510793.5	7179	9150	1971
ENST00000510794.5	204	30899	30695
ENST00000510796.2	1652	6227	4575
ENST00000510797.1	175	892	717
ENST00000510798.5	7	29525	29518
ENST00000510799.1	0	16123	16123
ENST00000510800.1	177	38092	37915
ENST00000510802.5	0	6170	6170
ENST00000510806.1	0	472	472
ENST00000510808.1	0	22076	22076
ENST00000510809.1	0	2368	2368
ENST00000510811.6	20	4024	4004
ENST00000510812.5	0	347511	347511
ENST00000510814.6	970	42312	41342
ENST00000510815.6	57464	83211	25747
ENST00000510818.6	9027	11919	2892
ENST00000510819.5	142	40120	39978
ENST00000510821.1	0	21507	21507
ENST00000510824.5	11436	20981	9545
ENST00000510833.5	604	19256	18652
ENST00000510835.5	26956	31456	4500
ENST00000510836.5	152	204109	203957
ENST00000510838.2	604	1790	1186
ENST00000510842.6	247	70236	69989
ENST00000510843.5	0	4277	4277
ENST00000510847.1	0	2072	2072
ENST00000510849.5	40	12109	12069
ENST00000510854.1	0	22248	22248
ENST00000510855.1	0	25872	25872
ENST00000510861.5	1884	141623	139739
ENST00000510865.5	6801	8818	2017
ENST00000510866.5	0	14494	14494
ENST00000510870.5	80	91400	91320
ENST00000510871.5	13149	16389	3240
ENST00000510873.6	0	22782	22782
ENST00000510876.1	0	140517	140517
ENST00000510877.5	44877	59479	14602
ENST00000510878.1	34	14569	14535
ENST00000510880.1	0	448	448
ENST00000510881.5	3481	10978	7497
ENST00000510882.4	10	1514	1504
ENST00000510887.5	0	59864	59864
ENST00000510890.1	16496	17730	1234
ENST00000510894.1	119	54722	54603
ENST00000510898.7	2082	8951	6869
ENST00000510901.5	388	17613	17225
ENST00000510902.2	790	2051	1261
ENST00000510906.5	201	31057	30856
ENST00000510909.1	19	129962	129943
ENST00000510911.5	2687	3904	1217
ENST00000510913.5	954	7938	6984
ENST00000510915.6	1128	7322	6194
ENST00000510917.5	48	682	634
ENST00000510925.5	11071	14550	3479
ENST00000510928.1	101	1373	1272
ENST00000510929.5	7038	7124	86
ENST00000510930.5	15	716	701
ENST00000510934.5	219	80640	80421
ENST00000510936.1	0	6051	6051
ENST00000510942.5	1778	104249	102471
ENST00000510944.3	0	28013	28013
ENST00000510951.5	3091	8590	5499
ENST00000510965.1	0	7739	7739
ENST00000510968.5	979	10875	9896
ENST00000510978.5	0	29932	29932
ENST00000510979.5	4891	33123	28232
ENST00000510984.5	21477	21693	216
ENST00000510985.1	83	51405	51322
ENST00000510990.6	32	5297	5265
ENST00000510992.5	0	1470559	1470559
ENST00000510993.1	92	5319	5227
ENST00000510994.5	887	5418	4531
ENST00000510998.5	182441	186797	4356
ENST00000510999.1	0	212	212
ENST00000511002.6	2847	12781	9934
ENST00000511012.1	23	3177	3154
ENST00000511022.2	0	24371	24371
ENST00000511032.5	1024	26747	25723
ENST00000511034.1	0	21089	21089
ENST00000511036.5	0	41427	41427
ENST00000511038.5	11053	11113	60
ENST00000511043.5	0	21477	21477
ENST00000511045.6	19291	61179	41888
ENST00000511048.1	31591	34935	3344
ENST00000511049.5	24015	70928	46913
ENST00000511051.5	44019	47581	3562
ENST00000511062.5	6069	73694	67625
ENST00000511066.5	0	2861	2861
ENST00000511067.3	2398	77759	75361
ENST00000511070.5	57	19279	19222
ENST00000511071.5	389	150543	150154
ENST00000511072.5	92	368036	367944
ENST00000511076.1	0	3836	3836
ENST00000511078.1	0	3386	3386
ENST00000511081.5	118	6781	6663
ENST00000511082.1	1422	8050	6628
ENST00000511087.5	26640	74034	47394
ENST00000511088.1	0	8061	8061
ENST00000511089.1	4001	13508	9507
ENST00000511092.5	23296	77029	53733
ENST00000511093.5	35	7332	7297
ENST00000511097.6	220	85386	85166
ENST00000511098.1	167	108989	108822
ENST00000511102.5	1541	21372	19831
ENST00000511106.5	13256	17345	4089
ENST00000511107.1	49	153969	153920
ENST00000511108.5	30142	65564	35422
ENST00000511113.6	1177	57071	55894
ENST00000511115.5	194	12387	12193
ENST00000511116.5	20914	21718	804
ENST00000511121.6	43043	44187	1144
ENST00000511123.1	0	12435	12435
ENST00000511126.1	0	3620	3620
ENST00000511130.6	61183	103057	41874
ENST00000511132.1	0	9825	9825
ENST00000511134.1	236	29033	28797
ENST00000511135.5	19	129431	129412
ENST00000511137.5	1705	8193	6488
ENST00000511138.5	3163	10542	7379
ENST00000511146.5	0	4808	4808
ENST00000511148.2	102	12607	12505
ENST00000511151.5	112	45216	45104
ENST00000511153.5	52115	72669	20554
ENST00000511154.5	31234	41192	9958
ENST00000511155.1	0	10797	10797
ENST00000511157.5	538	104066	103528
ENST00000511158.1	0	6520	6520
ENST00000511160.5	4023	4107	84
ENST00000511162.1	1191	1313	122
ENST00000511163.5	398	86580	86182
ENST00000511166.1	243	116303	116060
ENST00000511167.6	3113	99798	96685
ENST00000511168.5	290	41624	41334
ENST00000511176.1	4392	4894	502
ENST00000511181.5	65202	82133	16931
ENST00000511184.5	16319	36386	20067
ENST00000511188.2	1181	38995	37814
ENST00000511190.6	2314	7790	5476
ENST00000511191.1	23	4420	4397
ENST00000511193.1	0	6320	6320
ENST00000511198.5	6400	23223	16823
ENST00000511201.2	3	4845	4842
ENST00000511206.5	6277	26655	20378
ENST00000511208.2	94	3600	3506
ENST00000511209.5	38185	88187	50002
ENST00000511212.5	80	131025	130945
ENST00000511216.6	826	40806	39980
ENST00000511217.1	52	126999	126947
ENST00000511218.5	386	12079	11693
ENST00000511224.5	611	9380	8769
ENST00000511226.5	120470	442135	321665
ENST00000511227.5	69	625	556
ENST00000511229.5	0	8258	8258
ENST00000511233.5	0	72751	72751
ENST00000511240.1	2	15034	15032
ENST00000511244.5	4420	7075	2655
ENST00000511249.5	23883	26095	2212
ENST00000511251.1	2327	2691	364
ENST00000511253.1	248	5642	5394
ENST00000511257.1	255	29867	29612
ENST00000511258.6	1804	2913	1109
ENST00000511260.5	1010	4090	3080
ENST00000511261.5	7953	8855	902
ENST00000511262.5	2826	149291	146465
ENST00000511269.5	376	500914	500538
ENST00000511273.1	170	338065	337895
ENST00000511276.1	2950	7442	4492
ENST00000511277.5	531	1398	867
ENST00000511278.5	0	367836	367836
ENST00000511280.1	0	3178	3178
ENST00000511283.2	955	2520	1565
ENST00000511290.5	4410	7822	3412
ENST00000511293.1	128	5112	4984
ENST00000511294.1	1411	342176	340765
ENST00000511297.5	65992	155878	89886
ENST00000511298.1	133	34563	34430
ENST00000511299.5	0	42730	42730
ENST00000511305.5	54	31436	31382
ENST00000511306.5	16143	36952	20809
ENST00000511307.5	19392	36739	17347
ENST00000511313.5	4340	10090	5750
ENST00000511317.2	4305	20534	16229
ENST00000511320.6	279	79752	79473
ENST00000511321.5	0	19670	19670
ENST00000511324.5	173	576918	576745
ENST00000511328.5	0	87513	87513
ENST00000511332.1	0	12251	12251
ENST00000511338.1	0	24896	24896
ENST00000511344.1	0	294	294
ENST00000511347.5	0	2482	2482
ENST00000511354.5	5215	10019	4804
ENST00000511355.5	2074	7777	5703
ENST00000511367.6	938	132651	131713
ENST00000511368.5	138	84262	84124
ENST00000511370.1	0	12305	12305
ENST00000511373.1	467	6074	5607
ENST00000511374.5	61528	79644	18116
ENST00000511377.5	561	595444	594883
ENST00000511383.5	951	12535	11584
ENST00000511384.1	0	10907	10907
ENST00000511392.5	467	12853	12386
ENST00000511397.3	0	10169	10169
ENST00000511403.5	217	20669	20452
ENST00000511404.1	0	4310	4310
ENST00000511408.1	0	8563	8563
ENST00000511413.5	3	124903	124900
ENST00000511415.5	31	2755	2724
ENST00000511416.1	0	1276	1276
ENST00000511421.5	4677	41290	36613
ENST00000511424.5	220193	227807	7614
ENST00000511426.5	1017	54142	53125
ENST00000511435.1	1349	40663	39314
ENST00000511437.6	1937	25060	23123
ENST00000511438.5	436	84630	84194
ENST00000511441.5	36592	50608	14016
ENST00000511442.1	110324	110636	312
ENST00000511444.5	544	18398	17854
ENST00000511446.2	33434	105722	72288
ENST00000511448.5	93	8101	8008
ENST00000511454.5	100	3588	3488
ENST00000511455.7	158	14826	14668
ENST00000511457.1	5050	6228	1178
ENST00000511458.1	0	10676	10676
ENST00000511461.5	0	6392	6392
ENST00000511467.1	5	186719	186714
ENST00000511469.5	3920	41429	37509
ENST00000511473.5	6775	7007	232
ENST00000511475.6	3100	6226	3126
ENST00000511477.5	952	2189	1237
ENST00000511480.5	40428	43485	3057
ENST00000511481.5	494	47195	46701
ENST00000511485.5	57	19268	19211
ENST00000511486.5	3	26088	26085
ENST00000511487.1	0	7135	7135
ENST00000511490.4	1650	3892	2242
ENST00000511491.5	80	38420	38340
ENST00000511496.5	67822	161678	93856
ENST00000511507.5	30020	57210	27190
ENST00000511508.5	5921	26929	21008
ENST00000511510.5	4661	7338	2677
ENST00000511516.5	38616	135124	96508
ENST00000511519.6	1955	5938	3983
ENST00000511523.5	64730	65403	673
ENST00000511527.5	0	21935	21935
ENST00000511528.1	3	358472	358469
ENST00000511529.2	7517	21941	14424
ENST00000511531.5	1536	502082	500546
ENST00000511532.5	2113	27632	25519
ENST00000511533.1	27	9412	9385
ENST00000511538.5	4914	58225	53311
ENST00000511539.1	772	1622	850
ENST00000511542.1	99497	100161	664
ENST00000511544.6	6027	9624	3597
ENST00000511545.5	0	8105	8105
ENST00000511546.5	2921	61178	58257
ENST00000511551.2	10091	56362	46271
ENST00000511555.5	109976	260803	150827
ENST00000511556.5	734	11195	10461
ENST00000511561.1	0	2110	2110
ENST00000511566.5	46	7559	7513
ENST00000511567.5	14776	22586	7810
ENST00000511568.1	0	3178	3178
ENST00000511574.6	9275	60415	51140
ENST00000511577.5	1415	121045	119630
ENST00000511581.5	3163	10640	7477
ENST00000511587.1	0	902	902
ENST00000511588.1	1567	1715	148
ENST00000511591.1	841	887	46
ENST00000511593.6	47521	57479	9958
ENST00000511594.5	9704	29313	19609
ENST00000511598.5	0	680	680
ENST00000511600.5	10641	34526	23885
ENST00000511601.6	6735	43815	37080
ENST00000511604.5	255	372156	371901
ENST00000511608.5	0	51272	51272
ENST00000511610.6	10827	18016	7189
ENST00000511615.5	2954	9317	6363
ENST00000511620.5	900	41071	40171
ENST00000511629.6	4910	6912	2002
ENST00000511630.6	28	15476	15448
ENST00000511633.5	1232	213042	211810
ENST00000511641.2	46	89832	89786
ENST00000511642.5	1009	6235	5226
ENST00000511644.5	223	48713	48490
ENST00000511647.5	22056	54065	32009
ENST00000511648.6	24	7492	7468
ENST00000511649.5	8525	113413	104888
ENST00000511651.5	0	4919	4919
ENST00000511653.1	0	41345	41345
ENST00000511654.1	0	1291	1291
ENST00000511657.1	0	1999	1999
ENST00000511659.2	4212	143536	139324
ENST00000511662.5	1562	2451	889
ENST00000511664.6	4726	311615	306889
ENST00000511665.1	728	23418	22690
ENST00000511667.5	0	5339	5339
ENST00000511670.5	1738	12335	10597
ENST00000511671.6	0	87801	87801
ENST00000511672.5	0	44	44
ENST00000511673.1	3	870	867
ENST00000511674.5	2639	5295	2656
ENST00000511676.5	63	9272	9209
ENST00000511678.5	25043	37627	12584
ENST00000511679.5	0	92	92
ENST00000511681.1	0	3178	3178
ENST00000511684.6	7285	9997	2712
ENST00000511685.6	80619	565016	484397
ENST00000511689.6	598	55820	55222
ENST00000511700.1	0	5990	5990
ENST00000511704.5	37	52412	52375
ENST00000511706.5	21907	27116	5209
ENST00000511711.5	1967	2571	604
ENST00000511713.5	0	112175	112175
ENST00000511714.2	0	15365	15365
ENST00000511717.6	2548	18823	16275
ENST00000511719.5	17813	22245	4432
ENST00000511722.5	82744	101462	18718
ENST00000511725.5	74004	100715	26711
ENST00000511733.1	4239	49704	45465
ENST00000511736.5	15	51647	51632
ENST00000511739.1	0	19832	19832
ENST00000511742.1	78	14986	14908
ENST00000511743.5	0	8909	8909
ENST00000511747.6	39	17487	17448
ENST00000511748.5	1125	8673	7548
ENST00000511751.1	517	5048	4531
ENST00000511752.5	10	11219	11209
ENST00000511762.2	0	139014	139014
ENST00000511763.6	0	4150	4150
ENST00000511765.5	0	62076	62076
ENST00000511768.5	0	62040	62040
ENST00000511769.5	55	90180	90125
ENST00000511774.1	0	572	572
ENST00000511776.1	0	23067	23067
ENST00000511782.5	24009	70925	46916
ENST00000511783.2	0	135623	135623
ENST00000511789.5	0	172115	172115
ENST00000511791.1	0	54320	54320
ENST00000511792.5	0	1287	1287
ENST00000511795.1	0	18936	18936
ENST00000511797.5	31971	41034	9063
ENST00000511799.5	0	23658	23658
ENST00000511800.5	2450	4814	2364
ENST00000511801.1	13940	14978	1038
ENST00000511804.5	51701	62284	10583
ENST00000511809.5	478	53661	53183
ENST00000511812.5	48	27604	27556
ENST00000511813.1	30095	37222	7127
ENST00000511815.1	0	300	300
ENST00000511817.1	27327	276647	249320
ENST00000511820.6	0	101172	101172
ENST00000511822.1	0	72668	72668
ENST00000511828.2	12741	23497	10756
ENST00000511831.1	0	2800	2800
ENST00000511832.6	943	10022	9079
ENST00000511833.3	1710	35387	33677
ENST00000511834.5	7	42787	42780
ENST00000511836.1	0	2218	2218
ENST00000511837.5	0	15655	15655
ENST00000511838.6	1070	243903	242833
ENST00000511839.5	1659	3054	1395
ENST00000511844.1	333	1127	794
ENST00000511848.1	101	120835	120734
ENST00000511852.5	30	18482	18452
ENST00000511853.1	19	51336	51317
ENST00000511859.5	21354	44938	23584
ENST00000511860.1	207	2849	2642
ENST00000511865.6	14199	44082	29883
ENST00000511868.6	0	188	188
ENST00000511869.1	651	196879	196228
ENST00000511873.6	0	2208	2208
ENST00000511880.7	30093	36874	6781
ENST00000511881.1	591	1995	1404
ENST00000511883.6	0	42797	42797
ENST00000511884.7	1054	426215	425161
ENST00000511885.6	199	159989	159790
ENST00000511887.6	1261	3507	2246
ENST00000511889.5	2857	13151	10294
ENST00000511890.1	0	6428	6428
ENST00000511896.5	3705	6336	2631
ENST00000511898.1	0	4491	4491
ENST00000511900.5	35	7655	7620
ENST00000511901.1	0	146	146
ENST00000511902.5	1	355	354
ENST00000511904.1	0	21739	21739
ENST00000511905.5	178261	499926	321665
ENST00000511908.5	12	6638	6626
ENST00000511912.6	161	38066	37905
ENST00000511914.1	564	1943	1379
ENST00000511925.5	20467	37840	17373
ENST00000511927.2	140	1875	1735
ENST00000511930.2	3100	4040	940
ENST00000511937.5	86	5065	4979
ENST00000511943.5	724	11205	10481
ENST00000511944.5	1125	7265	6140
ENST00000511945.5	0	4953	4953
ENST00000511948.1	14381	14547	166
ENST00000511956.1	0	21995	21995
ENST00000511957.5	0	5365	5365
ENST00000511961.5	15261	21333	6072
ENST00000511964.1	0	78	78
ENST00000511967.6	50341	51485	1144
ENST00000511969.4	47	15723	15676
ENST00000511970.5	12454	120778	108324
ENST00000511974.5	0	4996	4996
ENST00000511976.5	1107	212602	211495
ENST00000511980.5	368	19245	18877
ENST00000511982.1	86	11089	11003
ENST00000511986.1	0	1991	1991
ENST00000511990.1	0	14764	14764
ENST00000511992.1	46193	66679	20486
ENST00000511993.5	261855	313145	51290
ENST00000511997.1	107	1540	1433
ENST00000512003.7	207718	247416	39698
ENST00000512006.2	0	16813	16813
ENST00000512011.5	342709	357859	15150
ENST00000512012.5	3	24101	24098
ENST00000512014.5	8820	16448	7628
ENST00000512017.7	0	56473	56473
ENST00000512018.5	268	88795	88527
ENST00000512019.1	32743	33541	798
ENST00000512023.5	111	10099	9988
ENST00000512028.5	4629	7166	2537
ENST00000512031.5	64208	78055	13847
ENST00000512041.7	852	9931	9079
ENST00000512042.1	0	234153	234153
ENST00000512044.6	237	194184	193947
ENST00000512046.2	0	35107	35107
ENST00000512047.2	2764	7143	4379
ENST00000512049.5	92	62226	62134
ENST00000512052.5	193	75720	75527
ENST00000512055.5	1633	373534	371901
ENST00000512060.1	229	6709	6480
ENST00000512064.5	30	29673	29643
ENST00000512066.5	0	8634	8634
ENST00000512070.6	127008	355610	228602
ENST00000512073.1	110853	111001	148
ENST00000512076.1	0	34328	34328
ENST00000512078.5	91365	102489	11124
ENST00000512079.5	69	11590	11521
ENST00000512084.5	991	63682	62691
ENST00000512085.5	987	9374	8387
ENST00000512086.5	3	62635	62632
ENST00000512088.1	337	2439	2102
ENST00000512091.6	296036	872604	576568
ENST00000512093.5	36	45408	45372
ENST00000512094.5	460	3315	2855
ENST00000512097.10	305151	442763	137612
ENST00000512103.5	0	11405	11405
ENST00000512104.5	97	50154	50057
ENST00000512106.1	0	27929	27929
ENST00000512107.5	41899	42273	374
ENST00000512108.1	0	31658	31658
ENST00000512109.1	0	5579	5579
ENST00000512111.1	1000	34868	33868
ENST00000512112.5	17023	21324	4301
ENST00000512114.1	0	31204	31204
ENST00000512116.5	29686	30308	622
ENST00000512121.1	41793	42463	670
ENST00000512123.4	687	495760	495073
ENST00000512126.5	0	6153	6153
ENST00000512127.5	49774	297079	247305
ENST00000512132.5	1180	6380	5200
ENST00000512137.5	187526	338815	151289
ENST00000512138.1	0	686	686
ENST00000512140.5	14468	21840	7372
ENST00000512143.1	10760	32558	21798
ENST00000512146.6	0	41236	41236
ENST00000512147.5	0	2593	2593
ENST00000512148.5	172	62963	62791
ENST00000512151.5	19051	33375	14324
ENST00000512152.6	3	1585	1582
ENST00000512153.5	0	5555	5555
ENST00000512157.6	204	43073	42869
ENST00000512158.6	1177	8392	7215
ENST00000512160.5	4160	10648	6488
ENST00000512163.5	3647	5472	1825
ENST00000512172.1	142	83497	83355
ENST00000512173.1	0	3046	3046
ENST00000512174.1	331	10446	10115
ENST00000512175.3	71	74100	74029
ENST00000512188.1	1697	3526	1829
ENST00000512193.5	285	211938	211653
ENST00000512194.2	82014	186250	104236
ENST00000512196.5	27	40859	40832
ENST00000512198.1	2159	31675	29516
ENST00000512199.5	0	5933	5933
ENST00000512201.5	319512	338296	18784
ENST00000512208.5	0	16454	16454
ENST00000512211.7	16763	114509	97746
ENST00000512215.5	2459	324246	321787
ENST00000512216.5	12435	29738	17303
ENST00000512217.5	534	5382	4848
ENST00000512218.6	138	57479	57341
ENST00000512220.5	98	16163	16065
ENST00000512223.6	0	220976	220976
ENST00000512227.1	0	1180	1180
ENST00000512229.6	114	205857	205743
ENST00000512236.5	1559	21382	19823
ENST00000512238.1	1523	10357	8834
ENST00000512239.1	13820	14052	232
ENST00000512242.6	460	28555	28095
ENST00000512247.5	0	542	542
ENST00000512248.5	18746	22945	4199
ENST00000512249.1	0	6502	6502
ENST00000512250.1	0	666	666
ENST00000512254.1	30	26746	26716
ENST00000512261.5	524	13733	13209
ENST00000512264.1	907	5138	4231
ENST00000512271.2	0	8895	8895
ENST00000512273.5	700	1997	1297
ENST00000512274.1	3369	3649	280
ENST00000512275.5	14083	39102	25019
ENST00000512285.5	25	130310	130285
ENST00000512291.5	3819	4198	379
ENST00000512292.5	13666	62769	49103
ENST00000512293.1	15113	27257	12144
ENST00000512302.1	0	11914	11914
ENST00000512305.5	2377	119550	117173
ENST00000512306.5	445	58703	58258
ENST00000512308.5	23	8395	8372
ENST00000512309.2	493	34585	34092
ENST00000512312.5	108193	159934	51741
ENST00000512314.5	4440	10984	6544
ENST00000512315.5	43	42251	42208
ENST00000512317.5	0	5491	5491
ENST00000512320.1	0	3613	3613
ENST00000512325.3	6700	34347	27647
ENST00000512328.1	515	2884	2369
ENST00000512332.5	322	504442	504120
ENST00000512336.5	3750	4702	952
ENST00000512338.1	0	927	927
ENST00000512339.5	82852	202043	119191
ENST00000512340.5	3091	8590	5499
ENST00000512345.5	83860	386814	302954
ENST00000512348.5	28	134324	134296
ENST00000512351.5	199157	252429	53272
ENST00000512353.1	0	37427	37427
ENST00000512365.1	0	21978	21978
ENST00000512369.2	87	52186	52099
ENST00000512371.1	0	1147	1147
ENST00000512372.5	19	9188	9169
ENST00000512373.5	2647	30773	28126
ENST00000512374.1	1813	2201	388
ENST00000512378.1	0	29817	29817
ENST00000512379.5	3819	4198	379
ENST00000512385.5	79010	120106	41096
ENST00000512386.6	9639	55586	45947
ENST00000512387.6	14878	24836	9958
ENST00000512388.1	45	12549	12504
ENST00000512389.5	0	72072	72072
ENST00000512391.5	53	66688	66635
ENST00000512394.5	25	27016	26991
ENST00000512396.6	16935	17562	627
ENST00000512418.5	611	6665	6054
ENST00000512419.5	66	3973	3907
ENST00000512422.5	6491	17027	10536
ENST00000512425.5	0	144758	144758
ENST00000512426.5	351	4911	4560
ENST00000512429.5	97	46186	46089
ENST00000512430.1	0	7424	7424
ENST00000512439.6	4271	12912	8641
ENST00000512445.5	0	18651	18651
ENST00000512452.1	40381	52801	12420
ENST00000512453.5	534	261921	261387
ENST00000512454.5	216	16518	16302
ENST00000512457.5	16371	25837	9466
ENST00000512465.5	5573	73312	67739
ENST00000512467.6	35842	304520	268678
ENST00000512468.5	2241	3811	1570
ENST00000512469.2	106	6568	6462
ENST00000512470.5	0	42490	42490
ENST00000512471.1	15	29476	29461
ENST00000512473.5	0	1996	1996
ENST00000512476.1	101	30990	30889
ENST00000512478.2	9	17115	17106
ENST00000512480.5	179331	202748	23417
ENST00000512481.5	2209	7148	4939
ENST00000512482.1	0	34726	34726
ENST00000512483.5	707	1916	1209
ENST00000512485.6	204	57791	57587
ENST00000512493.5	13	3476	3463
ENST00000512495.2	185	2719	2534
ENST00000512499.5	0	12376	12376
ENST00000512501.1	490	4472	3982
ENST00000512506.5	9	10601	10592
ENST00000512509.5	0	49960	49960
ENST00000512510.5	0	68974	68974
ENST00000512520.1	0	41269	41269
ENST00000512522.1	15194	20647	5453
ENST00000512523.1	3	1411	1408
ENST00000512526.2	0	2262	2262
ENST00000512528.3	6971	15449	8478
ENST00000512541.5	40219	43416	3197
ENST00000512542.5	2717	44293	41576
ENST00000512545.2	131	2466	2335
ENST00000512553.5	0	3988	3988
ENST00000512556.1	12	13400	13388
ENST00000512560.5	3926	11189	7263
ENST00000512561.5	134	17979	17845
ENST00000512564.6	0	58694	58694
ENST00000512565.5	4453	16252	11799
ENST00000512574.1	520	70110	69590
ENST00000512576.3	53	24541	24488
ENST00000512583.5	729	16798	16069
ENST00000512587.1	0	7277	7277
ENST00000512589.6	7563	8845	1282
ENST00000512590.6	18408	113437	95029
ENST00000512593.5	1308	6300	4992
ENST00000512595.5	86	66290	66204
ENST00000512596.6	8074	10898	2824
ENST00000512597.5	83651	95093	11442
ENST00000512605.4	275	25096	24821
ENST00000512608.5	20482	34381	13899
ENST00000512610.5	0	50144	50144
ENST00000512619.5	1830	94448	92618
ENST00000512620.5	0	80001	80001
ENST00000512625.5	535	122713	122178
ENST00000512626.3	3186	15466	12280
ENST00000512627.1	0	24161	24161
ENST00000512629.5	30481	177160	146679
ENST00000512630.5	91652	350425	258773
ENST00000512631.1	12957	34688	21731
ENST00000512632.5	34	339292	339258
ENST00000512635.2	5824	37603	31779
ENST00000512636.5	28772	360522	331750
ENST00000512638.5	19760	21093	1333
ENST00000512639.5	266575	288254	21679
ENST00000512640.1	14936	16638	1702
ENST00000512643.1	8073	13398	5325
ENST00000512646.5	95	21740	21645
ENST00000512648.5	414	481019	480605
ENST00000512649.1	866	16446	15580
ENST00000512653.5	122	38934	38812
ENST00000512659.5	6486	13952	7466
ENST00000512662.5	341442	342170	728
ENST00000512663.5	7103	7563	460
ENST00000512664.5	0	13644	13644
ENST00000512671.6	1095	112831	111736
ENST00000512680.5	51	42794	42743
ENST00000512681.5	401	500657	500256
ENST00000512684.1	4062	4164	102
ENST00000512686.5	196	136011	135815
ENST00000512689.6	864	144062	143198
ENST00000512690.5	14	5207	5193
ENST00000512691.1	0	17783	17783
ENST00000512694.5	5559	8400	2841
ENST00000512695.1	0	692	692
ENST00000512697.2	130	7554	7424
ENST00000512698.1	0	938	938
ENST00000512699.1	5896	7348	1452
ENST00000512700.2	18	42581	42563
ENST00000512701.7	8400	145331	136931
ENST00000512702.6	6062	71074	65012
ENST00000512704.5	953	60666	59713
ENST00000512706.5	128	32559	32431
ENST00000512708.5	988	4997	4009
ENST00000512716.1	62016	584808	522792
ENST00000512718.7	45241	103167	57926
ENST00000512722.1	0	35378	35378
ENST00000512725.5	3422	4534	1112
ENST00000512728.5	516	11825	11309
ENST00000512729.5	103	15399	15296
ENST00000512731.5	41	2006	1965
ENST00000512733.5	8664	28273	19609
ENST00000512736.5	4925	12855	7930
ENST00000512737.6	420	5642	5222
ENST00000512738.5	1442	9729	8287
ENST00000512740.1	710	10883	10173
ENST00000512741.1	0	1896	1896
ENST00000512743.1	1665	24097	22432
ENST00000512744.5	3307	11901	8594
ENST00000512749.5	5697	7870	2173
ENST00000512756.5	71	235232	235161
ENST00000512760.5	43120	52359	9239
ENST00000512761.5	25	6339	6314
ENST00000512763.5	306	124551	124245
ENST00000512766.5	0	21429	21429
ENST00000512772.5	203	9547	9344
ENST00000512774.5	1140	1963	823
ENST00000512778.1	10858	27156	16298
ENST00000512783.5	20	55944	55924
ENST00000512784.6	203	189050	188847
ENST00000512785.5	11953	14989	3036
ENST00000512788.1	32	11864	11832
ENST00000512789.5	3	29491	29488
ENST00000512795.1	0	5221	5221
ENST00000512796.1	52924	89179	36255
ENST00000512797.5	0	5133	5133
ENST00000512801.5	72	14267	14195
ENST00000512803.5	4004	26659	22655
ENST00000512805.6	83	7846	7763
ENST00000512808.2	0	16228	16228
ENST00000512809.5	1461	12411	10950
ENST00000512811.5	12	4755	4743
ENST00000512813.5	15377	67616	52239
ENST00000512816.1	29535	29973	438
ENST00000512818.5	253	1777	1524
ENST00000512819.1	0	690	690
ENST00000512820.5	26	339548	339522
ENST00000512821.5	461	15022	14561
ENST00000512824.5	7162	8363	1201
ENST00000512825.7	530	3053	2523
ENST00000512828.1	8836	9078	242
ENST00000512834.5	7416	46716	39300
ENST00000512836.6	27967	145905	117938
ENST00000512840.5	110	112455	112345
ENST00000512842.5	2587	13290	10703
ENST00000512843.1	0	35988	35988
ENST00000512844.5	3765	12320	8555
ENST00000512852.1	201	5691	5490
ENST00000512855.5	5222	5556	334
ENST00000512860.5	0	27033	27033
ENST00000512865.5	1154	359261	358107
ENST00000512866.5	260	26567	26307
ENST00000512868.6	879	16419	15540
ENST00000512869.1	0	2697	2697
ENST00000512870.1	0	708	708
ENST00000512872.1	184	4380	4196
ENST00000512876.5	22063	25682	3619
ENST00000512877.1	0	15664	15664
ENST00000512880.5	10457	11502	1045
ENST00000512883.1	0	57048	57048
ENST00000512884.5	27294	59207	31913
ENST00000512886.5	0	26831	26831
ENST00000512894.6	9110	90091	80981
ENST00000512895.5	171	55062	54891
ENST00000512897.5	0	27997	27997
ENST00000512905.6	41264	64571	23307
ENST00000512912.5	21	1223	1202
ENST00000512913.5	56695	69640	12945
ENST00000512917.1	69	3149	3080
ENST00000512918.5	177	3049	2872
ENST00000512919.5	0	148	148
ENST00000512921.4	91678	117667	25989
ENST00000512923.5	544	94534	93990
ENST00000512944.6	3030	25942	22912
ENST00000512946.5	56	339542	339486
ENST00000512953.5	1893	18143	16250
ENST00000512960.5	21840	64856	43016
ENST00000512961.5	3698	10603	6905
ENST00000512964.5	273	54908	54635
ENST00000512966.1	0	685	685
ENST00000512968.5	0	7736	7736
ENST00000512970.5	842	41821	40979
ENST00000512972.6	4660	145510	140850
ENST00000512974.5	298	76953	76655
ENST00000512975.5	22	7948	7926
ENST00000512982.4	2194	100177	97983
ENST00000512984.1	2101	10568	8467
ENST00000512986.5	154	64498	64344
ENST00000512993.1	0	22300	22300
ENST00000512994.5	164	45905	45741
ENST00000512996.6	12661	104048	91387
ENST00000512997.5	85	5161	5076
ENST00000512998.1	1175	20180	19005
ENST00000513000.5	5625	410848	405223
ENST00000513002.5	2448	2788	340
ENST00000513005.5	62417	138612	76195
ENST00000513006.1	3743	7156	3413
ENST00000513009.5	18	48493	48475
ENST00000513010.5	25359	28123	2764
ENST00000513012.2	3258	6028	2770
ENST00000513018.5	221	16616	16395
ENST00000513019.5	6769	8423	1654
ENST00000513020.5	21549	24665	3116
ENST00000513024.5	246389	340284	93895
ENST00000513025.2	4489	5176	687
ENST00000513027.3	0	4849	4849
ENST00000513029.5	3144	3650	506
ENST00000513034.3	0	220046	220046
ENST00000513040.5	200	134148	133948
ENST00000513042.7	58656	319894	261238
ENST00000513043.5	5021	5419	398
ENST00000513045.6	648	11914	11266
ENST00000513049.5	0	30648	30648
ENST00000513054.5	0	101114	101114
ENST00000513056.5	3070	7674	4604
ENST00000513063.5	156	5007	4851
ENST00000513066.3	91	5865	5774
ENST00000513069.1	0	3782	3782
ENST00000513072.1	0	1403	1403
ENST00000513078.1	0	10346	10346
ENST00000513080.6	21855	22913	1058
ENST00000513084.5	3186	25300	22114
ENST00000513086.5	156908	156986	78
ENST00000513090.5	208	20410	20202
ENST00000513091.1	0	35427	35427
ENST00000513095.5	8688	13654	4966
ENST00000513100.5	0	25033	25033
ENST00000513104.6	693	155083	154390
ENST00000513105.1	0	23902	23902
ENST00000513107.1	0	394	394
ENST00000513110.1	0	11677	11677
ENST00000513112.5	1127	6884	5757
ENST00000513117.1	150	29800	29650
ENST00000513119.5	17065	25910	8845
ENST00000513122.5	64641	71713	7072
ENST00000513123.1	0	13423	13423
ENST00000513128.5	149	23304	23155
ENST00000513129.1	0	45963	45963
ENST00000513132.5	4373	61418	57045
ENST00000513134.5	114	25655	25541
ENST00000513137.5	482	22992	22510
ENST00000513140.5	1488	220842	219354
ENST00000513143.5	22962	31993	9031
ENST00000513145.1	157	16204	16047
ENST00000513151.6	193	27604	27411
ENST00000513154.6	1734	47000	45266
ENST00000513156.5	55	89756	89701
ENST00000513159.5	34798	89115	54317
ENST00000513161.1	0	8510	8510
ENST00000513163.5	720	41468	40748
ENST00000513166.1	2184	3525	1341
ENST00000513167.1	9195	9997	802
ENST00000513169.1	0	2906	2906
ENST00000513170.1	204	6580	6376
ENST00000513171.5	120	12538	12418
ENST00000513174.1	0	2194	2194
ENST00000513177.5	1016	6238	5222
ENST00000513178.2	0	3136	3136
ENST00000513180.5	5175	54293	49118
ENST00000513182.5	22	89193	89171
ENST00000513185.3	408	21395	20987
ENST00000513186.7	627	178439	177812
ENST00000513189.1	7465	14829	7364
ENST00000513200.7	1044	387966	386922
ENST00000513204.5	7200	11424	4224
ENST00000513205.5	6280	76519	70239
ENST00000513206.5	0	248381	248381
ENST00000513208.5	214	2602	2388
ENST00000513209.1	0	49020	49020
ENST00000513210.6	212	29963	29751
ENST00000513213.5	165	157896	157731
ENST00000513214.1	0	22610	22610
ENST00000513216.5	20348	60562	40214
ENST00000513222.1	0	2770	2770
ENST00000513223.2	0	18964	18964
ENST00000513225.6	1370	10289	8919
ENST00000513227.5	0	16481	16481
ENST00000513232.2	62717	85659	22942
ENST00000513237.5	44177	136282	92105
ENST00000513238.5	233	113350	113117
ENST00000513240.5	0	13303	13303
ENST00000513241.2	9	40351	40342
ENST00000513245.5	32614	42062	9448
ENST00000513246.6	6705	31426	24721
ENST00000513252.5	0	92705	92705
ENST00000513253.1	0	230125	230125
ENST00000513256.5	248	6331	6083
ENST00000513257.5	3	32496	32493
ENST00000513258.5	55514	56162	648
ENST00000513261.1	10	23764	23754
ENST00000513263.2	38	20173	20135
ENST00000513264.1	82	1166	1084
ENST00000513265.5	14550	22907	8357
ENST00000513266.5	34798	89543	54745
ENST00000513267.2	3	14562	14559
ENST00000513269.1	0	55510	55510
ENST00000513272.5	135	23050	22915
ENST00000513274.5	0	4569	4569
ENST00000513275.5	0	158	158
ENST00000513276.5	962	4180	3218
ENST00000513277.5	0	28497	28497
ENST00000513281.5	1019	4819	3800
ENST00000513282.5	3446	4310	864
ENST00000513287.5	9	5526	5517
ENST00000513289.5	0	72974	72974
ENST00000513295.2	9214	67242	58028
ENST00000513300.5	364	32913	32549
ENST00000513301.5	24	22659	22635
ENST00000513312.3	805	8722	7917
ENST00000513317.5	81	48541	48460
ENST00000513319.5	949	8715	7766
ENST00000513320.5	2381	179858	177477
ENST00000513321.1	51	26004	25953
ENST00000513322.5	9873	10207	334
ENST00000513323.5	0	6695	6695
ENST00000513328.6	31943	84582	52639
ENST00000513335.5	523	237508	236985
ENST00000513336.5	0	6184	6184
ENST00000513339.5	736	44467	43731
ENST00000513341.5	0	63935	63935
ENST00000513343.1	0	63407	63407
ENST00000513345.6	3332	6102	2770
ENST00000513346.5	0	45736	45736
ENST00000513348.5	1910	2439	529
ENST00000513349.5	301	131904	131603
ENST00000513350.2	3382	49086	45704
ENST00000513352.1	1910	4426	2516
ENST00000513353.5	64706	71212	6506
ENST00000513355.2	0	41461	41461
ENST00000513365.1	0	138931	138931
ENST00000513371.1	17482	43795	26313
ENST00000513374.1	390	60831	60441
ENST00000513376.5	115	47218	47103
ENST00000513380.1	4555	11382	6827
ENST00000513389.1	513	2514	2001
ENST00000513391.2	1283	30144	28861
ENST00000513398.2	35	18969	18934
ENST00000513407.1	253	1777	1524
ENST00000513409.1	1876	77249	75373
ENST00000513411.5	0	34	34
ENST00000513417.5	13380	42569	29189
ENST00000513418.1	0	12883	12883
ENST00000513420.1	0	16325	16325
ENST00000513421.5	0	752	752
ENST00000513429.5	32788	268122	235334
ENST00000513431.5	0	570	570
ENST00000513432.5	0	33560	33560
ENST00000513435.1	0	15170	15170
ENST00000513436.6	106	16651	16545
ENST00000513437.1	18091	48589	30498
ENST00000513438.1	265	3537	3272
ENST00000513439.5	1691	6433	4742
ENST00000513440.6	7515	57400	49885
ENST00000513443.5	15414	175563	160149
ENST00000513449.6	7682	30731	23049
ENST00000513450.1	683	11048	10365
ENST00000513452.5	0	5467	5467
ENST00000513453.5	0	85506	85506
ENST00000513454.5	119	21102	20983
ENST00000513455.5	363	44430	44067
ENST00000513458.9	6239	50829	44590
ENST00000513459.5	4006	27361	23355
ENST00000513463.1	3	40882	40879
ENST00000513468.5	2635	8056	5421
ENST00000513473.5	0	1156	1156
ENST00000513476.5	111	43707	43596
ENST00000513482.1	743	8965	8222
ENST00000513493.1	0	67805	67805
ENST00000513496.5	56	4635	4579
ENST00000513506.6	0	33313	33313
ENST00000513511.5	123	8945	8822
ENST00000513516.5	0	3806	3806
ENST00000513525.1	971	7745	6774
ENST00000513526.6	55	9273	9218
ENST00000513528.5	28297	28451	154
ENST00000513529.5	0	27731	27731
ENST00000513531.1	3	55671	55668
ENST00000513532.1	3	83024	83021
ENST00000513536.5	35	36401	36366
ENST00000513538.2	43	29011	28968
ENST00000513541.5	440	28466	28026
ENST00000513543.6	115605	191307	75702
ENST00000513553.5	7489	16404	8915
ENST00000513554.5	539	25489	24950
ENST00000513555.5	39317	69670	30353
ENST00000513558.1	0	15012	15012
ENST00000513559.6	311	38459	38148
ENST00000513565.6	43864	77730	33866
ENST00000513567.5	38210	168087	129877
ENST00000513570.1	39571	39987	416
ENST00000513574.1	29205	64627	35422
ENST00000513578.5	21355	30352	8997
ENST00000513584.1	3547	18685	15138
ENST00000513585.6	24695	37392	12697
ENST00000513587.5	4	39756	39752
ENST00000513588.5	13805	933688	919883
ENST00000513590.5	4023	13685	9662
ENST00000513592.5	0	2448	2448
ENST00000513596.1	228	55546	55318
ENST00000513597.5	28187	41459	13272
ENST00000513598.5	0	180471	180471
ENST00000513602.5	263	7151	6888
ENST00000513604.5	14892	37918	23026
ENST00000513606.1	9151	13934	4783
ENST00000513610.6	4788	280034	275246
ENST00000513611.5	782	201242	200460
ENST00000513612.7	9094	77400	68306
ENST00000513615.5	30465	52244	21779
ENST00000513622.1	24602	41120	16518
ENST00000513623.5	0	17084	17084
ENST00000513628.5	937	67228	66291
ENST00000513634.1	13	265649	265636
ENST00000513641.5	1402	2393	991
ENST00000513646.1	246	21728	21482
ENST00000513649.1	10061	36369	26308
ENST00000513654.5	102	10991	10889
ENST00000513656.5	15875	47484	31609
ENST00000513661.5	110	4757	4647
ENST00000513662.1	73	1519	1446
ENST00000513667.5	0	50018	50018
ENST00000513671.5	141357	223333	81976
ENST00000513674.1	1386	4365	2979
ENST00000513675.1	1409	128288	126879
ENST00000513678.5	21055	24259	3204
ENST00000513680.5	137597	140162	2565
ENST00000513682.5	15278	16315	1037
ENST00000513685.5	29	52929	52900
ENST00000513689.6	0	72113	72113
ENST00000513691.1	0	370	370
ENST00000513692.5	559	6786	6227
ENST00000513696.1	0	22518	22518
ENST00000513699.5	150	28262	28112
ENST00000513701.1	0	2927	2927
ENST00000513702.5	356	19801	19445
ENST00000513710.4	109	37194	37085
ENST00000513723.5	0	46256	46256
ENST00000513728.1	1796	15020	13224
ENST00000513731.6	52	18765	18713
ENST00000513738.5	129	78187	78058
ENST00000513745.1	0	5378	5378
ENST00000513746.6	12244	16168	3924
ENST00000513747.1	16620	20819	4199
ENST00000513748.1	98	6857	6759
ENST00000513749.5	7743	8072	329
ENST00000513751.1	46	34758	34712
ENST00000513753.5	644	41720	41076
ENST00000513756.5	14162	68479	54317
ENST00000513761.6	15351	101858	86507
ENST00000513765.7	43	72089	72046
ENST00000513774.1	0	8090	8090
ENST00000513775.1	129	2620	2491
ENST00000513780.5	34	27679	27645
ENST00000513782.1	3477	28814	25337
ENST00000513783.1	0	2724	2724
ENST00000513789.1	0	14474	14474
ENST00000513794.1	0	6145	6145
ENST00000513795.1	4388	9937	5549
ENST00000513796.5	0	365923	365923
ENST00000513798.1	0	28170	28170
ENST00000513801.5	36280	124808	88528
ENST00000513807.5	10026	24382	14356
ENST00000513814.5	142	26252	26110
ENST00000513819.1	0	5525	5525
ENST00000513821.5	37	10258	10221
ENST00000513823.5	0	5578	5578
ENST00000513824.5	1902	3182	1280
ENST00000513826.1	65	50241	50176
ENST00000513829.5	591	30944	30353
ENST00000513830.5	2861	8354	5493
ENST00000513831.1	0	15526	15526
ENST00000513833.1	8418	14457	6039
ENST00000513834.5	0	219640	219640
ENST00000513837.5	357	96816	96459
ENST00000513838.5	1164	4110	2946
ENST00000513839.5	57477	92589	35112
ENST00000513840.2	2595	66063	63468
ENST00000513848.5	374	28790	28416
ENST00000513858.5	416	66453	66037
ENST00000513861.5	4024	13481	9457
ENST00000513864.2	4665	32103	27438
ENST00000513865.5	177	89899	89722
ENST00000513869.2	30264	32744	2480
ENST00000513873.1	322	1889	1567
ENST00000513874.6	159	23880	23721
ENST00000513877.1	0	14706	14706
ENST00000513878.5	162	22853	22691
ENST00000513881.5	116	156992	156876
ENST00000513882.5	0	215599	215599
ENST00000513887.5	14174	28706	14532
ENST00000513890.1	0	2469	2469
ENST00000513894.6	46392	47536	1144
ENST00000513898.5	5543	72075	66532
ENST00000513900.6	1503	102084	100581
ENST00000513903.5	1985	23435	21450
ENST00000513906.1	0	8983	8983
ENST00000513909.5	26221	31982	5761
ENST00000513910.1	87210	87290	80
ENST00000513914.5	5318	6487	1169
ENST00000513920.5	1	534704	534703
ENST00000513924.2	3056	3996	940
ENST00000513936.6	0	26982	26982
ENST00000513937.1	0	4602	4602
ENST00000513939.6	3	47671	47668
ENST00000513941.5	4630	11302	6672
ENST00000513946.2	65241	107877	42636
ENST00000513947.8	4	62550	62546
ENST00000513948.1	7	2311	2304
ENST00000513950.2	1	2167	2166
ENST00000513952.5	15336	16243	907
ENST00000513960.5	11742	71621	59879
ENST00000513962.5	129825	141161	11336
ENST00000513963.1	74	47829	47755
ENST00000513964.5	0	71970	71970
ENST00000513967.5	104	6629	6525
ENST00000513968.4	0	178578	178578
ENST00000513969.5	0	5979	5979
ENST00000513970.5	115	47006	46891
ENST00000513973.6	4364	27753	23389
ENST00000513974.5	30488	151799	121311
ENST00000513978.5	135	46476	46341
ENST00000513982.5	103225	121542	18317
ENST00000513984.5	11728	41682	29954
ENST00000513986.2	988	112601	111613
ENST00000513989.5	0	176	176
ENST00000513992.1	0	2490	2490
ENST00000513993.5	0	28409	28409
ENST00000513996.5	0	39825	39825
ENST00000513997.1	4875	6512	1637
ENST00000513998.5	2	58023	58021
ENST00000513999.5	30589	40547	9958
ENST00000514001.5	120	64204	64084
ENST00000514004.5	1212	32406	31194
ENST00000514007.5	75	170647	170572
ENST00000514014.1	495	15028	14533
ENST00000514015.5	1037	103531	102494
ENST00000514017.1	0	7137	7137
ENST00000514019.1	181	60523	60342
ENST00000514025.5	1664	96695	95031
ENST00000514028.5	1782	104276	102494
ENST00000514029.5	327	137728	137401
ENST00000514032.5	6694	9578	2884
ENST00000514033.1	16429	26376	9947
ENST00000514036.5	2368	119525	117157
ENST00000514039.6	0	22413	22413
ENST00000514044.5	185	13538	13353
ENST00000514045.5	29194	70202	41008
ENST00000514049.5	96	89444	89348
ENST00000514050.6	5	441690	441685
ENST00000514051.1	0	16469	16469
ENST00000514052.1	70	6338	6268
ENST00000514053.6	117	9217	9100
ENST00000514055.5	112	67140	67028
ENST00000514058.1	0	2570	2570
ENST00000514062.2	380	79146	78766
ENST00000514063.2	2545	20575	18030
ENST00000514067.6	117	177497	177380
ENST00000514069.6	4924	6926	2002
ENST00000514071.1	0	9060	9060
ENST00000514072.1	0	308	308
ENST00000514078.1	0	932	932
ENST00000514079.5	0	72125	72125
ENST00000514080.2	0	57405	57405
ENST00000514082.6	267	59326	59059
ENST00000514088.5	531	41659	41128
ENST00000514090.5	1867	141606	139739
ENST00000514093.5	16597	19316	2719
ENST00000514096.5	220	87514	87294
ENST00000514097.5	0	5900	5900
ENST00000514099.5	135	49081	48946
ENST00000514100.5	9095	209880	200785
ENST00000514101.6	2496	16887	14391
ENST00000514106.5	0	11301	11301
ENST00000514111.1	337	30073	29736
ENST00000514112.1	589	2339	1750
ENST00000514116.6	2877	14770	11893
ENST00000514121.6	834	24376	23542
ENST00000514122.5	105	143594	143489
ENST00000514127.1	4174	7528	3354
ENST00000514129.5	0	4808	4808
ENST00000514133.1	3064	5088	2024
ENST00000514135.5	422	80583	80161
ENST00000514139.2	0	17246	17246
ENST00000514140.1	0	45926	45926
ENST00000514141.5	13	48160	48147
ENST00000514150.5	7064	8677	1613
ENST00000514152.5	1807	57363	55556
ENST00000514153.5	7033	28492	21459
ENST00000514154.1	3	22435	22432
ENST00000514157.5	95	576765	576670
ENST00000514159.1	57115	62033	4918
ENST00000514161.5	3947	20209	16262
ENST00000514162.5	4886	32310	27424
ENST00000514165.1	13957	14631	674
ENST00000514167.1	0	8397	8397
ENST00000514170.7	447	18762	18315
ENST00000514171.5	2507	40093	37586
ENST00000514172.1	0	7795	7795
ENST00000514176.5	56	6935	6879
ENST00000514181.5	0	72030	72030
ENST00000514182.1	720	6107	5387
ENST00000514184.5	8041	146955	138914
ENST00000514189.5	49	367990	367941
ENST00000514193.5	7013	83208	76195
ENST00000514194.5	16	11158	11142
ENST00000514196.5	27	2342	2315
ENST00000514197.5	0	5543	5543
ENST00000514198.1	0	4395	4395
ENST00000514199.1	2279	4221	1942
ENST00000514204.1	1993	3982	1989
ENST00000514206.5	0	5496	5496
ENST00000514208.5	4607	8832	4225
ENST00000514209.5	50245	75062	24817
ENST00000514213.7	243	91577	91334
ENST00000514215.5	36383	64479	28096
ENST00000514217.5	89	19160	19071
ENST00000514218.5	0	8347	8347
ENST00000514219.1	0	1943	1943
ENST00000514220.5	0	9562	9562
ENST00000514224.2	41	19291	19250
ENST00000514226.5	12568	25399	12831
ENST00000514229.5	70	174561	174491
ENST00000514234.5	0	9194	9194
ENST00000514236.1	948	3236	2288
ENST00000514244.5	100	5943	5843
ENST00000514247.5	18948	26585	7637
ENST00000514249.5	27	84742	84715
ENST00000514250.1	73148	73224	76
ENST00000514251.5	54577	61745	7168
ENST00000514256.5	52	22049	21997
ENST00000514259.5	348	12990	12642
ENST00000514261.1	4057	6561	2504
ENST00000514264.6	1396	6618	5222
ENST00000514268.5	103	100004	99901
ENST00000514272.2	202	20428	20226
ENST00000514277.6	22	9500	9478
ENST00000514278.6	947	80612	79665
ENST00000514283.1	0	762	762
ENST00000514292.5	4023	13394	9371
ENST00000514296.5	34954	62104	27150
ENST00000514300.1	22803	24990	2187
ENST00000514302.5	2658	21908	19250
ENST00000514310.5	0	7644	7644
ENST00000514314.5	4782	21012	16230
ENST00000514321.1	173	1816	1643
ENST00000514322.1	9739	17769	8030
ENST00000514326.5	0	6703	6703
ENST00000514328.5	3	306789	306786
ENST00000514329.5	0	17372	17372
ENST00000514330.1	0	11267	11267
ENST00000514333.5	0	42217	42217
ENST00000514336.1	63	17352	17289
ENST00000514340.5	0	81033	81033
ENST00000514342.6	127273	168549	41276
ENST00000514349.1	579	7618	7039
ENST00000514350.5	57181	263080	205899
ENST00000514353.7	25788	57328	31540
ENST00000514354.5	0	3581	3581
ENST00000514363.1	101	9609	9508
ENST00000514365.5	15	12213	12198
ENST00000514369.5	1601	6280	4679
ENST00000514372.5	56683	99003	42320
ENST00000514374.5	31692	39470	7778
ENST00000514375.1	21	53419	53398
ENST00000514379.5	692	20078	19386
ENST00000514384.1	5	15021	15016
ENST00000514387.6	72286	89600	17314
ENST00000514389.5	303	11279	10976
ENST00000514390.5	0	101116	101116
ENST00000514395.1	0	198	198
ENST00000514399.1	0	745	745
ENST00000514404.1	3579	3605	26
ENST00000514406.2	0	16	16
ENST00000514416.5	422	21984	21562
ENST00000514419.6	20588	47267	26679
ENST00000514423.1	0	5904	5904
ENST00000514426.1	35	61121	61086
ENST00000514428.1	0	68174	68174
ENST00000514429.5	627	113396	112769
ENST00000514433.1	0	120273	120273
ENST00000514434.1	0	3339	3339
ENST00000514438.1	0	626	626
ENST00000514440.1	119	489	370
ENST00000514445.5	0	24769	24769
ENST00000514447.2	307	4291	3984
ENST00000514450.3	6012	42434	36422
ENST00000514453.5	15314	21408	6094
ENST00000514455.5	52	1599	1547
ENST00000514458.5	0	20050	20050
ENST00000514464.2	4472	26637	22165
ENST00000514465.1	0	4395	4395
ENST00000514466.5	498	10265	9767
ENST00000514467.5	79781	112190	32409
ENST00000514469.1	0	14044	14044
ENST00000514472.1	2689	4068	1379
ENST00000514476.1	3087	16179	13092
ENST00000514478.1	0	2000	2000
ENST00000514480.1	933	13353	12420
ENST00000514483.5	10673	16047	5374
ENST00000514485.5	4055	9710	5655
ENST00000514488.1	12886	13484	598
ENST00000514490.5	0	142	142
ENST00000514493.5	589	332101	331512
ENST00000514497.6	78952	91814	12862
ENST00000514500.1	15396	25545	10149
ENST00000514502.1	2007	3964	1957
ENST00000514504.5	3	47873	47870
ENST00000514508.2	460	28555	28095
ENST00000514509.5	4460	15841	11381
ENST00000514511.1	1897	3919	2022
ENST00000514514.5	319	30776	30457
ENST00000514515.5	15364	93259	77895
ENST00000514516.5	1831	21924	20093
ENST00000514518.1	38	12414	12376
ENST00000514520.6	0	3140	3140
ENST00000514523.1	100979	101051	72
ENST00000514524.2	21	11827	11806
ENST00000514525.1	0	221590	221590
ENST00000514527.5	30521	152635	122114
ENST00000514528.5	16	24266	24250
ENST00000514533.1	0	33039	33039
ENST00000514536.5	60731	61801	1070
ENST00000514537.5	0	5277	5277
ENST00000514539.5	231	36033	35802
ENST00000514540.6	41	13252	13211
ENST00000514543.5	0	8334	8334
ENST00000514546.5	15258	20302	5044
ENST00000514547.1	0	6101	6101
ENST00000514552.5	0	197284	197284
ENST00000514554.5	0	14794	14794
ENST00000514555.5	3	46805	46802
ENST00000514558.5	2183	23011	20828
ENST00000514559.5	0	41490	41490
ENST00000514561.5	89507	97866	8359
ENST00000514565.1	134	41423	41289
ENST00000514566.5	734	54555	53821
ENST00000514572.1	283	2481	2198
ENST00000514580.5	230	11261	11031
ENST00000514584.5	0	15882	15882
ENST00000514585.5	33098	36658	3560
ENST00000514588.1	0	643	643
ENST00000514591.5	295152	873147	577995
ENST00000514612.5	882	5413	4531
ENST00000514615.5	6646	16484	9838
ENST00000514617.5	0	54112	54112
ENST00000514618.6	4033	331041	327008
ENST00000514621.5	9879	10591	712
ENST00000514622.5	212	75143	74931
ENST00000514633.5	297	6922	6625
ENST00000514637.1	19365	19852	487
ENST00000514639.5	11	101575	101564
ENST00000514642.1	0	53660	53660
ENST00000514643.5	88	14301	14213
ENST00000514647.5	33308	48333	15025
ENST00000514649.5	129	33895	33766
ENST00000514652.5	2070	30320	28250
ENST00000514653.5	84423	96519	12096
ENST00000514663.5	4024	9559	5535
ENST00000514667.1	1378	375954	374576
ENST00000514671.5	1503	6428	4925
ENST00000514675.5	39742	98019	58277
ENST00000514676.5	64	43136	43072
ENST00000514677.5	0	52311	52311
ENST00000514678.2	9145	90263	81118
ENST00000514679.5	849	42401	41552
ENST00000514680.5	28300	47832	19532
ENST00000514682.5	905	5637	4732
ENST00000514685.5	69	3015	2946
ENST00000514690.5	0	494	494
ENST00000514694.5	33312	33954	642
ENST00000514699.1	0	870	870
ENST00000514701.5	157	247640	247483
ENST00000514703.5	136	28868	28732
ENST00000514708.5	19	50248	50229
ENST00000514710.1	3802	13125	9323
ENST00000514711.2	4106	161406	157300
ENST00000514712.5	15199	20213	5014
ENST00000514717.5	0	71934	71934
ENST00000514720.1	123	12966	12843
ENST00000514730.5	40448	98741	58293
ENST00000514735.2	1044	138153	137109
ENST00000514738.5	73889	126095	52206
ENST00000514740.1	21728	21832	104
ENST00000514743.5	44	210678	210634
ENST00000514744.5	7139	7411	272
ENST00000514745.5	33342	46363	13021
ENST00000514747.6	2189	37127	34938
ENST00000514748.5	0	10982	10982
ENST00000514751.2	3002	3246	244
ENST00000514754.5	0	21307	21307
ENST00000514755.5	7663	25175	17512
ENST00000514770.5	18133	22580	4447
ENST00000514773.1	0	902	902
ENST00000514778.1	33420	34056	636
ENST00000514780.5	1195	87243	86048
ENST00000514781.1	0	15057	15057
ENST00000514782.5	0	822	822
ENST00000514798.1	1276	23526	22250
ENST00000514800.5	312	4791	4479
ENST00000514807.5	41825	85618	43793
ENST00000514808.5	616	2827	2211
ENST00000514809.1	4421	23397	18976
ENST00000514814.5	712	37939	37227
ENST00000514816.5	368	6843	6475
ENST00000514819.7	113	38148	38035
ENST00000514822.1	173	4870	4697
ENST00000514827.2	2352	4244	1892
ENST00000514831.1	32916	33590	674
ENST00000514833.1	0	6302	6302
ENST00000514837.1	0	74642	74642
ENST00000514838.6	236	40366	40130
ENST00000514845.5	137	68293	68156
ENST00000514853.5	55	238886	238831
ENST00000514857.2	0	6556	6556
ENST00000514860.5	250	113940	113690
ENST00000514861.5	89	75250	75161
ENST00000514866.5	15540	40653	25113
ENST00000514868.1	0	12642	12642
ENST00000514870.1	86486	87144	658
ENST00000514872.1	0	212	212
ENST00000514873.5	30075	151386	121311
ENST00000514874.5	3832	4136	304
ENST00000514880.5	28351	28505	154
ENST00000514886.1	35481	45798	10317
ENST00000514888.5	11016	24786	13770
ENST00000514891.5	0	35068	35068
ENST00000514894.5	341451	341985	534
ENST00000514897.5	0	59892	59892
ENST00000514898.1	733	1319	586
ENST00000514903.7	0	32232	32232
ENST00000514906.1	1253	2445	1192
ENST00000514907.5	0	4542	4542
ENST00000514911.5	6317	12050	5733
ENST00000514913.1	0	8974	8974
ENST00000514915.5	2786	107573	104787
ENST00000514917.3	0	51847	51847
ENST00000514920.5	0	3854	3854
ENST00000514921.5	113	199016	198903
ENST00000514924.5	564	1495	931
ENST00000514925.1	49934	50056	122
ENST00000514929.1	4526	13509	8983
ENST00000514934.1	56	1674	1618
ENST00000514937.5	4955	13615	8660
ENST00000514940.5	0	31324	31324
ENST00000514944.6	1191	9064	7873
ENST00000514948.1	0	1991	1991
ENST00000514949.1	24614	55635	31021
ENST00000514951.5	48	27606	27558
ENST00000514952.5	0	26880	26880
ENST00000514960.5	0	65759	65759
ENST00000514963.5	38445	152599	114154
ENST00000514967.5	0	84	84
ENST00000514968.5	0	6404	6404
ENST00000514970.2	0	59234	59234
ENST00000514971.1	1402	6365	4963
ENST00000514972.5	47176	107257	60081
ENST00000514973.5	0	29438	29438
ENST00000514974.1	0	4612	4612
ENST00000514981.5	1581	19328	17747
ENST00000514983.5	0	7642	7642
ENST00000514985.6	843	9612	8769
ENST00000514987.6	501	34872	34371
ENST00000514989.1	0	22759	22759
ENST00000514991.5	127	18892	18765
ENST00000514995.2	0	4988	4988
ENST00000514996.5	0	578097	578097
ENST00000514999.5	0	182131	182131
ENST00000515000.1	50	70265	70215
ENST00000515001.5	61	20898	20837
ENST00000515004.5	0	384	384
ENST00000515005.1	20408	20412	4
ENST00000515006.5	0	14404	14404
ENST00000515007.6	3685	25680	21995
ENST00000515009.5	0	13621	13621
ENST00000515010.5	162	98008	97846
ENST00000515012.5	9695	26933	17238
ENST00000515013.5	14811	18755	3944
ENST00000515016.1	79	34727	34648
ENST00000515017.5	395	29164	28769
ENST00000515021.5	0	17112	17112
ENST00000515022.5	8537	15467	6930
ENST00000515025.5	534	894	360
ENST00000515030.5	1528	49988	48460
ENST00000515036.1	454	4705	4251
ENST00000515037.5	38075	76861	38786
ENST00000515050.1	111	995	884
ENST00000515053.5	0	1302	1302
ENST00000515058.5	3	19698	19695
ENST00000515059.6	346470	398211	51741
ENST00000515062.5	56	9129	9073
ENST00000515064.5	1105	398049	396944
ENST00000515068.1	2238	5831	3593
ENST00000515069.5	226	20289	20063
ENST00000515082.5	1112	129027	127915
ENST00000515090.5	362	153611	153249
ENST00000515094.1	534	2235	1701
ENST00000515098.5	7124	18203	11079
ENST00000515109.5	15532	229275	213743
ENST00000515118.5	103	8650	8547
ENST00000515119.5	9154	16843	7689
ENST00000515121.5	21575	54907	33332
ENST00000515124.6	6068	11746	5678
ENST00000515126.1	2002	2652	650
ENST00000515129.5	482	34171	33689
ENST00000515130.6	2547	39168	36621
ENST00000515131.1	0	17883	17883
ENST00000515138.1	76	18351	18275
ENST00000515140.1	18133	20827	2694
ENST00000515143.5	134596	479668	345072
ENST00000515146.1	3994	8285	4291
ENST00000515149.3	22837	40513	17676
ENST00000515152.1	7360	16526	9166
ENST00000515158.6	1329	10248	8919
ENST00000515165.5	0	72104	72104
ENST00000515166.5	7	127955	127948
ENST00000515169.5	7173	13536	6363
ENST00000515170.5	3937	202328	198391
ENST00000515171.5	345	59051	58706
ENST00000515172.1	0	738	738
ENST00000515175.6	198	111737	111539
ENST00000515180.5	89	20738	20649
ENST00000515182.1	8	2291	2283
ENST00000515190.1	0	20494	20494
ENST00000515192.5	343	49081	48738
ENST00000515193.5	294	6910	6616
ENST00000515196.6	3156	380760	377604
ENST00000515198.5	15	15918	15903
ENST00000515200.5	461	71023	70562
ENST00000515201.5	29530	50298	20768
ENST00000515206.6	21263	45754	24491
ENST00000515208.1	2769	3117	348
ENST00000515209.5	174	20583	20409
ENST00000515211.2	4920	28366	23446
ENST00000515215.6	0	41096	41096
ENST00000515216.6	442	90966	90524
ENST00000515219.5	6479	7672	1193
ENST00000515220.5	436	18203	17767
ENST00000515221.2	25	5145	5120
ENST00000515224.5	4679	7678	2999
ENST00000515231.5	102	170612	170510
ENST00000515233.5	5529	6639	1110
ENST00000515234.1	123	8528	8405
ENST00000515241.1	248	3922	3674
ENST00000515253.5	325	60557	60232
ENST00000515257.6	9737	366524	356787
ENST00000515268.1	0	273118	273118
ENST00000515271.1	7759	14028	6269
ENST00000515273.5	32776	273453	240677
ENST00000515275.1	138	1971	1833
ENST00000515277.5	0	13748	13748
ENST00000515278.6	0	29633	29633
ENST00000515279.6	8830	138678	129848
ENST00000515280.5	14828	39083	24255
ENST00000515283.1	58668	60641	1973
ENST00000515285.5	13093	18356	5263
ENST00000515287.5	0	8414	8414
ENST00000515290.5	41990	46428	4438
ENST00000515291.1	320	5407	5087
ENST00000515295.5	13	44896	44883
ENST00000515299.5	15153	25395	10242
ENST00000515301.2	3	2557	2554
ENST00000515303.2	1342	3616	2274
ENST00000515311.5	7219	14187	6968
ENST00000515312.5	233	73530	73297
ENST00000515314.7	65	34886	34821
ENST00000515315.1	0	33709	33709
ENST00000515316.5	98577	321743	223166
ENST00000515320.5	79	91625	91546
ENST00000515322.2	0	26454	26454
ENST00000515323.5	14918	112677	97759
ENST00000515326.5	1171	41679	40508
ENST00000515330.5	80382	126858	46476
ENST00000515338.1	0	8483	8483
ENST00000515339.5	4024	13237	9213
ENST00000515340.2	3	7540	7537
ENST00000515351.1	5514	5610	96
ENST00000515354.5	1177	56453	55276
ENST00000515355.5	2942	15887	12945
ENST00000515366.5	38889	56895	18006
ENST00000515367.6	1173	119493	118320
ENST00000515370.1	23	4516	4493
ENST00000515384.2	7928	11952	4024
ENST00000515385.1	31803	76509	44706
ENST00000515390.5	125	16012	15887
ENST00000515391.5	97	20811	20714
ENST00000515393.6	3809	583859	580050
ENST00000515395.5	326	331862	331536
ENST00000515399.5	0	16481	16481
ENST00000515400.3	361	178911	178550
ENST00000515401.1	144	141351	141207
ENST00000515402.1	0	33613	33613
ENST00000515406.2	58	3182	3124
ENST00000515408.5	232	37924	37692
ENST00000515411.5	0	72194	72194
ENST00000515420.1	0	11987	11987
ENST00000515421.1	457	14028	13571
ENST00000515425.6	22564	84719	62155
ENST00000515426.1	0	916	916
ENST00000515429.1	63	619	556
ENST00000515430.5	5222	6186	964
ENST00000515432.1	0	2530	2530
ENST00000515434.1	2279	4168	1889
ENST00000515435.5	802	29863	29061
ENST00000515437.5	0	8667	8667
ENST00000515439.7	641	148834	148193
ENST00000515440.5	5748	179769	174021
ENST00000515443.2	3045	3985	940
ENST00000515447.5	18	6683	6665
ENST00000515448.5	1216	30432	29216
ENST00000515452.1	142	6107	5965
ENST00000515457.6	910	2140	1230
ENST00000515459.5	629	855	226
ENST00000515460.6	690	20638	19948
ENST00000515463.1	67	6332	6265
ENST00000515468.1	107	8461	8354
ENST00000515480.5	709	30730	30021
ENST00000515485.5	16380	47338	30958
ENST00000515492.5	18031	26047	8016
ENST00000515496.5	3	306824	306821
ENST00000515497.5	0	33506	33506
ENST00000515499.5	8302	12396	4094
ENST00000515500.5	0	85210	85210
ENST00000515502.1	81998	82036	38
ENST00000515503.6	46329	47473	1144
ENST00000515506.6	2619	59655	57036
ENST00000515508.6	0	3925	3925
ENST00000515516.1	0	41819	41819
ENST00000515524.1	0	7639	7639
ENST00000515535.1	269	22233	21964
ENST00000515539.5	2024	207570	205546
ENST00000515540.5	0	967	967
ENST00000515545.5	23913	38614	14701
ENST00000515546.2	132134	144684	12550
ENST00000515549.1	37	25296	25259
ENST00000515550.1	45150	46190	1040
ENST00000515551.6	286	428375	428089
ENST00000515559.2	5563	5739	176
ENST00000515560.1	6172	8840	2668
ENST00000515566.1	0	3178	3178
ENST00000515567.5	163	80007	79844
ENST00000515571.5	259	92156	91897
ENST00000515573.5	63042	81903	18861
ENST00000515574.1	0	3178	3178
ENST00000515576.1	0	32143	32143
ENST00000515578.5	11644	48348	36704
ENST00000515581.5	0	13798	13798
ENST00000515585.1	0	480	480
ENST00000515588.1	908	16489	15581
ENST00000515590.1	0	21514	21514
ENST00000515593.1	531	1293	762
ENST00000515594.5	55916	79108	23192
ENST00000515600.1	1348	67942	66594
ENST00000515601.6	2973	20533	17560
ENST00000515603.5	32776	273306	240530
ENST00000515604.5	26	58495	58469
ENST00000515606.1	108	7050	6942
ENST00000515609.1	0	1039	1039
ENST00000515612.1	0	24316	24316
ENST00000515613.5	4438	11199	6761
ENST00000515620.5	0	4910	4910
ENST00000515621.5	63	6934	6871
ENST00000515629.5	639	48242	47603
ENST00000515632.2	0	138829	138829
ENST00000515633.1	292	7491	7199
ENST00000515635.5	181	1048	867
ENST00000515638.5	6395	48463	42068
ENST00000515641.1	1631	15269	13638
ENST00000515642.5	1859	8649	6790
ENST00000515645.1	3121	20646	17525
ENST00000515646.1	1244	3210	1966
ENST00000515650.2	54	178604	178550
ENST00000515652.5	56	16284	16228
ENST00000515653.1	38	2566	2528
ENST00000515654.5	45	29965	29920
ENST00000515655.5	2095	51549	49454
ENST00000515658.1	0	14779	14779
ENST00000515659.1	248	18749	18501
ENST00000515662.6	1971	23099	21128
ENST00000515663.5	87	29413	29326
ENST00000515664.5	18736	26237	7501
ENST00000515665.1	683	4786	4103
ENST00000515667.5	3596	27203	23607
ENST00000515668.5	25	13532	13507
ENST00000515669.5	16884	18118	1234
ENST00000515673.7	8457	274308	265851
ENST00000515676.5	3617	15742	12125
ENST00000515679.1	0	3946	3946
ENST00000515681.1	15121	85005	69884
ENST00000515682.5	5824	10575	4751
ENST00000515683.6	258	17294	17036
ENST00000515700.5	0	1065	1065
ENST00000515701.1	0	360	360
ENST00000515702.2	46354	47498	1144
ENST00000515707.1	160	984	824
ENST00000515708.5	48	10741	10693
ENST00000515709.5	891	43421	42530
ENST00000515714.6	1370	10289	8919
ENST00000515718.6	46353	47497	1144
ENST00000515721.1	22912	23072	160
ENST00000515737.5	1804	4920	3116
ENST00000515740.5	19223	27186	7963
ENST00000515742.2	1298	7944	6646
ENST00000515746.6	2208	25857	23649
ENST00000515748.2	149	1900	1751
ENST00000515757.5	0	8733	8733
ENST00000515759.5	85	45573	45488
ENST00000515763.1	83	2862	2779
ENST00000515765.5	0	72215	72215
ENST00000515768.6	1071	56227	55156
ENST00000515770.2	20294	40618	20324
ENST00000515774.5	12216	46392	34176
ENST00000515777.6	439	3001	2562
ENST00000515780.6	2344	22227	19883
ENST00000515783.6	102	83235	83133
ENST00000515786.2	1032910	1218649	185739
ENST00000515787.5	10755	16260	5505
ENST00000515792.5	0	5537	5537
ENST00000515794.3	240	148676	148436
ENST00000515799.5	3650	149140	145490
ENST00000515800.6	564	100074	99510
ENST00000515801.5	37962	38302	340
ENST00000515803.5	315	48980	48665
ENST00000515806.1	13154	14346	1192
ENST00000515810.1	1299	4044	2745
ENST00000515812.5	328	91669	91341
ENST00000515815.5	0	20215	20215
ENST00000515818.5	24	3530	3506
ENST00000515819.1	0	108	108
ENST00000515820.6	1305	3982	2677
ENST00000515821.5	1746	12359	10613
ENST00000515823.2	6587	20959	14372
ENST00000515826.1	104239	262825	158586
ENST00000515828.2	0	1370	1370
ENST00000515829.6	94	82652	82558
ENST00000515833.2	0	14915	14915
ENST00000515835.2	139035	197081	58046
ENST00000515837.7	45	6116	6071
ENST00000515839.1	0	3413	3413
ENST00000515844.1	4157	5027	870
ENST00000515845.5	9441	13537	4096
ENST00000515850.6	0	4461	4461
ENST00000515853.5	12305	21544	9239
ENST00000515854.5	388	11843	11455
ENST00000515855.5	4202	25357	21155
ENST00000515859.5	204	204161	203957
ENST00000515861.5	0	540	540
ENST00000515869.1	135	20941	20806
ENST00000515875.5	1827	140648	138821
ENST00000515877.5	2812	22823	20011
ENST00000515880.5	356611	357835	1224
ENST00000515881.5	5285	6077	792
ENST00000515883.5	187	44626	44439
ENST00000515884.5	6697	59974	53277
ENST00000515886.5	8373	9535	1162
ENST00000517291.2	1075	3803	2728
ENST00000517294.5	7754	9702	1948
ENST00000517295.6	6180	15157	8977
ENST00000517305.5	11969	27753	15784
ENST00000517306.5	0	47155	47155
ENST00000517309.6	139	73067	72928
ENST00000517310.5	21250	51173	29923
ENST00000517311.5	143	6295	6152
ENST00000517312.5	12203	20284	8081
ENST00000517314.5	47	15973	15926
ENST00000517315.1	27050	243294	216244
ENST00000517317.5	35692	100218	64526
ENST00000517319.1	0	18770	18770
ENST00000517321.5	0	11722	11722
ENST00000517323.2	0	82950	82950
ENST00000517325.5	54	2910	2856
ENST00000517327.5	15354	25559	10205
ENST00000517328.5	438	96699	96261
ENST00000517337.2	4585	52450	47865
ENST00000517339.5	133	63926	63793
ENST00000517344.1	188	129532	129344
ENST00000517347.5	42	5549	5507
ENST00000517349.2	6730	7298	568
ENST00000517352.1	4224	25743	21519
ENST00000517358.3	1266	21376	20110
ENST00000517361.1	32574	277703	245129
ENST00000517362.5	45846	53058	7212
ENST00000517366.1	0	422	422
ENST00000517367.1	43	11245	11202
ENST00000517370.1	234	4993	4759
ENST00000517371.5	224	41201	40977
ENST00000517373.1	425	402343	401918
ENST00000517374.5	381	26972	26591
ENST00000517382.5	1813	5002	3189
ENST00000517383.1	237	3598	3361
ENST00000517385.5	927	14296	13369
ENST00000517387.1	1486	12527	11041
ENST00000517388.5	711	18946	18235
ENST00000517390.2	27	38266	38239
ENST00000517391.5	0	22945	22945
ENST00000517392.6	49715	68830	19115
ENST00000517393.1	0	10740	10740
ENST00000517394.5	197	99309	99112
ENST00000517395.6	7089	146629	139540
ENST00000517398.1	0	17935	17935
ENST00000517399.3	1002	39098	38096
ENST00000517402.1	1289	4558	3269
ENST00000517403.5	0	6665	6665
ENST00000517406.1	1039	2812	1773
ENST00000517415.1	268	9532	9264
ENST00000517417.3	171	183445	183274
ENST00000517418.5	8988	13043	4055
ENST00000517419.5	0	16553	16553
ENST00000517421.1	17334	22938	5604
ENST00000517422.5	1219	4352	3133
ENST00000517423.5	61	36904	36843
ENST00000517424.1	47739	56399	8660
ENST00000517426.5	4840	11866	7026
ENST00000517427.5	1534	44560	43026
ENST00000517429.5	5638	9381	3743
ENST00000517430.5	0	2486	2486
ENST00000517433.5	0	221049	221049
ENST00000517434.3	193	140071	139878
ENST00000517438.5	0	47198	47198
ENST00000517439.1	75	2978	2903
ENST00000517440.1	0	1460	1460
ENST00000517444.5	14668	37407	22739
ENST00000517450.5	0	1079	1079
ENST00000517451.5	3190	15552	12362
ENST00000517453.5	0	11608	11608
ENST00000517459.1	0	282	282
ENST00000517461.1	241	29470	29229
ENST00000517462.6	16036	44311	28275
ENST00000517468.5	39	5571	5532
ENST00000517471.5	552	7292	6740
ENST00000517473.5	482202	882213	400011
ENST00000517476.5	15548	26723	11175
ENST00000517480.1	730	2798	2068
ENST00000517481.5	962	2664	1702
ENST00000517483.5	225	26211	25986
ENST00000517484.5	4329	108271	103942
ENST00000517485.6	1569	22675	21106
ENST00000517486.5	0	46884	46884
ENST00000517488.1	0	1413	1413
ENST00000517490.6	14111	45568	31457
ENST00000517492.5	9826	11564	1738
ENST00000517494.1	0	578	578
ENST00000517496.5	1	5566	5565
ENST00000517499.5	0	8010	8010
ENST00000517500.5	2580	15471	12891
ENST00000517501.1	47	6519	6472
ENST00000517503.1	2958	4194	1236
ENST00000517504.5	124	9682	9558
ENST00000517506.2	32926	58876	25950
ENST00000517510.5	28133	37631	9498
ENST00000517513.5	183	9738	9555
ENST00000517518.5	45894	83360	37466
ENST00000517523.1	617	1222	605
ENST00000517530.5	0	6895	6895
ENST00000517531.5	0	628	628
ENST00000517532.5	10487	266501	256014
ENST00000517533.5	10827	42739	31912
ENST00000517536.5	84	54495	54411
ENST00000517537.5	674	54519	53845
ENST00000517539.5	228	26200	25972
ENST00000517542.5	179	138393	138214
ENST00000517544.1	0	9271	9271
ENST00000517547.5	186	118074	117888
ENST00000517551.2	171	8654	8483
ENST00000517552.1	194	4284	4090
ENST00000517558.1	201	12811	12610
ENST00000517559.5	27871	34694	6823
ENST00000517561.2	32539	207224	174685
ENST00000517562.3	539	22310	21771
ENST00000517563.5	0	7636	7636
ENST00000517566.7	89424	483351	393927
ENST00000517568.5	4742	12519	7777
ENST00000517570.5	11040	126154	115114
ENST00000517575.4	2037	18809	16772
ENST00000517576.5	3611	16840	13229
ENST00000517580.5	0	66187	66187
ENST00000517584.5	0	348	348
ENST00000517585.1	10683	11613	930
ENST00000517587.5	1050	20845	19795
ENST00000517588.5	10	12283	12273
ENST00000517590.5	0	12325	12325
ENST00000517597.5	17	17607	17590
ENST00000517599.5	21249	47415	26166
ENST00000517600.5	11945	27611	15666
ENST00000517603.5	4001	5129	1128
ENST00000517605.1	0	380	380
ENST00000517608.5	7885	93223	85338
ENST00000517609.5	11229	18880	7651
ENST00000517610.1	0	61280	61280
ENST00000517616.5	0	38161	38161
ENST00000517618.5	0	13788	13788
ENST00000517619.5	57	8452	8395
ENST00000517624.1	1395	4321	2926
ENST00000517625.5	228	16998	16770
ENST00000517628.1	0	6247	6247
ENST00000517630.5	34686	52686	18000
ENST00000517633.6	18404	19041	637
ENST00000517636.5	2825	4855	2030
ENST00000517638.5	124	736936	736812
ENST00000517642.5	0	18211	18211
ENST00000517643.2	10116	83195	73079
ENST00000517648.5	100	64876	64776
ENST00000517649.6	1941	48944	47003
ENST00000517654.5	661	38939	38278
ENST00000517656.5	10820	12250	1430
ENST00000517659.5	0	94945	94945
ENST00000517661.5	200	14327	14127
ENST00000517663.5	18520	21107	2587
ENST00000517665.2	0	1513	1513
ENST00000517666.5	52816	76697	23881
ENST00000517668.5	0	1213	1213
ENST00000517669.1	30	36737	36707
ENST00000517671.5	833	24317	23484
ENST00000517672.5	0	8267	8267
ENST00000517673.5	0	31727	31727
ENST00000517677.5	3706	18822	15116
ENST00000517678.5	8	29774	29766
ENST00000517679.5	180	24421	24241
ENST00000517682.6	9359	14095	4736
ENST00000517684.2	2686	3092	406
ENST00000517685.5	0	6208	6208
ENST00000517686.5	265	103661	103396
ENST00000517693.5	14168	76943	62775
ENST00000517694.1	0	6064	6064
ENST00000517696.1	244	1749	1505
ENST00000517698.6	79	2570	2491
ENST00000517699.2	1094	2889	1795
ENST00000517700.6	5253	11257	6004
ENST00000517710.5	422	11225	10803
ENST00000517712.5	1064	10259	9195
ENST00000517713.5	0	156586	156586
ENST00000517717.3	3333	19238	15905
ENST00000517718.5	3847	22741	18894
ENST00000517719.5	51	5911	5860
ENST00000517720.1	0	404	404
ENST00000517724.5	201	14270	14069
ENST00000517729.5	0	2514	2514
ENST00000517730.5	12621	39347	26726
ENST00000517734.5	440	7495	7055
ENST00000517736.5	4769	16902	12133
ENST00000517741.5	279	23633	23354
ENST00000517742.1	139523	190278	50755
ENST00000517746.6	2376	249561	247185
ENST00000517749.2	1563	22669	21106
ENST00000517750.5	0	3531	3531
ENST00000517751.5	0	30553	30553
ENST00000517757.5	0	4289	4289
ENST00000517761.5	14137	36040	21903
ENST00000517764.1	4313	7533	3220
ENST00000517766.5	212	12773	12561
ENST00000517768.6	1691	16368	14677
ENST00000517770.2	0	220400	220400
ENST00000517772.5	0	11417	11417
ENST00000517776.5	3649	37248	33599
ENST00000517777.6	1787	8941	7154
ENST00000517779.1	111	33066	32955
ENST00000517781.5	1762	183855	182093
ENST00000517786.1	12781	32996	20215
ENST00000517792.5	0	6610	6610
ENST00000517795.5	9646	20947	11301
ENST00000517799.5	0	3511	3511
ENST00000517804.5	9910	13965	4055
ENST00000517806.5	11472	11686	214
ENST00000517808.1	9549	19200	9651
ENST00000517812.5	529	18764	18235
ENST00000517814.1	96	13542	13446
ENST00000517819.5	0	3958	3958
ENST00000517820.1	32	82755	82723
ENST00000517822.5	0	668	668
ENST00000517823.5	0	3295	3295
ENST00000517824.5	17	135859	135842
ENST00000517827.5	429	186407	185978
ENST00000517828.5	0	127253	127253
ENST00000517839.1	37	5030	4993
ENST00000517843.5	123	17314	17191
ENST00000517844.5	1072	3034	1962
ENST00000517845.5	353	60475	60122
ENST00000517847.7	2563	66857	64294
ENST00000517851.5	375	27239	26864
ENST00000517852.5	0	31021	31021
ENST00000517853.5	11860	48428	36568
ENST00000517855.5	0	4937	4937
ENST00000517856.5	5782	58578	52796
ENST00000517858.5	1304	31799	30495
ENST00000517859.5	0	102971	102971
ENST00000517860.5	8	160349	160341
ENST00000517865.5	1695	3364	1669
ENST00000517866.1	210	14032	13822
ENST00000517868.2	160	604	444
ENST00000517870.2	326	24436	24110
ENST00000517872.1	0	374	374
ENST00000517875.5	58	2986	2928
ENST00000517876.5	5027	18054	13027
ENST00000517877.1	2629	9969	7340
ENST00000517878.6	4401	49471	45070
ENST00000517880.1	17466	64015	46549
ENST00000517883.2	14375	23645	9270
ENST00000517885.5	28	49384	49356
ENST00000517886.1	252	2233	1981
ENST00000517887.5	1067	265768	264701
ENST00000517890.5	785	19020	18235
ENST00000517892.5	99	96046	95947
ENST00000517894.6	14550	99487	84937
ENST00000517895.5	0	8018	8018
ENST00000517900.5	98	27543	27445
ENST00000517901.5	220	252636	252416
ENST00000517903.5	1673	65964	64291
ENST00000517905.1	402	97312	96910
ENST00000517912.1	0	5878	5878
ENST00000517913.5	459233	888190	428957
ENST00000517919.6	425	118033	117608
ENST00000517922.5	72	11744	11672
ENST00000517924.5	161	43767	43606
ENST00000517929.5	106	161452	161346
ENST00000517933.5	2825	4947	2122
ENST00000517938.5	125	15642	15517
ENST00000517939.5	1762	90345	88583
ENST00000517940.2	375	208140	207765
ENST00000517945.5	11166	16202	5036
ENST00000517947.5	14667	19059	4392
ENST00000517951.5	113866	180969	67103
ENST00000517956.5	5487	44181	38694
ENST00000517957.1	0	2711	2711
ENST00000517960.5	0	518084	518084
ENST00000517962.1	0	4591	4591
ENST00000517963.1	0	30660	30660
ENST00000517966.5	516	4049	3533
ENST00000517969.1	557	617	60
ENST00000517970.6	31504	127086	95582
ENST00000517971.5	2076	9822	7746
ENST00000517973.1	49	7217	7168
ENST00000517975.1	0	3634	3634
ENST00000517976.5	0	10722	10722
ENST00000517979.1	16460	24543	8083
ENST00000517980.5	170958	199472	28514
ENST00000517985.5	0	7562	7562
ENST00000517987.5	277	5136	4859
ENST00000517988.1	345097	345607	510
ENST00000517990.5	1016	3898	2882
ENST00000517991.5	12	8451	8439
ENST00000517992.2	3124	277694	274570
ENST00000518001.1	8981	10657	1676
ENST00000518005.5	292	26957	26665
ENST00000518007.5	0	18123	18123
ENST00000518008.5	56	8639	8583
ENST00000518013.5	10467	10733	266
ENST00000518015.5	0	25394	25394
ENST00000518018.1	0	78602	78602
ENST00000518021.5	560	2342	1782
ENST00000518022.5	549	7229	6680
ENST00000518026.5	0	90109	90109
ENST00000518028.5	4644	6769	2125
ENST00000518029.5	11918	13656	1738
ENST00000518030.1	3	83953	83950
ENST00000518036.5	50	3258	3208
ENST00000518038.1	307	21779	21472
ENST00000518039.1	18	3421	3403
ENST00000518040.5	82	82161	82079
ENST00000518041.5	359	3495	3136
ENST00000518047.5	879	106701	105822
ENST00000518048.1	814	3841	3027
ENST00000518058.1	0	5086	5086
ENST00000518059.5	0	5645	5645
ENST00000518060.5	0	8343	8343
ENST00000518061.1	4151	22468	18317
ENST00000518066.5	114	45850	45736
ENST00000518068.5	1737	90629	88892
ENST00000518069.2	169	149797	149628
ENST00000518071.5	22008	22184	176
ENST00000518074.5	19041	477188	458147
ENST00000518075.1	88	3687	3599
ENST00000518077.5	346	96210	95864
ENST00000518083.5	0	8638	8638
ENST00000518084.5	250	32970	32720
ENST00000518087.7	4592	17517	12925
ENST00000518089.5	512	24292	23780
ENST00000518095.5	73	11926	11853
ENST00000518100.6	40562	47095	6533
ENST00000518102.5	0	983	983
ENST00000518107.5	5113	5571	458
ENST00000518108.1	0	12857	12857
ENST00000518111.5	44	53064	53020
ENST00000518112.5	76	13721	13645
ENST00000518113.2	115	16064	15949
ENST00000518116.5	34	26599	26565
ENST00000518117.5	17297	19012	1715
ENST00000518119.6	1115	13179	12064
ENST00000518122.5	5923	6694	771
ENST00000518124.5	3386	9351	5965
ENST00000518125.1	7276	11586	4310
ENST00000518127.5	1514	14982	13468
ENST00000518131.5	33	6932	6899
ENST00000518137.6	28	21809	21781
ENST00000518139.5	390	3893	3503
ENST00000518142.5	234	323030	322796
ENST00000518146.5	10452	38654	28202
ENST00000518148.1	1854	2158	304
ENST00000518149.5	864	4051	3187
ENST00000518150.5	47	61433	61386
ENST00000518154.5	0	106510	106510
ENST00000518156.3	425	5367	4942
ENST00000518157.1	146	5650	5504
ENST00000518159.5	16339	36039	19700
ENST00000518161.1	0	6114	6114
ENST00000518165.5	0	278128	278128
ENST00000518166.5	0	698	698
ENST00000518167.5	0	8279	8279
ENST00000518170.1	5064	5098	34
ENST00000518171.5	1516	6252	4736
ENST00000518174.5	10937	19969	9032
ENST00000518175.1	72	6577	6505
ENST00000518176.5	343	46191	45848
ENST00000518183.5	0	504	504
ENST00000518188.5	13433	21343	7910
ENST00000518189.5	3036	24634	21598
ENST00000518191.1	0	49327	49327
ENST00000518192.5	155	10668	10513
ENST00000518194.1	0	2857	2857
ENST00000518196.5	0	3952	3952
ENST00000518197.1	0	1644	1644
ENST00000518198.1	87	8234	8147
ENST00000518199.1	561	1837	1276
ENST00000518202.5	0	8209	8209
ENST00000518205.5	107	20059	19952
ENST00000518206.5	0	137438	137438
ENST00000518211.1	2951	30307	27356
ENST00000518214.5	0	90632	90632
ENST00000518219.5	3557	22090	18533
ENST00000518221.5	960	2560	1600
ENST00000518227.1	0	218	218
ENST00000518229.5	13597	36076	22479
ENST00000518230.5	260	41281	41021
ENST00000518234.5	0	8237	8237
ENST00000518235.5	547	22841	22294
ENST00000518237.6	32	15490	15458
ENST00000518240.5	6652	29642	22990
ENST00000518243.5	0	19438	19438
ENST00000518248.5	322	28676	28354
ENST00000518249.5	0	1584	1584
ENST00000518250.5	3857	5352	1495
ENST00000518251.1	617	10055	9438
ENST00000518254.5	292	2434	2142
ENST00000518255.5	16	283936	283920
ENST00000518258.5	15	9435	9420
ENST00000518262.5	0	19924	19924
ENST00000518270.6	459	17114	16655
ENST00000518271.1	0	111590	111590
ENST00000518273.5	0	517773	517773
ENST00000518280.5	19354	31703	12349
ENST00000518281.5	5190	204970	199780
ENST00000518282.5	44	171277	171233
ENST00000518283.5	0	17520	17520
ENST00000518287.6	26251	107501	81250
ENST00000518288.5	2096	137320	135224
ENST00000518291.6	26913	125977	99064
ENST00000518293.5	18485	19267	782
ENST00000518294.5	0	3803	3803
ENST00000518295.5	0	16419	16419
ENST00000518296.5	226	4886	4660
ENST00000518297.6	381	61985	61604
ENST00000518299.1	23328	23464	136
ENST00000518304.1	830	1132	302
ENST00000518306.5	0	52303	52303
ENST00000518309.6	0	46873	46873
ENST00000518310.5	9269	28606	19337
ENST00000518312.5	137498	155204	17706
ENST00000518315.5	239281	273644	34363
ENST00000518317.6	1258	105285	104027
ENST00000518318.7	45	488924	488879
ENST00000518319.5	9051	10839	1788
ENST00000518320.6	10524	12906	2382
ENST00000518321.6	3435	27071	23636
ENST00000518322.6	98	28602	28504
ENST00000518325.2	158	131220	131062
ENST00000518326.1	0	10239	10239
ENST00000518327.1	0	49231	49231
ENST00000518328.5	428	14774	14346
ENST00000518329.5	50040	50358	318
ENST00000518335.3	1385	228417	227032
ENST00000518336.5	810	2772	1962
ENST00000518338.6	154	85378	85224
ENST00000518340.1	6199	19205	13006
ENST00000518342.1	283	10716	10433
ENST00000518345.2	129	41273	41144
ENST00000518347.5	96	13333	13237
ENST00000518349.6	55	90907	90852
ENST00000518351.2	0	28842	28842
ENST00000518353.5	0	196	196
ENST00000518359.5	1140	45649	44509
ENST00000518360.5	0	42429	42429
ENST00000518361.1	16416	18334	1918
ENST00000518363.2	66	36648	36582
ENST00000518365.1	2316	5048	2732
ENST00000518371.2	536	45590	45054
ENST00000518374.5	16352	19115	2763
ENST00000518377.3	149	351	202
ENST00000518378.1	563	4958	4395
ENST00000518379.5	17	54878	54861
ENST00000518381.5	12222	30571	18349
ENST00000518382.1	0	3443	3443
ENST00000518384.1	0	168	168
ENST00000518385.5	459	116223	115764
ENST00000518388.5	18171	47241	29070
ENST00000518389.1	0	10754	10754
ENST00000518391.5	1426	3467	2041
ENST00000518394.5	93	8336	8243
ENST00000518395.2	1993	4478	2485
ENST00000518396.5	12003	12219	216
ENST00000518397.5	206	67733	67527
ENST00000518398.2	910	27744	26834
ENST00000518399.5	1103	54304	53201
ENST00000518402.5	623	48939	48316
ENST00000518406.5	166	5003	4837
ENST00000518414.5	8474	11595	3121
ENST00000518415.5	16828	121560	104732
ENST00000518419.5	0	1019	1019
ENST00000518421.5	1742	17358	15616
ENST00000518424.1	147	1148	1001
ENST00000518429.2	0	25360	25360
ENST00000518432.5	1585	4898	3313
ENST00000518442.5	669	14929	14260
ENST00000518444.5	82	77085	77003
ENST00000518445.1	0	41502	41502
ENST00000518448.5	3810	29936	26126
ENST00000518450.5	3295	16012	12717
ENST00000518455.1	0	2754	2754
ENST00000518457.5	757	19616	18859
ENST00000518458.1	11756	14138	2382
ENST00000518467.1	7154	10813	3659
ENST00000518468.1	0	90	90
ENST00000518471.5	148	51946	51798
ENST00000518476.6	81	517506	517425
ENST00000518477.5	23029	48405	25376
ENST00000518478.1	0	6236	6236
ENST00000518479.5	12172	22851	10679
ENST00000518480.5	0	8032	8032
ENST00000518482.5	474	53675	53201
ENST00000518483.5	1595	43035	41440
ENST00000518491.1	25081	53636	28555
ENST00000518492.1	0	60771	60771
ENST00000518495.5	2310	7005	4695
ENST00000518498.3	592	3944	3352
ENST00000518499.1	0	2283	2283
ENST00000518502.5	0	186576	186576
ENST00000518503.5	623	56031	55408
ENST00000518505.1	0	9824	9824
ENST00000518506.4	115625	125463	9838
ENST00000518510.5	15872	93817	77945
ENST00000518514.1	32	3039	3007
ENST00000518517.5	26384	133369	106985
ENST00000518521.5	12222	18321	6099
ENST00000518522.5	229	17125	16896
ENST00000518525.5	5934	30884	24950
ENST00000518526.5	1300	15659	14359
ENST00000518530.2	0	2799	2799
ENST00000518533.5	531	6458	5927
ENST00000518537.5	12612	34236	21624
ENST00000518541.5	155	4561	4406
ENST00000518546.5	0	51397	51397
ENST00000518547.6	2211	179422	177211
ENST00000518560.1	0	22784	22784
ENST00000518561.5	28023	61508	33485
ENST00000518563.5	2634	10584	7950
ENST00000518564.1	14101	26944	12843
ENST00000518566.5	345788	738207	392419
ENST00000518568.3	28	2654	2626
ENST00000518572.6	49	18314	18265
ENST00000518573.1	5009	5775	766
ENST00000518574.1	7074	7290	216
ENST00000518575.5	2092	5987	3895
ENST00000518576.1	2397	15088	12691
ENST00000518577.1	0	16972	16972
ENST00000518579.5	0	15258	15258
ENST00000518586.5	1242	8822	7580
ENST00000518592.5	170431	211790	41359
ENST00000518597.2	5253	11257	6004
ENST00000518599.5	0	47085	47085
ENST00000518601.6	3668	14256	10588
ENST00000518606.5	12990	21133	8143
ENST00000518608.5	0	10589	10589
ENST00000518611.5	901	20579	19678
ENST00000518614.5	5556	28298	22742
ENST00000518617.5	19354	31703	12349
ENST00000518622.5	23679	33177	9498
ENST00000518626.5	26884	44942	18058
ENST00000518630.5	0	12391	12391
ENST00000518632.2	928	34059	33131
ENST00000518635.2	0	697	697
ENST00000518641.1	0	2680	2680
ENST00000518642.5	6302	104515	98213
ENST00000518644.5	6380	9123	2743
ENST00000518648.1	0	40799	40799
ENST00000518650.5	11	21899	21888
ENST00000518651.5	52	10790	10738
ENST00000518656.5	71	12166	12095
ENST00000518659.6	305809	1292071	986262
ENST00000518661.5	0	442	442
ENST00000518663.2	0	100484	100484
ENST00000518665.6	46208	54075	7867
ENST00000518666.5	9616	11249	1633
ENST00000518668.5	0	69036	69036
ENST00000518671.5	966	13509	12543
ENST00000518672.5	1519	83796	82277
ENST00000518676.5	11222	25317	14095
ENST00000518677.1	0	3027	3027
ENST00000518678.1	0	10548	10548
ENST00000518679.5	782	43153	42371
ENST00000518681.6	7953	17680	9727
ENST00000518684.1	9265	18922	9657
ENST00000518685.6	3	8373	8370
ENST00000518689.5	0	13931	13931
ENST00000518690.5	0	3516	3516
ENST00000518696.5	29907	49828	19921
ENST00000518698.6	58	488888	488830
ENST00000518699.4	1275	6107	4832
ENST00000518708.1	0	17004	17004
ENST00000518710.5	0	480	480
ENST00000518712.5	0	1487	1487
ENST00000518714.5	445	25581	25136
ENST00000518717.1	0	466	466
ENST00000518718.1	0	4687	4687
ENST00000518720.5	0	21968	21968
ENST00000518721.6	2630	353197	350567
ENST00000518725.5	13	17630	17617
ENST00000518727.5	0	728	728
ENST00000518730.5	19402	50755	31353
ENST00000518733.1	0	2392	2392
ENST00000518734.5	87	55636	55549
ENST00000518738.2	19754	48795	29041
ENST00000518742.1	0	8455	8455
ENST00000518747.1	0	3312	3312
ENST00000518748.5	2990	33609	30619
ENST00000518752.1	0	67215	67215
ENST00000518753.5	0	266	266
ENST00000518759.5	12	109170	109158
ENST00000518760.5	0	17446	17446
ENST00000518761.8	0	14333	14333
ENST00000518766.5	48	33659	33611
ENST00000518767.5	0	66232	66232
ENST00000518770.1	433	983	550
ENST00000518775.5	4617	17407	12790
ENST00000518778.5	451	4875	4424
ENST00000518783.1	27	321782	321755
ENST00000518784.5	282	22767	22485
ENST00000518785.1	1387	2391	1004
ENST00000518789.5	71	36611	36540
ENST00000518791.6	220	6731	6511
ENST00000518793.6	751	1032	281
ENST00000518797.6	4633	11245	6612
ENST00000518799.1	0	15707	15707
ENST00000518800.5	0	39926	39926
ENST00000518801.5	1072	4905	3833
ENST00000518802.5	374	53672	53298
ENST00000518804.5	11648	16094	4446
ENST00000518805.5	4404	52829	48425
ENST00000518809.5	0	29037	29037
ENST00000518817.1	0	580	580
ENST00000518823.5	0	48059	48059
ENST00000518824.5	0	13944	13944
ENST00000518825.5	2	154402	154400
ENST00000518826.3	26	2302	2276
ENST00000518827.1	3150	4544	1394
ENST00000518829.5	1156	9947	8791
ENST00000518832.2	423	144803	144380
ENST00000518835.1	103	546	443
ENST00000518840.6	340	2772	2432
ENST00000518841.5	415	2766	2351
ENST00000518844.5	3	104030	104027
ENST00000518847.2	209	6178	5969
ENST00000518849.1	6959	33725	26766
ENST00000518850.5	3221	3812	591
ENST00000518852.5	591	82935	82344
ENST00000518853.5	50034	61319	11285
ENST00000518856.1	1367	3705	2338
ENST00000518857.5	27832	48592	20760
ENST00000518864.5	484450	884571	400121
ENST00000518867.5	0	3261	3261
ENST00000518868.5	45925	112311	66386
ENST00000518869.1	28494	45104	16610
ENST00000518871.5	52309	62410	10101
ENST00000518874.6	10	18961	18951
ENST00000518875.5	373	1247	874
ENST00000518878.5	8665	21490	12825
ENST00000518882.2	0	92188	92188
ENST00000518883.6	6135	8051	1916
ENST00000518887.5	737	27425	26688
ENST00000518892.1	0	30678	30678
ENST00000518893.1	17	38011	37994
ENST00000518896.2	0	1846	1846
ENST00000518898.6	14937	26883	11946
ENST00000518899.5	0	11558	11558
ENST00000518901.5	9611	20912	11301
ENST00000518906.1	0	13432	13432
ENST00000518907.5	9640	20929	11289
ENST00000518908.5	0	22532	22532
ENST00000518910.5	56615	71784	15169
ENST00000518913.5	154	12249	12095
ENST00000518915.5	313	30991	30678
ENST00000518917.5	0	5821	5821
ENST00000518918.1	0	29710	29710
ENST00000518925.5	143	31642	31499
ENST00000518929.5	48517	77778	29261
ENST00000518931.1	0	12076	12076
ENST00000518935.5	46	21822	21776
ENST00000518937.6	3374	137311	133937
ENST00000518949.5	0	107593	107593
ENST00000518951.6	9461	19357	9896
ENST00000518954.6	423	118031	117608
ENST00000518958.1	2048	22991	20943
ENST00000518960.5	0	2970	2970
ENST00000518971.1	0	2820	2820
ENST00000518974.5	0	4509	4509
ENST00000518976.1	0	1622	1622
ENST00000518977.5	64	36402	36338
ENST00000518979.5	22121	31619	9498
ENST00000518980.5	64	3902	3838
ENST00000518981.5	9636	196704	187068
ENST00000518982.5	13983	72084	58101
ENST00000518983.1	731	1185	454
ENST00000518986.5	0	1076	1076
ENST00000518989.1	0	1904	1904
ENST00000518990.5	248	6204	5956
ENST00000518991.6	10034	10596	562
ENST00000518992.5	0	71567	71567
ENST00000518995.5	0	100592	100592
ENST00000518998.5	3773	60171	56398
ENST00000518999.5	180	4795	4615
ENST00000519004.5	1202	20108	18906
ENST00000519010.5	10487	90933	80446
ENST00000519011.5	1232	26358	25126
ENST00000519014.1	8163	9909	1746
ENST00000519016.5	0	4915	4915
ENST00000519018.5	8	10020	10012
ENST00000519019.5	45907	53439	7532
ENST00000519020.5	0	17336	17336
ENST00000519024.5	0	20166	20166
ENST00000519025.5	685	2627	1942
ENST00000519026.5	268	36931	36663
ENST00000519030.6	143	39301	39158
ENST00000519037.5	118	19620	19502
ENST00000519044.5	0	55754	55754
ENST00000519046.5	75463	97047	21584
ENST00000519047.5	73243	162112	88869
ENST00000519049.6	483	751367	750884
ENST00000519053.5	3987	9012	5025
ENST00000519054.5	15267	15657	390
ENST00000519056.5	0	5355	5355
ENST00000519058.5	227	3851	3624
ENST00000519059.5	0	15330	15330
ENST00000519060.6	23589	37442	13853
ENST00000519061.5	0	45335	45335
ENST00000519064.5	0	5601	5601
ENST00000519065.6	8033	39330	31297
ENST00000519066.5	279	1714	1435
ENST00000519067.5	5028	23244	18216
ENST00000519069.5	119	30614	30495
ENST00000519070.5	0	8175	8175
ENST00000519076.5	212	209342	209130
ENST00000519078.6	1835	14202	12367
ENST00000519080.1	138	94827	94689
ENST00000519082.5	0	13334	13334
ENST00000519083.5	50	55958	55908
ENST00000519085.5	35	14696	14661
ENST00000519086.5	156	6551	6395
ENST00000519088.5	630	75113	74483
ENST00000519092.5	0	9036	9036
ENST00000519095.5	49710	61121	11411
ENST00000519096.5	110967	117789	6822
ENST00000519097.5	450	122995	122545
ENST00000519098.5	0	512	512
ENST00000519100.6	1285	20351	19066
ENST00000519103.1	1085	2871	1786
ENST00000519106.2	462	2212	1750
ENST00000519108.5	343	20623	20280
ENST00000519109.6	5253	11257	6004
ENST00000519110.5	675	38953	38278
ENST00000519112.5	4848	14580	9732
ENST00000519113.5	28264	56910	28646
ENST00000519116.5	10796	29245	18449
ENST00000519117.5	17	7312	7295
ENST00000519118.5	0	74	74
ENST00000519119.5	0	522	522
ENST00000519120.1	0	84467	84467
ENST00000519124.5	59983	75863	15880
ENST00000519129.5	0	3280	3280
ENST00000519135.1	2146	3585	1439
ENST00000519136.5	139653	151475	11822
ENST00000519139.6	0	14442	14442
ENST00000519142.5	0	24340	24340
ENST00000519143.6	1490	79328	77838
ENST00000519148.5	84	21552	21468
ENST00000519150.1	0	7206	7206
ENST00000519152.5	0	54852	54852
ENST00000519154.5	11552	20817	9265
ENST00000519156.1	109	10103	9994
ENST00000519157.1	34961	35913	952
ENST00000519163.6	9825	48840	39015
ENST00000519168.5	195	14547	14352
ENST00000519176.5	0	18692	18692
ENST00000519178.5	0	218994	218994
ENST00000519179.6	31	6773	6742
ENST00000519187.5	0	7371	7371
ENST00000519190.1	0	32813	32813
ENST00000519195.1	0	7970	7970
ENST00000519196.5	23702	29497	5795
ENST00000519199.5	0	11364	11364
ENST00000519202.1	181	2399	2218
ENST00000519203.1	31	5760	5729
ENST00000519204.5	118	515802	515684
ENST00000519207.5	5572	82016	76444
ENST00000519208.5	1321	18325	17004
ENST00000519209.5	33443	64671	31228
ENST00000519211.5	4797	12576	7779
ENST00000519213.1	7175	14900	7725
ENST00000519214.5	49	510	461
ENST00000519222.5	17900	66845	48945
ENST00000519224.5	0	1520	1520
ENST00000519225.5	2459	2527	68
ENST00000519228.5	0	27980	27980
ENST00000519229.5	550	109687	109137
ENST00000519232.5	0	31159	31159
ENST00000519234.5	1739	90800	89061
ENST00000519236.5	232	41229	40997
ENST00000519237.5	284	4069	3785
ENST00000519239.5	414	10510	10096
ENST00000519240.5	158	35030	34872
ENST00000519243.1	0	572	572
ENST00000519247.5	55	7032	6977
ENST00000519253.5	12583	110642	98059
ENST00000519254.2	7295	17660	10365
ENST00000519255.2	16515	84957	68442
ENST00000519256.5	16	168584	168568
ENST00000519260.1	1031	5150	4119
ENST00000519261.5	6785	17359	10574
ENST00000519262.6	151708	153926	2218
ENST00000519263.5	267	113780	113513
ENST00000519264.5	205	4990	4785
ENST00000519266.5	3738	3906	168
ENST00000519273.6	3763	15955	12192
ENST00000519274.1	0	172	172
ENST00000519277.5	16733	85175	68442
ENST00000519279.5	2039	5817	3778
ENST00000519285.5	2019	3979	1960
ENST00000519286.5	50059	60718	10659
ENST00000519289.1	126121	193434	67313
ENST00000519291.5	19330	24369	5039
ENST00000519292.5	220	28227	28007
ENST00000519293.1	0	22826	22826
ENST00000519295.6	2383	270163	267780
ENST00000519301.6	173	1126936	1126763
ENST00000519302.6	9955	29514	19559
ENST00000519303.6	812	7050	6238
ENST00000519304.1	0	7327	7327
ENST00000519307.2	99	52522	52423
ENST00000519309.5	28479	29066	587
ENST00000519310.1	3846	5401	1555
ENST00000519312.5	22025	35751	13726
ENST00000519315.5	168	179056	178888
ENST00000519316.5	44	7842	7798
ENST00000519317.5	3	31154	31151
ENST00000519321.5	0	15961	15961
ENST00000519328.5	88	17678	17590
ENST00000519331.1	0	5127	5127
ENST00000519332.5	48	2894	2846
ENST00000519333.6	360	2760	2400
ENST00000519339.5	2951	34605	31654
ENST00000519341.5	0	12522	12522
ENST00000519344.5	149	88286	88137
ENST00000519349.5	0	1731	1731
ENST00000519350.1	10486	11018	532
ENST00000519352.1	0	14428	14428
ENST00000519353.5	0	13665	13665
ENST00000519357.1	508	2108	1600
ENST00000519359.5	0	63174	63174
ENST00000519363.1	0	228	228
ENST00000519365.1	0	6987	6987
ENST00000519367.1	186	2240	2054
ENST00000519374.6	90	36797	36707
ENST00000519378.1	97	1982	1885
ENST00000519380.1	384	26540	26156
ENST00000519381.1	314	19030	18716
ENST00000519385.5	4891	29124	24233
ENST00000519386.5	128	111408	111280
ENST00000519387.1	414	3418	3004
ENST00000519389.6	7900	107452	99552
ENST00000519394.5	4625	6958	2333
ENST00000519396.5	18022	32065	14043
ENST00000519397.1	3053	3929	876
ENST00000519401.5	0	296394	296394
ENST00000519403.2	0	612	612
ENST00000519404.5	4627	17493	12866
ENST00000519405.5	0	34294	34294
ENST00000519406.5	0	245102	245102
ENST00000519407.5	54682	60025	5343
ENST00000519408.5	0	8998	8998
ENST00000519410.5	3891	35947	32056
ENST00000519414.5	59	3213	3154
ENST00000519415.6	0	46103	46103
ENST00000519416.5	91644	121650	30006
ENST00000519418.5	129	37374	37245
ENST00000519419.5	839	265540	264701
ENST00000519420.1	0	4	4
ENST00000519422.5	2646	61392	58746
ENST00000519426.5	0	14514	14514
ENST00000519430.5	4654	6781	2127
ENST00000519433.1	76	37002	36926
ENST00000519434.1	0	1221	1221
ENST00000519436.1	0	44323	44323
ENST00000519442.1	168	43013	42845
ENST00000519445.5	175	354007	353832
ENST00000519447.5	297	23651	23354
ENST00000519449.5	1499	33619	32120
ENST00000519457.5	142	9145	9003
ENST00000519459.2	0	1009	1009
ENST00000519464.5	6271	19225	12954
ENST00000519465.5	1067	107971	106904
ENST00000519466.1	0	3383	3383
ENST00000519467.1	26771	38797	12026
ENST00000519468.5	0	25217	25217
ENST00000519471.2	175	18451	18276
ENST00000519472.5	0	1879	1879
ENST00000519474.5	2213	9054	6841
ENST00000519476.6	1681	7227	5546
ENST00000519479.2	187	126237	126050
ENST00000519480.6	76	40782	40706
ENST00000519483.5	0	65219	65219
ENST00000519484.1	23924	24748	824
ENST00000519487.6	215	9994	9779
ENST00000519492.1	1053	2730	1677
ENST00000519497.2	562	4957	4395
ENST00000519499.2	1269	2611	1342
ENST00000519501.5	0	11899	11899
ENST00000519502.2	0	6739	6739
ENST00000519503.5	30	10283	10253
ENST00000519505.5	0	52235	52235
ENST00000519508.6	1207	32100	30893
ENST00000519509.5	12386	36948	24562
ENST00000519510.5	435	19109	18674
ENST00000519512.5	0	5995	5995
ENST00000519513.5	713	10456	9743
ENST00000519516.1	19969	21461	1492
ENST00000519519.5	3	78088	78085
ENST00000519520.7	847	3989	3142
ENST00000519522.1	354	584	230
ENST00000519523.5	10	19041	19031
ENST00000519527.5	0	992	992
ENST00000519533.1	189	4001	3812
ENST00000519534.1	2109	2497	388
ENST00000519536.1	0	55330	55330
ENST00000519539.5	470	7498	7028
ENST00000519540.5	648	38926	38278
ENST00000519541.1	28578	61099	32521
ENST00000519543.5	317	172868	172551
ENST00000519546.5	2388	3217	829
ENST00000519547.5	0	8260	8260
ENST00000519548.5	84	31106	31022
ENST00000519554.5	425	19201	18776
ENST00000519556.1	0	20204	20204
ENST00000519558.5	0	84	84
ENST00000519560.6	4717	643502	638785
ENST00000519564.2	1594	26334	24740
ENST00000519565.5	0	82148	82148
ENST00000519574.2	1710	3688	1978
ENST00000519576.1	2500	3344	844
ENST00000519577.5	2687	61433	58746
ENST00000519580.6	0	27938	27938
ENST00000519582.5	0	7011	7011
ENST00000519584.5	711	7089	6378
ENST00000519585.5	10686	44200	33514
ENST00000519588.1	14786	27063	12277
ENST00000519591.5	0	5955	5955
ENST00000519595.5	239	104809	104570
ENST00000519597.5	1786	9742	7956
ENST00000519598.1	4869	27300	22431
ENST00000519601.5	0	3272	3272
ENST00000519602.6	711	7216	6505
ENST00000519604.5	2845	16156	13311
ENST00000519606.5	163	1443	1280
ENST00000519607.5	71163	91656	20493
ENST00000519611.5	2396	3225	829
ENST00000519614.5	448	5072	4624
ENST00000519618.1	0	3549	3549
ENST00000519621.2	2254	27529	25275
ENST00000519622.5	511	6746	6235
ENST00000519627.2	143	47902	47759
ENST00000519628.2	0	300239	300239
ENST00000519632.5	10164	40981	30817
ENST00000519634.5	10827	12325	1498
ENST00000519637.1	846	2435	1589
ENST00000519638.3	1289	18484	17195
ENST00000519639.5	110	14611	14501
ENST00000519640.5	16586	45218	28632
ENST00000519642.1	0	36530	36530
ENST00000519643.5	98	130448	130350
ENST00000519644.6	7050	28807	21757
ENST00000519645.5	0	63539	63539
ENST00000519646.5	21550	30302	8752
ENST00000519647.5	117144	160554	43410
ENST00000519651.5	1175	85070	83895
ENST00000519654.5	1080	235399	234319
ENST00000519656.1	4865	73325	68460
ENST00000519661.5	4	179922	179918
ENST00000519662.5	73473	80330	6857
ENST00000519664.1	7598	11706	4108
ENST00000519665.5	16866	29153	12287
ENST00000519667.1	0	14490	14490
ENST00000519668.1	11817	114347	102530
ENST00000519673.1	22	58373	58351
ENST00000519674.1	49	107570	107521
ENST00000519676.6	2661	18973	16312
ENST00000519678.5	135	21124	20989
ENST00000519679.5	35	17119	17084
ENST00000519681.5	26744	125764	99020
ENST00000519682.5	35	12537	12502
ENST00000519684.5	3717	4831	1114
ENST00000519685.5	7167	32286	25119
ENST00000519688.5	11771	38372	26601
ENST00000519693.5	97023	106708	9685
ENST00000519696.1	2134	6552	4418
ENST00000519698.1	468	13375	12907
ENST00000519699.1	1234	2942	1708
ENST00000519701.5	9827	10674	847
ENST00000519704.1	3068	22247	19179
ENST00000519712.1	0	53965	53965
ENST00000519715.2	131	2466	2335
ENST00000519716.7	4721	91928	87207
ENST00000519717.1	97	61352	61255
ENST00000519718.2	648	69358	68710
ENST00000519721.5	57	12486	12429
ENST00000519724.1	0	98	98
ENST00000519725.5	54096	98927	44831
ENST00000519728.6	62025	131796	69771
ENST00000519733.5	783	34067	33284
ENST00000519734.5	586	4995	4409
ENST00000519742.5	0	4631	4631
ENST00000519743.1	14	9839	9825
ENST00000519744.5	505	3157	2652
ENST00000519745.5	50712	68408	17696
ENST00000519746.5	1385	10627	9242
ENST00000519747.5	0	9351	9351
ENST00000519748.5	466	270160	269694
ENST00000519758.5	4867	6487	1620
ENST00000519767.5	0	14726	14726
ENST00000519768.5	10823	12139	1316
ENST00000519771.5	20	10540	10520
ENST00000519772.5	4329	11460	7131
ENST00000519773.1	185	7429	7244
ENST00000519776.5	23378	43691	20313
ENST00000519779.5	0	49291	49291
ENST00000519780.5	0	13455	13455
ENST00000519783.5	25896	27897	2001
ENST00000519784.5	434	17119	16685
ENST00000519788.6	0	13341	13341
ENST00000519789.5	55	35394	35339
ENST00000519796.5	0	5120	5120
ENST00000519799.5	25913	25923	10
ENST00000519800.1	18	4241	4223
ENST00000519804.2	20	9946	9926
ENST00000519807.5	2446	7509	5063
ENST00000519808.5	0	1510	1510
ENST00000519810.5	6191	16067	9876
ENST00000519811.6	119	69452	69333
ENST00000519815.5	0	4185	4185
ENST00000519816.1	906	8037	7131
ENST00000519817.5	0	552	552
ENST00000519824.6	2552	40830	38278
ENST00000519825.5	0	42609	42609
ENST00000519827.1	15852	17008	1156
ENST00000519829.2	7870	12914	5044
ENST00000519830.1	9	9471	9462
ENST00000519831.5	7	8140	8133
ENST00000519835.5	203	65681	65478
ENST00000519836.5	400	5573	5173
ENST00000519837.6	1569	22675	21106
ENST00000519839.1	0	6127	6127
ENST00000519842.1	0	182	182
ENST00000519845.5	1115	22804	21689
ENST00000519846.5	11873	212641	200768
ENST00000519847.6	428	118036	117608
ENST00000519850.5	13306	16213	2907
ENST00000519851.5	0	39896	39896
ENST00000519853.5	21063	33068	12005
ENST00000519865.5	1264	48187	46923
ENST00000519867.5	1041	62144	61103
ENST00000519881.5	308	11936	11628
ENST00000519882.5	1066	3028	1962
ENST00000519885.5	152	4462	4310
ENST00000519888.6	787	210324	209537
ENST00000519889.5	3388	3888	500
ENST00000519895.6	704	72949	72245
ENST00000519896.5	1201	8748	7547
ENST00000519900.1	139527	140315	788
ENST00000519903.5	12151	13569	1418
ENST00000519905.1	0	736	736
ENST00000519907.5	7653	23372	15719
ENST00000519908.1	0	43388	43388
ENST00000519911.5	80	50810	50730
ENST00000519912.1	90	12824	12734
ENST00000519913.6	3442	5978	2536
ENST00000519914.5	13158	29708	16550
ENST00000519917.5	1825	4976	3151
ENST00000519918.5	57	11117	11060
ENST00000519924.5	0	294	294
ENST00000519928.2	10665	12987	2322
ENST00000519930.2	0	2045	2045
ENST00000519931.5	36262	37688	1426
ENST00000519932.5	0	47344	47344
ENST00000519934.5	30	81688	81658
ENST00000519936.2	12918	247342	234424
ENST00000519937.7	4162	12002	7840
ENST00000519940.6	2045	32952	30907
ENST00000519941.1	97	9197	9100
ENST00000519944.1	18401	29116	10715
ENST00000519945.5	1837	3810	1973
ENST00000519947.1	78165	84289	6124
ENST00000519948.4	278	858	580
ENST00000519949.5	16	168584	168568
ENST00000519950.5	46215	59956	13741
ENST00000519951.2	2	72883	72881
ENST00000519952.6	400	4273	3873
ENST00000519954.5	11181	12974	1793
ENST00000519956.1	0	16	16
ENST00000519958.5	2609	6165	3556
ENST00000519960.5	6483	10545	4062
ENST00000519961.5	2317	160976	158659
ENST00000519962.5	3	30937	30934
ENST00000519964.5	0	11137	11137
ENST00000519966.5	290	35403	35113
ENST00000519968.5	14929	42208	27279
ENST00000519969.5	32	30651	30619
ENST00000519973.6	47	43906	43859
ENST00000519974.5	1145	11241	10096
ENST00000519977.5	5060	11751	6691
ENST00000519980.5	626	106542	105916
ENST00000519984.1	37	9332	9295
ENST00000519986.1	0	10668	10668
ENST00000519991.5	0	13427	13427
ENST00000519993.5	205992	232528	26536
ENST00000519994.5	46196	59553	13357
ENST00000519997.5	3377	7090	3713
ENST00000520000.5	0	3405	3405
ENST00000520001.5	134	22019	21885
ENST00000520002.5	489	2066941	2066452
ENST00000520003.5	0	320	320
ENST00000520006.2	14667	14855	188
ENST00000520007.5	46	2892	2846
ENST00000520008.5	18750	23054	4304
ENST00000520010.6	254	69671	69417
ENST00000520013.5	8	8459	8451
ENST00000520014.1	0	45777	45777
ENST00000520015.5	3993	30810	26817
ENST00000520016.5	124	150582	150458
ENST00000520021.5	27	6266	6239
ENST00000520027.5	202980	275897	72917
ENST00000520028.2	3153	6181	3028
ENST00000520030.5	11661	66139	54478
ENST00000520033.1	0	180	180
ENST00000520039.1	62	83067	83005
ENST00000520042.5	0	7326	7326
ENST00000520044.5	126141	126333	192
ENST00000520045.5	0	11604	11604
ENST00000520050.1	1626	10960	9334
ENST00000520051.2	8701	9430	729
ENST00000520052.1	346	71476	71130
ENST00000520056.1	0	5836	5836
ENST00000520059.1	0	1172	1172
ENST00000520061.5	6441	18003	11562
ENST00000520064.2	0	36885	36885
ENST00000520066.5	0	23254	23254
ENST00000520076.5	0	1013	1013
ENST00000520077.5	77	25203	25126
ENST00000520086.1	8566	37426	28860
ENST00000520087.5	0	45090	45090
ENST00000520092.5	11694	14623	2929
ENST00000520095.6	219	2812	2593
ENST00000520099.5	43	15833	15790
ENST00000520103.5	330	2158	1828
ENST00000520105.5	30246	39486	9240
ENST00000520108.1	496	23980	23484
ENST00000520111.5	21747	27828	6081
ENST00000520112.1	110	5265	5155
ENST00000520113.7	19	24598	24579
ENST00000520115.5	2366	10603	8237
ENST00000520116.1	9107	10065	958
ENST00000520117.5	0	65329	65329
ENST00000520121.6	2077	19214	17137
ENST00000520125.5	1124	9324	8200
ENST00000520127.5	114	10702	10588
ENST00000520133.5	0	156415	156415
ENST00000520136.6	9646	10054	408
ENST00000520137.1	0	1191	1191
ENST00000520140.5	311	33969	33658
ENST00000520141.5	0	2304	2304
ENST00000520142.2	1506	20682	19176
ENST00000520147.5	1793	8727	6934
ENST00000520148.1	0	9073	9073
ENST00000520151.5	1460	21482	20022
ENST00000520152.1	0	268	268
ENST00000520153.5	926	31684	30758
ENST00000520154.6	360	194737	194377
ENST00000520158.5	27556	70861	43305
ENST00000520161.5	119149	162559	43410
ENST00000520164.6	2887	204843	201956
ENST00000520166.5	17320	144087	126767
ENST00000520168.5	11779	29192	17413
ENST00000520174.5	9971	16192	6221
ENST00000520177.6	14674	33045	18371
ENST00000520178.3	0	2091	2091
ENST00000520179.5	3	56533	56530
ENST00000520184.1	0	22054	22054
ENST00000520187.1	352	50780	50428
ENST00000520188.5	294	118723	118429
ENST00000520191.5	61735	102509	40774
ENST00000520193.1	0	5779	5779
ENST00000520196.5	80341	112723	32382
ENST00000520200.5	1475	31232	29757
ENST00000520202.5	17526	37610	20084
ENST00000520204.5	0	17530	17530
ENST00000520208.1	0	112	112
ENST00000520209.5	13685	28490	14805
ENST00000520210.1	1025	10688	9663
ENST00000520213.5	2127	155680	153553
ENST00000520214.5	460	183373	182913
ENST00000520215.5	6398	71365	64967
ENST00000520217.1	0	7959	7959
ENST00000520220.6	62025	131733	69708
ENST00000520221.5	3578	7552	3974
ENST00000520222.1	318	2203	1885
ENST00000520223.1	20725	20897	172
ENST00000520225.1	0	5474	5474
ENST00000520226.5	221	20269	20048
ENST00000520227.1	15688	35811	20123
ENST00000520230.5	0	45807	45807
ENST00000520238.1	15148	41560	26412
ENST00000520240.5	220	254192	253972
ENST00000520241.5	0	21944	21944
ENST00000520242.6	1514	14982	13468
ENST00000520253.1	936	31798	30862
ENST00000520254.5	0	17400	17400
ENST00000520260.5	10994	12380	1386
ENST00000520261.1	0	19580	19580
ENST00000520262.6	1331	57861	56530
ENST00000520264.1	0	302	302
ENST00000520265.1	0	10535	10535
ENST00000520267.5	306	156825	156519
ENST00000520269.5	51	71651	71600
ENST00000520270.5	7569	18626	11057
ENST00000520271.5	9359	14095	4736
ENST00000520272.6	1042	30282	29240
ENST00000520276.5	104	257810	257706
ENST00000520277.1	1360	28174	26814
ENST00000520281.5	12	194429	194417
ENST00000520282.5	513	79868	79355
ENST00000520284.5	9646	20935	11289
ENST00000520287.5	87	22961	22874
ENST00000520288.5	4020	17599	13579
ENST00000520290.5	0	1997	1997
ENST00000520292.1	257	44444	44187
ENST00000520296.5	1125	2778	1653
ENST00000520299.5	6145	53947	47802
ENST00000520301.5	18608	21372	2764
ENST00000520302.5	3265	157641	154376
ENST00000520303.5	6922	19928	13006
ENST00000520304.5	0	2376	2376
ENST00000520305.5	478	6836	6358
ENST00000520307.5	21562	22492	930
ENST00000520309.5	506	74919	74413
ENST00000520311.5	1782	9738	7956
ENST00000520313.5	24	43291	43267
ENST00000520315.5	0	9772	9772
ENST00000520317.1	6398	71365	64967
ENST00000520318.1	428	2016	1588
ENST00000520321.5	14515	34940	20425
ENST00000520328.5	46232	112448	66216
ENST00000520329.5	292	42070	41778
ENST00000520331.5	0	15950	15950
ENST00000520332.6	0	77400	77400
ENST00000520333.1	1580	4476	2896
ENST00000520334.5	206	3660	3454
ENST00000520337.1	119	10847	10728
ENST00000520339.5	28507	30257	1750
ENST00000520340.5	13811	112488	98677
ENST00000520342.5	0	1596	1596
ENST00000520344.1	0	10936	10936
ENST00000520345.5	9510	11562	2052
ENST00000520346.1	0	464	464
ENST00000520347.5	1067	3029	1962
ENST00000520349.1	0	14226	14226
ENST00000520350.1	0	1943	1943
ENST00000520352.5	0	24284	24284
ENST00000520353.6	3785	157024	153239
ENST00000520354.5	985	12913	11928
ENST00000520356.5	697	183354	182657
ENST00000520358.7	179455	202950	23495
ENST00000520359.5	19412	137163	117751
ENST00000520361.5	173	85243	85070
ENST00000520362.5	4885	4963	78
ENST00000520367.5	28	21675	21647
ENST00000520368.5	35265	42432	7167
ENST00000520371.5	1723	26859	25136
ENST00000520376.1	86325	96010	9685
ENST00000520377.1	361	22565	22204
ENST00000520380.1	0	59202	59202
ENST00000520381.5	2047	102002	99955
ENST00000520382.5	3506	9111	5605
ENST00000520389.5	3558	7542	3984
ENST00000520392.1	3222	16428	13206
ENST00000520394.5	51	515384	515333
ENST00000520401.1	0	35596	35596
ENST00000520402.5	0	5038	5038
ENST00000520404.5	2424	26475	24051
ENST00000520406.5	0	22006	22006
ENST00000520407.5	230	1104271	1104041
ENST00000520408.5	26	156248	156222
ENST00000520409.5	7848	27526	19678
ENST00000520414.5	0	6978	6978
ENST00000520416.1	0	48	48
ENST00000520417.1	0	13329	13329
ENST00000520420.5	24408	36310	11902
ENST00000520425.5	0	718	718
ENST00000520428.5	0	58888	58888
ENST00000520429.6	1171	26977	25806
ENST00000520430.5	1290	31909	30619
ENST00000520435.2	235	30624	30389
ENST00000520437.1	24278	46084	21806
ENST00000520439.3	1140	86991	85851
ENST00000520441.5	542	17565	17023
ENST00000520448.5	81	27891	27810
ENST00000520449.2	88	8683	8595
ENST00000520452.5	409	7375	6966
ENST00000520453.5	0	13666	13666
ENST00000520454.1	0	50	50
ENST00000520458.5	83574	119883	36309
ENST00000520461.1	0	3383	3383
ENST00000520462.5	0	10912	10912
ENST00000520466.5	2412	3648	1236
ENST00000520467.5	164	73535	73371
ENST00000520468.7	9643	14379	4736
ENST00000520472.5	5017	12880	7863
ENST00000520473.1	213	8397	8184
ENST00000520475.5	0	44544	44544
ENST00000520476.1	152	17335	17183
ENST00000520480.5	0	5531	5531
ENST00000520484.1	30	13796	13766
ENST00000520485.5	2765	5734	2969
ENST00000520486.5	19260	39344	20084
ENST00000520491.5	0	4611	4611
ENST00000520492.5	241915	487044	245129
ENST00000520495.5	1499	15743	14244
ENST00000520497.1	94	51752	51658
ENST00000520502.7	615	96547	95932
ENST00000520507.5	406	15107	14701
ENST00000520508.5	3946	37324	33378
ENST00000520509.5	1865	15652	13787
ENST00000520514.5	3	156771	156768
ENST00000520517.5	12512	17248	4736
ENST00000520518.5	0	17582	17582
ENST00000520519.1	0	17468	17468
ENST00000520520.1	0	3853	3853
ENST00000520522.1	6065	7563	1498
ENST00000520523.5	0	6315	6315
ENST00000520526.5	0	53616	53616
ENST00000520527.5	1534	44601	43067
ENST00000520528.2	0	606	606
ENST00000520530.3	4295	17553	13258
ENST00000520531.5	2412	3169	757
ENST00000520534.5	279	29078	28799
ENST00000520535.1	535	3376	2841
ENST00000520539.6	2032	168299	166267
ENST00000520540.5	233	4810	4577
ENST00000520542.5	218	13931	13713
ENST00000520546.1	271	2009	1738
ENST00000520547.4	117	1039	922
ENST00000520549.1	0	29746	29746
ENST00000520551.1	94	37298	37204
ENST00000520552.5	828	20773	19945
ENST00000520553.5	19421	50777	31356
ENST00000520556.5	0	2952	2952
ENST00000520557.1	0	6343	6343
ENST00000520560.6	5253	11257	6004
ENST00000520563.3	0	9859	9859
ENST00000520567.5	0	517687	517687
ENST00000520578.6	15537	20326	4789
ENST00000520579.5	18230	22033	3803
ENST00000520581.5	3214	17986	14772
ENST00000520583.5	0	61724	61724
ENST00000520584.6	3023	4209	1186
ENST00000520592.1	706	11439	10733
ENST00000520595.2	0	624	624
ENST00000520601.5	1003	5683	4680
ENST00000520602.6	704	113285	112581
ENST00000520604.5	0	12135	12135
ENST00000520605.5	29	3115	3086
ENST00000520607.1	30329	31199	870
ENST00000520610.5	54673	63519	8846
ENST00000520611.1	10604	28191	17587
ENST00000520613.5	0	15298	15298
ENST00000520614.1	5204	5634	430
ENST00000520615.5	91640	121649	30009
ENST00000520618.5	0	37356	37356
ENST00000520626.6	82	8507	8425
ENST00000520627.1	39	842	803
ENST00000520632.5	0	10698	10698
ENST00000520635.5	0	12367	12367
ENST00000520636.5	58	14920	14862
ENST00000520637.2	0	13919	13919
ENST00000520638.1	152	50976	50824
ENST00000520642.5	29	80499	80470
ENST00000520643.5	4375	37753	33378
ENST00000520644.1	37433	37971	538
ENST00000520645.6	1009	409964	408955
ENST00000520647.5	132	166056	165924
ENST00000520648.1	249	5448	5199
ENST00000520652.5	0	22448	22448
ENST00000520655.5	638	52270	51632
ENST00000520659.1	33	19027	18994
ENST00000520660.5	35416	35552	136
ENST00000520661.5	0	40630	40630
ENST00000520663.5	0	12116	12116
ENST00000520664.1	0	1259	1259
ENST00000520667.5	480	43956	43476
ENST00000520670.1	0	15020	15020
ENST00000520671.5	12041	17363	5322
ENST00000520672.2	106	12658	12552
ENST00000520675.1	39727	40846	1119
ENST00000520680.2	5	64618	64613
ENST00000520682.5	93	37246	37153
ENST00000520684.5	135	6406	6271
ENST00000520686.5	1305	31924	30619
ENST00000520689.1	0	1435	1435
ENST00000520690.5	0	27170	27170
ENST00000520693.5	22357	35768	13411
ENST00000520694.6	768	15029	14261
ENST00000520695.5	0	5200	5200
ENST00000520698.5	379	22510	22131
ENST00000520699.1	0	9238	9238
ENST00000520701.5	21746	52622	30876
ENST00000520704.1	6476	28053	21577
ENST00000520708.5	79335	109114	29779
ENST00000520709.5	1209	45393	44184
ENST00000520710.5	982	8372	7390
ENST00000520712.1	81797	123062	41265
ENST00000520717.1	0	168	168
ENST00000520719.5	62	12809	12747
ENST00000520720.1	580	52408	51828
ENST00000520723.5	96	48172	48076
ENST00000520724.5	114	137170	137056
ENST00000520725.5	0	1091	1091
ENST00000520727.5	693	183606	182913
ENST00000520728.5	5126	8346	3220
ENST00000520732.5	5	23361	23356
ENST00000520733.5	132	79034	78902
ENST00000520734.5	346	71479	71133
ENST00000520738.5	0	7123	7123
ENST00000520739.5	26	68976	68950
ENST00000520740.5	214421	232000	17579
ENST00000520743.1	0	22235	22235
ENST00000520748.1	0	21884	21884
ENST00000520753.5	4883	31700	26817
ENST00000520755.5	489	13114	12625
ENST00000520757.1	0	11785	11785
ENST00000520772.5	38	26685	26647
ENST00000520774.5	124	18627	18503
ENST00000520777.6	7953	17862	9909
ENST00000520781.6	1085	28703	27618
ENST00000520782.1	0	1080	1080
ENST00000520790.2	182	105935	105753
ENST00000520792.5	562	4957	4395
ENST00000520793.5	1	66001	66000
ENST00000520795.5	0	118546	118546
ENST00000520796.5	0	6038	6038
ENST00000520798.5	0	780	780
ENST00000520801.5	0	4387	4387
ENST00000520804.2	1506	20682	19176
ENST00000520805.5	35399	35449	50
ENST00000520808.6	8276	13779	5503
ENST00000520810.6	799	61921	61122
ENST00000520813.1	0	30227	30227
ENST00000520817.6	7073	16700	9627
ENST00000520818.5	0	45713	45713
ENST00000520821.6	91770	100632	8862
ENST00000520825.5	221678	533048	311370
ENST00000520827.1	0	1699	1699
ENST00000520828.5	0	33054	33054
ENST00000520829.5	15	24801	24786
ENST00000520830.1	0	6745	6745
ENST00000520832.1	11881	12199	318
ENST00000520835.7	17403	61714	44311
ENST00000520837.5	38206	50461	12255
ENST00000520847.1	1246	4875	3629
ENST00000520850.5	89	56445	56356
ENST00000520857.5	719	723538	722819
ENST00000520858.5	117	42431	42314
ENST00000520861.5	7530	14272	6742
ENST00000520864.5	0	168501	168501
ENST00000520865.5	10828	12242	1414
ENST00000520866.5	10487	90933	80446
ENST00000520867.5	394	68898	68504
ENST00000520868.5	1385	4516	3131
ENST00000520871.1	0	65651	65651
ENST00000520875.5	0	3388	3388
ENST00000520876.8	85	11218	11133
ENST00000520880.1	907	5796	4889
ENST00000520883.5	49678	68494	18816
ENST00000520884.5	26	41056	41030
ENST00000520892.5	29	11657	11628
ENST00000520893.5	4848	6486	1638
ENST00000520895.5	0	1496	1496
ENST00000520898.5	0	6899	6899
ENST00000520899.1	10724	10822	98
ENST00000520901.5	0	155682	155682
ENST00000520904.3	917	26218	25301
ENST00000520906.5	128	469247	469119
ENST00000520908.7	52	451018	450966
ENST00000520911.5	57796	116642	58846
ENST00000520915.5	95	26043	25948
ENST00000520918.5	972	2599	1627
ENST00000520919.5	141	46597	46456
ENST00000520921.1	66473	68751	2278
ENST00000520927.5	180847	221191	40344
ENST00000520931.5	771	35512	34741
ENST00000520933.7	534	10406	9872
ENST00000520937.5	54	2098	2044
ENST00000520938.3	10183	14556	4373
ENST00000520943.5	0	40476	40476
ENST00000520946.1	0	110072	110072
ENST00000520948.5	164	14113	13949
ENST00000520950.5	0	3200	3200
ENST00000520951.1	42	2191	2149
ENST00000520952.1	2873	16424	13551
ENST00000520953.5	62	14647	14585
ENST00000520955.5	739	4508	3769
ENST00000520957.1	1443	1765	322
ENST00000520958.5	328	31489	31161
ENST00000520959.5	46603	52775	6172
ENST00000520960.2	0	1879	1879
ENST00000520965.5	3371	29363	25992
ENST00000520967.1	31595	32419	824
ENST00000520968.5	12	13996	13984
ENST00000520969.5	377	2677	2300
ENST00000520970.5	219	38187	37968
ENST00000520973.5	31724	61646	29922
ENST00000520974.5	0	61512	61512
ENST00000520976.5	18510	85728	67218
ENST00000520977.2	47	17929	17882
ENST00000520978.5	23823	34490	10667
ENST00000520981.5	357	188886	188529
ENST00000520982.5	82	12177	12095
ENST00000520984.5	22127	24089	1962
ENST00000520986.5	59	24023	23964
ENST00000520991.3	7223	17105	9882
ENST00000520992.6	1563	22669	21106
ENST00000520995.5	7097	18126	11029
ENST00000520999.6	170635	192613	21978
ENST00000521001.1	0	5136	5136
ENST00000521003.5	2411	3647	1236
ENST00000521004.1	0	5082	5082
ENST00000521005.1	1	739	738
ENST00000521006.5	3390	17105	13715
ENST00000521007.2	0	31356	31356
ENST00000521008.1	0	4833	4833
ENST00000521009.5	24322	31223	6901
ENST00000521015.5	7011	101076	94065
ENST00000521022.6	488	124178	123690
ENST00000521027.5	901	2950	2049
ENST00000521029.5	29278	58428	29150
ENST00000521036.5	576	5294	4718
ENST00000521038.5	0	5860	5860
ENST00000521041.5	0	72845	72845
ENST00000521042.1	1679	7909	6230
ENST00000521043.5	343	17023	16680
ENST00000521045.1	0	20829	20829
ENST00000521047.1	3026	4400	1374
ENST00000521050.5	56	74330	74274
ENST00000521052.5	13429	27341	13912
ENST00000521053.5	61618	73435	11817
ENST00000521054.5	0	12619	12619
ENST00000521059.5	1067	235461	234394
ENST00000521062.5	0	5976	5976
ENST00000521064.5	34756	44957	10201
ENST00000521065.2	21	5383	5362
ENST00000521067.1	0	364	364
ENST00000521071.1	95	13197	13102
ENST00000521072.7	2614	51300	48686
ENST00000521075.5	308872	349216	40344
ENST00000521076.5	0	7197	7197
ENST00000521077.6	46210	112477	66267
ENST00000521081.5	46232	46380	148
ENST00000521082.5	269	507	238
ENST00000521085.1	331	369	38
ENST00000521089.5	3	180198	180195
ENST00000521094.2	558	2685	2127
ENST00000521099.1	3795	14812	11017
ENST00000521107.1	0	21800	21800
ENST00000521116.6	1329	10248	8919
ENST00000521117.1	0	272	272
ENST00000521118.5	275	68856	68581
ENST00000521129.2	355	144929	144574
ENST00000521134.6	285	320487	320202
ENST00000521137.1	170	5911	5741
ENST00000521142.1	23658	24436	778
ENST00000521144.1	2181	3061	880
ENST00000521145.5	8759	13585	4826
ENST00000521152.5	17	36185	36168
ENST00000521156.6	4477	40382	35905
ENST00000521157.5	1124	13188	12064
ENST00000521158.5	2309	14399	12090
ENST00000521163.5	0	14562	14562
ENST00000521164.5	72240	94965	22725
ENST00000521166.5	247	44275	44028
ENST00000521169.5	39915	73846	33931
ENST00000521170.5	383	3039	2656
ENST00000521173.6	2442	4206	1764
ENST00000521178.5	0	21856	21856
ENST00000521179.5	9100	25523	16423
ENST00000521180.5	4914	22185	17271
ENST00000521182.5	2394	2994	600
ENST00000521185.5	0	1803	1803
ENST00000521193.5	88	21556	21468
ENST00000521195.1	154	8001	7847
ENST00000521198.7	80956	148269	67313
ENST00000521202.2	0	11169	11169
ENST00000521206.5	38362	46720	8358
ENST00000521208.5	14520	87234	72714
ENST00000521209.6	148919	191670	42751
ENST00000521210.5	163	253493	253330
ENST00000521216.5	344	17114	16770
ENST00000521222.5	9	3979	3970
ENST00000521226.2	0	8000	8000
ENST00000521228.6	23456	25801	2345
ENST00000521229.5	1782	2590	808
ENST00000521232.1	1411	7713	6302
ENST00000521236.1	0	2039	2039
ENST00000521241.6	14410	133555	119145
ENST00000521243.5	196757	223358	26601
ENST00000521247.6	0	12814	12814
ENST00000521250.5	16726	99818	83092
ENST00000521253.1	414	24328	23914
ENST00000521255.5	60	22227	22167
ENST00000521262.5	39	1555	1516
ENST00000521264.5	4012	10216	6204
ENST00000521265.5	701	20856	20155
ENST00000521268.6	346048	738499	392451
ENST00000521270.5	8454	10692	2238
ENST00000521272.5	845	2807	1962
ENST00000521275.5	0	12549	12549
ENST00000521277.5	50112	61475	11363
ENST00000521278.5	663	61844	61181
ENST00000521280.5	4939	16792	11853
ENST00000521281.1	0	20488	20488
ENST00000521283.1	320	8620	8300
ENST00000521285.1	567	3245	2678
ENST00000521287.5	16	12637	12621
ENST00000521288.2	31	2146	2115
ENST00000521290.5	0	23314	23314
ENST00000521291.5	83	3987	3904
ENST00000521297.2	145	47945	47800
ENST00000521299.5	4507	21511	17004
ENST00000521301.5	983	2148	1165
ENST00000521302.5	0	9473	9473
ENST00000521303.5	0	55511	55511
ENST00000521309.5	867	5515	4648
ENST00000521311.1	0	2173	2173
ENST00000521314.5	41	1104	1063
ENST00000521315.5	32	2809	2777
ENST00000521319.5	0	2934	2934
ENST00000521324.3	0	19643	19643
ENST00000521328.5	0	24377	24377
ENST00000521329.5	29	2313	2284
ENST00000521332.5	0	388	388
ENST00000521333.5	50	21437	21387
ENST00000521334.5	99962	110321	10359
ENST00000521339.5	1919	17148	15229
ENST00000521344.1	1118	12519	11401
ENST00000521345.1	0	492	492
ENST00000521346.5	34718	52718	18000
ENST00000521347.1	2196	2941	745
ENST00000521352.5	0	10963	10963
ENST00000521353.5	0	12101	12101
ENST00000521354.5	13731	133740	120009
ENST00000521356.5	4050	82955	78905
ENST00000521357.5	0	5722	5722
ENST00000521360.5	0	11075	11075
ENST00000521364.5	249	70235	69986
ENST00000521366.1	270	15283	15013
ENST00000521367.5	1797	4364	2567
ENST00000521368.5	0	20193	20193
ENST00000521374.6	67	6500	6433
ENST00000521375.5	0	61564	61564
ENST00000521376.1	88	215409	215321
ENST00000521381.6	10920	83999	73079
ENST00000521385.5	6	36042	36036
ENST00000521388.5	19388	72589	53201
ENST00000521389.6	590	117883	117293
ENST00000521395.5	0	11544	11544
ENST00000521396.1	112	5692	5580
ENST00000521397.1	0	4196	4196
ENST00000521398.5	0	69818	69818
ENST00000521400.6	66	55022	54956
ENST00000521406.5	29	91741	91712
ENST00000521409.5	4476	6326	1850
ENST00000521415.5	20148	29795	9647
ENST00000521416.5	400	19752	19352
ENST00000521419.5	15374	35527	20153
ENST00000521420.5	19234	130521	111287
ENST00000521422.5	12225	45971	33746
ENST00000521424.1	11744	15645	3901
ENST00000521425.5	1493	25597	24104
ENST00000521426.5	0	147353	147353
ENST00000521429.5	18509	26688	8179
ENST00000521434.5	43	110213	110170
ENST00000521437.1	0	2660	2660
ENST00000521439.1	38423	54654	16231
ENST00000521440.6	234	8826	8592
ENST00000521442.1	0	7286	7286
ENST00000521447.5	0	124980	124980
ENST00000521448.5	20259	25863	5604
ENST00000521450.5	12151	17473	5322
ENST00000521451.5	1462	66012	64550
ENST00000521452.2	1479	3319	1840
ENST00000521459.5	0	5251	5251
ENST00000521461.5	0	40244	40244
ENST00000521462.1	1691	3669	1978
ENST00000521464.1	0	4842	4842
ENST00000521466.5	56	3949	3893
ENST00000521473.5	0	33373	33373
ENST00000521475.1	0	148912	148912
ENST00000521476.5	981	11077	10096
ENST00000521481.5	25266	34680	9414
ENST00000521485.5	3276	157725	154449
ENST00000521489.5	256	332562	332306
ENST00000521491.1	0	20879	20879
ENST00000521492.1	983	2878	1895
ENST00000521495.5	129	22757	22628
ENST00000521503.5	49712	51757	2045
ENST00000521508.2	21	17661	17640
ENST00000521512.5	307	48119	47812
ENST00000521514.5	27807	48567	20760
ENST00000521515.1	473	119382	118909
ENST00000521516.5	73243	152980	79737
ENST00000521517.6	0	64393	64393
ENST00000521518.5	1113	15855	14742
ENST00000521522.5	49741	68698	18957
ENST00000521524.5	1060	4893	3833
ENST00000521525.1	0	5060	5060
ENST00000521528.6	31724	31904	180
ENST00000521529.5	250	13778	13528
ENST00000521530.6	5146	192127	186981
ENST00000521531.5	3	121348	121345
ENST00000521533.1	0	23399	23399
ENST00000521536.6	0	9881	9881
ENST00000521537.1	1598	1818	220
ENST00000521538.5	305	3067	2762
ENST00000521544.5	0	26289	26289
ENST00000521545.7	222	76354	76132
ENST00000521548.5	12692	136199	123507
ENST00000521553.5	693	13544	12851
ENST00000521555.6	280	5787	5507
ENST00000521557.5	67509	67591	82
ENST00000521559.1	0	121456	121456
ENST00000521560.1	381	15082	14701
ENST00000521562.5	0	17137	17137
ENST00000521564.1	111656	111870	214
ENST00000521565.5	6391	9888	3497
ENST00000521566.1	0	5114	5114
ENST00000521567.1	16	19694	19678
ENST00000521569.1	0	5493	5493
ENST00000521570.5	6896	23396	16500
ENST00000521573.2	0	22939	22939
ENST00000521575.1	345	1037	692
ENST00000521576.1	287	20324	20037
ENST00000521577.1	0	35981	35981
ENST00000521578.6	30220	39534	9314
ENST00000521580.3	5340	5890	550
ENST00000521582.5	59055	102798	43743
ENST00000521583.5	12041	17363	5322
ENST00000521585.5	1012	159833	158821
ENST00000521588.4	102	2894	2792
ENST00000521589.5	0	8742	8742
ENST00000521590.5	8562	24902	16340
ENST00000521591.6	771	37041	36270
ENST00000521592.5	14257	25106	10849
ENST00000521593.5	0	260802	260802
ENST00000521599.5	1417	32310	30893
ENST00000521602.2	0	1081	1081
ENST00000521603.5	35	17625	17590
ENST00000521604.7	1551	56462	54911
ENST00000521605.1	138	111538	111400
ENST00000521606.6	382	51634	51252
ENST00000521607.5	0	28907	28907
ENST00000521610.5	0	4158	4158
ENST00000521613.5	147	30905	30758
ENST00000521615.1	0	14594	14594
ENST00000521616.5	153584	153840	256
ENST00000521617.5	390	31009	30619
ENST00000521621.5	19988	20304	316
ENST00000521624.5	22	5086	5064
ENST00000521629.5	0	24399	24399
ENST00000521630.1	0	7074	7074
ENST00000521632.1	0	3335	3335
ENST00000521634.5	0	6993	6993
ENST00000521639.5	375	27626	27251
ENST00000521640.5	10817	12255	1438
ENST00000521641.5	3733	22627	18894
ENST00000521642.5	94	74333	74239
ENST00000521644.5	1231	18424	17193
ENST00000521645.5	3364	16745	13381
ENST00000521648.5	15346	33490	18144
ENST00000521649.5	16464	246086	229622
ENST00000521650.5	51	7268	7217
ENST00000521651.5	0	26274	26274
ENST00000521652.5	1109	34619	33510
ENST00000521654.7	108	122117	122009
ENST00000521655.1	21	3623	3602
ENST00000521657.6	10923	84002	73079
ENST00000521659.5	711	1166	455
ENST00000521661.5	665	52297	51632
ENST00000521662.5	1813	9438	7625
ENST00000521665.2	0	11396	11396
ENST00000521670.5	108	216090	215982
ENST00000521672.6	3560	23444	19884
ENST00000521673.5	263	32446	32183
ENST00000521676.5	4474	81986	77512
ENST00000521679.5	74	10332	10258
ENST00000521682.5	1960	8304	6344
ENST00000521683.5	10820	29145	18325
ENST00000521684.1	0	32224	32224
ENST00000521686.1	0	52408	52408
ENST00000521688.6	122	9429	9307
ENST00000521689.5	19261	169662	150401
ENST00000521690.1	0	37971	37971
ENST00000521691.5	19301	22528	3227
ENST00000521694.1	0	6187	6187
ENST00000521695.5	346048	738499	392451
ENST00000521699.5	2423	3659	1236
ENST00000521701.5	14317	19087	4770
ENST00000521702.1	0	1922	1922
ENST00000521703.5	99	20287	20188
ENST00000521711.5	102721	109543	6822
ENST00000521713.1	6112	34826	28714
ENST00000521724.5	28504	56731	28227
ENST00000521726.1	0	3898	3898
ENST00000521727.5	2223	199117	196894
ENST00000521728.5	0	2683	2683
ENST00000521729.5	4625	12199	7574
ENST00000521732.5	170	12630	12460
ENST00000521733.5	0	48193	48193
ENST00000521735.5	14683	186957	172274
ENST00000521736.5	0	65259	65259
ENST00000521741.5	39196	43608	4412
ENST00000521742.5	0	1079	1079
ENST00000521743.5	3265	157729	154464
ENST00000521744.1	0	1439	1439
ENST00000521746.5	16695	70137	53442
ENST00000521747.5	452	16967	16515
ENST00000521749.5	0	6182	6182
ENST00000521751.5	19489	31663	12174
ENST00000521754.5	198	5662	5464
ENST00000521755.1	419	14004	13585
ENST00000521764.3	115	1403	1288
ENST00000521766.5	23114	76315	53201
ENST00000521769.5	71308	80248	8940
ENST00000521770.1	101	2288	2187
ENST00000521773.5	0	216	216
ENST00000521776.2	4114	8708	4594
ENST00000521777.5	391	93628	93237
ENST00000521780.5	12465	54818	42353
ENST00000521789.5	326	11586	11260
ENST00000521791.5	33921	60457	26536
ENST00000521796.1	0	18401	18401
ENST00000521806.5	92	12084	11992
ENST00000521808.5	0	3669	3669
ENST00000521809.5	5028	8979	3951
ENST00000521810.5	0	16802	16802
ENST00000521811.5	750	3204	2454
ENST00000521818.1	0	18549	18549
ENST00000521824.5	60031	101991	41960
ENST00000521826.5	0	2126	2126
ENST00000521829.5	122	40407	40285
ENST00000521831.5	2928	4982	2054
ENST00000521837.5	274	2235	1961
ENST00000521839.1	449	3309	2860
ENST00000521843.6	2756	322421	319665
ENST00000521844.1	173	1336	1163
ENST00000521846.5	0	8552	8552
ENST00000521848.1	451	2639	2188
ENST00000521849.5	111	36655	36544
ENST00000521852.5	0	71991	71991
ENST00000521857.5	458	113293	112835
ENST00000521859.1	943	3183	2240
ENST00000521860.5	0	9339	9339
ENST00000521861.6	2879	114715	111836
ENST00000521865.6	1506	20682	19176
ENST00000521866.5	0	29772	29772
ENST00000521871.5	4295	17553	13258
ENST00000521880.5	832	96151	95319
ENST00000521895.5	247	12666	12419
ENST00000521897.5	2665	61411	58746
ENST00000521898.5	0	49384	49384
ENST00000521903.5	635	28866	28231
ENST00000521907.5	0	11616	11616
ENST00000521912.1	0	4994	4994
ENST00000521913.7	295	143689	143394
ENST00000521914.1	0	9066	9066
ENST00000521916.1	0	834	834
ENST00000521919.6	9905	15274	5369
ENST00000521920.5	1781	2848	1067
ENST00000521921.5	0	1301	1301
ENST00000521922.5	107	166353	166246
ENST00000521925.5	11166	33022	21856
ENST00000521928.5	1561	25332	23771
ENST00000521931.5	0	133606	133606
ENST00000521933.1	0	34045	34045
ENST00000521935.5	31667	32493	826
ENST00000521937.1	222	2942	2720
ENST00000521943.5	276	126479	126203
ENST00000521952.5	0	14281	14281
ENST00000521956.5	0	122262	122262
ENST00000521960.5	29182	56420	27238
ENST00000521962.1	15276	16508	1232
ENST00000521964.5	0	520	520
ENST00000521967.1	156	26751	26595
ENST00000521971.5	68	12463	12395
ENST00000521976.1	0	10492	10492
ENST00000521977.1	6233	9443	3210
ENST00000521978.6	474	519203	518729
ENST00000521979.5	5233	10875	5642
ENST00000521981.5	14971	98222	83251
ENST00000521982.5	1110	5072	3962
ENST00000521986.5	134	143443	143309
ENST00000521988.6	3091	33710	30619
ENST00000521992.5	300	111529	111229
ENST00000521995.1	0	643	643
ENST00000521999.5	10704	25433	14729
ENST00000522000.1	0	34759	34759
ENST00000522003.5	12	175372	175360
ENST00000522006.5	580	150700	150120
ENST00000522007.5	44	50922	50878
ENST00000522010.1	2	7903	7901
ENST00000522012.6	616	3026	2410
ENST00000522013.5	11030	42862	31832
ENST00000522024.1	2383	3619	1236
ENST00000522025.6	92271	168556	76285
ENST00000522030.1	0	12338	12338
ENST00000522032.1	704	11897	11193
ENST00000522034.5	0	52553	52553
ENST00000522038.5	9	26421	26412
ENST00000522041.5	0	6075	6075
ENST00000522043.1	0	5964	5964
ENST00000522045.5	285	15630	15345
ENST00000522050.1	0	5272	5272
ENST00000522052.5	10772	15889	5117
ENST00000522055.1	4176	13262	9086
ENST00000522056.5	179	50509	50330
ENST00000522066.5	16	122801	122785
ENST00000522069.5	2356	10555	8199
ENST00000522071.2	0	38361	38361
ENST00000522072.1	4511	39549	35038
ENST00000522078.5	0	84	84
ENST00000522082.5	8	19817	19809
ENST00000522083.5	357	16518	16161
ENST00000522084.6	413	18658	18245
ENST00000522085.5	103	61764	61661
ENST00000522090.5	0	18608	18608
ENST00000522091.1	436	1292	856
ENST00000522093.5	27718	54130	26412
ENST00000522094.5	9371	11367	1996
ENST00000522098.1	0	7648	7648
ENST00000522100.5	0	18623	18623
ENST00000522109.5	24	2202	2178
ENST00000522110.1	8	1464	1456
ENST00000522111.3	95	1455	1360
ENST00000522112.6	56625	78772	22147
ENST00000522114.5	101	1015	914
ENST00000522115.6	0	40371	40371
ENST00000522117.5	3	30340	30337
ENST00000522118.1	0	11326	11326
ENST00000522119.5	0	15639	15639
ENST00000522121.5	2373	4223	1850
ENST00000522122.1	724	35471	34747
ENST00000522126.5	3942	10130	6188
ENST00000522135.5	0	1888	1888
ENST00000522136.5	13736	20674	6938
ENST00000522138.2	41	44968	44927
ENST00000522141.5	65	20991	20926
ENST00000522142.1	0	4376	4376
ENST00000522147.4	18	59670	59652
ENST00000522148.5	17881	20273	2392
ENST00000522151.5	173	35217	35044
ENST00000522154.2	1603	2687	1084
ENST00000522157.5	11217	17065	5848
ENST00000522161.5	4759	51385	46626
ENST00000522162.1	0	159734	159734
ENST00000522163.6	102765	116425	13660
ENST00000522165.5	0	156639	156639
ENST00000522167.5	115	34700	34585
ENST00000522170.5	46228	59975	13747
ENST00000522171.5	121	19455	19334
ENST00000522172.5	0	21391	21391
ENST00000522175.7	2	72746	72744
ENST00000522176.1	0	3108	3108
ENST00000522177.1	10729	14284	3555
ENST00000522181.5	40158	131722	91564
ENST00000522184.1	21995	43290	21295
ENST00000522185.1	0	625	625
ENST00000522191.5	0	25061	25061
ENST00000522200.5	6396	10627	4231
ENST00000522201.1	0	25190	25190
ENST00000522202.5	917	25148	24231
ENST00000522203.5	0	3492	3492
ENST00000522205.6	115	10284	10169
ENST00000522206.5	0	312	312
ENST00000522208.6	8669	161300	152631
ENST00000522209.1	458	1128	670
ENST00000522210.1	40	29306	29266
ENST00000522211.5	0	149734	149734
ENST00000522212.6	4235	127913	123678
ENST00000522222.5	4	70214	70210
ENST00000522224.3	1119	14693	13574
ENST00000522225.5	73259	77947	4688
ENST00000522226.5	224	36494	36270
ENST00000522227.5	170947	199493	28546
ENST00000522231.5	429	10111	9682
ENST00000522232.3	268	1496	1228
ENST00000522236.1	3329	33108	29779
ENST00000522237.1	0	3826	3826
ENST00000522238.1	0	190	190
ENST00000522240.1	13984	14722	738
ENST00000522242.5	71	58483	58412
ENST00000522246.5	512	8447	7935
ENST00000522248.5	2250	51451	49201
ENST00000522249.5	711	4431	3720
ENST00000522250.5	661	13387	12726
ENST00000522251.5	97537	101833	4296
ENST00000522252.5	0	672	672
ENST00000522254.5	335	6581	6246
ENST00000522256.1	0	168	168
ENST00000522257.5	0	31628	31628
ENST00000522262.1	243	329431	329188
ENST00000522263.5	7927	39962	32035
ENST00000522266.1	6	942	936
ENST00000522267.6	487	3074	2587
ENST00000522268.1	143	24542	24399
ENST00000522270.5	0	46600	46600
ENST00000522272.1	0	762	762
ENST00000522275.6	12769	110908	98139
ENST00000522276.1	136	24871	24735
ENST00000522278.1	0	72517	72517
ENST00000522284.5	758	20905	20147
ENST00000522286.5	22474	32160	9686
ENST00000522288.5	1544	5357	3813
ENST00000522290.5	3	7066	7063
ENST00000522291.5	0	517536	517536
ENST00000522294.5	8507	10490	1983
ENST00000522295.5	69	2966	2897
ENST00000522298.1	8822	21986	13164
ENST00000522301.5	1640	5710	4070
ENST00000522304.1	0	1264	1264
ENST00000522307.5	27731	41695	13964
ENST00000522310.5	14579	34892	20313
ENST00000522313.1	0	47038	47038
ENST00000522314.5	3506	9111	5605
ENST00000522317.5	17423	103274	85851
ENST00000522319.5	6041	13288	7247
ENST00000522322.5	45609	111980	66371
ENST00000522324.5	98	4996	4898
ENST00000522333.1	0	93757	93757
ENST00000522334.5	0	5047	5047
ENST00000522336.5	17493	64092	46599
ENST00000522337.5	160	13628	13468
ENST00000522338.5	85956	86364	408
ENST00000522340.5	378	1362	984
ENST00000522342.3	94	20405	20311
ENST00000522345.2	11	89791	89780
ENST00000522348.1	0	3166	3166
ENST00000522349.5	0	113319	113319
ENST00000522352.6	145	1987	1842
ENST00000522353.3	141	211723	211582
ENST00000522355.5	40581	117356	76775
ENST00000522356.3	39529	57600	18071
ENST00000522360.5	0	11343	11343
ENST00000522361.1	0	8163	8163
ENST00000522362.7	2963	5145	2182
ENST00000522363.5	69786	122046	52260
ENST00000522367.6	14667	23901	9234
ENST00000522368.5	391	32243	31852
ENST00000522369.5	0	678	678
ENST00000522370.1	17	17173	17156
ENST00000522371.5	0	3606	3606
ENST00000522372.5	28	149425	149397
ENST00000522375.6	331	31584	31253
ENST00000522377.5	8667	38328	29661
ENST00000522378.5	961	14206	13245
ENST00000522381.1	525	4446	3921
ENST00000522385.2	614	9603	8989
ENST00000522387.5	1140	20220	19080
ENST00000522389.5	124	13551	13427
ENST00000522391.3	890	1438113	1437223
ENST00000522394.1	4750	30867	26117
ENST00000522395.5	0	7429	7429
ENST00000522396.5	74	1499	1425
ENST00000522398.5	18519	85832	67313
ENST00000522399.1	0	39866	39866
ENST00000522402.6	184	42432	42248
ENST00000522403.6	2377	13233	10856
ENST00000522404.5	3496	82516	79020
ENST00000522406.5	48354	78696	30342
ENST00000522411.5	324	40103	39779
ENST00000522413.5	0	4575	4575
ENST00000522417.1	12	21155	21143
ENST00000522420.5	4520	82086	77566
ENST00000522422.5	296	20456	20160
ENST00000522424.5	0	17143	17143
ENST00000522431.5	120	2966	2846
ENST00000522432.5	9162	10396	1234
ENST00000522435.5	0	77549	77549
ENST00000522437.1	30760	31579	819
ENST00000522438.1	0	5056	5056
ENST00000522439.1	733	1539	806
ENST00000522441.5	4576	70766	66190
ENST00000522442.1	1201	8948	7747
ENST00000522444.5	206	22094	21888
ENST00000522445.6	38302	47147	8845
ENST00000522447.5	2545	34659	32114
ENST00000522448.5	0	31440	31440
ENST00000522452.2	2734	3920	1186
ENST00000522453.1	0	97471	97471
ENST00000522455.5	346055	738506	392451
ENST00000522456.1	0	322	322
ENST00000522458.5	4764	13626	8862
ENST00000522461.5	50037	50207	170
ENST00000522463.5	19239	130020	110781
ENST00000522467.5	0	61938	61938
ENST00000522468.1	0	268	268
ENST00000522470.1	28806	54909	26103
ENST00000522472.1	172	17822	17650
ENST00000522476.5	183	26826	26643
ENST00000522483.2	4459	19262	14803
ENST00000522484.5	1277	32229	30952
ENST00000522490.5	54668	64277	9609
ENST00000522491.1	35437	35843	406
ENST00000522495.5	11548	27006	15458
ENST00000522499.1	0	2646	2646
ENST00000522500.5	696	28722	28026
ENST00000522506.5	3	57566	57563
ENST00000522508.1	14031	22592	8561
ENST00000522509.5	366	188085	187719
ENST00000522510.5	4294	7972	3678
ENST00000522513.5	0	10629	10629
ENST00000522514.6	2771	44634	41863
ENST00000522517.5	70762	96111	25349
ENST00000522518.1	11	1802	1791
ENST00000522520.5	933	13554	12621
ENST00000522521.2	0	11914	11914
ENST00000522526.6	165	20361	20196
ENST00000522527.5	307	2135	1828
ENST00000522528.5	2411	3011	600
ENST00000522532.6	47	29420	29373
ENST00000522533.5	16	168584	168568
ENST00000522534.5	80	3704	3624
ENST00000522535.5	69157	69175	18
ENST00000522537.5	0	3452	3452
ENST00000522539.1	284	2940	2656
ENST00000522542.5	867	28821	27954
ENST00000522543.6	2505	12262	9757
ENST00000522546.1	359	1848	1489
ENST00000522552.5	1093	17160	16067
ENST00000522553.6	478	29392	28914
ENST00000522555.5	3329	33108	29779
ENST00000522556.1	1874	4987	3113
ENST00000522557.2	436	1700	1264
ENST00000522562.5	3372	14838	11466
ENST00000522563.5	10461	275747	265286
ENST00000522564.5	1345	13049	11704
ENST00000522565.5	303	11078	10775
ENST00000522566.5	1675	35185	33510
ENST00000522567.5	81	3009	2928
ENST00000522568.2	46	9912	9866
ENST00000522569.1	153	142653	142500
ENST00000522572.5	2348	13990	11642
ENST00000522576.5	155	963	808
ENST00000522577.5	28	10737	10709
ENST00000522578.2	0	176	176
ENST00000522579.5	0	8550	8550
ENST00000522580.5	16664	21283	4619
ENST00000522584.5	5691	37771	32080
ENST00000522586.5	38506	76693	38187
ENST00000522587.6	187	1541	1354
ENST00000522588.5	14698	186972	172274
ENST00000522591.1	56	1532	1476
ENST00000522593.6	1238	23929	22691
ENST00000522599.5	276	3719	3443
ENST00000522603.5	114	25173	25059
ENST00000522605.2	142	153965	153823
ENST00000522606.5	0	1966	1966
ENST00000522608.5	49717	51768	2051
ENST00000522610.5	118	23186	23068
ENST00000522612.2	0	68306	68306
ENST00000522613.5	346535	347045	510
ENST00000522614.5	17	11946	11929
ENST00000522617.3	0	114097	114097
ENST00000522619.1	8071	33639	25568
ENST00000522621.1	242670	243142	472
ENST00000522623.1	40890	58166	17276
ENST00000522628.5	1273	91585	90312
ENST00000522629.5	18513	61013	42500
ENST00000522633.2	8661	29697	21036
ENST00000522634.1	0	839	839
ENST00000522635.5	937	55301	54364
ENST00000522637.5	19234	34818	15584
ENST00000522644.5	4590	9390	4800
ENST00000522647.1	344381	344665	284
ENST00000522648.5	176	27729	27553
ENST00000522650.5	290	155048	154758
ENST00000522651.6	252	23085	22833
ENST00000522652.6	4919	22190	17271
ENST00000522655.5	3198	8434	5236
ENST00000522656.5	46249	70015	23766
ENST00000522658.6	246	19422	19176
ENST00000522659.1	1852	4583	2731
ENST00000522662.5	0	5041	5041
ENST00000522663.5	12885	23914	11029
ENST00000522664.5	180	4827	4647
ENST00000522666.1	14117	18509	4392
ENST00000522669.1	0	6268	6268
ENST00000522671.1	2666	15994	13328
ENST00000522672.5	248	43804	43556
ENST00000522676.5	3645	788814	785169
ENST00000522677.8	2525	52903	50378
ENST00000522678.5	1710	3688	1978
ENST00000522683.5	0	9306	9306
ENST00000522684.5	1569	235963	234394
ENST00000522687.5	10267	45005	34738
ENST00000522688.5	0	3674	3674
ENST00000522692.5	24424	36326	11902
ENST00000522693.5	178	29726	29548
ENST00000522694.1	0	66177	66177
ENST00000522695.5	1006	319534	318528
ENST00000522698.1	0	14770	14770
ENST00000522699.2	1569	22675	21106
ENST00000522700.5	3	12297	12294
ENST00000522701.5	508	13217	12709
ENST00000522705.5	4132	43547	39415
ENST00000522706.5	480	117446	116966
ENST00000522707.1	0	282	282
ENST00000522709.5	40657	50122	9465
ENST00000522710.1	282	12706	12424
ENST00000522713.5	23	9088	9065
ENST00000522719.4	64	3251	3187
ENST00000522720.2	1506	20682	19176
ENST00000522721.1	420	1455	1035
ENST00000522726.1	0	160558	160558
ENST00000522727.5	139	16218	16079
ENST00000522728.5	6191	82610	76419
ENST00000522734.1	0	13899	13899
ENST00000522736.5	4167	12165	7998
ENST00000522738.1	0	37783	37783
ENST00000522739.5	70	55978	55908
ENST00000522742.1	68	9745	9677
ENST00000522746.5	675	38953	38278
ENST00000522751.5	9783	14946	5163
ENST00000522756.6	0	234	234
ENST00000522761.6	14683	33537	18854
ENST00000522766.5	1813	6283	4470
ENST00000522770.1	58	266	208
ENST00000522773.5	22554	30643	8089
ENST00000522779.5	4346	40601	36255
ENST00000522780.5	2615	43275	40660
ENST00000522781.6	2410	42399	39989
ENST00000522782.6	10756	15827	5071
ENST00000522783.5	1452	12157	10705
ENST00000522787.5	1819	2981	1162
ENST00000522788.5	0	504	504
ENST00000522789.5	110	53800	53690
ENST00000522791.5	6256	14823	8567
ENST00000522793.5	1416	56818	55402
ENST00000522794.1	0	7750	7750
ENST00000522795.1	0	1673	1673
ENST00000522796.1	3692	4806	1114
ENST00000522797.1	0	22347	22347
ENST00000522798.5	2653	5107	2454
ENST00000522800.5	80032	98743	18711
ENST00000522801.5	0	21933	21933
ENST00000522803.5	77	9740	9663
ENST00000522804.5	10199	24250	14051
ENST00000522810.5	0	51369	51369
ENST00000522813.5	1112	10424	9312
ENST00000522814.5	0	8546	8546
ENST00000522816.1	0	25195	25195
ENST00000522819.5	170	4818	4648
ENST00000522820.5	600	15613	15013
ENST00000522821.5	0	45566	45566
ENST00000522822.5	70	18543	18473
ENST00000522824.5	209	42099	41890
ENST00000522825.1	8338	12513	4175
ENST00000522826.5	3	83897	83894
ENST00000522830.5	165	16427	16262
ENST00000522834.5	17	7772	7755
ENST00000522835.5	366	64532	64166
ENST00000522837.5	99463	106801	7338
ENST00000522839.1	44	19568	19524
ENST00000522840.1	11543	15689	4146
ENST00000522842.1	226	4597	4371
ENST00000522849.1	11097	22007	10910
ENST00000522853.5	141	46771	46630
ENST00000522854.5	3	101643	101640
ENST00000522855.5	164	16934	16770
ENST00000522858.5	1276	44752	43476
ENST00000522862.5	40157	109481	69324
ENST00000522864.5	208	16255	16047
ENST00000522866.5	8512	13260	4748
ENST00000522867.1	461	3994	3533
ENST00000522868.5	16051	33739	17688
ENST00000522874.5	453	77371	76918
ENST00000522876.1	0	1333	1333
ENST00000522881.2	5992	11698	5706
ENST00000522883.1	5247	5587	340
ENST00000522886.5	0	33927	33927
ENST00000522887.1	7125	13814	6689
ENST00000522889.5	0	6677	6677
ENST00000522890.5	0	27938	27938
ENST00000522893.1	2502	8331	5829
ENST00000522894.5	60	6595	6535
ENST00000522895.1	99	17483	17384
ENST00000522901.1	709	37268	36559
ENST00000522903.5	0	44	44
ENST00000522904.6	52	92970	92918
ENST00000522905.1	25	40588	40563
ENST00000522907.5	112338	224583	112245
ENST00000522908.1	98	4802	4704
ENST00000522909.5	6816	54467	47651
ENST00000522910.1	433	3343	2910
ENST00000522911.5	99499	116049	16550
ENST00000522912.5	62	14987	14925
ENST00000522915.5	167	16914	16747
ENST00000522917.5	104012	273331	169319
ENST00000522919.5	788	40825	40037
ENST00000522925.5	0	30565	30565
ENST00000522927.5	20027	50781	30754
ENST00000522931.5	0	7874	7874
ENST00000522932.1	5	162371	162366
ENST00000522933.5	315	91004	90689
ENST00000522934.5	14308	19044	4736
ENST00000522938.5	39479	162420	122941
ENST00000522940.5	9357	14093	4736
ENST00000522941.5	642	13368	12726
ENST00000522942.1	237	6237	6000
ENST00000522943.5	52	32943	32891
ENST00000522944.5	107	23904	23797
ENST00000522945.6	49	18442	18393
ENST00000522948.5	31	23817	23786
ENST00000522949.1	0	48932	48932
ENST00000522950.1	996	3394	2398
ENST00000522951.5	598	31744	31146
ENST00000522964.1	696	20313	19617
ENST00000522965.1	255	7767	7512
ENST00000522966.2	6986	9042	2056
ENST00000522968.1	68	19642	19574
ENST00000522971.5	2398	3634	1236
ENST00000522977.5	43	22707	22664
ENST00000522982.1	0	4418	4418
ENST00000522990.5	126	30160	30034
ENST00000522995.1	0	13647	13647
ENST00000522997.5	0	12702	12702
ENST00000523000.5	0	512	512
ENST00000523004.1	0	7431	7431
ENST00000523007.1	0	6499	6499
ENST00000523008.5	11111	16384	5273
ENST00000523016.1	447	5183	4736
ENST00000523020.1	0	31718	31718
ENST00000523022.6	955	14803	13848
ENST00000523023.1	11781	16975	5194
ENST00000523024.2	1367	16162	14795
ENST00000523027.1	3633	78893	75260
ENST00000523034.1	0	1855	1855
ENST00000523036.1	4	10016	10012
ENST00000523037.6	38	26432	26394
ENST00000523041.2	615	96318	95703
ENST00000523044.1	83	8491	8408
ENST00000523045.5	92	14211	14119
ENST00000523047.4	55	5780	5725
ENST00000523048.5	2787	7851	5064
ENST00000523051.5	403	2670	2267
ENST00000523054.5	1071	24440	23369
ENST00000523055.5	12601	31331	18730
ENST00000523058.5	33	23099	23066
ENST00000523061.5	2806	5667	2861
ENST00000523065.1	0	9242	9242
ENST00000523067.5	17790	44326	26536
ENST00000523069.1	359	31156	30797
ENST00000523073.5	21	16650	16629
ENST00000523079.5	517	213446	212929
ENST00000523082.1	0	22893	22893
ENST00000523084.5	118	5301	5183
ENST00000523085.5	482094	537853	55759
ENST00000523088.5	0	11204	11204
ENST00000523092.5	54	10932	10878
ENST00000523094.5	1906	33655	31749
ENST00000523095.5	163	14095	13932
ENST00000523096.5	976	20334	19358
ENST00000523098.1	1239	2276	1037
ENST00000523100.5	3305	42017	38712
ENST00000523102.5	260	2753	2493
ENST00000523105.5	783	19018	18235
ENST00000523107.5	915	8495	7580
ENST00000523108.5	0	2538	2538
ENST00000523111.7	24	52825	52801
ENST00000523113.5	14233	15401	1168
ENST00000523114.5	2786	3987	1201
ENST00000523115.5	117288	157638	40350
ENST00000523116.5	33	42522	42489
ENST00000523120.2	1309	56730	55421
ENST00000523122.1	692	974	282
ENST00000523125.5	0	13811	13811
ENST00000523127.5	96	6875	6779
ENST00000523130.1	13	38947	38934
ENST00000523131.1	0	452	452
ENST00000523132.1	27360	27402	42
ENST00000523136.1	0	924	924
ENST00000523137.6	0	5409	5409
ENST00000523138.5	201	4167	3966
ENST00000523139.5	664	7771	7107
ENST00000523140.5	5225	22996	17771
ENST00000523142.5	0	20692	20692
ENST00000523145.5	12	175185	175173
ENST00000523146.1	945	1862	917
ENST00000523147.5	30220	35138	4918
ENST00000523148.5	402	18176	17774
ENST00000523152.3	0	30704	30704
ENST00000523161.1	23382	29251	5869
ENST00000523162.5	8658	11803	3145
ENST00000523163.5	0	10112	10112
ENST00000523164.1	0	10918	10918
ENST00000523167.1	0	938	938
ENST00000523168.5	0	61720	61720
ENST00000523172.5	4	1101	1097
ENST00000523174.1	0	5449	5449
ENST00000523175.6	323	29614	29291
ENST00000523179.5	0	13590	13590
ENST00000523180.5	0	10	10
ENST00000523187.5	2983	13257	10274
ENST00000523188.5	89432	128587	39155
ENST00000523189.6	16	440073	440057
ENST00000523199.1	3564	21270	17706
ENST00000523200.5	27	36106	36079
ENST00000523202.5	193	14125	13932
ENST00000523203.5	4581	26060	21479
ENST00000523206.5	56	15994	15938
ENST00000523207.2	30510	403594	373084
ENST00000523208.6	1140	11018	9878
ENST00000523209.5	54666	60631	5965
ENST00000523211.5	132	741869	741737
ENST00000523212.1	0	21814	21814
ENST00000523213.1	181	3743	3562
ENST00000523214.5	15416	51149	35733
ENST00000523217.5	242	17342	17100
ENST00000523220.5	0	16598	16598
ENST00000523221.1	0	70463	70463
ENST00000523222.5	25219	44999	19780
ENST00000523228.5	6396	6938	542
ENST00000523231.5	508	4041	3533
ENST00000523234.5	3	22351	22348
ENST00000523238.5	0	16417	16417
ENST00000523240.5	0	3484	3484
ENST00000523241.6	7263	201726	194463
ENST00000523243.5	87343	238053	150710
ENST00000523250.5	20	11808	11788
ENST00000523251.5	226	42012	41786
ENST00000523252.1	0	6950	6950
ENST00000523253.1	0	41442	41442
ENST00000523256.6	3356	16668	13312
ENST00000523261.1	236	2375	2139
ENST00000523262.5	0	622	622
ENST00000523263.1	1080	4966	3886
ENST00000523266.5	7670	23454	15784
ENST00000523268.6	1482	8190	6708
ENST00000523275.5	0	56808	56808
ENST00000523277.6	954	13221	12267
ENST00000523278.5	386	50836	50450
ENST00000523280.1	0	102428	102428
ENST00000523281.5	0	2619	2619
ENST00000523282.5	101	27195	27094
ENST00000523285.5	4826	11857	7031
ENST00000523286.1	18608	21372	2764
ENST00000523287.5	1391	122360	120969
ENST00000523289.5	5	14768	14763
ENST00000523292.5	948	12667	11719
ENST00000523293.2	102	3977	3875
ENST00000523295.5	14480	46124	31644
ENST00000523296.1	21	2560	2539
ENST00000523297.5	0	7180	7180
ENST00000523298.5	10860	42720	31860
ENST00000523299.6	66	622803	622737
ENST00000523300.5	17727	21624	3897
ENST00000523303.5	3493	123781	120288
ENST00000523305.1	0	604	604
ENST00000523306.6	166	8946	8780
ENST00000523308.5	643	6620	5977
ENST00000523312.1	231	4397	4166
ENST00000523323.5	21117	25036	3919
ENST00000523329.1	475	6060	5585
ENST00000523332.5	738	11865	11127
ENST00000523335.1	118	6299	6181
ENST00000523337.5	3	9423	9420
ENST00000523338.5	696	37034	36338
ENST00000523344.5	0	3571	3571
ENST00000523348.1	0	5459	5459
ENST00000523349.5	55	2088	2033
ENST00000523356.1	37	21982	21945
ENST00000523357.5	0	25085	25085
ENST00000523358.5	60	10742	10682
ENST00000523359.1	0	110	110
ENST00000523361.5	0	11923	11923
ENST00000523362.6	288	29302	29014
ENST00000523368.5	4511	7283	2772
ENST00000523370.5	8329	20738	12409
ENST00000523371.5	2152	13100	10948
ENST00000523372.2	0	15621	15621
ENST00000523373.5	49	19251	19202
ENST00000523374.5	2119	46099	43980
ENST00000523376.5	73339	172855	99516
ENST00000523377.2	5052	6753	1701
ENST00000523378.5	136311	151719	15408
ENST00000523379.5	81	14766	14685
ENST00000523381.1	4777	7429	2652
ENST00000523388.5	0	15203	15203
ENST00000523389.5	28029	28249	220
ENST00000523390.2	162	163848	163686
ENST00000523392.2	892	2972	2080
ENST00000523396.1	0	1879	1879
ENST00000523399.5	92	237998	237906
ENST00000523400.5	59	44970	44911
ENST00000523403.3	419	49307	48888
ENST00000523409.5	5	24113	24108
ENST00000523410.1	234	4858	4624
ENST00000523415.5	12353	58944	46591
ENST00000523417.5	2867	9782	6915
ENST00000523419.5	4795	80713	75918
ENST00000523420.6	7029	16656	9627
ENST00000523421.5	2003	3558	1555
ENST00000523423.5	0	7204	7204
ENST00000523424.5	0	24832	24832
ENST00000523428.5	8507	12744	4237
ENST00000523430.5	103	24871	24768
ENST00000523431.5	6086	12282	6196
ENST00000523433.1	0	560	560
ENST00000523435.1	0	3686	3686
ENST00000523436.5	0	96968	96968
ENST00000523437.5	1375	148583	147208
ENST00000523438.1	45020	102556	57536
ENST00000523444.2	2249	50114	47865
ENST00000523448.5	223	39589	39366
ENST00000523449.5	1030	3406	2376
ENST00000523453.5	0	9754	9754
ENST00000523458.1	3539	10185	6646
ENST00000523460.5	2768	15487	12719
ENST00000523461.5	0	65037	65037
ENST00000523466.5	614	55165	54551
ENST00000523469.5	14042	18531	4489
ENST00000523475.5	2847	11450	8603
ENST00000523478.5	3	12237	12234
ENST00000523481.5	0	86	86
ENST00000523483.5	8494	29428	20934
ENST00000523484.6	0	45926	45926
ENST00000523492.5	130	176901	176771
ENST00000523493.5	41471	194393	152922
ENST00000523499.5	29881	46757	16876
ENST00000523500.5	248	13914	13666
ENST00000523501.5	433	22613	22180
ENST00000523504.5	7236	46687	39451
ENST00000523505.3	5832	7240	1408
ENST00000523509.5	675	38953	38278
ENST00000523511.1	7386	12839	5453
ENST00000523512.5	4991	10927	5936
ENST00000523513.1	17629	284778	267149
ENST00000523515.5	7885	27563	19678
ENST00000523517.5	18	45936	45918
ENST00000523519.5	15576	20299	4723
ENST00000523521.1	0	9582	9582
ENST00000523522.5	39	8568	8529
ENST00000523524.5	13887	33010	19123
ENST00000523532.5	1110	4905	3795
ENST00000523533.5	319	55944	55625
ENST00000523534.5	0	1126099	1126099
ENST00000523535.1	17	1782	1765
ENST00000523539.5	1064	144291	143227
ENST00000523542.5	111262	128538	17276
ENST00000523546.1	8800	9010	210
ENST00000523551.1	11218	31627	20409
ENST00000523553.1	0	1052	1052
ENST00000523555.6	204	19380	19176
ENST00000523558.5	245	197400	197155
ENST00000523559.1	21963	74297	52334
ENST00000523562.5	22	4060	4038
ENST00000523566.5	3566	5481	1915
ENST00000523570.5	0	12379	12379
ENST00000523573.5	15865	25703	9838
ENST00000523574.5	0	12521	12521
ENST00000523575.1	0	824	824
ENST00000523579.5	12033	18739	6706
ENST00000523580.5	1333	31828	30495
ENST00000523582.5	64	48365	48301
ENST00000523583.1	0	16088	16088
ENST00000523585.5	4303	22009	17706
ENST00000523586.1	0	420	420
ENST00000523589.5	0	7068	7068
ENST00000523590.5	2175	5513	3338
ENST00000523593.6	9009	21849	12840
ENST00000523594.1	1072	4006	2934
ENST00000523601.5	1150	430607	429457
ENST00000523609.5	31138	104301	73163
ENST00000523610.5	0	9423	9423
ENST00000523613.5	73464	159887	86423
ENST00000523619.5	5035	344889	339854
ENST00000523620.1	216	12222	12006
ENST00000523622.1	68	3664	3596
ENST00000523623.5	11419	15230	3811
ENST00000523625.5	0	56096	56096
ENST00000523628.5	0	4176	4176
ENST00000523629.6	5273	122881	117608
ENST00000523634.1	0	430	430
ENST00000523635.1	25090	25348	258
ENST00000523636.5	1797	9633	7836
ENST00000523638.6	3316	5786	2470
ENST00000523640.2	59	138598	138539
ENST00000523645.5	0	16	16
ENST00000523654.6	100680	100918	238
ENST00000523655.1	0	1038	1038
ENST00000523656.5	1772	55544	53772
ENST00000523662.1	225	43012	42787
ENST00000523663.5	0	7912	7912
ENST00000523666.5	14	23277	23263
ENST00000523667.5	1110	4905	3795
ENST00000523669.5	58	2986	2928
ENST00000523670.5	17875	21275	3400
ENST00000523676.5	67	21535	21468
ENST00000523677.6	911	1730	819
ENST00000523679.1	0	86	86
ENST00000523680.1	0	6960	6960
ENST00000523684.5	693	7714	7021
ENST00000523685.5	10827	42795	31968
ENST00000523686.5	49	115660	115611
ENST00000523687.5	113	13758	13645
ENST00000523691.1	0	1870	1870
ENST00000523695.5	2750	10417	7667
ENST00000523698.5	12419	17741	5322
ENST00000523705.5	0	7167	7167
ENST00000523714.5	342	40955	40613
ENST00000523716.5	0	15484	15484
ENST00000523719.5	40152	187544	147392
ENST00000523723.5	13	14776	14763
ENST00000523729.5	7460	36445	28985
ENST00000523731.6	145	59902	59757
ENST00000523732.1	938	35395	34457
ENST00000523736.1	0	42271	42271
ENST00000523737.5	3392	18137	14745
ENST00000523739.5	1339	34657	33318
ENST00000523741.5	10652	90992	80340
ENST00000523753.5	20399	127384	106985
ENST00000523756.5	0	9583	9583
ENST00000523757.5	0	16714	16714
ENST00000523761.1	0	13513	13513
ENST00000523762.5	0	15892	15892
ENST00000523763.2	0	26485	26485
ENST00000523764.1	21	16090	16069
ENST00000523765.1	8314	23578	15264
ENST00000523767.5	23477	58013	34536
ENST00000523768.5	66	91256	91190
ENST00000523771.5	45595	111966	66371
ENST00000523772.1	0	9416	9416
ENST00000523773.1	464	25233	24769
ENST00000523782.6	11933	27578	15645
ENST00000523787.5	33925	68783	34858
ENST00000523798.5	57824	94265	36441
ENST00000523799.5	110	18542	18432
ENST00000523801.5	0	3788	3788
ENST00000523803.5	0	11626	11626
ENST00000523807.5	464	13453	12989
ENST00000523808.5	9	5087	5078
ENST00000523809.1	10656	11494	838
ENST00000523814.5	46	19185	19139
ENST00000523815.5	99	13567	13468
ENST00000523816.5	45905	112276	66371
ENST00000523817.1	0	72057	72057
ENST00000523821.5	434	20368	19934
ENST00000523828.5	9645	10083	438
ENST00000523829.5	913	49865	48952
ENST00000523832.1	136	59879	59743
ENST00000523833.2	0	51668	51668
ENST00000523835.5	9315	16935	7620
ENST00000523837.5	46175	51243	5068
ENST00000523839.5	0	56670	56670
ENST00000523841.5	12435	36997	24562
ENST00000523842.1	0	37702	37702
ENST00000523843.5	133029	142714	9685
ENST00000523845.5	25926	108193	82267
ENST00000523846.1	0	9420	9420
ENST00000523847.5	2387	5336	2949
ENST00000523848.5	1634	6312	4678
ENST00000523850.5	97	215627	215530
ENST00000523854.5	0	1519	1519
ENST00000523855.1	0	280	280
ENST00000523857.5	61618	73435	11817
ENST00000523858.5	0	4927	4927
ENST00000523864.5	214	68855	68641
ENST00000523866.1	3203	15245	12042
ENST00000523868.2	11856	11916	60
ENST00000523869.1	0	2962	2962
ENST00000523872.1	603	6105	5502
ENST00000523873.5	38	14038	14000
ENST00000523877.1	7120	23510	16390
ENST00000523879.5	46212	53538	7326
ENST00000523882.5	233	4362	4129
ENST00000523885.2	20308	173123	152815
ENST00000523887.5	1298	8878	7580
ENST00000523888.5	0	10597	10597
ENST00000523890.5	15585	16355	770
ENST00000523891.1	1165	6622	5457
ENST00000523892.5	0	2632	2632
ENST00000523893.1	666	2345	1679
ENST00000523894.5	45625	55984	10359
ENST00000523900.5	1138	6259	5121
ENST00000523901.1	43	1441	1398
ENST00000523904.2	1134	105229	104095
ENST00000523908.5	244	73482	73238
ENST00000523911.5	106	35491	35385
ENST00000523912.5	28828	57572	28744
ENST00000523914.5	4918	17469	12551
ENST00000523916.5	1579	11582	10003
ENST00000523917.5	854	14309	13455
ENST00000523920.1	196	4914	4718
ENST00000523921.2	1329	10189	8860
ENST00000523922.1	0	252	252
ENST00000523923.5	0	486	486
ENST00000523924.5	196942	235243	38301
ENST00000523925.5	67880	67910	30
ENST00000523927.5	0	97601	97601
ENST00000523930.1	0	42889	42889
ENST00000523932.1	0	4466	4466
ENST00000523933.5	1339	26488	25149
ENST00000523934.5	0	21992	21992
ENST00000523936.5	616	1363	747
ENST00000523938.1	0	308	308
ENST00000523939.1	51	31043	30992
ENST00000523942.5	0	26103	26103
ENST00000523943.1	121	2506	2385
ENST00000523948.5	149	12463	12314
ENST00000523949.5	0	122668	122668
ENST00000523950.5	38	13916	13878
ENST00000523952.5	0	26543	26543
ENST00000523953.5	955	14803	13848
ENST00000523955.5	0	14878	14878
ENST00000523956.1	168	6297	6129
ENST00000523957.1	7356	14143	6787
ENST00000523961.5	18140	25382	7242
ENST00000523963.5	230	190248	190018
ENST00000523965.5	743	10025	9282
ENST00000523966.5	13503	16633	3130
ENST00000523968.1	95139	112893	17754
ENST00000523973.5	87	30994	30907
ENST00000523975.5	1072	5921	4849
ENST00000523981.5	287	58262	57975
ENST00000523983.6	6135	23093	16958
ENST00000523984.5	11295	25116	13821
ENST00000523985.5	83	18515	18432
ENST00000523990.1	11	39398	39387
ENST00000523991.5	195	30723	30528
ENST00000523993.5	0	17488	17488
ENST00000523999.5	17	4806	4789
ENST00000524004.5	0	105967	105967
ENST00000524006.5	179414	338533	159119
ENST00000524009.5	96	18693	18597
ENST00000524013.2	374	6091	5717
ENST00000524016.5	0	19656	19656
ENST00000524020.1	0	19694	19694
ENST00000524021.1	316	82593	82277
ENST00000524023.1	76039	158741	82702
ENST00000524028.1	223	9281	9058
ENST00000524029.5	571	13424	12853
ENST00000524033.5	3	179987	179984
ENST00000524037.5	420	30915	30495
ENST00000524038.5	0	40177	40177
ENST00000524039.5	1427	13109	11682
ENST00000524040.5	0	306	306
ENST00000524041.1	243	34495	34252
ENST00000524046.2	106	10275	10169
ENST00000524049.5	0	16715	16715
ENST00000524050.5	27787	31480	3693
ENST00000524053.5	32151	40953	8802
ENST00000524056.5	0	3334	3334
ENST00000524061.1	32751	38701	5950
ENST00000524063.3	7954	155265	147311
ENST00000524064.5	49726	60319	10593
ENST00000524068.5	6110	17154	11044
ENST00000524072.5	0	616	616
ENST00000524074.1	34	57971	57937
ENST00000524077.5	7102	19207	12105
ENST00000524080.1	77	20058	19981
ENST00000524081.5	0	63588	63588
ENST00000524084.5	4341	36629	32288
ENST00000524086.5	187	1367	1180
ENST00000524087.5	95	25924	25829
ENST00000524090.5	93	17691	17598
ENST00000524095.5	88057	88067	10
ENST00000524096.5	0	2031	2031
ENST00000524103.5	6813	98022	91209
ENST00000524104.5	1639	86355	84716
ENST00000524105.5	13210	17278	4068
ENST00000524107.5	70	30689	30619
ENST00000524114.6	3	75362	75359
ENST00000524115.2	1274	2580	1306
ENST00000524118.1	3	8405	8402
ENST00000524124.5	2630	131582	128952
ENST00000524126.5	6	179924	179918
ENST00000524127.5	118088	119796	1708
ENST00000524128.1	132	16562	16430
ENST00000524137.5	0	92	92
ENST00000524140.7	11351	99468	88117
ENST00000524142.5	3506	15930	12424
ENST00000524143.5	2658	12634	9976
ENST00000524144.5	0	65770	65770
ENST00000524149.5	63	47167	47104
ENST00000524150.2	66	52296	52230
ENST00000524158.5	0	2165	2165
ENST00000524160.5	39810	88238	48428
ENST00000524163.5	50	69286	69236
ENST00000524164.5	113629	125931	12302
ENST00000524168.1	0	8562	8562
ENST00000524169.5	71171	79373	8202
ENST00000524171.5	2065	18837	16772
ENST00000524172.5	26398	28262	1864
ENST00000524173.5	0	84405	84405
ENST00000524176.2	3	50202	50199
ENST00000524185.5	36	363765	363729
ENST00000524186.1	0	38	38
ENST00000524189.6	3229	201194	197965
ENST00000524193.1	14380	14742	362
ENST00000524195.2	59	138740	138681
ENST00000524196.6	11724	26726	15002
ENST00000524199.5	93	149729	149636
ENST00000524201.1	111	498379	498268
ENST00000524202.5	87774	188162	100388
ENST00000524205.3	0	2152	2152
ENST00000524206.1	4569	18481	13912
ENST00000524207.5	26724	53136	26412
ENST00000524208.5	0	7670	7670
ENST00000524209.5	0	630	630
ENST00000524211.1	8098	9625	1527
ENST00000524213.5	0	84	84
ENST00000524214.5	155	76987	76832
ENST00000524215.5	47806	61466	13660
ENST00000524218.1	0	4800	4800
ENST00000524219.2	27	20137	20110
ENST00000524222.2	1858	30020	28162
ENST00000524224.5	170	7189	7019
ENST00000524226.5	10867	108461	97594
ENST00000524228.5	0	65382	65382
ENST00000524230.9	858	49853	48995
ENST00000524232.5	46230	53368	7138
ENST00000524234.1	0	12545	12545
ENST00000524238.3	5	88608	88603
ENST00000524240.6	2883	99144	96261
ENST00000524245.5	9358	14094	4736
ENST00000524246.1	0	90	90
ENST00000524247.5	0	11115	11115
ENST00000524248.5	35499	48855	13356
ENST00000524251.1	0	220	220
ENST00000524254.5	11266	25087	13821
ENST00000524255.5	22	2659	2637
ENST00000524257.5	0	46	46
ENST00000524258.2	15277	16089	812
ENST00000524266.1	10364	23005	12641
ENST00000524268.1	218	8487	8269
ENST00000524270.6	260	2753	2493
ENST00000524273.1	4775	8248	3473
ENST00000524274.5	196540	202853	6313
ENST00000524278.5	97	6769	6672
ENST00000524279.1	22924	23984	1060
ENST00000524280.5	48	36129	36081
ENST00000524282.1	0	104903	104903
ENST00000524285.1	37173	37705	532
ENST00000524289.1	0	1170	1170
ENST00000524294.5	0	21774	21774
ENST00000524296.5	30	95539	95509
ENST00000524298.1	0	2872	2872
ENST00000524299.1	147096	187440	40344
ENST00000524300.6	1006	290474	289468
ENST00000524307.5	4	11648	11644
ENST00000524308.5	18990	169326	150336
ENST00000524310.5	0	12553	12553
ENST00000524323.1	859	8912	8053
ENST00000524324.5	0	13647	13647
ENST00000524325.6	17407	144171	126764
ENST00000524328.1	0	12399	12399
ENST00000524333.5	133	16071	15938
ENST00000524334.1	0	1452	1452
ENST00000524340.5	5	162764	162759
ENST00000524341.5	65	12098	12033
ENST00000524343.1	145	3771	3626
ENST00000524345.5	160	9990	9830
ENST00000524347.2	2629	67101	64472
ENST00000524349.5	51	854	803
ENST00000524352.5	362	84440	84078
ENST00000524354.5	1909	34341	32432
ENST00000524357.5	0	72116	72116
ENST00000524358.5	0	8350	8350
ENST00000524363.5	976	12712	11736
ENST00000524365.5	5319	29710	24391
ENST00000524370.5	508	4041	3533
ENST00000524373.5	0	1249	1249
ENST00000524377.7	70	23145	23075
ENST00000524380.5	24920	25208	288
ENST00000524381.6	5215	1118349	1113134
ENST00000524388.5	39803	64889	25086
ENST00000524391.6	4455	12249	7794
ENST00000524392.5	0	4821	4821
ENST00000524396.5	112	6127	6015
ENST00000524397.5	1044	7221	6177
ENST00000524400.5	4801	33680	28879
ENST00000524401.2	0	6444	6444
ENST00000524402.6	0	5132	5132
ENST00000524404.5	1786	3230	1444
ENST00000524405.5	8544	53835	45291
ENST00000524406.5	10505	16142	5637
ENST00000524407.7	400	9360	8960
ENST00000524408.1	473	1661	1188
ENST00000524411.5	3237	18978	15741
ENST00000524413.5	6566	11022	4456
ENST00000524416.1	502	10452	9950
ENST00000524418.6	78	5278	5200
ENST00000524419.5	118	286412	286294
ENST00000524422.2	40	29769	29729
ENST00000524426.5	43	5199	5156
ENST00000524432.5	213	221690	221477
ENST00000524435.1	115	737	622
ENST00000524438.5	1112	2633	1521
ENST00000524439.5	135	16528	16393
ENST00000524446.2	0	7905	7905
ENST00000524447.6	0	6811	6811
ENST00000524448.1	0	4022	4022
ENST00000524451.1	0	18573	18573
ENST00000524452.5	3	65242	65239
ENST00000524455.5	911	6303	5392
ENST00000524458.5	37	3680	3643
ENST00000524459.5	2955	3392	437
ENST00000524462.5	304	18943	18639
ENST00000524463.6	5625	17268	11643
ENST00000524464.5	3491	7382	3891
ENST00000524465.5	5797	11156	5359
ENST00000524466.5	1205	8141	6936
ENST00000524469.5	0	29961	29961
ENST00000524470.2	11350	29032	17682
ENST00000524472.5	1089	13466	12377
ENST00000524475.1	497	2949	2452
ENST00000524477.5	0	6909	6909
ENST00000524478.1	615	1418	803
ENST00000524480.5	46994	71320	24326
ENST00000524486.5	4439	5530	1091
ENST00000524487.5	213	12269	12056
ENST00000524490.5	1914	108772	106858
ENST00000524491.6	21	13306	13285
ENST00000524496.5	1957	3285	1328
ENST00000524497.5	0	113269	113269
ENST00000524500.6	776	9967	9191
ENST00000524506.5	19	3572	3553
ENST00000524507.6	932	27116	26184
ENST00000524509.1	0	527	527
ENST00000524511.5	0	636	636
ENST00000524523.1	0	13176	13176
ENST00000524525.5	86	585	499
ENST00000524526.2	118	15234	15116
ENST00000524532.5	8769	13931	5162
ENST00000524536.5	0	11705	11705
ENST00000524537.1	0	5290	5290
ENST00000524541.5	5159	5771	612
ENST00000524542.3	418	1580	1162
ENST00000524543.5	5938	34357	28419
ENST00000524548.5	0	33081	33081
ENST00000524550.5	430	7537	7107
ENST00000524551.5	51687	59960	8273
ENST00000524552.5	0	2040	2040
ENST00000524553.5	285	1584	1299
ENST00000524555.3	82	17207	17125
ENST00000524556.1	354	19870	19516
ENST00000524558.5	3980	10960	6980
ENST00000524559.2	23800	38873	15073
ENST00000524563.1	3637	16610	12973
ENST00000524564.5	310	20990	20680
ENST00000524567.1	2151	9170	7019
ENST00000524571.6	637	8293	7656
ENST00000524572.1	1955	3976	2021
ENST00000524573.5	192	420639	420447
ENST00000524575.5	1843	118393	116550
ENST00000524577.5	251	6751	6500
ENST00000524580.6	1206	24649	23443
ENST00000524581.5	18004	41490	23486
ENST00000524582.1	0	460	460
ENST00000524583.5	11370	21318	9948
ENST00000524584.1	5353	11356	6003
ENST00000524586.1	335	2070	1735
ENST00000524588.5	0	11045	11045
ENST00000524590.5	0	1140	1140
ENST00000524591.7	60530	77727	17197
ENST00000524595.5	346	12363	12017
ENST00000524596.1	3754	12369	8615
ENST00000524598.5	2190	6072	3882
ENST00000524600.5	61	4723	4662
ENST00000524601.5	0	160834	160834
ENST00000524602.5	68	127404	127336
ENST00000524603.1	0	860	860
ENST00000524604.5	713	5559	4846
ENST00000524607.6	95457	400178	304721
ENST00000524608.5	0	5697	5697
ENST00000524612.5	86	9278	9192
ENST00000524616.5	96	5573	5477
ENST00000524618.5	6681	12619	5938
ENST00000524622.5	13154	19211	6057
ENST00000524624.5	59	7874	7815
ENST00000524625.5	26715	56177	29462
ENST00000524627.5	20	6548	6528
ENST00000524630.5	38236	65844	27608
ENST00000524631.5	380	27620	27240
ENST00000524632.1	60	986	926
ENST00000524634.5	15057	32107	17050
ENST00000524635.1	0	6719	6719
ENST00000524637.1	1984	8547	6563
ENST00000524641.1	0	6216	6216
ENST00000524647.5	0	5109	5109
ENST00000524651.5	0	18397	18397
ENST00000524655.5	5332	198377	193045
ENST00000524656.5	1954	5204	3250
ENST00000524659.1	0	1924	1924
ENST00000524661.5	13321	25138	11817
ENST00000524668.5	0	6952	6952
ENST00000524669.5	896	2396	1500
ENST00000524671.1	18995	23527	4532
ENST00000524674.5	0	29985	29985
ENST00000524676.1	0	1823	1823
ENST00000524677.6	2189	37366	35177
ENST00000524678.1	0	43299	43299
ENST00000524679.1	301	43297	42996
ENST00000524685.5	713	43264	42551
ENST00000524690.5	0	1096	1096
ENST00000524698.5	23958	62534	38576
ENST00000524699.5	332	5573	5241
ENST00000524701.5	6762	63655	56893
ENST00000524702.5	26370	33965	7595
ENST00000524704.5	28940	39603	10663
ENST00000524705.2	3514	4772	1258
ENST00000524711.5	40	5874	5834
ENST00000524712.5	0	354	354
ENST00000524715.5	0	52330	52330
ENST00000524716.5	9556	12604	3048
ENST00000524717.6	2353	368760	366407
ENST00000524719.1	570	1179	609
ENST00000524720.5	0	26211	26211
ENST00000524722.1	15928	33818	17890
ENST00000524723.5	3070	10215	7145
ENST00000524724.6	11733	36324	24591
ENST00000524725.5	412	4146	3734
ENST00000524726.1	10450	20779	10329
ENST00000524733.5	791	5104	4313
ENST00000524736.5	0	5593	5593
ENST00000524737.6	211	30175	29964
ENST00000524742.5	1798	2508	710
ENST00000524746.5	24	32017	31993
ENST00000524748.6	3183	5815	2632
ENST00000524749.5	532	7081	6549
ENST00000524750.1	0	1022	1022
ENST00000524752.1	0	43790	43790
ENST00000524753.4	3049	10343	7294
ENST00000524754.1	881	3033	2152
ENST00000524755.5	142	74382	74240
ENST00000524756.5	2319	138128	135809
ENST00000524757.5	0	19752	19752
ENST00000524758.1	0	16786	16786
ENST00000524760.5	0	34657	34657
ENST00000524761.5	18	23016	22998
ENST00000524763.5	14970	26086	11116
ENST00000524765.1	296	7012	6716
ENST00000524766.6	109897	117168	7271
ENST00000524767.5	39	107233	107194
ENST00000524771.5	0	8373	8373
ENST00000524773.5	957	31659	30702
ENST00000524775.1	0	19798	19798
ENST00000524776.5	168	1997	1829
ENST00000524778.1	0	2513	2513
ENST00000524781.1	0	130	130
ENST00000524782.6	1184	14099	12915
ENST00000524784.1	0	3470	3470
ENST00000524789.1	15311	17754	2443
ENST00000524790.5	787	8428	7641
ENST00000524794.5	258	32365	32107
ENST00000524795.5	1791	15628	13837
ENST00000524796.6	166	424747	424581
ENST00000524800.5	4152	34805	30653
ENST00000524801.6	0	6270	6270
ENST00000524803.6	110	27159	27049
ENST00000524810.5	0	2897	2897
ENST00000524815.5	666	2599	1933
ENST00000524819.5	66	443	377
ENST00000524820.6	90	76368	76278
ENST00000524821.6	1612	3828	2216
ENST00000524822.5	79548	136061	56513
ENST00000524823.6	0	9459	9459
ENST00000524826.8	174	232634	232460
ENST00000524827.6	495	78955	78460
ENST00000524829.5	0	16734	16734
ENST00000524831.5	51	8695	8644
ENST00000524835.5	17	6909	6892
ENST00000524840.2	0	16381	16381
ENST00000524841.5	2073	4806	2733
ENST00000524842.5	2583	7359	4776
ENST00000524845.5	76916	154876	77960
ENST00000524847.5	0	13431	13431
ENST00000524848.5	9007	11304	2297
ENST00000524849.5	5	829	824
ENST00000524850.5	1242	2758	1516
ENST00000524851.5	5	6042	6037
ENST00000524853.6	0	17702	17702
ENST00000524854.5	0	2054	2054
ENST00000524860.1	1580	7671	6091
ENST00000524862.6	75	18275	18200
ENST00000524863.5	0	925	925
ENST00000524866.5	10820	35128	24308
ENST00000524868.1	505	1620	1115
ENST00000524869.1	0	2026	2026
ENST00000524871.6	535266	1338545	803279
ENST00000524874.5	1508	23115	21607
ENST00000524875.1	11630	28006	16376
ENST00000524881.5	172	3848	3676
ENST00000524883.1	0	1082	1082
ENST00000524887.5	0	48380	48380
ENST00000524892.7	26	303642	303616
ENST00000524893.5	8358	10786	2428
ENST00000524896.5	54	19280	19226
ENST00000524898.1	0	718	718
ENST00000524900.1	0	374	374
ENST00000524901.1	0	1909	1909
ENST00000524902.5	663	5941	5278
ENST00000524904.5	76910	154938	78028
ENST00000524906.5	1044	1342	298
ENST00000524911.5	0	5168	5168
ENST00000524913.3	933	9286	8353
ENST00000524914.5	8719	9706	987
ENST00000524916.1	0	7219	7219
ENST00000524918.5	334	12243	11909
ENST00000524919.5	0	2496	2496
ENST00000524921.5	13041	30475	17434
ENST00000524922.1	0	12091	12091
ENST00000524923.5	13285	16331	3046
ENST00000524926.5	1447	13192	11745
ENST00000524927.1	416	14698	14282
ENST00000524928.1	10	4787	4777
ENST00000524929.1	1966	58124	56158
ENST00000524930.1	31267	32156	889
ENST00000524931.1	2371	5507	3136
ENST00000524932.6	0	4458	4458
ENST00000524934.5	52	3318	3266
ENST00000524944.5	33	15534	15501
ENST00000524945.5	947	162383	161436
ENST00000524948.5	624	1269	645
ENST00000524950.1	5534	33421	27887
ENST00000524951.5	0	11921	11921
ENST00000524952.2	0	3536	3536
ENST00000524954.1	0	272	272
ENST00000524958.6	236	2717	2481
ENST00000524968.1	387	3935	3548
ENST00000524970.5	0	2091	2091
ENST00000524972.5	19	26428	26409
ENST00000524974.5	39	230763	230724
ENST00000524981.9	33	380579	380546
ENST00000524982.5	212	1466083	1465871
ENST00000524983.3	62	5194	5132
ENST00000524984.5	90	24392	24302
ENST00000524986.5	683	3743	3060
ENST00000524989.1	1259	6290	5031
ENST00000524990.5	1449	7754	6305
ENST00000524991.1	51815	52029	214
ENST00000524993.6	1601	30354	28753
ENST00000524994.6	140	6126	5986
ENST00000524995.5	3602	16530	12928
ENST00000524996.1	176	6680	6504
ENST00000524998.1	0	2323	2323
ENST00000525001.5	0	33787	33787
ENST00000525002.5	0	20788	20788
ENST00000525005.5	258	6852	6594
ENST00000525007.5	45	60500	60455
ENST00000525009.5	0	6016	6016
ENST00000525014.1	54	10456	10402
ENST00000525015.1	1167	7922	6755
ENST00000525018.5	61	240150	240089
ENST00000525024.5	155	6947	6792
ENST00000525027.1	0	6055	6055
ENST00000525028.6	4440	5531	1091
ENST00000525029.1	0	4005	4005
ENST00000525034.1	1359	31537	30178
ENST00000525035.5	7	25660	25653
ENST00000525038.5	39	107192	107153
ENST00000525040.5	1267	6484	5217
ENST00000525042.1	0	22979	22979
ENST00000525044.5	22	10738	10716
ENST00000525046.2	922	8704	7782
ENST00000525048.5	0	3967	3967
ENST00000525052.1	0	12651	12651
ENST00000525053.6	42034	108489	66455
ENST00000525055.5	64172	152392	88220
ENST00000525058.5	16035	16321	286
ENST00000525061.5	97352	97528	176
ENST00000525062.1	0	16688	16688
ENST00000525063.2	613	2102	1489
ENST00000525064.5	3436	22051	18615
ENST00000525066.5	3572	33989	30417
ENST00000525067.1	67	17193	17126
ENST00000525069.5	822	9141	8319
ENST00000525071.5	1671	68839	67168
ENST00000525072.5	0	5911	5911
ENST00000525073.6	0	10245	10245
ENST00000525074.5	417	19302	18885
ENST00000525077.2	689	4975	4286
ENST00000525079.5	6	877	871
ENST00000525080.1	0	1330	1330
ENST00000525085.1	132	10171	10039
ENST00000525087.6	117	3560	3443
ENST00000525090.1	214	73387	73173
ENST00000525093.5	0	11305	11305
ENST00000525094.5	57	3452	3395
ENST00000525095.2	446	21912	21466
ENST00000525100.1	0	18641	18641
ENST00000525103.1	66972	111898	44926
ENST00000525105.5	45	7809	7764
ENST00000525107.6	0	7554	7554
ENST00000525108.5	16043	39464	23421
ENST00000525109.1	13294	21881	8587
ENST00000525115.1	180	55731	55551
ENST00000525117.5	558	10572	10014
ENST00000525118.5	610	1126	516
ENST00000525119.5	710	43341	42631
ENST00000525123.6	585	57747	57162
ENST00000525124.1	0	1590	1590
ENST00000525126.5	135	20208	20073
ENST00000525130.5	4806	6492	1686
ENST00000525131.5	688	5481	4793
ENST00000525132.1	0	1324	1324
ENST00000525134.6	1807	13828	12021
ENST00000525137.1	261	4500	4239
ENST00000525138.5	0	10607	10607
ENST00000525139.5	132321	353711	221390
ENST00000525141.1	541	893	352
ENST00000525143.5	0	11856	11856
ENST00000525144.7	1225	579468	578243
ENST00000525145.5	359	1906	1547
ENST00000525148.1	89	3187	3098
ENST00000525153.6	54	8072	8018
ENST00000525155.5	8154	13432	5278
ENST00000525156.1	109	6930	6821
ENST00000525158.1	79	1816	1737
ENST00000525159.5	2669	35759	33090
ENST00000525160.5	913	8012	7099
ENST00000525161.5	12974	25261	12287
ENST00000525162.5	0	19683	19683
ENST00000525165.5	578	14354	13776
ENST00000525166.6	127295	680032	552737
ENST00000525167.1	11469	12099	630
ENST00000525169.5	0	19648	19648
ENST00000525171.5	30	30113	30083
ENST00000525172.6	4885	19198	14313
ENST00000525175.1	0	2680	2680
ENST00000525183.1	0	21715	21715
ENST00000525184.1	0	3649	3649
ENST00000525185.5	5657	6933	1276
ENST00000525187.6	1463	367654	366191
ENST00000525188.5	107	4732	4625
ENST00000525191.2	179	2422	2243
ENST00000525192.5	0	2122	2122
ENST00000525193.5	3	100453	100450
ENST00000525194.5	53	65795	65742
ENST00000525195.5	5395	5707	312
ENST00000525196.5	415	165916	165501
ENST00000525198.1	0	11300	11300
ENST00000525200.5	0	21752	21752
ENST00000525201.5	18526	22990	4464
ENST00000525202.5	0	16336	16336
ENST00000525205.5	1730	9528	7798
ENST00000525208.1	0	1699	1699
ENST00000525210.5	29000	34659	5659
ENST00000525211.6	42	69700	69658
ENST00000525218.1	67	98388	98321
ENST00000525219.6	726	14634	13908
ENST00000525220.1	0	3863	3863
ENST00000525223.1	0	232	232
ENST00000525225.1	0	2095	2095
ENST00000525227.5	340	4925	4585
ENST00000525228.5	172	4019	3847
ENST00000525229.5	2187	2497	310
ENST00000525231.5	39554	85488	45934
ENST00000525234.1	0	98209	98209
ENST00000525235.1	500	2938	2438
ENST00000525237.1	0	232	232
ENST00000525239.5	43	7802	7759
ENST00000525242.5	29144	29495	351
ENST00000525243.5	0	66159	66159
ENST00000525253.5	18355	28018	9663
ENST00000525254.1	477	730	253
ENST00000525261.5	0	486	486
ENST00000525263.5	213	6268	6055
ENST00000525266.5	1529	19056	17527
ENST00000525270.5	107	14922	14815
ENST00000525271.5	17957	118309	100352
ENST00000525273.5	235	14949	14714
ENST00000525279.5	76	50723	50647
ENST00000525282.1	352	3693	3341
ENST00000525283.5	92	19249	19157
ENST00000525284.5	30	100047	100017
ENST00000525285.1	2652	4324	1672
ENST00000525286.6	0	95233	95233
ENST00000525288.5	0	6085	6085
ENST00000525289.5	3	14475	14472
ENST00000525290.5	10	19743	19733
ENST00000525291.5	9	8425	8416
ENST00000525295.1	19922	66288	46366
ENST00000525297.5	53	1472	1419
ENST00000525303.5	30	5005	4975
ENST00000525313.6	10644	18954	8310
ENST00000525314.6	1113	14069	12956
ENST00000525317.5	4344	21092	16748
ENST00000525319.5	495	21069	20574
ENST00000525321.5	13095	42128	29033
ENST00000525322.5	269	59780	59511
ENST00000525326.5	575	10602	10027
ENST00000525333.5	3084	3656	572
ENST00000525334.5	19340	22710	3370
ENST00000525338.1	5778	28284	22506
ENST00000525341.2	0	8284	8284
ENST00000525342.5	8562	39256	30694
ENST00000525344.5	591	90723	90132
ENST00000525346.6	957	11949	10992
ENST00000525353.5	2289	6219	3930
ENST00000525354.6	119	8860	8741
ENST00000525356.1	314	2981	2667
ENST00000525357.1	4626	24531	19905
ENST00000525358.1	0	7515	7515
ENST00000525361.5	13041	56267	43226
ENST00000525364.5	77	15783	15706
ENST00000525369.5	6	38120	38114
ENST00000525370.5	4782	6468	1686
ENST00000525373.5	97	17616	17519
ENST00000525377.6	171	16973	16802
ENST00000525380.1	59	1385	1326
ENST00000525385.5	671	4374	3703
ENST00000525386.5	725	23348	22623
ENST00000525388.5	12997	30431	17434
ENST00000525393.6	12517	78784	66267
ENST00000525396.5	96	2303	2207
ENST00000525397.5	99	8612	8513
ENST00000525398.5	0	6400	6400
ENST00000525399.2	32273	33397	1124
ENST00000525403.6	113108	238182	125074
ENST00000525405.5	4417	5250	833
ENST00000525407.5	0	35406	35406
ENST00000525409.5	21310	51393	30083
ENST00000525413.5	139	8732	8593
ENST00000525416.5	16293	34379	18086
ENST00000525417.1	1032	1474	442
ENST00000525419.5	147	5998	5851
ENST00000525420.1	16835	25472	8637
ENST00000525421.5	0	17066	17066
ENST00000525422.5	130681	226014	95333
ENST00000525428.6	5101	23889	18788
ENST00000525438.5	0	5156	5156
ENST00000525440.5	58142	236179	178037
ENST00000525442.1	38890	39234	344
ENST00000525445.6	93	4308	4215
ENST00000525447.1	0	840	840
ENST00000525449.6	8108	96278	88170
ENST00000525451.6	664	3918	3254
ENST00000525452.2	179	3488	3309
ENST00000525455.5	69	1220	1151
ENST00000525457.5	7426	27291	19865
ENST00000525458.1	0	11405	11405
ENST00000525459.1	749	200058	199309
ENST00000525462.1	3	13158	13155
ENST00000525463.5	0	1860	1860
ENST00000525464.1	0	13715	13715
ENST00000525469.1	0	10230	10230
ENST00000525474.5	0	5678	5678
ENST00000525477.5	199	14787	14588
ENST00000525478.5	0	3878	3878
ENST00000525480.2	0	49274	49274
ENST00000525486.5	0	1077	1077
ENST00000525488.1	0	15609	15609
ENST00000525492.5	4097	5091	994
ENST00000525493.5	76	45276	45200
ENST00000525497.5	3244	16147	12903
ENST00000525498.5	302	40991	40689
ENST00000525501.5	228	2587	2359
ENST00000525502.5	0	12632	12632
ENST00000525503.5	24388	24644	256
ENST00000525508.1	0	86021	86021
ENST00000525509.1	476	864	388
ENST00000525511.5	901	26585	25684
ENST00000525514.5	0	14588	14588
ENST00000525515.5	102	30529	30427
ENST00000525525.5	160	1254	1094
ENST00000525528.1	2931	4411	1480
ENST00000525531.5	3632	5573	1941
ENST00000525532.5	334	66282	65948
ENST00000525539.5	0	126583	126583
ENST00000525544.3	0	985	985
ENST00000525546.5	575	10686	10111
ENST00000525550.1	173	789	616
ENST00000525552.1	0	1632	1632
ENST00000525557.5	0	54916	54916
ENST00000525565.1	0	9376	9376
ENST00000525566.6	24	134569	134545
ENST00000525572.1	0	2413	2413
ENST00000525574.5	0	10959	10959
ENST00000525576.1	1548	3577	2029
ENST00000525581.2	0	8785	8785
ENST00000525583.5	1391	3269	1878
ENST00000525587.1	94	1831	1737
ENST00000525588.5	3	18806	18803
ENST00000525589.1	485	1011	526
ENST00000525590.3	2965	15223	12258
ENST00000525591.5	3	32310	32307
ENST00000525592.1	0	2856	2856
ENST00000525593.5	0	4173	4173
ENST00000525596.6	52	15842	15790
ENST00000525597.5	20622	49015	28393
ENST00000525602.1	1717	4946	3229
ENST00000525605.1	95	3042	2947
ENST00000525607.5	92	749	657
ENST00000525608.5	19459	27363	7904
ENST00000525611.5	3486	6836	3350
ENST00000525621.6	304	31411	31107
ENST00000525624.5	0	1765	1765
ENST00000525628.1	1186	2601	1415
ENST00000525631.1	415	4801	4386
ENST00000525632.5	0	83069	83069
ENST00000525634.6	48	3700	3652
ENST00000525639.1	3254	5612	2358
ENST00000525640.5	8531	62860	54329
ENST00000525642.1	0	785	785
ENST00000525643.7	172	4270	4098
ENST00000525646.1	128	55278	55150
ENST00000525648.1	4645	7771	3126
ENST00000525650.5	267	55146	54879
ENST00000525652.5	2747	9974	7227
ENST00000525658.5	3436	4689	1253
ENST00000525659.5	3837	11743	7906
ENST00000525660.1	53	14073	14020
ENST00000525665.5	50	7283	7233
ENST00000525674.5	7171	14164	6993
ENST00000525675.1	17	2417	2400
ENST00000525676.6	273	152174	151901
ENST00000525680.6	2539	6548	4009
ENST00000525681.6	766	12942	12176
ENST00000525682.6	607	37679	37072
ENST00000525683.5	0	1782	1782
ENST00000525684.1	121	16467	16346
ENST00000525685.6	0	25117	25117
ENST00000525686.1	4458	7832	3374
ENST00000525687.5	36	7636	7600
ENST00000525688.5	0	39836	39836
ENST00000525690.1	0	3564	3564
ENST00000525693.5	1989	10352	8363
ENST00000525694.5	0	8007	8007
ENST00000525699.5	13015	15893	2878
ENST00000525701.5	6212	7742	1530
ENST00000525702.5	910	21279	20369
ENST00000525704.2	373	571353	570980
ENST00000525713.5	2912	6842	3930
ENST00000525718.6	3112	3698	586
ENST00000525720.1	12	3947	3935
ENST00000525721.1	982	1889	907
ENST00000525723.6	52	488	436
ENST00000525725.5	0	2674	2674
ENST00000525729.5	455	153772	153317
ENST00000525733.6	1528	4723	3195
ENST00000525734.5	24030	37729	13699
ENST00000525735.1	304	8637	8333
ENST00000525740.5	492	57931	57439
ENST00000525744.1	0	2560	2560
ENST00000525745.5	0	16705	16705
ENST00000525748.6	65	57632	57567
ENST00000525749.1	7474	26072	18598
ENST00000525752.5	3	7258	7255
ENST00000525754.5	3629	13156	9527
ENST00000525755.6	8530	27335	18805
ENST00000525761.3	3	24463	24460
ENST00000525762.5	0	42831	42831
ENST00000525763.5	11774	24471	12697
ENST00000525764.5	0	14689	14689
ENST00000525766.1	981	2119	1138
ENST00000525767.5	213	2038	1825
ENST00000525768.5	518	2943	2425
ENST00000525770.5	36	3998	3962
ENST00000525771.1	702	3356	2654
ENST00000525773.5	104	11989	11885
ENST00000525774.5	112055	112237	182
ENST00000525776.1	0	266	266
ENST00000525778.6	310	46475	46165
ENST00000525780.5	367	13439	13072
ENST00000525782.5	56	10337	10281
ENST00000525783.6	31	24491	24460
ENST00000525785.5	3902	9132	5230
ENST00000525788.2	5962	43469	37507
ENST00000525790.5	9037	13331	4294
ENST00000525791.5	591	2879	2288
ENST00000525793.5	0	9341	9341
ENST00000525795.1	156	3024	2868
ENST00000525799.1	25	54086	54061
ENST00000525800.5	1132	1400	268
ENST00000525801.1	2574	2924	350
ENST00000525803.1	12	6930	6918
ENST00000525807.6	17373	23322	5949
ENST00000525808.5	21	8236	8215
ENST00000525809.5	24	13407	13383
ENST00000525810.5	242	245201	244959
ENST00000525813.5	21585	32639	11054
ENST00000525815.6	1627	68890	67263
ENST00000525817.5	2640	27601	24961
ENST00000525819.1	0	97953	97953
ENST00000525823.1	147	2151	2004
ENST00000525825.6	659	10652	9993
ENST00000525826.5	59433	61993	2560
ENST00000525827.6	0	1825	1825
ENST00000525831.5	10506	13598	3092
ENST00000525836.1	0	3948	3948
ENST00000525840.1	0	230	230
ENST00000525841.5	0	2114	2114
ENST00000525842.5	7588	36549	28961
ENST00000525843.5	1155	137019	135864
ENST00000525844.1	0	32214	32214
ENST00000525845.5	2925	4361	1436
ENST00000525849.7	33424	289275	255851
ENST00000525861.5	42	96792	96750
ENST00000525862.5	5602	7851	2249
ENST00000525863.1	48	15375	15327
ENST00000525866.5	124	14258	14134
ENST00000525870.6	233	39689	39456
ENST00000525876.1	978	4898	3920
ENST00000525878.5	0	274	274
ENST00000525879.5	0	1340	1340
ENST00000525884.1	0	13780	13780
ENST00000525895.5	27	201051	201024
ENST00000525896.1	225	7819	7594
ENST00000525897.1	361	5578	5217
ENST00000525899.6	1264	2600	1336
ENST00000525900.5	67	37062	36995
ENST00000525902.5	39949	56342	16393
ENST00000525906.1	0	6397	6397
ENST00000525908.6	154	100362	100208
ENST00000525910.1	11888	23472	11584
ENST00000525911.5	0	9124	9124
ENST00000525914.5	0	9454	9454
ENST00000525919.5	39	107192	107153
ENST00000525920.5	89976	216558	126582
ENST00000525921.1	732	2413	1681
ENST00000525923.1	0	2120	2120
ENST00000525924.2	380	45340	44960
ENST00000525929.2	115	178472	178357
ENST00000525930.1	0	122	122
ENST00000525931.2	46989	118386	71397
ENST00000525933.1	0	4679	4679
ENST00000525934.1	226	410	184
ENST00000525936.1	81	2276	2195
ENST00000525940.5	0	18509	18509
ENST00000525942.1	0	38445	38445
ENST00000525943.1	4851	20601	15750
ENST00000525947.1	767	1484	717
ENST00000525948.5	36410	67405	30995
ENST00000525950.5	2931	4411	1480
ENST00000525954.5	101	31610	31509
ENST00000525955.1	535	3662	3127
ENST00000525956.5	1452	15594	14142
ENST00000525962.5	1312	181638	180326
ENST00000525964.7	30653	73946	43293
ENST00000525965.5	1667	26898	25231
ENST00000525967.5	2634	27665	25031
ENST00000525968.1	35933	45263	9330
ENST00000525970.5	0	40	40
ENST00000525974.5	258	20248	19990
ENST00000525975.5	29743	100460	70717
ENST00000525976.6	304	31301	30997
ENST00000525978.5	4118	10935	6817
ENST00000525981.1	0	987	987
ENST00000525982.5	116	8021	7905
ENST00000525990.1	0	38534	38534
ENST00000525991.5	30283	32713	2430
ENST00000525994.1	0	13510	13510
ENST00000525996.7	0	3787	3787
ENST00000525997.1	0	17664	17664
ENST00000525998.5	244	8250	8006
ENST00000525999.5	114	23111	22997
ENST00000526000.6	0	39001	39001
ENST00000526003.5	0	4756	4756
ENST00000526004.1	513	2888	2375
ENST00000526005.5	736	7353	6617
ENST00000526008.6	12964	19744	6780
ENST00000526009.5	5760	6346	586
ENST00000526010.2	472	5719	5247
ENST00000526014.6	2824	6074	3250
ENST00000526015.5	5970	9939	3969
ENST00000526018.1	0	3935	3935
ENST00000526019.5	22180	121475	99295
ENST00000526020.5	0	652	652
ENST00000526022.1	117	1545	1428
ENST00000526025.2	422	38091	37669
ENST00000526026.5	53	3842	3789
ENST00000526028.1	11587	13379	1792
ENST00000526031.5	329	29114	28785
ENST00000526033.5	1361	113007	111646
ENST00000526034.2	18	4816	4798
ENST00000526035.5	16	4144	4128
ENST00000526040.6	160	21836	21676
ENST00000526042.5	892	52371	51479
ENST00000526044.5	0	6266	6266
ENST00000526046.1	10298	26728	16430
ENST00000526049.6	583	5787	5204
ENST00000526054.5	191	3982	3791
ENST00000526056.5	3	28724	28721
ENST00000526057.5	0	2201	2201
ENST00000526060.5	1103	8152	7049
ENST00000526062.5	2837	6520	3683
ENST00000526063.5	237	16101	15864
ENST00000526065.1	68139	68667	528
ENST00000526068.1	136	1289	1153
ENST00000526070.2	126	33099	32973
ENST00000526072.5	4032	7257	3225
ENST00000526076.6	10415	15673	5258
ENST00000526077.5	0	4251	4251
ENST00000526082.5	31	48325	48294
ENST00000526085.5	125	3631	3506
ENST00000526087.5	24117	33245	9128
ENST00000526088.5	2921	43106	40185
ENST00000526090.1	967	23317	22350
ENST00000526092.6	893	14489	13596
ENST00000526094.5	5	13151	13146
ENST00000526095.2	103	70854	70751
ENST00000526096.2	553	20027	19474
ENST00000526099.5	351	26559	26208
ENST00000526100.5	31787	85712	53925
ENST00000526104.6	1147	8222	7075
ENST00000526105.5	200	55127	54927
ENST00000526106.5	117	7011	6894
ENST00000526110.5	36	5496	5460
ENST00000526111.5	77	37095	37018
ENST00000526114.5	499	1204	705
ENST00000526115.5	499	35252	34753
ENST00000526117.6	522	83697	83175
ENST00000526118.1	29	3191	3162
ENST00000526120.5	26126	27173	1047
ENST00000526122.5	0	7491	7491
ENST00000526123.5	25936	42324	16388
ENST00000526126.5	0	24842	24842
ENST00000526129.5	82	8367	8285
ENST00000526130.2	897	8679	7782
ENST00000526133.1	0	218	218
ENST00000526134.1	0	7859	7859
ENST00000526135.5	0	318	318
ENST00000526136.2	113	217922	217809
ENST00000526137.1	2770	2806	36
ENST00000526143.2	672	15203	14531
ENST00000526144.1	0	8585	8585
ENST00000526145.6	2120	62805	60685
ENST00000526148.6	769	12945	12176
ENST00000526152.5	0	2483	2483
ENST00000526153.5	11973	17151	5178
ENST00000526155.5	0	20154	20154
ENST00000526158.5	2662	9633	6971
ENST00000526164.5	21383	63992	42609
ENST00000526167.5	151	2147	1996
ENST00000526168.5	2285	3024	739
ENST00000526170.6	32	9471	9439
ENST00000526171.5	26	3774	3748
ENST00000526175.5	283	5257	4974
ENST00000526177.5	870	16694	15824
ENST00000526180.6	144	3623	3479
ENST00000526181.1	0	11845	11845
ENST00000526187.5	0	16841	16841
ENST00000526188.5	0	14172	14172
ENST00000526189.3	550	5233	4683
ENST00000526193.5	90	17876	17786
ENST00000526195.6	742	10171	9429
ENST00000526196.5	82	8297	8215
ENST00000526197.5	342	31523	31181
ENST00000526198.5	40	19783	19743
ENST00000526200.1	441	1690	1249
ENST00000526201.1	377	10610	10233
ENST00000526202.5	80	101080	101000
ENST00000526204.5	2405	3427	1022
ENST00000526205.5	0	10049	10049
ENST00000526208.5	0	990	990
ENST00000526209.2	9416	12283	2867
ENST00000526210.1	4345	11999	7654
ENST00000526212.2	0	2966	2966
ENST00000526215.5	47513	78508	30995
ENST00000526216.1	6795	9161	2366
ENST00000526219.5	606	37663	37057
ENST00000526224.5	2310	7070	4760
ENST00000526230.1	8447	9167	720
ENST00000526232.1	0	1330	1330
ENST00000526236.5	0	6984	6984
ENST00000526237.5	1300	6118	4818
ENST00000526241.5	0	20260	20260
ENST00000526242.1	4213	4799	586
ENST00000526247.6	19	37115	37096
ENST00000526248.5	0	4960	4960
ENST00000526252.5	0	60	60
ENST00000526256.5	476	12112	11636
ENST00000526257.1	0	4248	4248
ENST00000526259.5	3234	5146	1912
ENST00000526260.1	0	13262	13262
ENST00000526261.1	4427	5179	752
ENST00000526262.5	0	18534	18534
ENST00000526264.5	221	51192	50971
ENST00000526265.5	1424	12895	11471
ENST00000526266.5	25324	30031	4707
ENST00000526267.1	0	13445	13445
ENST00000526277.1	0	10651	10651
ENST00000526280.1	0	3673	3673
ENST00000526283.6	2318	9932	7614
ENST00000526285.1	219	21250	21031
ENST00000526286.1	0	6340	6340
ENST00000526290.1	0	2244	2244
ENST00000526292.1	10173	39074	28901
ENST00000526293.1	0	6540	6540
ENST00000526296.5	4413	9677	5264
ENST00000526297.5	5811	7389	1578
ENST00000526299.5	14988	16409	1421
ENST00000526300.5	2953	92034	89081
ENST00000526302.5	0	2158	2158
ENST00000526309.1	0	17946	17946
ENST00000526311.5	13981	15781	1800
ENST00000526312.5	0	36819	36819
ENST00000526313.5	26976	51607	24631
ENST00000526314.2	0	4658	4658
ENST00000526315.5	6658	9885	3227
ENST00000526318.2	0	6641	6641
ENST00000526319.5	28	4044	4016
ENST00000526320.5	0	18509	18509
ENST00000526322.5	0	31502	31502
ENST00000526324.5	0	44313	44313
ENST00000526325.5	4132	10786	6654
ENST00000526332.5	0	4848	4848
ENST00000526334.5	457	3329	2872
ENST00000526335.1	909	9283	8374
ENST00000526336.1	7912	10954	3042
ENST00000526337.5	0	2048	2048
ENST00000526338.7	717	3274	2557
ENST00000526339.5	1409	6319	4910
ENST00000526340.5	0	813	813
ENST00000526341.6	139	1677	1538
ENST00000526342.5	0	10731	10731
ENST00000526343.5	388	120819	120431
ENST00000526346.5	0	15307	15307
ENST00000526349.5	455	14884	14429
ENST00000526351.5	15908	28193	12285
ENST00000526355.7	13533	346224	332691
ENST00000526356.1	842	6204	5362
ENST00000526357.5	29844	57214	27370
ENST00000526358.5	99	49981	49882
ENST00000526360.1	0	172	172
ENST00000526361.1	15837	28034	12197
ENST00000526363.1	0	72484	72484
ENST00000526369.3	0	6617	6617
ENST00000526371.1	153	2081	1928
ENST00000526372.1	379	62447	62068
ENST00000526373.1	0	162427	162427
ENST00000526375.5	114	9892	9778
ENST00000526378.5	0	3433	3433
ENST00000526383.2	25	25421	25396
ENST00000526384.1	0	3231	3231
ENST00000526387.5	288	6544	6256
ENST00000526390.5	4019	63043	59024
ENST00000526391.5	164	6255	6091
ENST00000526394.1	0	14771	14771
ENST00000526395.5	183	1841	1658
ENST00000526396.3	0	7470	7470
ENST00000526397.5	4107	7469	3362
ENST00000526398.1	1370	2931	1561
ENST00000526400.7	186	295912	295726
ENST00000526404.2	0	80114	80114
ENST00000526406.5	6129	11136	5007
ENST00000526413.5	5045	9339	4294
ENST00000526414.5	11656	71457	59801
ENST00000526415.5	21368	51546	30178
ENST00000526419.1	0	338	338
ENST00000526421.6	7026	21419	14393
ENST00000526422.2	343	942	599
ENST00000526424.5	27	50744	50717
ENST00000526425.1	626	17079	16453
ENST00000526428.1	0	5067	5067
ENST00000526432.5	216	6430	6214
ENST00000526433.1	0	3158	3158
ENST00000526435.1	283	1058	775
ENST00000526437.5	93612	169540	75928
ENST00000526438.6	809	3273	2464
ENST00000526439.1	519	1001	482
ENST00000526441.1	3	38841	38838
ENST00000526445.1	194	42384	42190
ENST00000526446.5	1468	1799	331
ENST00000526451.5	2057	4334	2277
ENST00000526457.3	0	15951	15951
ENST00000526459.6	3	14395	14392
ENST00000526463.5	43	3958	3915
ENST00000526464.6	443	4541	4098
ENST00000526468.1	116	5233	5117
ENST00000526472.1	0	53025	53025
ENST00000526476.5	44	611	567
ENST00000526491.5	101	13176	13075
ENST00000526492.4	613	1795	1182
ENST00000526495.6	4257	52954	48697
ENST00000526496.1	0	5478	5478
ENST00000526501.5	2543	12330	9787
ENST00000526504.5	7688	222997	215309
ENST00000526506.5	5500	7067	1567
ENST00000526508.5	26729	56301	29572
ENST00000526513.6	10722	11311	589
ENST00000526515.5	1763	8010	6247
ENST00000526516.5	0	823	823
ENST00000526520.5	0	16775	16775
ENST00000526521.5	82	48754	48672
ENST00000526522.5	41	3265	3224
ENST00000526528.1	149	3930	3781
ENST00000526529.3	888	4386	3498
ENST00000526530.1	1735	80838	79103
ENST00000526532.5	0	2583	2583
ENST00000526538.2	3	1891	1888
ENST00000526539.2	0	2106	2106
ENST00000526544.5	74	7219	7145
ENST00000526545.5	69	21376	21307
ENST00000526546.1	0	817	817
ENST00000526547.2	7615	7819	204
ENST00000526549.5	69	31985	31916
ENST00000526553.6	0	10735	10735
ENST00000526555.5	0	1378	1378
ENST00000526559.5	8136	11126	2990
ENST00000526560.6	0	1953	1953
ENST00000526562.5	1545	2873	1328
ENST00000526565.5	0	14579	14579
ENST00000526567.5	4096	6132	2036
ENST00000526568.5	753	10530	9777
ENST00000526575.1	291	1977	1686
ENST00000526578.5	549	11733	11184
ENST00000526580.5	24269	32193	7924
ENST00000526583.1	0	322	322
ENST00000526584.2	0	234	234
ENST00000526586.6	413	1657	1244
ENST00000526587.2	0	11814	11814
ENST00000526589.5	7798	30952	23154
ENST00000526592.5	9	6720	6711
ENST00000526593.1	0	8000	8000
ENST00000526595.5	3967	19392	15425
ENST00000526596.2	607	238266	237659
ENST00000526597.5	115368	159893	44525
ENST00000526599.1	3296	5561	2265
ENST00000526600.1	223	58758	58535
ENST00000526601.5	4	16299	16295
ENST00000526603.6	4572	63517	58945
ENST00000526606.1	0	142	142
ENST00000526607.1	8498	8742	244
ENST00000526608.5	11	6012	6001
ENST00000526614.5	504	4847	4343
ENST00000526619.7	98	12285	12187
ENST00000526620.5	163	19379	19216
ENST00000526621.5	0	658	658
ENST00000526624.5	0	2835	2835
ENST00000526627.2	16684	17042	358
ENST00000526629.1	651	9250	8599
ENST00000526630.2	845	14703	13858
ENST00000526632.5	451	30037	29586
ENST00000526634.5	1490	24519	23029
ENST00000526637.1	575	14361	13786
ENST00000526638.1	0	332	332
ENST00000526639.3	7402	8876	1474
ENST00000526640.5	145	3295	3150
ENST00000526641.5	52	24033	23981
ENST00000526645.6	787	10121	9334
ENST00000526650.5	25	7225	7200
ENST00000526657.5	10296	17998	7702
ENST00000526658.1	0	2472	2472
ENST00000526659.1	0	14976	14976
ENST00000526663.1	0	8336	8336
ENST00000526669.6	122	90760	90638
ENST00000526673.1	0	23193	23193
ENST00000526676.1	0	46304	46304
ENST00000526678.5	0	68820	68820
ENST00000526679.1	2710	5203	2493
ENST00000526680.5	15189	16304	1115
ENST00000526682.5	24741	27130	2389
ENST00000526683.6	179	14624	14445
ENST00000526686.1	0	1379	1379
ENST00000526687.1	492	57987	57495
ENST00000526691.5	456	63175	62719
ENST00000526693.5	3101	5085	1984
ENST00000526696.6	0	1559	1559
ENST00000526705.1	9392	17141	7749
ENST00000526707.5	4995	121765	116770
ENST00000526708.6	6462	8865	2403
ENST00000526710.1	0	1800	1800
ENST00000526711.5	541	4811	4270
ENST00000526712.1	773	12660	11887
ENST00000526716.5	44770	53454	8684
ENST00000526717.1	13810	64564	50754
ENST00000526722.1	2846	3060	214
ENST00000526723.5	39	12101	12062
ENST00000526726.1	0	7234	7234
ENST00000526727.5	374	9251	8877
ENST00000526728.5	39014	41477	2463
ENST00000526729.1	0	47221	47221
ENST00000526731.5	422	19517	19095
ENST00000526733.5	125	119854	119729
ENST00000526737.6	20131	39100	18969
ENST00000526740.3	143	22770	22627
ENST00000526742.5	0	31720	31720
ENST00000526745.6	12380	15422	3042
ENST00000526750.1	9762	161054	151292
ENST00000526751.5	0	10178	10178
ENST00000526752.3	700	2742	2042
ENST00000526753.6	27982	43055	15073
ENST00000526754.5	13093	42639	29546
ENST00000526755.5	39	7992	7953
ENST00000526757.5	748	59482	58734
ENST00000526758.5	975	4761	3786
ENST00000526760.5	54	4182	4128
ENST00000526761.5	104695	104823	128
ENST00000526763.6	3336	6001	2665
ENST00000526772.5	39949	56325	16376
ENST00000526776.5	102	31154	31052
ENST00000526779.3	282	1423	1141
ENST00000526780.6	957	11949	10992
ENST00000526781.5	16	34591	34575
ENST00000526783.1	0	8823	8823
ENST00000526784.5	4541	14537	9996
ENST00000526785.5	972	28995	28023
ENST00000526787.3	394	8308	7914
ENST00000526791.1	409	797	388
ENST00000526792.5	16022	44890	28868
ENST00000526793.5	1755	9833	8078
ENST00000526794.1	32	255439	255407
ENST00000526797.5	4565	10021	5456
ENST00000526799.5	48	931	883
ENST00000526800.1	14	21333	21319
ENST00000526809.5	171	4321	4150
ENST00000526811.4	68	1311	1243
ENST00000526815.5	422	4023	3601
ENST00000526816.6	1765	44044	42279
ENST00000526817.2	1755	8297	6542
ENST00000526819.5	0	61669	61669
ENST00000526820.5	35	6042	6007
ENST00000526821.5	700	30809	30109
ENST00000526822.5	4	5746	5742
ENST00000526823.1	873	1177	304
ENST00000526824.5	5006	5762	756
ENST00000526825.6	15272	19797	4525
ENST00000526827.1	0	107788	107788
ENST00000526828.5	0	19722	19722
ENST00000526831.2	0	22578	22578
ENST00000526832.5	241	15160	14919
ENST00000526833.2	20	16939	16919
ENST00000526834.1	0	368	368
ENST00000526838.5	67	7896	7829
ENST00000526839.1	0	4360	4360
ENST00000526841.1	0	23568	23568
ENST00000526842.5	0	8137	8137
ENST00000526846.1	61869	62063	194
ENST00000526847.1	4118	5370	1252
ENST00000526849.6	21	40111	40090
ENST00000526852.5	0	554	554
ENST00000526853.1	0	2137	2137
ENST00000526854.5	9267	12444	3177
ENST00000526855.1	0	72	72
ENST00000526856.5	0	2044	2044
ENST00000526858.1	0	2783	2783
ENST00000526859.1	0	4872	4872
ENST00000526861.5	3055	10824	7769
ENST00000526866.5	9751	67640	57889
ENST00000526869.1	0	280	280
ENST00000526870.1	730	9588	8858
ENST00000526872.3	0	24789	24789
ENST00000526873.5	36178	52724	16546
ENST00000526875.1	0	18019	18019
ENST00000526876.2	0	7748	7748
ENST00000526877.1	5	1145	1140
ENST00000526879.5	1259	6467	5208
ENST00000526881.1	0	5713	5713
ENST00000526882.5	0	20627	20627
ENST00000526883.1	0	20661	20661
ENST00000526884.1	0	4468	4468
ENST00000526887.5	0	15060	15060
ENST00000526889.5	0	19339	19339
ENST00000526891.2	767	3090	2323
ENST00000526893.6	238	8514	8276
ENST00000526894.5	3126	10343	7217
ENST00000526896.5	42068	67327	25259
ENST00000526898.5	5374	6895	1521
ENST00000526900.1	137	3131	2994
ENST00000526909.5	3184	3492	308
ENST00000526911.1	250	1779	1529
ENST00000526912.1	0	920	920
ENST00000526913.5	0	43117	43117
ENST00000526914.2	320	2250	1930
ENST00000526917.5	93	19887	19794
ENST00000526924.5	123	25859	25736
ENST00000526926.6	13974	16948	2974
ENST00000526927.6	31	21798	21767
ENST00000526929.1	0	3178	3178
ENST00000526932.1	0	5915	5915
ENST00000526937.5	764	7752	6988
ENST00000526938.5	29661	57224	27563
ENST00000526940.1	146	4899	4753
ENST00000526944.1	0	364	364
ENST00000526945.5	370	3166	2796
ENST00000526946.5	174	67550	67376
ENST00000526950.2	22742	63197	40455
ENST00000526954.5	702	5825	5123
ENST00000526958.5	55	51344	51289
ENST00000526961.5	12	38672	38660
ENST00000526962.1	17358	59686	42328
ENST00000526966.5	979	4703	3724
ENST00000526968.1	0	154	154
ENST00000526970.5	5622	6852	1230
ENST00000526973.5	0	3918	3918
ENST00000526974.1	15687	15823	136
ENST00000526975.1	0	2395	2395
ENST00000526981.1	0	25751	25751
ENST00000526982.1	55	600	545
ENST00000526983.1	0	920	920
ENST00000526986.5	5878	25700	19822
ENST00000526988.1	632	8079	7447
ENST00000526991.3	99	1291	1192
ENST00000526993.1	0	2670	2670
ENST00000526994.6	0	18318	18318
ENST00000526995.6	6072	19306	13234
ENST00000526997.5	16	23678	23662
ENST00000526999.5	0	5408	5408
ENST00000527003.5	5711	12301	6590
ENST00000527004.5	17	6708	6691
ENST00000527006.1	0	1389	1389
ENST00000527009.5	765	15130	14365
ENST00000527011.5	1745	395877	394132
ENST00000527013.6	767	10047	9280
ENST00000527017.6	0	22971	22971
ENST00000527018.6	484	43078	42594
ENST00000527020.5	467	51986	51519
ENST00000527022.1	0	2318	2318
ENST00000527024.2	111	44807	44696
ENST00000527025.5	19298	20184	886
ENST00000527033.6	3	3163	3160
ENST00000527034.5	593	13851	13258
ENST00000527038.7	0	8395	8395
ENST00000527041.1	201	37588	37387
ENST00000527043.6	7011	26876	19865
ENST00000527049.1	0	517	517
ENST00000527051.1	0	984	984
ENST00000527052.5	0	354	354
ENST00000527056.5	7	11773	11766
ENST00000527057.5	4104	67008	62904
ENST00000527058.1	601	2550	1949
ENST00000527060.5	22	450	428
ENST00000527062.5	9607	16130	6523
ENST00000527066.5	17916	27125	9209
ENST00000527070.5	2356	14447	12091
ENST00000527072.5	40	1835	1795
ENST00000527077.5	55	76263	76208
ENST00000527078.6	729	3778	3049
ENST00000527080.1	3	3181	3178
ENST00000527084.5	56539	67627	11088
ENST00000527087.5	450	99691	99241
ENST00000527088.2	315	1675731	1675416
ENST00000527089.5	1360	1964	604
ENST00000527091.1	274	2631	2357
ENST00000527093.5	0	5829	5829
ENST00000527095.7	66	623774	623708
ENST00000527096.5	3	72870	72867
ENST00000527098.5	8664	13057	4393
ENST00000527099.2	31	24491	24460
ENST00000527102.6	25619	57701	32082
ENST00000527104.6	1132	112431	111299
ENST00000527106.5	865	3017	2152
ENST00000527108.6	15558	65075	49517
ENST00000527111.2	312	1138	826
ENST00000527115.1	536	1834	1298
ENST00000527118.5	129	17251	17122
ENST00000527119.5	0	2407	2407
ENST00000527121.5	490	1195	705
ENST00000527123.1	0	2023	2023
ENST00000527131.2	2669	8702	6033
ENST00000527133.2	6191	18253	12062
ENST00000527134.5	21343	79850	58507
ENST00000527137.2	15	540	525
ENST00000527139.7	1715	58133	56418
ENST00000527140.1	5106	33053	27947
ENST00000527142.5	1157	2911	1754
ENST00000527143.1	0	3521	3521
ENST00000527144.6	119	2764	2645
ENST00000527145.1	22	2543	2521
ENST00000527146.1	0	641	641
ENST00000527149.5	72	424	352
ENST00000527150.5	132	3970	3838
ENST00000527155.5	0	64623	64623
ENST00000527156.1	89646	90764	1118
ENST00000527163.5	0	17967	17967
ENST00000527169.5	3505	8799	5294
ENST00000527170.5	7085	44739	37654
ENST00000527172.5	100161	100445	284
ENST00000527174.5	1218	7617	6399
ENST00000527175.1	0	4111	4111
ENST00000527177.5	1004	2685	1681
ENST00000527180.5	5634	12617	6983
ENST00000527185.5	535074	1290044	754970
ENST00000527192.5	126	12084	11958
ENST00000527194.5	0	1636	1636
ENST00000527197.5	3	14312	14309
ENST00000527199.5	4191	4441	250
ENST00000527204.5	36	5314	5278
ENST00000527205.1	0	34284	34284
ENST00000527207.1	0	1936	1936
ENST00000527215.7	766	10100	9334
ENST00000527216.5	6645	9780	3135
ENST00000527218.6	1509	17637	16128
ENST00000527220.2	1236	2934	1698
ENST00000527223.6	402	9797	9395
ENST00000527226.2	0	2605	2605
ENST00000527229.5	67	3929	3862
ENST00000527230.2	737	4330	3593
ENST00000527235.6	3039	14846	11807
ENST00000527238.5	186571	203255	16684
ENST00000527242.2	60	1171	1111
ENST00000527243.6	500	9834	9334
ENST00000527246.3	2005	2813	808
ENST00000527248.3	80	1733	1653
ENST00000527249.5	35	2312	2277
ENST00000527250.5	0	39187	39187
ENST00000527251.5	440	4083	3643
ENST00000527254.5	5246	9055	3809
ENST00000527256.7	296	10129	9833
ENST00000527258.5	0	39500	39500
ENST00000527260.5	225	27819	27594
ENST00000527262.5	5598	11189	5591
ENST00000527263.1	0	118457	118457
ENST00000527267.1	444	1057	613
ENST00000527271.5	79	5053	4974
ENST00000527272.1	41	34757	34716
ENST00000527273.5	6	4946	4940
ENST00000527275.5	124	6013	5889
ENST00000527277.5	480	798	318
ENST00000527280.1	0	150	150
ENST00000527284.6	1164	39847	38683
ENST00000527293.5	5630	6906	1276
ENST00000527296.1	0	1877	1877
ENST00000527298.5	19	51948	51929
ENST00000527300.5	1986	10980	8994
ENST00000527301.1	0	470	470
ENST00000527302.1	0	2722	2722
ENST00000527303.2	1027	70526	69499
ENST00000527307.2	38	25157	25119
ENST00000527309.2	13559	20222	6663
ENST00000527311.7	0	23728	23728
ENST00000527316.6	3	10009	10006
ENST00000527323.5	240	30942	30702
ENST00000527330.2	1345	18376	17031
ENST00000527331.6	2377	11553	9176
ENST00000527333.5	0	7688	7688
ENST00000527334.5	1777	6983	5206
ENST00000527335.5	22431	31200	8769
ENST00000527337.1	0	2730	2730
ENST00000527341.5	3076	5086	2010
ENST00000527343.5	0	12880	12880
ENST00000527344.5	364	1663	1299
ENST00000527347.5	0	20078	20078
ENST00000527348.1	469	1252	783
ENST00000527353.2	579	1003	424
ENST00000527355.5	0	1503	1503
ENST00000527359.5	105	29238	29133
ENST00000527361.5	228	34649	34421
ENST00000527362.5	0	25933	25933
ENST00000527363.5	1565	10073	8508
ENST00000527372.7	3651	101939	98288
ENST00000527375.5	3242	4830	1588
ENST00000527376.3	89616	90018	402
ENST00000527378.1	0	2719	2719
ENST00000527379.5	82	5525	5443
ENST00000527380.1	50	115980	115930
ENST00000527381.2	8	14587	14579
ENST00000527382.5	4309	9416	5107
ENST00000527385.1	4762	25164	20402
ENST00000527387.5	0	1709	1709
ENST00000527388.5	242	54632	54390
ENST00000527390.1	1589	9951	8362
ENST00000527391.5	0	31749	31749
ENST00000527392.5	0	19728	19728
ENST00000527397.1	90	8147	8057
ENST00000527399.3	9450	15966	6516
ENST00000527403.6	18159	96101	77942
ENST00000527405.5	10326	33918	23592
ENST00000527407.5	288	78950	78662
ENST00000527410.3	5329	13771	8442
ENST00000527411.5	18786	119921	101135
ENST00000527414.5	180	48877	48697
ENST00000527415.5	86	7712	7626
ENST00000527417.5	3013	8248	5235
ENST00000527419.6	0	3260	3260
ENST00000527420.5	4158	33800	29642
ENST00000527422.5	2952	10128	7176
ENST00000527423.5	0	11720	11720
ENST00000527424.6	2861	35331	32470
ENST00000527430.1	4348	4978	630
ENST00000527431.1	23853	30089	6236
ENST00000527432.5	13110	63781	50671
ENST00000527433.6	2	73534	73532
ENST00000527436.5	1746	3494	1748
ENST00000527442.5	3507	4225	718
ENST00000527446.5	17	6054	6037
ENST00000527447.2	5824	7946	2122
ENST00000527452.1	0	1182	1182
ENST00000527457.5	17497	56635	39138
ENST00000527458.5	12088	49429	37341
ENST00000527462.1	0	1088	1088
ENST00000527465.1	2649	3541	892
ENST00000527466.2	437	980489	980052
ENST00000527467.5	39949	56428	16479
ENST00000527468.1	525	791	266
ENST00000527470.5	102	23914	23812
ENST00000527472.1	659	23719	23060
ENST00000527473.5	0	19908	19908
ENST00000527478.6	7317	37039	29722
ENST00000527479.5	5	363	358
ENST00000527481.3	1578	30547	28969
ENST00000527482.2	0	9377	9377
ENST00000527485.5	0	3725	3725
ENST00000527486.2	0	1852	1852
ENST00000527487.1	57	61914	61857
ENST00000527493.5	144	25518	25374
ENST00000527494.5	211517	218722	7205
ENST00000527495.5	213	17493	17280
ENST00000527498.1	8347	19739	11392
ENST00000527501.1	0	1403	1403
ENST00000527502.5	101	76883	76782
ENST00000527504.1	958	1604	646
ENST00000527507.1	0	6383	6383
ENST00000527510.5	0	35354	35354
ENST00000527513.5	2132	18047	15915
ENST00000527514.1	0	2591	2591
ENST00000527516.5	0	19978	19978
ENST00000527520.6	2688	8000	5312
ENST00000527521.1	16585	17509	924
ENST00000527522.1	641	7912	7271
ENST00000527523.5	112	55982	55870
ENST00000527524.8	148571	477358	328787
ENST00000527525.5	1056	13650	12594
ENST00000527526.6	0	2701	2701
ENST00000527529.6	3254	4240	986
ENST00000527531.5	51825	131291	79466
ENST00000527534.1	0	472	472
ENST00000527535.5	11058	14266	3208
ENST00000527536.5	2527	23883	21356
ENST00000527541.5	56524	67612	11088
ENST00000527542.5	0	4746	4746
ENST00000527546.5	23768	126910	103142
ENST00000527547.5	58	70742	70684
ENST00000527548.5	53	1577	1524
ENST00000527561.5	28	10929	10901
ENST00000527569.1	306	7262	6956
ENST00000527572.5	706	1225	519
ENST00000527575.6	88730	262810	174080
ENST00000527576.5	20942	29579	8637
ENST00000527577.5	124	12821	12697
ENST00000527578.5	653	39697	39044
ENST00000527580.5	0	21081	21081
ENST00000527581.5	0	14194	14194
ENST00000527585.5	949	1876	927
ENST00000527586.1	0	15070	15070
ENST00000527591.5	0	118	118
ENST00000527593.5	0	16908	16908
ENST00000527595.5	11147	24363	13216
ENST00000527598.1	2319	117023	114704
ENST00000527600.5	0	2142	2142
ENST00000527604.1	0	9177	9177
ENST00000527605.5	0	63814	63814
ENST00000527606.5	4204	11531	7327
ENST00000527609.5	10502	24235	13733
ENST00000527610.1	51	1775	1724
ENST00000527613.5	10674	23521	12847
ENST00000527614.6	3722	30272	26550
ENST00000527615.5	133	23789	23656
ENST00000527616.1	94	1700	1606
ENST00000527619.6	104	370929	370825
ENST00000527621.1	0	12441	12441
ENST00000527624.1	27	183923	183896
ENST00000527626.5	343	107578	107235
ENST00000527629.6	4094	10553	6459
ENST00000527631.5	20548	32636	12088
ENST00000527633.6	9035	24788	15753
ENST00000527634.5	51534	99828	48294
ENST00000527636.7	89812	264065	174253
ENST00000527639.2	0	3246	3246
ENST00000527640.1	0	5428	5428
ENST00000527644.2	213	17794	17581
ENST00000527645.1	0	2400	2400
ENST00000527647.5	53	85626	85573
ENST00000527651.5	89	236748	236659
ENST00000527657.1	158	3211	3053
ENST00000527659.5	3	100767	100764
ENST00000527661.5	4202	47319	43117
ENST00000527663.6	337	4460	4123
ENST00000527667.5	26	50673	50647
ENST00000527669.1	877	2568	1691
ENST00000527670.5	594	21614	21020
ENST00000527673.2	131	2938	2807
ENST00000527681.2	39875	148714	108839
ENST00000527685.5	0	1231	1231
ENST00000527688.5	22608	58748	36140
ENST00000527690.1	0	46	46
ENST00000527693.1	0	10520	10520
ENST00000527696.5	224	6845	6621
ENST00000527697.5	298	6922	6624
ENST00000527699.5	267	1610	1343
ENST00000527701.6	42706	43355	649
ENST00000527703.2	0	5249	5249
ENST00000527706.5	558	374804	374246
ENST00000527708.5	50	3993	3943
ENST00000527709.5	10640	18029	7389
ENST00000527710.5	157	12121	11964
ENST00000527711.5	159	109733	109574
ENST00000527716.1	348	2106	1758
ENST00000527717.5	2824	6074	3250
ENST00000527718.2	887	9149	8262
ENST00000527719.5	0	7658	7658
ENST00000527720.5	470	40911	40441
ENST00000527723.5	0	2525	2525
ENST00000527728.1	0	3947	3947
ENST00000527729.5	103	26727	26624
ENST00000527730.1	1734	3720	1986
ENST00000527731.1	0	37497	37497
ENST00000527733.7	214	118237	118023
ENST00000527734.5	689	2296	1607
ENST00000527735.1	0	19548	19548
ENST00000527736.5	0	4	4
ENST00000527737.5	19523	40289	20766
ENST00000527739.5	1015	4739	3724
ENST00000527744.6	55	14497	14442
ENST00000527747.5	8139	40570	32431
ENST00000527748.5	3151	5855	2704
ENST00000527749.5	0	3849	3849
ENST00000527759.5	1422	22918	21496
ENST00000527762.5	10605	14882	4277
ENST00000527766.5	270	5244	4974
ENST00000527767.7	65214	80146	14932
ENST00000527771.5	9643	154556	144913
ENST00000527776.5	0	5992	5992
ENST00000527779.1	2290	27845	25555
ENST00000527782.5	0	66	66
ENST00000527784.5	26	50673	50647
ENST00000527786.7	187	118260	118073
ENST00000527790.5	11199	72546	61347
ENST00000527791.5	1704	2686	982
ENST00000527794.5	0	10066	10066
ENST00000527795.1	103	8867	8764
ENST00000527800.6	1227	21217	19990
ENST00000527805.6	4557	78847	74290
ENST00000527806.1	1527	11656	10129
ENST00000527809.5	3044	5753	2709
ENST00000527811.5	0	14161	14161
ENST00000527813.5	26	31476	31450
ENST00000527820.5	20685	43495	22810
ENST00000527821.2	0	3162	3162
ENST00000527822.5	7	18047	18040
ENST00000527823.5	0	3711	3711
ENST00000527825.1	0	1041	1041
ENST00000527834.5	7777	12843	5066
ENST00000527838.5	2074	22755	20681
ENST00000527841.5	111	8574	8463
ENST00000527842.6	3051	10146	7095
ENST00000527843.1	0	824	824
ENST00000527844.1	73	7108	7035
ENST00000527845.1	129	10602	10473
ENST00000527848.1	0	6869	6869
ENST00000527849.5	25989	50506	24517
ENST00000527850.5	373	5697	5324
ENST00000527852.6	0	6816	6816
ENST00000527860.5	3985	24624	20639
ENST00000527869.7	21	47186	47165
ENST00000527874.1	0	2106	2106
ENST00000527877.5	4672	9112	4440
ENST00000527878.1	146	4342	4196
ENST00000527879.2	196	2192	1996
ENST00000527881.1	3865	5981	2116
ENST00000527882.5	19	29081	29062
ENST00000527884.5	598	18647	18049
ENST00000527886.5	2670	16624	13954
ENST00000527888.1	887	2705	1818
ENST00000527889.6	0	33870	33870
ENST00000527892.5	20184	36421	16237
ENST00000527896.1	6963	9303	2340
ENST00000527899.6	141	3620	3479
ENST00000527900.1	0	38133	38133
ENST00000527902.5	248	4216	3968
ENST00000527905.5	10118	82932	72814
ENST00000527906.5	2310	3406	1096
ENST00000527911.5	197	35252	35055
ENST00000527914.5	38	2800	2762
ENST00000527915.5	5	15462	15457
ENST00000527920.5	211	2169	1958
ENST00000527924.6	4931	5891	960
ENST00000527925.1	0	36408	36408
ENST00000527926.5	4459	24503	20044
ENST00000527927.5	0	10807	10807
ENST00000527930.5	0	36416	36416
ENST00000527934.1	421	41609	41188
ENST00000527935.1	4	4468	4464
ENST00000527937.1	3331	10714	7383
ENST00000527938.5	184	32722	32538
ENST00000527939.1	56	18137	18081
ENST00000527941.5	15653	23148	7495
ENST00000527943.5	0	16800	16800
ENST00000527944.2	913	16702	15789
ENST00000527947.5	2787	25141	22354
ENST00000527948.1	2545	27214	24669
ENST00000527949.1	53	9178	9125
ENST00000527950.5	144	3623	3479
ENST00000527952.1	186	143409	143223
ENST00000527954.1	280	1939	1659
ENST00000527956.5	412	165836	165424
ENST00000527958.6	8161	24091	15930
ENST00000527963.1	0	3120	3120
ENST00000527965.5	269	80608	80339
ENST00000527968.5	0	3010	3010
ENST00000527971.5	17	38836	38819
ENST00000527972.6	5048	13989	8941
ENST00000527974.5	7832	30986	23154
ENST00000527975.5	9715	36827	27112
ENST00000527976.1	0	13004	13004
ENST00000527979.5	753	10019	9266
ENST00000527980.5	88	7505	7417
ENST00000527985.5	14730	34257	19527
ENST00000527988.1	3	5484	5481
ENST00000527991.2	0	17630	17630
ENST00000527994.1	0	692	692
ENST00000527995.2	623	9808	9185
ENST00000527996.5	15	50546	50531
ENST00000527998.5	76670	81025	4355
ENST00000527999.1	13894	28177	14283
ENST00000528004.5	198	24542	24344
ENST00000528010.1	0	2662	2662
ENST00000528011.2	1534	4399	2865
ENST00000528012.5	3998	8796	4798
ENST00000528013.6	3	6789	6786
ENST00000528014.5	605	8130	7525
ENST00000528015.5	0	16850	16850
ENST00000528016.1	0	19919	19919
ENST00000528020.2	414	2205	1791
ENST00000528021.6	35	2445	2410
ENST00000528025.6	3	72931	72928
ENST00000528032.5	17483	19818	2335
ENST00000528033.3	0	20888	20888
ENST00000528036.5	2825	3761	936
ENST00000528041.5	1630	3717	2087
ENST00000528043.5	2076	3556	1480
ENST00000528045.5	0	39486	39486
ENST00000528048.5	35	8269	8234
ENST00000528052.5	161	19533	19372
ENST00000528053.5	2218	29837	27619
ENST00000528054.1	1617	3949	2332
ENST00000528057.5	88	14607	14519
ENST00000528058.1	0	662	662
ENST00000528059.1	0	10410	10410
ENST00000528062.7	586	38485	37899
ENST00000528063.5	115	4583	4468
ENST00000528064.6	13455	32959	19504
ENST00000528070.5	67	5049	4982
ENST00000528071.5	771	59629	58858
ENST00000528073.6	45	2206	2161
ENST00000528076.1	0	15529	15529
ENST00000528077.6	13735	25248	11513
ENST00000528078.1	1406	5633	4227
ENST00000528080.6	2773	34653	31880
ENST00000528081.5	5	17226	17221
ENST00000528082.6	1154	29810	28656
ENST00000528084.5	105	10877	10772
ENST00000528085.1	0	1535	1535
ENST00000528092.5	15483	53754	38271
ENST00000528093.1	0	2753	2753
ENST00000528094.5	264	7352	7088
ENST00000528095.5	0	121693	121693
ENST00000528097.5	54	17929	17875
ENST00000528099.5	5735	20963	15228
ENST00000528101.1	0	33888	33888
ENST00000528105.5	6210	8893	2683
ENST00000528106.2	3079	3195	116
ENST00000528107.5	3988	17816	13828
ENST00000528110.5	5	26414	26409
ENST00000528113.5	1738	13712	11974
ENST00000528117.5	445	3864	3419
ENST00000528120.5	132	34367	34235
ENST00000528125.5	3526	5251	1725
ENST00000528128.2	0	7324	7324
ENST00000528129.5	55	42516	42461
ENST00000528130.1	46	9518	9472
ENST00000528135.1	3846	18855	15009
ENST00000528136.5	0	971	971
ENST00000528140.5	0	16411	16411
ENST00000528141.5	616	1123	507
ENST00000528149.5	19928	20184	256
ENST00000528154.1	0	158	158
ENST00000528157.7	52	4337	4285
ENST00000528158.2	0	16600	16600
ENST00000528160.1	326	37145	36819
ENST00000528163.6	408	4506	4098
ENST00000528164.1	123	7199	7076
ENST00000528168.3	279	1857	1578
ENST00000528170.5	6781	19351	12570
ENST00000528174.5	13258	13941	683
ENST00000528176.5	128	7205	7077
ENST00000528177.5	20483	24975	4492
ENST00000528180.5	477	34842	34365
ENST00000528182.5	36	8407	8371
ENST00000528184.1	0	4575	4575
ENST00000528187.5	0	2587	2587
ENST00000528191.6	10252	14209	3957
ENST00000528192.5	52	2715	2663
ENST00000528193.5	52	103762	103710
ENST00000528195.6	77	68667	68590
ENST00000528196.5	0	35400	35400
ENST00000528198.5	41	2711	2670
ENST00000528200.5	90176	225816	135640
ENST00000528201.1	0	214	214
ENST00000528203.5	278	57713	57435
ENST00000528206.1	0	24985	24985
ENST00000528209.5	0	1854	1854
ENST00000528215.1	4665	8326	3661
ENST00000528216.5	13536	25353	11817
ENST00000528218.5	2288	13574	11286
ENST00000528219.5	0	1017	1017
ENST00000528221.1	0	4395	4395
ENST00000528224.2	2710	25473	22763
ENST00000528227.5	0	9528	9528
ENST00000528230.5	30	5153	5123
ENST00000528231.5	456	65767	65311
ENST00000528232.5	33816	57006	23190
ENST00000528238.5	89	32202	32113
ENST00000528239.5	56095	66424	10329
ENST00000528240.1	133	13064	12931
ENST00000528241.2	33044	33814	770
ENST00000528244.5	203	50492	50289
ENST00000528246.5	112337	333259	220922
ENST00000528248.1	40907	41658	751
ENST00000528249.5	120	22866	22746
ENST00000528251.1	268	62969	62701
ENST00000528252.5	113	370938	370825
ENST00000528253.3	2937	9200	6263
ENST00000528256.1	0	54247	54247
ENST00000528258.5	3942	14151	10209
ENST00000528262.5	5481	21360	15879
ENST00000528263.1	6341	11173	4832
ENST00000528264.1	1508	83537	82029
ENST00000528266.6	234	5718	5484
ENST00000528268.5	8262	66023	57761
ENST00000528270.6	58	3007	2949
ENST00000528272.1	1006	1575	569
ENST00000528273.5	139	1715	1576
ENST00000528274.2	0	6662	6662
ENST00000528279.1	0	954	954
ENST00000528281.5	0	1247	1247
ENST00000528282.5	18792	119364	100572
ENST00000528287.5	14510	22764	8254
ENST00000528288.5	5803	20882	15079
ENST00000528289.5	0	356	356
ENST00000528290.5	0	3037	3037
ENST00000528291.2	0	292	292
ENST00000528292.5	0	2601	2601
ENST00000528295.5	1232	1941	709
ENST00000528301.1	0	9195	9195
ENST00000528302.5	54	19024	18970
ENST00000528303.5	0	126	126
ENST00000528305.5	0	53665	53665
ENST00000528306.5	0	272	272
ENST00000528309.5	24	7327	7303
ENST00000528311.5	23513	124800	101287
ENST00000528313.1	6524	13001	6477
ENST00000528314.1	474	1516	1042
ENST00000528315.1	2464	2670	206
ENST00000528323.5	1738	17205	15467
ENST00000528324.5	121	12794	12673
ENST00000528328.1	539	1965	1426
ENST00000528330.2	212	5148	4936
ENST00000528331.5	727	46356	45629
ENST00000528333.1	89	33449	33360
ENST00000528338.1	0	13344	13344
ENST00000528341.5	192	165759	165567
ENST00000528343.5	0	21868	21868
ENST00000528344.1	0	13715	13715
ENST00000528345.5	0	14517	14517
ENST00000528346.1	0	5130	5130
ENST00000528349.5	572	6208	5636
ENST00000528350.5	0	4675	4675
ENST00000528352.1	2164	18325	16161
ENST00000528354.5	305	25395	25090
ENST00000528355.5	54	1184	1130
ENST00000528357.5	55	1433	1378
ENST00000528358.5	1243	6345	5102
ENST00000528359.6	3	125243	125240
ENST00000528361.5	11	2704	2693
ENST00000528364.1	1098	19886	18788
ENST00000528367.1	448	20737	20289
ENST00000528368.3	392	2182	1790
ENST00000528370.1	0	5570	5570
ENST00000528371.5	0	194468	194468
ENST00000528372.5	1470	17601	16131
ENST00000528373.5	610	2848	2238
ENST00000528374.2	109	13084	12975
ENST00000528376.5	0	5070	5070
ENST00000528378.5	0	5127	5127
ENST00000528379.1	0	3432	3432
ENST00000528382.1	0	218	218
ENST00000528384.5	516	12322	11806
ENST00000528385.5	23333	34179	10846
ENST00000528386.4	786	2614	1828
ENST00000528387.5	534	3188	2654
ENST00000528391.6	15330	111111	95781
ENST00000528396.5	2136	5870	3734
ENST00000528398.5	210	74384	74174
ENST00000528401.1	309	23578	23269
ENST00000528402.5	25558	38080	12522
ENST00000528403.6	0	20295	20295
ENST00000528405.1	271	15768	15497
ENST00000528406.1	0	5420	5420
ENST00000528410.5	0	14381	14381
ENST00000528412.5	7138	8033	895
ENST00000528413.6	2423	2862	439
ENST00000528414.5	1093	60045	58952
ENST00000528416.6	35	19066	19031
ENST00000528419.6	46	4770	4724
ENST00000528420.5	40968	304248	263280
ENST00000528423.1	0	5829	5829
ENST00000528425.5	5346	6029	683
ENST00000528426.5	3716	5712	1996
ENST00000528429.5	104	371009	370905
ENST00000528431.5	1332	5501	4169
ENST00000528432.1	3201	4761	1560
ENST00000528433.2	252	548	296
ENST00000528434.5	0	12703	12703
ENST00000528438.5	122	9389	9267
ENST00000528439.5	30	5528	5498
ENST00000528441.1	0	4810	4810
ENST00000528442.5	0	10063	10063
ENST00000528443.6	461	37936	37475
ENST00000528444.5	0	5249	5249
ENST00000528446.1	75	2596	2521
ENST00000528448.2	0	24637	24637
ENST00000528450.5	563	31238	30675
ENST00000528451.5	714	9719	9005
ENST00000528453.1	31	21601	21570
ENST00000528454.5	1590	9601	8011
ENST00000528455.5	0	25749	25749
ENST00000528456.5	5647	8074	2427
ENST00000528457.5	63	23432	23369
ENST00000528461.5	29106	39064	9958
ENST00000528462.5	0	5946	5946
ENST00000528463.5	42754	58451	15697
ENST00000528467.1	0	11553	11553
ENST00000528469.1	0	684	684
ENST00000528471.1	3748	16336	12588
ENST00000528473.5	0	3823	3823
ENST00000528477.1	0	362	362
ENST00000528481.5	110842	125072	14230
ENST00000528484.5	121	4902	4781
ENST00000528487.1	0	3033	3033
ENST00000528488.5	109	200946	200837
ENST00000528489.1	418	44765	44347
ENST00000528490.5	0	19833	19833
ENST00000528492.1	5631	6092	461
ENST00000528494.5	26692	56362	29670
ENST00000528498.5	24735	106610	81875
ENST00000528499.5	84	75620	75536
ENST00000528501.5	28516	40149	11633
ENST00000528505.1	0	180	180
ENST00000528508.5	0	2420	2420
ENST00000528509.5	80	22266	22186
ENST00000528511.6	129	45063	44934
ENST00000528513.1	0	3243	3243
ENST00000528515.5	54	5150	5096
ENST00000528516.5	15369	19314	3945
ENST00000528517.5	16333	137756	121423
ENST00000528519.1	0	942	942
ENST00000528521.1	364	14252	13888
ENST00000528522.5	591	2565	1974
ENST00000528523.5	0	20332	20332
ENST00000528527.5	0	5719	5719
ENST00000528535.5	115302	242144	126842
ENST00000528538.5	0	84	84
ENST00000528540.5	5458	5522	64
ENST00000528542.6	1030	4854	3824
ENST00000528544.1	324	969	645
ENST00000528545.1	0	3131	3131
ENST00000528555.5	32	33037	33005
ENST00000528556.5	8954	15880	6926
ENST00000528557.6	564	37737	37173
ENST00000528559.5	0	2584	2584
ENST00000528562.6	1542	3059	1517
ENST00000528563.5	5539	7106	1567
ENST00000528564.2	0	19745	19745
ENST00000528565.2	0	4069	4069
ENST00000528567.5	73	98367	98294
ENST00000528569.5	0	39212	39212
ENST00000528570.1	23	617	594
ENST00000528571.6	541	2306	1765
ENST00000528575.1	0	3976	3976
ENST00000528577.5	390	9306	8916
ENST00000528579.1	0	6157	6157
ENST00000528581.5	98	36294	36196
ENST00000528582.5	49228	124087	74859
ENST00000528583.5	14118	87291	73173
ENST00000528586.2	0	6220	6220
ENST00000528588.5	1152	18796	17644
ENST00000528590.5	0	43342	43342
ENST00000528591.5	34787	39033	4246
ENST00000528592.5	0	12869	12869
ENST00000528594.5	6221	39535	33314
ENST00000528595.1	0	2657	2657
ENST00000528596.5	26729	33372	6643
ENST00000528597.1	299	3538	3239
ENST00000528598.1	0	1610	1610
ENST00000528600.1	54	11236	11182
ENST00000528601.5	165308	186987	21679
ENST00000528603.5	0	10631	10631
ENST00000528604.5	17761	19644	1883
ENST00000528606.5	0	2922	2922
ENST00000528609.5	22423	31154	8731
ENST00000528610.5	67	7882	7815
ENST00000528612.5	810	2732	1922
ENST00000528613.1	0	6792	6792
ENST00000528615.5	26108	36638	10530
ENST00000528616.5	3	1831	1828
ENST00000528619.5	580	2860	2280
ENST00000528621.5	29844	57128	27284
ENST00000528622.5	5154	5880	726
ENST00000528623.5	3995	5925	1930
ENST00000528624.5	2917	3654	737
ENST00000528625.5	0	1302	1302
ENST00000528626.5	1599	30248	28649
ENST00000528627.1	1293	7309	6016
ENST00000528628.5	0	1535	1535
ENST00000528630.1	0	166	166
ENST00000528632.5	4953	8966	4013
ENST00000528633.1	0	378	378
ENST00000528634.5	121	16678	16557
ENST00000528635.5	76927	76975	48
ENST00000528641.7	118	8745	8627
ENST00000528642.5	0	84080	84080
ENST00000528643.5	581	30452	29871
ENST00000528644.5	87171	87371	200
ENST00000528647.5	723	72452	71729
ENST00000528649.5	17479	25821	8342
ENST00000528651.1	202	3663	3461
ENST00000528655.5	617	2106	1489
ENST00000528656.5	64172	156240	92068
ENST00000528657.2	980	1273	293
ENST00000528662.6	10441	12329	1888
ENST00000528665.5	715	16379	15664
ENST00000528667.7	1339	13769	12430
ENST00000528669.5	269	7632	7363
ENST00000528670.5	0	42009	42009
ENST00000528672.1	0	10303	10303
ENST00000528673.5	79	37376	37297
ENST00000528674.5	1528	2504	976
ENST00000528677.2	1550	18258	16708
ENST00000528679.5	77	4422	4345
ENST00000528680.1	0	2156	2156
ENST00000528682.5	535025	1338304	803279
ENST00000528686.2	0	44557	44557
ENST00000528693.6	479	26890	26411
ENST00000528697.6	164	4002	3838
ENST00000528700.2	0	12649	12649
ENST00000528703.5	492	58133	57641
ENST00000528708.5	1711	1811	100
ENST00000528710.5	25686	48418	22732
ENST00000528712.5	71962	82216	10254
ENST00000528716.5	0	25957	25957
ENST00000528718.6	1973	13499	11526
ENST00000528721.5	1133	23326	22193
ENST00000528722.5	16558	19161	2603
ENST00000528723.5	201	52002	51801
ENST00000528724.5	538	5589	5051
ENST00000528725.5	171	5229	5058
ENST00000528728.1	2463	28690	26227
ENST00000528729.2	0	10381	10381
ENST00000528731.1	1063	2879	1816
ENST00000528736.1	222	907	685
ENST00000528737.5	6125	12584	6459
ENST00000528738.1	0	4395	4395
ENST00000528741.6	359	18254	17895
ENST00000528743.4	238	1250	1012
ENST00000528746.5	2599	64578	61979
ENST00000528747.1	0	9977	9977
ENST00000528750.1	0	19872	19872
ENST00000528752.1	0	700	700
ENST00000528753.2	54568	54926	358
ENST00000528756.5	0	1058	1058
ENST00000528758.1	270	23971	23701
ENST00000528759.5	13041	30314	17273
ENST00000528760.1	2928	4146	1218
ENST00000528762.2	953	68570	67617
ENST00000528767.1	1476	15261	13785
ENST00000528768.5	12	2268	2256
ENST00000528770.5	0	1918	1918
ENST00000528771.5	1803	32894	31091
ENST00000528774.5	0	38721	38721
ENST00000528775.6	953	10815	9862
ENST00000528776.1	0	222	222
ENST00000528780.5	665	1977	1312
ENST00000528783.5	534	12813	12279
ENST00000528785.1	35	8973	8938
ENST00000528786.2	0	6239	6239
ENST00000528789.1	0	29011	29011
ENST00000528791.5	0	971	971
ENST00000528793.5	3	16732	16729
ENST00000528796.5	551	40012	39461
ENST00000528798.1	0	809	809
ENST00000528801.5	5553	13937	8384
ENST00000528802.1	0	2926	2926
ENST00000528803.1	0	8935	8935
ENST00000528805.1	0	10901	10901
ENST00000528812.5	5875	36646	30771
ENST00000528815.5	122	79783	79661
ENST00000528821.5	21	47140	47119
ENST00000528824.1	844	1058	214
ENST00000528829.5	2319	117023	114704
ENST00000528830.3	469	5535	5066
ENST00000528831.5	745	1324	579
ENST00000528832.1	3	12031	12028
ENST00000528835.1	18640	18808	168
ENST00000528837.5	0	17871	17871
ENST00000528838.6	154	24297	24143
ENST00000528839.1	0	2187	2187
ENST00000528841.6	351	72974	72623
ENST00000528845.5	183	1042	859
ENST00000528846.5	7688	9770	2082
ENST00000528847.1	3644	3860	216
ENST00000528848.3	5	2349	2344
ENST00000528850.5	450	93367	92917
ENST00000528851.6	507	9900	9393
ENST00000528852.5	267	5653	5386
ENST00000528853.2	0	21337	21337
ENST00000528858.5	12928	15888	2960
ENST00000528860.5	12667	16489	3822
ENST00000528862.2	0	4946	4946
ENST00000528865.5	7902	8984	1082
ENST00000528867.5	1198	1832	634
ENST00000528870.5	7	10935	10928
ENST00000528874.1	0	138	138
ENST00000528877.5	0	5983	5983
ENST00000528879.5	1506	13150	11644
ENST00000528880.3	821	3141	2320
ENST00000528881.2	431	2819	2388
ENST00000528882.5	20440	22974	2534
ENST00000528883.5	152	58300	58148
ENST00000528884.5	303	457	154
ENST00000528886.5	0	30981	30981
ENST00000528894.8	0	37379	37379
ENST00000528895.5	0	3206	3206
ENST00000528896.7	621	37276	36655
ENST00000528897.1	358	21033	20675
ENST00000528898.1	3746	4070	324
ENST00000528899.5	9615	22611	12996
ENST00000528900.5	4054	52955	48901
ENST00000528905.1	0	18364	18364
ENST00000528906.5	69	15410	15341
ENST00000528909.1	159	8440	8281
ENST00000528910.5	9092	21466	12374
ENST00000528911.5	14903	18437	3534
ENST00000528914.5	0	1013	1013
ENST00000528916.1	269	59418	59149
ENST00000528919.5	2802	105593	102791
ENST00000528924.4	2675	16525	13850
ENST00000528926.5	165	37401	37236
ENST00000528931.5	0	100860	100860
ENST00000528935.1	2010	2673	663
ENST00000528936.5	0	2339	2339
ENST00000528938.1	259	2708	2449
ENST00000528943.5	194	21083	20889
ENST00000528944.5	107	15991	15884
ENST00000528946.5	22	10907	10885
ENST00000528947.5	35708	52254	16546
ENST00000528949.1	0	17892	17892
ENST00000528950.1	3	154721	154718
ENST00000528954.5	586	52339	51753
ENST00000528956.5	424	39835	39411
ENST00000528957.6	38	3126	3088
ENST00000528960.5	10840	92241	81401
ENST00000528961.6	140	2144	2004
ENST00000528962.1	0	37486	37486
ENST00000528964.5	42	4309	4267
ENST00000528965.3	766	10100	9334
ENST00000528968.5	0	9719	9719
ENST00000528969.5	14	3600	3586
ENST00000528972.1	573	3478	2905
ENST00000528974.1	434	8714	8280
ENST00000528975.5	16233	16277	44
ENST00000528981.5	0	3065	3065
ENST00000528985.5	23230	50747	27517
ENST00000528988.1	153	1142	989
ENST00000528989.5	118	286296	286178
ENST00000528990.1	3523	4511	988
ENST00000528992.2	0	440	440
ENST00000528993.5	11908	28572	16664
ENST00000528994.5	0	6345	6345
ENST00000528995.5	485	7984	7499
ENST00000528996.2	42	13676	13634
ENST00000529002.2	0	918	918
ENST00000529006.7	2054	139255	137201
ENST00000529007.5	1325	7502	6177
ENST00000529008.5	540	11357	10817
ENST00000529009.1	7154	7544	390
ENST00000529010.6	18585	55925	37340
ENST00000529011.1	0	582	582
ENST00000529013.1	2356	2572	216
ENST00000529015.5	49	486508	486459
ENST00000529016.5	26	42841	42815
ENST00000529022.5	1721	4946	3225
ENST00000529024.1	363	17224	16861
ENST00000529027.5	8543	8789	246
ENST00000529028.1	0	11525	11525
ENST00000529029.1	0	44623	44623
ENST00000529030.1	1407	2285	878
ENST00000529032.5	0	107150	107150
ENST00000529040.1	0	228	228
ENST00000529044.5	7	17230	17223
ENST00000529045.1	394	12833	12439
ENST00000529046.6	1251	22901	21650
ENST00000529047.6	485	27256	26771
ENST00000529048.5	0	3980	3980
ENST00000529050.5	77657	77793	136
ENST00000529051.5	612	89458	88846
ENST00000529052.5	1262	9277	8015
ENST00000529054.5	114	11979	11865
ENST00000529055.5	9310	12242	2932
ENST00000529060.5	2980	8989	6009
ENST00000529063.2	24284	110609	86325
ENST00000529064.5	295	5047	4752
ENST00000529066.5	0	1650	1650
ENST00000529067.5	1880	43393	41513
ENST00000529068.5	53778	59803	6025
ENST00000529071.5	492	58253	57761
ENST00000529073.5	3987	24660	20673
ENST00000529074.1	0	6272	6272
ENST00000529083.2	3	3163	3160
ENST00000529084.5	32085	64964	32879
ENST00000529091.5	0	920	920
ENST00000529097.6	1088	579296	578208
ENST00000529102.1	0	2026	2026
ENST00000529106.5	43	7802	7759
ENST00000529107.5	31	46115	46084
ENST00000529108.6	4596	20459	15863
ENST00000529110.2	0	12111	12111
ENST00000529112.5	0	5552	5552
ENST00000529113.5	0	8190	8190
ENST00000529116.5	3176	7132	3956
ENST00000529117.1	0	6010	6010
ENST00000529120.5	86	5595	5509
ENST00000529131.5	52	350	298
ENST00000529133.5	1665	5565	3900
ENST00000529134.5	96989	109316	12327
ENST00000529137.1	7305	18927	11622
ENST00000529139.6	31	40044	40013
ENST00000529142.5	722	17069	16347
ENST00000529143.1	0	1026	1026
ENST00000529145.6	1754	257446	255692
ENST00000529146.6	6020	7950	1930
ENST00000529151.5	0	213539	213539
ENST00000529154.5	0	9068	9068
ENST00000529166.6	5533	23976	18443
ENST00000529167.5	0	20208	20208
ENST00000529168.2	2579	29361	26782
ENST00000529169.1	124	5956	5832
ENST00000529170.6	0	7009	7009
ENST00000529175.5	723	7096	6373
ENST00000529177.5	154	46268	46114
ENST00000529180.1	24	13171	13147
ENST00000529182.5	273	4019	3746
ENST00000529184.5	225	34525	34300
ENST00000529185.1	2336	3951	1615
ENST00000529187.1	2069	5646	3577
ENST00000529190.5	0	65348	65348
ENST00000529191.5	18	8011	7993
ENST00000529192.1	0	450	450
ENST00000529194.5	0	5513	5513
ENST00000529196.5	3080	30069	26989
ENST00000529197.1	3	2696	2693
ENST00000529202.5	14706	87879	73173
ENST00000529204.1	0	9786	9786
ENST00000529208.5	3	101138	101135
ENST00000529212.1	0	9956	9956
ENST00000529214.5	28574	30454	1880
ENST00000529221.6	1675	53808	52133
ENST00000529223.1	0	11645	11645
ENST00000529225.5	2710	48489	45779
ENST00000529226.3	508	19744	19236
ENST00000529228.5	1665	10875	9210
ENST00000529230.6	978	84236	83258
ENST00000529236.1	0	5306	5306
ENST00000529237.5	658	16522	15864
ENST00000529246.4	125	1587	1462
ENST00000529248.5	2	13475	13473
ENST00000529249.5	439	9898	9459
ENST00000529256.1	26	3648	3622
ENST00000529259.1	798	1339	541
ENST00000529262.5	0	16402	16402
ENST00000529268.1	0	89958	89958
ENST00000529270.1	675	3667	2992
ENST00000529272.5	67	7953	7886
ENST00000529275.1	0	2062	2062
ENST00000529276.1	63	572	509
ENST00000529281.5	27124	29912	2788
ENST00000529284.5	4749	9505	4756
ENST00000529290.5	29	13843	13814
ENST00000529292.5	127	3325	3198
ENST00000529294.5	26949	29715	2766
ENST00000529301.5	1141	3108	1967
ENST00000529302.1	0	1058	1058
ENST00000529303.1	0	84465	84465
ENST00000529306.5	0	3663	3663
ENST00000529307.1	18772	48250	29478
ENST00000529308.6	7327	27935	20608
ENST00000529309.5	85	12966	12881
ENST00000529310.6	132	184820	184688
ENST00000529311.5	0	839	839
ENST00000529312.5	23307	24193	886
ENST00000529313.5	18340	34524	16184
ENST00000529318.5	29	27084	27055
ENST00000529319.5	0	7898	7898
ENST00000529320.2	94	10693	10599
ENST00000529324.5	0	98043	98043
ENST00000529329.1	0	428	428
ENST00000529331.2	506	22991	22485
ENST00000529332.5	1293	7083	5790
ENST00000529333.5	102	16457	16355
ENST00000529335.6	242	5118	4876
ENST00000529336.1	2432	89462	87030
ENST00000529338.1	0	40532	40532
ENST00000529340.5	8569	9522	953
ENST00000529341.1	177	11533	11356
ENST00000529342.5	941	7811	6870
ENST00000529343.5	46694	165153	118459
ENST00000529344.5	76917	77369	452
ENST00000529345.6	0	104	104
ENST00000529349.2	18691	25709	7018
ENST00000529350.1	0	692	692
ENST00000529351.5	995	2602	1607
ENST00000529356.5	176	260974	260798
ENST00000529359.5	1317	6474	5157
ENST00000529361.5	0	9857	9857
ENST00000529363.2	0	39362	39362
ENST00000529364.1	0	5291	5291
ENST00000529366.5	76	37128	37052
ENST00000529368.5	0	3693	3693
ENST00000529372.5	84	8071	7987
ENST00000529373.1	0	2054	2054
ENST00000529374.5	0	5428	5428
ENST00000529379.2	1136	112319	111183
ENST00000529382.5	90	17543	17453
ENST00000529383.5	5	13261	13256
ENST00000529384.5	28	8219	8191
ENST00000529386.5	121	4902	4781
ENST00000529387.5	523	56899	56376
ENST00000529388.6	76557	110863	34306
ENST00000529389.5	3817	7429	3612
ENST00000529391.5	24	79490	79466
ENST00000529395.1	0	3328	3328
ENST00000529396.1	0	580	580
ENST00000529397.5	21619	64286	42667
ENST00000529399.1	0	100808	100808
ENST00000529401.5	212860	213929	1069
ENST00000529402.1	8586	9286	700
ENST00000529403.1	5	25658	25653
ENST00000529411.1	0	21780	21780
ENST00000529413.5	69803	115737	45934
ENST00000529414.5	126	3492	3366
ENST00000529415.7	90	4121	4031
ENST00000529419.3	261	3301	3040
ENST00000529425.5	0	296	296
ENST00000529429.5	0	6877	6877
ENST00000529430.1	54	5722	5668
ENST00000529432.5	17202	64405	47203
ENST00000529433.5	384	69139	68755
ENST00000529439.5	2978	3072	94
ENST00000529442.7	0	1513	1513
ENST00000529444.7	626	10367	9741
ENST00000529446.5	53	351	298
ENST00000529447.1	0	17189	17189
ENST00000529448.5	53369	117535	64166
ENST00000529450.5	51	76363	76312
ENST00000529453.1	6	25069	25063
ENST00000529454.5	15912	23255	7343
ENST00000529455.5	4203	9115	4912
ENST00000529461.1	0	30	30
ENST00000529464.5	87	7125	7038
ENST00000529465.6	14	8947	8933
ENST00000529469.1	0	474	474
ENST00000529473.5	101	13102	13001
ENST00000529479.5	0	9963	9963
ENST00000529485.5	35	2800	2765
ENST00000529487.3	405	74167	73762
ENST00000529489.5	7770	19406	11636
ENST00000529494.5	0	2542	2542
ENST00000529495.1	0	568	568
ENST00000529499.1	0	1190	1190
ENST00000529503.6	141	1853	1712
ENST00000529504.5	13234	65512	52278
ENST00000529506.5	10768	12813	2045
ENST00000529507.5	380	47028	46648
ENST00000529509.1	3745	6728	2983
ENST00000529512.5	45145	56061	10916
ENST00000529513.5	58	6560	6502
ENST00000529515.2	189	44090	43901
ENST00000529516.6	59	7888	7829
ENST00000529517.1	211	11732	11521
ENST00000529519.5	374	7187	6813
ENST00000529523.5	2187	8174	5987
ENST00000529526.5	29844	57128	27284
ENST00000529527.5	18371	33165	14794
ENST00000529528.5	142	3136	2994
ENST00000529529.1	0	7845	7845
ENST00000529530.1	0	1141	1141
ENST00000529533.6	2036	9141	7105
ENST00000529534.5	0	9917	9917
ENST00000529535.1	0	27541	27541
ENST00000529539.5	1466	15172	13706
ENST00000529543.5	90	4291	4201
ENST00000529546.5	26250	62767	36517
ENST00000529547.1	0	20269	20269
ENST00000529548.1	0	603	603
ENST00000529550.5	435	4533	4098
ENST00000529552.5	0	31694	31694
ENST00000529554.5	389	20227	19838
ENST00000529555.1	25668	28594	2926
ENST00000529559.1	0	3178	3178
ENST00000529560.1	0	9321	9321
ENST00000529564.1	0	8354	8354
ENST00000529568.5	11324	24695	13371
ENST00000529572.5	169	11714	11545
ENST00000529575.5	23757	56067	32310
ENST00000529576.5	67	1263	1196
ENST00000529579.5	27	104140	104113
ENST00000529581.5	472	20841	20369
ENST00000529583.5	123	5097	4974
ENST00000529585.5	30	2403	2373
ENST00000529586.5	0	14588	14588
ENST00000529588.5	0	7408	7408
ENST00000529589.5	2173	14676	12503
ENST00000529591.5	100	11404	11304
ENST00000529594.5	88	3820	3732
ENST00000529597.5	206	85022	84816
ENST00000529598.1	237	10305	10068
ENST00000529601.5	138	1623	1485
ENST00000529606.5	0	54399	54399
ENST00000529609.5	3790	4932	1142
ENST00000529613.5	82518	96378	13860
ENST00000529614.6	231	2520	2289
ENST00000529616.1	0	698	698
ENST00000529618.5	16952	21174	4222
ENST00000529619.5	139	191261	191122
ENST00000529621.1	6	3093	3087
ENST00000529622.1	0	1660	1660
ENST00000529627.1	0	2145	2145
ENST00000529629.5	17910	58798	40888
ENST00000529631.5	58	7948	7890
ENST00000529632.6	196	213835	213639
ENST00000529633.5	0	354	354
ENST00000529634.2	1252	1918	666
ENST00000529635.5	74	3223	3149
ENST00000529637.5	53	106704	106651
ENST00000529639.6	54	1578	1524
ENST00000529640.5	89	3289	3200
ENST00000529641.5	0	15850	15850
ENST00000529642.1	2645	5937	3292
ENST00000529643.1	4097	5095	998
ENST00000529645.1	0	313	313
ENST00000529647.5	0	3207	3207
ENST00000529648.1	7503	8178	675
ENST00000529653.2	38112	52992	14880
ENST00000529654.5	50	17241	17191
ENST00000529655.5	26751	56213	29462
ENST00000529657.1	2166	5134	2968
ENST00000529661.1	0	3069	3069
ENST00000529666.1	0	8033	8033
ENST00000529669.1	0	18075	18075
ENST00000529670.6	1474	12264	10790
ENST00000529671.5	0	51261	51261
ENST00000529673.5	66	7730	7664
ENST00000529677.1	0	2146	2146
ENST00000529678.5	0	13569	13569
ENST00000529681.5	58	55776	55718
ENST00000529687.5	12934	29284	16350
ENST00000529689.6	2833	27644	24811
ENST00000529690.5	256	34888	34632
ENST00000529691.1	1220	8046	6826
ENST00000529694.6	19918	26627	6709
ENST00000529699.5	454	4493	4039
ENST00000529702.1	0	9705	9705
ENST00000529704.5	1221	2081	860
ENST00000529705.6	429	29888	29459
ENST00000529708.5	0	23578	23578
ENST00000529709.1	0	1747	1747
ENST00000529710.5	76852	156214	79362
ENST00000529714.5	0	310	310
ENST00000529715.5	31	13628	13597
ENST00000529716.5	707	22262	21555
ENST00000529717.6	4675	8088	3413
ENST00000529718.1	0	15910	15910
ENST00000529720.2	4273	52970	48697
ENST00000529721.5	870	44895	44025
ENST00000529723.1	0	31265	31265
ENST00000529726.1	459	4043	3584
ENST00000529728.5	0	47826	47826
ENST00000529731.5	23229	51176	27947
ENST00000529732.5	101	15711	15610
ENST00000529734.5	0	104703	104703
ENST00000529736.5	0	8140	8140
ENST00000529737.5	4555	12000	7445
ENST00000529742.1	0	862	862
ENST00000529744.1	0	2948	2948
ENST00000529745.5	12913	24503	11590
ENST00000529748.1	0	130	130
ENST00000529749.5	0	7334	7334
ENST00000529750.5	327	98964	98637
ENST00000529751.1	39326	40682	1356
ENST00000529752.5	1158	16349	15191
ENST00000529753.5	29	91612	91583
ENST00000529757.5	186	14381	14195
ENST00000529760.5	231	43251	43020
ENST00000529761.5	1684	14040	12356
ENST00000529763.5	0	25209	25209
ENST00000529768.5	164	5236	5072
ENST00000529771.2	664	93555	92891
ENST00000529772.5	261	56205	55944
ENST00000529773.2	1726	3684	1958
ENST00000529779.1	0	5300	5300
ENST00000529780.5	3903	14174	10271
ENST00000529782.5	0	99473	99473
ENST00000529784.5	24004	26151	2147
ENST00000529790.5	56	5440	5384
ENST00000529792.5	2759	3419	660
ENST00000529800.5	0	8892	8892
ENST00000529801.1	0	628	628
ENST00000529803.1	0	976	976
ENST00000529806.5	179	3168	2989
ENST00000529807.5	307	71704	71397
ENST00000529809.5	0	132464	132464
ENST00000529810.5	3109	5183	2074
ENST00000529812.5	3248	3330	82
ENST00000529814.1	0	136253	136253
ENST00000529816.1	309	1099	790
ENST00000529818.6	45380	60453	15073
ENST00000529819.6	1508	14506	12998
ENST00000529824.6	0	133059	133059
ENST00000529825.6	76515	77667	1152
ENST00000529826.5	0	12560	12560
ENST00000529828.5	165	98386	98221
ENST00000529832.5	0	874	874
ENST00000529833.5	5636	7455	1819
ENST00000529834.5	6113	51205	45092
ENST00000529836.5	2734	5073	2339
ENST00000529839.1	0	774	774
ENST00000529840.5	3594	7698	4104
ENST00000529842.5	0	1063	1063
ENST00000529844.5	943	7181	6238
ENST00000529845.5	2977	10825	7848
ENST00000529846.5	0	17712	17712
ENST00000529850.5	1675	24753	23078
ENST00000529851.5	160	59039	58879
ENST00000529852.3	57	11718	11661
ENST00000529854.1	5629	5915	286
ENST00000529856.5	12874	24345	11471
ENST00000529857.5	298	5484	5186
ENST00000529859.2	163	191125	190962
ENST00000529860.5	12274	15156	2882
ENST00000529861.6	21099	21343	244
ENST00000529866.5	0	5616	5616
ENST00000529867.5	47	4013	3966
ENST00000529871.1	4027	9019	4992
ENST00000529873.5	29844	57152	27308
ENST00000529876.5	261	6775	6514
ENST00000529877.1	7660	18311	10651
ENST00000529878.1	69	15991	15922
ENST00000529880.1	0	109324	109324
ENST00000529882.5	0	100698	100698
ENST00000529886.1	1053	8370	7317
ENST00000529887.6	8150	32121	23971
ENST00000529888.5	326	5820	5494
ENST00000529890.5	0	3178	3178
ENST00000529892.6	61	12407	12346
ENST00000529896.1	0	768	768
ENST00000529903.1	87	52955	52868
ENST00000529905.5	1126	25209	24083
ENST00000529907.5	84137	93890	9753
ENST00000529912.5	72	1534	1462
ENST00000529919.5	38189	65811	27622
ENST00000529920.5	960	2824	1864
ENST00000529923.1	0	30317	30317
ENST00000529927.5	65	6870	6805
ENST00000529930.1	514	3168	2654
ENST00000529931.1	15020	17310	2290
ENST00000529935.5	0	19066	19066
ENST00000529937.1	7612	20582	12970
ENST00000529939.5	64	14255	14191
ENST00000529942.1	0	8462	8462
ENST00000529943.6	204	10194	9990
ENST00000529945.2	440	32431	31991
ENST00000529946.1	0	952	952
ENST00000529948.1	248	2430	2182
ENST00000529949.5	0	104918	104918
ENST00000529950.2	10	9567	9557
ENST00000529951.5	0	5009	5009
ENST00000529952.5	253	41984	41731
ENST00000529956.5	410	11765	11355
ENST00000529962.5	1097	2646	1549
ENST00000529964.5	169	2446	2277
ENST00000529969.1	4538	10041	5503
ENST00000529971.1	0	5763	5763
ENST00000529973.1	1020	1964	944
ENST00000529974.2	294	12005	11711
ENST00000529982.5	1646	30746	29100
ENST00000529983.3	3404	6870	3466
ENST00000529984.5	146	5984	5838
ENST00000529985.3	6013	12472	6459
ENST00000529986.5	33816	56989	23173
ENST00000529987.5	964	4548	3584
ENST00000529988.5	5336	9532	4196
ENST00000529990.6	0	210	210
ENST00000529992.5	31	99607	99576
ENST00000529993.5	31	92205	92174
ENST00000529997.5	990	43048	42058
ENST00000529999.5	0	10351	10351
ENST00000530003.5	50	33222	33172
ENST00000530004.5	902	9554	8652
ENST00000530005.5	0	12476	12476
ENST00000530007.1	4519	8652	4133
ENST00000530009.1	0	168	168
ENST00000530018.5	16	444	428
ENST00000530019.5	0	7944	7944
ENST00000530022.5	1936	3264	1328
ENST00000530023.5	0	7268	7268
ENST00000530027.5	4614	15764	11150
ENST00000530028.3	43	1163	1120
ENST00000530031.5	0	10431	10431
ENST00000530035.5	0	1265	1265
ENST00000530043.5	23225	39304	16079
ENST00000530044.5	319	129310	128991
ENST00000530047.5	737	3786	3049
ENST00000530048.5	113	8922	8809
ENST00000530050.5	23600	26061	2461
ENST00000530054.1	193	63037	62844
ENST00000530055.5	2695	23051	20356
ENST00000530056.1	56	5448	5392
ENST00000530058.5	44	32113	32069
ENST00000530059.3	284	21849	21565
ENST00000530062.5	0	47948	47948
ENST00000530063.1	0	918	918
ENST00000530064.5	0	8165	8165
ENST00000530067.1	2929	5861	2932
ENST00000530068.5	10038	15363	5325
ENST00000530069.6	1058	5922	4864
ENST00000530076.6	1352	6174	4822
ENST00000530080.1	494	2406	1912
ENST00000530081.1	0	10013	10013
ENST00000530084.5	22	10738	10716
ENST00000530092.2	0	447	447
ENST00000530094.5	33816	57075	23259
ENST00000530097.1	229	1287	1058
ENST00000530103.5	47	1594	1547
ENST00000530106.2	2689	5238	2549
ENST00000530108.1	0	428	428
ENST00000530111.1	0	3175	3175
ENST00000530112.2	3774	3786	12
ENST00000530114.5	12	26786	26774
ENST00000530121.5	0	2371	2371
ENST00000530122.1	573	41185	40612
ENST00000530123.1	423	2612	2189
ENST00000530124.5	299	102946	102647
ENST00000530128.5	2286	4911	2625
ENST00000530129.6	0	6292	6292
ENST00000530130.2	0	11747	11747
ENST00000530131.5	26579	48294	21715
ENST00000530132.5	84	292	208
ENST00000530135.5	488	26000	25512
ENST00000530136.1	0	3169	3169
ENST00000530137.1	38	68107	68069
ENST00000530139.2	0	1450	1450
ENST00000530140.6	311	2310	1999
ENST00000530141.5	0	4810	4810
ENST00000530143.1	0	652	652
ENST00000530145.1	0	5933	5933
ENST00000530151.5	0	2523	2523
ENST00000530153.5	538	12421	11883
ENST00000530154.5	28716	171808	143092
ENST00000530156.1	6811	9120	2309
ENST00000530159.5	2321	22816	20495
ENST00000530160.2	2145	11497	9352
ENST00000530161.5	67	98513	98446
ENST00000530162.2	4115	5979	1864
ENST00000530164.5	29	3275	3246
ENST00000530165.5	1763	30915	29152
ENST00000530167.2	1092	1948	856
ENST00000530170.1	0	4389	4389
ENST00000530173.6	30	101681	101651
ENST00000530175.5	0	5500	5500
ENST00000530180.1	0	17225	17225
ENST00000530181.5	221	49656	49435
ENST00000530183.1	1312	1628	316
ENST00000530186.1	149	837	688
ENST00000530188.1	629	2133	1504
ENST00000530191.6	59	7945	7886
ENST00000530200.1	62	13384	13322
ENST00000530202.1	1883	3107	1224
ENST00000530203.2	872	33595	32723
ENST00000530204.1	995	1163	168
ENST00000530205.5	2333	32311	29978
ENST00000530210.1	0	6313	6313
ENST00000530211.6	0	2723	2723
ENST00000530214.5	19	4675	4656
ENST00000530215.2	9107	10206	1099
ENST00000530217.3	105	15879	15774
ENST00000530221.1	0	4109	4109
ENST00000530224.5	0	9674	9674
ENST00000530225.5	168	3150	2982
ENST00000530231.5	5	21909	21904
ENST00000530234.2	4603	16709	12106
ENST00000530235.1	992	7750	6758
ENST00000530236.6	46793	94737	47944
ENST00000530240.5	231	3907	3676
ENST00000530245.5	301	2581	2280
ENST00000530250.1	33	39148	39115
ENST00000530251.1	52	3874	3822
ENST00000530252.1	24720	25016	296
ENST00000530254.6	63525	66935	3410
ENST00000530255.1	0	17564	17564
ENST00000530257.5	25	28246	28221
ENST00000530262.5	171	95299	95128
ENST00000530266.5	553	4089	3536
ENST00000530267.5	17129	26751	9622
ENST00000530269.1	0	548	548
ENST00000530271.6	643	164334	163691
ENST00000530272.1	8104	32231	24127
ENST00000530273.5	1615	21944	20329
ENST00000530275.3	763	23587	22824
ENST00000530277.5	2932	23227	20295
ENST00000530278.5	1595	8545	6950
ENST00000530279.5	5706	12589	6883
ENST00000530281.5	1207	8425	7218
ENST00000530284.5	4097	7905	3808
ENST00000530285.5	0	2544	2544
ENST00000530286.5	20578	37767	17189
ENST00000530292.3	1688	20111	18423
ENST00000530295.5	20	2060	2040
ENST00000530296.6	500	9834	9334
ENST00000530301.5	4054	84725	80671
ENST00000530304.5	297	13888	13591
ENST00000530306.5	0	772	772
ENST00000530307.1	209	162381	162172
ENST00000530311.6	479	7949	7470
ENST00000530316.5	0	264	264
ENST00000530318.1	90	7792	7702
ENST00000530319.5	114	7481	7367
ENST00000530320.5	876	2824	1948
ENST00000530322.5	0	7797	7797
ENST00000530323.1	0	4900	4900
ENST00000530324.5	53	34482	34429
ENST00000530326.5	871	73982	73111
ENST00000530328.5	0	16773	16773
ENST00000530332.1	9625	10639	1014
ENST00000530334.6	37	136720	136683
ENST00000530335.1	0	115831	115831
ENST00000530337.6	594	37610	37016
ENST00000530338.5	3838	5907	2069
ENST00000530339.2	120	205703	205583
ENST00000530340.6	460	26522	26062
ENST00000530342.2	161	17164	17003
ENST00000530347.1	0	2223	2223
ENST00000530348.5	286009	288377	2368
ENST00000530349.2	132	1665	1533
ENST00000530351.5	472	31928	31456
ENST00000530356.5	32	33037	33005
ENST00000530357.6	76494	77646	1152
ENST00000530359.5	15077	22197	7120
ENST00000530360.2	0	737	737
ENST00000530372.5	0	7085	7085
ENST00000530374.6	800	14280	13480
ENST00000530375.5	1603	15409	13806
ENST00000530378.5	19438	77273	57835
ENST00000530380.1	142	847	705
ENST00000530385.5	2320	11261	8941
ENST00000530390.5	0	1775	1775
ENST00000530391.1	0	1112	1112
ENST00000530393.6	2086	8912	6826
ENST00000530394.5	405	64943	64538
ENST00000530395.1	1439	1753	314
ENST00000530396.2	4295	27992	23697
ENST00000530398.1	0	2835	2835
ENST00000530399.2	63	10445	10382
ENST00000530400.5	75	8045	7970
ENST00000530401.5	6159	34752	28593
ENST00000530402.1	0	1573	1573
ENST00000530403.1	71	21967	21896
ENST00000530404.5	6990	19679	12689
ENST00000530405.5	0	527	527
ENST00000530406.7	41	44193	44152
ENST00000530408.1	262	22623	22361
ENST00000530413.1	0	1141	1141
ENST00000530414.5	0	18268	18268
ENST00000530417.6	19728	22770	3042
ENST00000530419.5	4357	18944	14587
ENST00000530425.1	3594	24566	20972
ENST00000530428.2	116	24615	24499
ENST00000530429.5	8365	21206	12841
ENST00000530436.5	1076	10372	9296
ENST00000530438.5	3	58737	58734
ENST00000530439.1	1214	1914	700
ENST00000530440.1	28	12951	12923
ENST00000530441.5	71	11038	10967
ENST00000530443.4	0	1942	1942
ENST00000530444.5	298	21696	21398
ENST00000530445.6	59	7945	7886
ENST00000530446.5	29	8409	8380
ENST00000530447.5	3	3181	3178
ENST00000530452.6	0	1824	1824
ENST00000530454.6	228	28132	27904
ENST00000530457.5	282	13747	13465
ENST00000530460.2	524	1782	1258
ENST00000530461.5	0	14384	14384
ENST00000530462.5	0	1368	1368
ENST00000530463.5	10333	68530	58197
ENST00000530464.2	0	2356	2356
ENST00000530467.6	0	8395	8395
ENST00000530468.5	0	2946	2946
ENST00000530471.1	692	1682	990
ENST00000530472.5	324	125031	124707
ENST00000530473.6	1336	14872	13536
ENST00000530474.5	1878	2691	813
ENST00000530476.1	0	1431	1431
ENST00000530478.5	0	731	731
ENST00000530481.5	18792	119678	100886
ENST00000530484.1	3	3181	3178
ENST00000530485.1	0	16649	16649
ENST00000530486.5	0	41345	41345
ENST00000530488.1	0	1792	1792
ENST00000530489.5	1430	40938	39508
ENST00000530494.1	0	2848	2848
ENST00000530496.6	583	19462	18879
ENST00000530497.1	0	371428	371428
ENST00000530500.5	28394	55956	27562
ENST00000530502.2	0	6560	6560
ENST00000530504.1	0	14154	14154
ENST00000530505.1	0	8474	8474
ENST00000530506.5	6704	33213	26509
ENST00000530507.5	228	56268	56040
ENST00000530509.1	0	838	838
ENST00000530511.5	12049	26631	14582
ENST00000530513.5	0	418	418
ENST00000530514.6	34	6016	5982
ENST00000530518.1	0	4435	4435
ENST00000530522.1	33480	42872	9392
ENST00000530527.5	34968	51172	16204
ENST00000530529.5	4964	19347	14383
ENST00000530536.5	0	2114	2114
ENST00000530537.1	1	13838	13837
ENST00000530538.6	159	4257	4098
ENST00000530539.2	0	107701	107701
ENST00000530541.1	0	32897	32897
ENST00000530542.1	0	25405	25405
ENST00000530543.5	0	28615	28615
ENST00000530545.5	0	502	502
ENST00000530546.5	0	3721	3721
ENST00000530552.1	1203	1233	30
ENST00000530554.5	99587	187795	88208
ENST00000530556.5	10917	12353	1436
ENST00000530560.5	132	6287	6155
ENST00000530561.5	27970	49215	21245
ENST00000530562.5	35679	44090	8411
ENST00000530563.1	0	2648	2648
ENST00000530568.5	0	29688	29688
ENST00000530574.5	5636	9753	4117
ENST00000530575.1	7169	11329	4160
ENST00000530577.5	0	15239	15239
ENST00000530579.6	1374	18092	16718
ENST00000530580.5	0	35322	35322
ENST00000530581.5	0	185222	185222
ENST00000530584.5	450	1310	860
ENST00000530587.6	2606	153329	150723
ENST00000530591.5	50262	59127	8865
ENST00000530593.5	0	7311	7311
ENST00000530596.5	0	3585	3585
ENST00000530599.5	2343	3080	737
ENST00000530601.1	108	21864	21756
ENST00000530605.5	0	1780	1780
ENST00000530608.6	21	40007	39986
ENST00000530609.5	2726	7952	5226
ENST00000530611.1	261	26717	26456
ENST00000530613.5	0	18483	18483
ENST00000530614.5	4614	14755	10141
ENST00000530615.1	1039	15057	14018
ENST00000530616.5	541	9333	8792
ENST00000530617.5	1123	72055	70932
ENST00000530620.5	8678	18901	10223
ENST00000530622.6	1268	6058	4790
ENST00000530625.5	780	7914	7134
ENST00000530628.2	3005	26724	23719
ENST00000530629.5	10199	24467	14268
ENST00000530633.1	105	1638	1533
ENST00000530636.5	2779	22474	19695
ENST00000530637.1	0	449	449
ENST00000530638.1	1472	3888	2416
ENST00000530639.6	104834	167541	62707
ENST00000530640.7	2118	11452	9334
ENST00000530641.5	693	4252	3559
ENST00000530643.5	7471	17258	9787
ENST00000530648.5	17925	19379	1454
ENST00000530649.5	1264	3205	1941
ENST00000530651.5	0	4539	4539
ENST00000530653.5	3436	5534	2098
ENST00000530654.1	267	14661	14394
ENST00000530655.5	93	58138	58045
ENST00000530656.5	85961	130524	44563
ENST00000530660.5	313	14799	14486
ENST00000530661.1	0	584	584
ENST00000530662.5	111	8574	8463
ENST00000530664.5	944	31715	30771
ENST00000530668.1	2372	3410	1038
ENST00000530669.1	8618	12293	3675
ENST00000530673.1	0	1147	1147
ENST00000530675.5	2788	32665	29877
ENST00000530676.5	2570	105076	102506
ENST00000530677.1	0	22282	22282
ENST00000530678.1	3212	3534	322
ENST00000530681.2	147	1937	1790
ENST00000530685.5	3	24883	24880
ENST00000530692.5	1933	32138	30205
ENST00000530697.6	15564	65301	49737
ENST00000530702.2	0	2598	2598
ENST00000530704.6	16846	24951	8105
ENST00000530705.6	5189	8109	2920
ENST00000530707.1	0	706	706
ENST00000530709.5	0	6412	6412
ENST00000530710.5	9333	10111	778
ENST00000530711.3	515	13045	12530
ENST00000530712.6	346	8122	7776
ENST00000530715.5	1583	4360	2777
ENST00000530719.6	82	1000	918
ENST00000530721.5	29	2267	2238
ENST00000530722.5	7521	10105	2584
ENST00000530726.5	3061	5932	2871
ENST00000530727.5	250	95320	95070
ENST00000530728.5	8722	13958	5236
ENST00000530729.1	13827	15742	1915
ENST00000530731.5	223	4544	4321
ENST00000530734.1	0	3313	3313
ENST00000530735.5	16331	21514	5183
ENST00000530738.1	195	47044	46849
ENST00000530741.2	0	184582	184582
ENST00000530742.5	1362	33111	31749
ENST00000530743.1	18766	29293	10527
ENST00000530744.5	0	56	56
ENST00000530745.3	3035	4030	995
ENST00000530746.1	953	54207	53254
ENST00000530748.5	29844	57145	27301
ENST00000530749.5	24735	106610	81875
ENST00000530750.5	18	1878	1860
ENST00000530751.1	16	928	912
ENST00000530752.5	1897	4906	3009
ENST00000530756.1	0	4716	4716
ENST00000530757.5	18789	41729	22940
ENST00000530758.2	27	10839	10812
ENST00000530762.1	876	2480	1604
ENST00000530763.5	80	3918	3838
ENST00000530765.5	93	9988	9895
ENST00000530767.5	1762	22745	20983
ENST00000530772.5	0	12500	12500
ENST00000530773.5	136	12901	12765
ENST00000530774.5	39	4884	4845
ENST00000530777.5	3	2584	2581
ENST00000530780.2	68345	126435	58090
ENST00000530781.5	543	6059	5516
ENST00000530782.5	5669	7051	1382
ENST00000530783.5	11	709	698
ENST00000530786.5	5374	19620	14246
ENST00000530788.1	0	1520	1520
ENST00000530790.5	0	1382	1382
ENST00000530795.1	0	6586	6586
ENST00000530797.5	251	3190	2939
ENST00000530798.5	0	21295	21295
ENST00000530799.5	1962	4666	2704
ENST00000530800.5	76	239158	239082
ENST00000530801.6	27161	42234	15073
ENST00000530803.5	1779	16967	15188
ENST00000530806.5	0	1238	1238
ENST00000530809.2	0	4364	4364
ENST00000530810.2	3	1939	1936
ENST00000530811.5	303	4239	3936
ENST00000530813.2	34239	41198	6959
ENST00000530818.1	0	4313	4313
ENST00000530820.5	92	47514	47422
ENST00000530823.1	45460	45480	20
ENST00000530828.1	0	5448	5448
ENST00000530829.2	17539	28434	10895
ENST00000530830.1	1880	3076	1196
ENST00000530832.5	5783	20744	14961
ENST00000530836.5	2394	3416	1022
ENST00000530839.5	146	10450	10304
ENST00000530840.5	102	4874	4772
ENST00000530841.5	0	32888	32888
ENST00000530849.1	10	52411	52401
ENST00000530850.1	1123	2310	1187
ENST00000530854.1	1355	1873	518
ENST00000530857.1	0	14433	14433
ENST00000530861.5	2931	4411	1480
ENST00000530862.6	25415	86860	61445
ENST00000530863.1	0	10760	10760
ENST00000530866.6	524	22747	22223
ENST00000530872.5	415	16118	15703
ENST00000530875.5	0	12807	12807
ENST00000530878.5	404	299183	298779
ENST00000530881.5	130	40988	40858
ENST00000530884.1	0	16	16
ENST00000530885.5	69	10788	10719
ENST00000530886.5	867	22657	21790
ENST00000530887.5	3303	3778	475
ENST00000530889.1	14	1516	1502
ENST00000530890.5	202	4241	4039
ENST00000530893.7	9624	93123	83499
ENST00000530898.1	547	1151	604
ENST00000530901.1	0	676	676
ENST00000530906.1	32	11266	11234
ENST00000530907.5	151	52766	52615
ENST00000530908.5	175	2511	2336
ENST00000530909.1	2913	5409	2496
ENST00000530910.6	21	24481	24460
ENST00000530912.5	36	8657	8621
ENST00000530913.1	487	1815	1328
ENST00000530915.1	0	30809	30809
ENST00000530920.1	0	2380	2380
ENST00000530923.6	35	2445	2410
ENST00000530925.5	9001	13860	4859
ENST00000530927.5	366	553152	552786
ENST00000530936.1	0	5238	5238
ENST00000530938.5	0	19852	19852
ENST00000530939.5	0	2915	2915
ENST00000530943.6	5006	5762	756
ENST00000530950.2	1102	2280	1178
ENST00000530953.6	27	15397	15370
ENST00000530956.6	1597	4847	3250
ENST00000530958.5	4522	13239	8717
ENST00000530959.5	0	20246	20246
ENST00000530961.5	61	12951	12890
ENST00000530962.5	8334	16631	8297
ENST00000530964.5	18493	18695	202
ENST00000530965.5	8	14662	14654
ENST00000530969.1	0	461	461
ENST00000530975.4	0	2845	2845
ENST00000530979.1	22	2208	2186
ENST00000530981.1	0	8986	8986
ENST00000530986.5	538	1045	507
ENST00000530991.5	746	26243	25497
ENST00000530993.6	12421	18132	5711
ENST00000530994.5	6222	39536	33314
ENST00000530995.5	0	729	729
ENST00000530996.5	256	2181	1925
ENST00000530997.7	3703	108663	104960
ENST00000530998.5	1283	43616	42333
ENST00000531003.1	70	4243	4173
ENST00000531007.2	29647	56502	26855
ENST00000531011.5	91	187677	187586
ENST00000531014.5	39949	56411	16462
ENST00000531015.5	434	814125	813691
ENST00000531018.5	0	2935	2935
ENST00000531019.5	1260	5392	4132
ENST00000531021.5	0	15545	15545
ENST00000531025.5	382	31511	31129
ENST00000531026.5	0	24255	24255
ENST00000531028.2	17926	58814	40888
ENST00000531030.5	4162	24086	19924
ENST00000531032.5	0	3316	3316
ENST00000531035.5	8563	8807	244
ENST00000531036.2	1067	1971	904
ENST00000531037.5	1584	4339	2755
ENST00000531040.5	522	11682	11160
ENST00000531042.5	198	14828	14630
ENST00000531043.1	0	1735	1735
ENST00000531044.5	177	316473	316296
ENST00000531048.5	0	52163	52163
ENST00000531050.5	242608	397688	155080
ENST00000531051.6	0	4423	4423
ENST00000531053.5	1060	3310	2250
ENST00000531057.5	124	5600	5476
ENST00000531058.1	58	19606	19548
ENST00000531060.1	17	2806	2789
ENST00000531061.1	0	12248	12248
ENST00000531066.6	1704	240890	239186
ENST00000531067.1	0	964	964
ENST00000531068.5	267	1432	1165
ENST00000531070.1	0	1004	1004
ENST00000531072.1	392	4895	4503
ENST00000531074.1	0	102	102
ENST00000531080.5	469	7914	7445
ENST00000531085.5	0	412	412
ENST00000531088.5	0	193	193
ENST00000531089.6	1988	11322	9334
ENST00000531090.5	545	20775	20230
ENST00000531093.5	0	33049	33049
ENST00000531094.5	306	41732	41426
ENST00000531095.1	175	6452	6277
ENST00000531096.5	0	5561	5561
ENST00000531098.1	13658	13716	58
ENST00000531101.5	3592	7282	3690
ENST00000531103.5	0	130	130
ENST00000531105.5	121	5443	5322
ENST00000531107.5	111	78690	78579
ENST00000531109.5	3397	4809	1412
ENST00000531110.6	0	25265	25265
ENST00000531112.1	0	1571	1571
ENST00000531114.5	688	5719	5031
ENST00000531115.5	466	2060	1594
ENST00000531120.6	57	19676	19619
ENST00000531122.5	10818	16875	6057
ENST00000531128.5	0	4499	4499
ENST00000531131.1	212	2755	2543
ENST00000531133.5	0	3968	3968
ENST00000531134.7	162	157094	156932
ENST00000531138.1	663	62232	61569
ENST00000531142.1	356	2430	2074
ENST00000531143.6	91	31604	31513
ENST00000531144.5	9642	36846	27204
ENST00000531145.1	1108	2147	1039
ENST00000531147.1	628	7087	6459
ENST00000531148.5	21570	34553	12983
ENST00000531149.1	0	3200	3200
ENST00000531154.5	116	75644	75528
ENST00000531159.6	6451	43405	36954
ENST00000531162.7	4258	52955	48697
ENST00000531164.5	8722	24708	15986
ENST00000531165.5	1917	30736	28819
ENST00000531166.5	36	9148	9112
ENST00000531168.1	981	2521	1540
ENST00000531169.5	2892	43095	40203
ENST00000531170.5	1791	7325	5534
ENST00000531172.5	18590	18824	234
ENST00000531177.5	7104	7961	857
ENST00000531178.1	1280	1644	364
ENST00000531180.1	0	1475	1475
ENST00000531183.1	0	35718	35718
ENST00000531185.5	119	158172	158053
ENST00000531188.6	30	6067	6037
ENST00000531191.5	3582	10729	7147
ENST00000531192.5	6541	12104	5563
ENST00000531195.2	5826	8730	2904
ENST00000531196.5	553	2854	2301
ENST00000531197.5	384	69139	68755
ENST00000531198.5	121	3600	3479
ENST00000531199.1	0	398	398
ENST00000531203.6	4796	12807	8011
ENST00000531205.5	34	5506	5472
ENST00000531206.5	683	71388	70705
ENST00000531212.5	167119	183813	16694
ENST00000531214.5	274	4322	4048
ENST00000531217.5	50496	53020	2524
ENST00000531218.6	59	7945	7886
ENST00000531220.1	14477	18306	3829
ENST00000531224.6	4486	25988	21502
ENST00000531225.1	2306	2456	150
ENST00000531226.5	0	2712	2712
ENST00000531230.5	0	32882	32882
ENST00000531234.5	39327	75077	35750
ENST00000531238.1	2007	3339	1332
ENST00000531239.2	189	1049	860
ENST00000531240.5	1301	4849	3548
ENST00000531243.2	0	26	26
ENST00000531244.1	2254	16271	14017
ENST00000531248.1	110	2613	2503
ENST00000531252.5	128	220985	220857
ENST00000531253.5	1254	99498	98244
ENST00000531256.1	8445	9471	1026
ENST00000531259.5	30272	31303	1031
ENST00000531266.5	0	21448	21448
ENST00000531270.5	30	102136	102106
ENST00000531271.5	277	23040	22763
ENST00000531273.6	132	32069	31937
ENST00000531274.1	0	7901	7901
ENST00000531277.2	2	10639	10637
ENST00000531278.5	15071	22327	7256
ENST00000531279.5	763	5399	4636
ENST00000531281.1	0	1540	1540
ENST00000531285.1	0	296	296
ENST00000531286.5	1614	4570	2956
ENST00000531287.5	1537	54042	52505
ENST00000531289.5	272	104387	104115
ENST00000531291.5	0	8007	8007
ENST00000531293.1	460	644	184
ENST00000531294.5	2869	79350	76481
ENST00000531296.1	416	810	394
ENST00000531298.5	0	3809	3809
ENST00000531300.1	8127	20496	12369
ENST00000531303.5	17	3218	3201
ENST00000531306.2	42	38649	38607
ENST00000531308.1	35642	41699	6057
ENST00000531312.5	579	14405	13826
ENST00000531314.1	1460	1998	538
ENST00000531316.1	92	76010	75918
ENST00000531318.1	0	278	278
ENST00000531321.5	664	4519	3855
ENST00000531323.1	1473	2115	642
ENST00000531324.1	0	1265	1265
ENST00000531327.5	22134	33351	11217
ENST00000531329.6	13	5745	5732
ENST00000531331.1	4745	24023	19278
ENST00000531337.1	0	2459	2459
ENST00000531340.5	279	4647	4368
ENST00000531341.1	0	27355	27355
ENST00000531342.5	3	165175	165172
ENST00000531348.5	2813	13867	11054
ENST00000531349.6	202	205213	205011
ENST00000531352.5	34	65776	65742
ENST00000531353.1	1848	3199	1351
ENST00000531354.2	130	6470	6340
ENST00000531355.6	15141	21975	6834
ENST00000531356.1	0	762	762
ENST00000531364.5	0	1270	1270
ENST00000531366.5	2269	7915	5646
ENST00000531367.5	3	28261	28258
ENST00000531372.1	225	7841	7616
ENST00000531373.1	0	5263	5263
ENST00000531374.5	2672	6019	3347
ENST00000531377.5	2164	6718	4554
ENST00000531378.1	827	8119	7292
ENST00000531380.2	5466	11015	5549
ENST00000531382.5	49	30557	30508
ENST00000531383.5	892	7602	6710
ENST00000531384.1	17982	32254	14272
ENST00000531386.1	0	13774	13774
ENST00000531387.5	40092	56825	16733
ENST00000531391.5	454	11835	11381
ENST00000531398.1	0	47493	47493
ENST00000531399.6	224	2817	2593
ENST00000531403.5	32	2987	2955
ENST00000531404.1	556	9307	8751
ENST00000531405.5	236	1754	1518
ENST00000531407.5	330	1629	1299
ENST00000531408.6	4074	10533	6459
ENST00000531410.5	18792	41509	22717
ENST00000531412.5	1999	3842	1843
ENST00000531413.5	82	1381	1299
ENST00000531415.1	0	21973	21973
ENST00000531416.6	0	7559	7559
ENST00000531419.5	1490	5758	4268
ENST00000531421.5	0	13342	13342
ENST00000531427.5	89	97442	97353
ENST00000531429.1	0	14055	14055
ENST00000531431.1	0	13250	13250
ENST00000531433.5	638	172224	171586
ENST00000531437.5	0	3143	3143
ENST00000531439.5	0	120544	120544
ENST00000531440.5	0	22740	22740
ENST00000531443.6	89391	483238	393847
ENST00000531445.3	2260	65825	63565
ENST00000531446.2	281	16779	16498
ENST00000531448.5	1658	85894	84236
ENST00000531449.5	9050	63579	54529
ENST00000531450.1	0	59061	59061
ENST00000531451.5	0	194348	194348
ENST00000531452.5	1537	54507	52970
ENST00000531453.6	3	14078	14075
ENST00000531455.5	36	13599	13563
ENST00000531458.1	0	12534	12534
ENST00000531461.5	41	115579	115538
ENST00000531462.5	11	923	912
ENST00000531464.5	3996	14906	10910
ENST00000531467.5	160	1379	1219
ENST00000531468.2	5731	106615	100884
ENST00000531469.5	296	51155	50859
ENST00000531474.2	0	594	594
ENST00000531476.1	0	50439	50439
ENST00000531477.5	15	713	698
ENST00000531481.1	3630	80850	77220
ENST00000531482.2	587	1942	1355
ENST00000531487.1	2110	4686	2576
ENST00000531491.5	9941	29765	19824
ENST00000531493.5	415	8567	8152
ENST00000531498.5	18911	27623	8712
ENST00000531499.2	1424	3612	2188
ENST00000531500.5	13109	39290	26181
ENST00000531502.6	796	10130	9334
ENST00000531504.5	28084	28540	456
ENST00000531506.1	307	1344	1037
ENST00000531508.1	12791	34938	22147
ENST00000531509.5	782	19590	18808
ENST00000531512.5	0	11403	11403
ENST00000531514.5	890	2497	1607
ENST00000531519.5	0	19094	19094
ENST00000531520.5	160	1390	1230
ENST00000531524.5	0	14829	14829
ENST00000531525.2	0	7809	7809
ENST00000531526.5	1238	9347	8109
ENST00000531531.1	0	1853	1853
ENST00000531532.5	102	10874	10772
ENST00000531534.5	0	2796	2796
ENST00000531537.5	0	1065	1065
ENST00000531539.5	220	9470	9250
ENST00000531540.5	0	50	50
ENST00000531543.1	257	30218	29961
ENST00000531544.5	0	31302	31302
ENST00000531548.6	37574	52647	15073
ENST00000531551.5	3826	9456	5630
ENST00000531552.1	49	25194	25145
ENST00000531554.6	15602	65339	49737
ENST00000531555.5	1240	10973	9733
ENST00000531557.5	258	9260	9002
ENST00000531558.1	3838	57810	53972
ENST00000531568.1	34208	189021	154813
ENST00000531570.1	0	10254	10254
ENST00000531571.5	29574	29974	400
ENST00000531572.2	16	9181	9165
ENST00000531578.1	0	158	158
ENST00000531581.5	3371	26745	23374
ENST00000531582.1	0	14973	14973
ENST00000531584.1	2281	3385	1104
ENST00000531588.1	0	464	464
ENST00000531596.6	2077	3537	1460
ENST00000531597.1	387	2234	1847
ENST00000531598.7	5533	23978	18445
ENST00000531600.1	290	9992	9702
ENST00000531601.1	0	4404	4404
ENST00000531604.5	34	33937	33903
ENST00000531605.2	48	4016	3968
ENST00000531606.2	0	1275	1275
ENST00000531607.5	916	6772	5856
ENST00000531611.5	1048	61309	60261
ENST00000531612.5	0	5823	5823
ENST00000531613.2	135	171593	171458
ENST00000531614.6	0	561	561
ENST00000531615.1	130	14522	14392
ENST00000531618.2	41	1125	1084
ENST00000531619.1	118	16892	16774
ENST00000531621.5	66	7824	7758
ENST00000531624.1	0	11602	11602
ENST00000531628.2	0	158864	158864
ENST00000531630.6	0	31779	31779
ENST00000531632.6	3743	34160	30417
ENST00000531634.5	0	11116	11116
ENST00000531636.5	3051	6033	2982
ENST00000531642.5	2545	3181	636
ENST00000531645.5	128	2511	2383
ENST00000531646.1	155	176781	176626
ENST00000531647.6	372	5483	5111
ENST00000531650.5	5708	18679	12971
ENST00000531660.5	10956	19579	8623
ENST00000531664.5	273	58713	58440
ENST00000531665.5	44323	47290	2967
ENST00000531667.5	214	7893	7679
ENST00000531670.5	0	1072	1072
ENST00000531673.5	56	4401	4345
ENST00000531674.1	5870	6744	874
ENST00000531677.5	0	14498	14498
ENST00000531678.1	16	1868	1852
ENST00000531684.6	19	652	633
ENST00000531688.2	525	1426	901
ENST00000531689.5	24331	29050	4719
ENST00000531691.5	4084	29389	25305
ENST00000531700.5	6972	37065	30093
ENST00000531705.1	11	5027	5016
ENST00000531707.1	0	685	685
ENST00000531709.6	8202	14291	6089
ENST00000531712.5	3	4916	4913
ENST00000531713.5	62114	65499	3385
ENST00000531718.5	15	2708	2693
ENST00000531722.5	0	16509	16509
ENST00000531727.5	92	1818	1726
ENST00000531728.5	18365	22829	4464
ENST00000531734.6	4165	17421	13256
ENST00000531737.5	0	16411	16411
ENST00000531738.6	4124	70428	66304
ENST00000531743.5	54	1578	1524
ENST00000531744.5	5	84037	84032
ENST00000531751.5	1076	12764	11688
ENST00000531754.2	705	1583	878
ENST00000531755.5	0	25696	25696
ENST00000531761.5	469	2560	2091
ENST00000531769.6	0	6999	6999
ENST00000531774.1	0	29584	29584
ENST00000531783.5	91	22647	22556
ENST00000531787.5	24400	40174	15774
ENST00000531788.5	124190	175619	51429
ENST00000531790.5	8704	10885	2181
ENST00000531792.5	2262	67661	65399
ENST00000531793.1	0	4533	4533
ENST00000531794.5	126	27421	27295
ENST00000531797.5	38	4006	3968
ENST00000531801.6	1865	31394	29529
ENST00000531803.5	25	121894	121869
ENST00000531804.5	0	546	546
ENST00000531807.5	0	62955	62955
ENST00000531813.5	23	17820	17797
ENST00000531815.1	0	28568	28568
ENST00000531816.1	0	194216	194216
ENST00000531817.5	0	11311	11311
ENST00000531818.5	37345	162861	125516
ENST00000531821.6	113	5433	5320
ENST00000531822.1	0	12941	12941
ENST00000531823.5	49	3328	3279
ENST00000531828.5	20340	59674	39334
ENST00000531830.2	13430	16588	3158
ENST00000531833.1	6387	8896	2509
ENST00000531836.6	302	31409	31107
ENST00000531837.2	1755	9833	8078
ENST00000531839.5	0	35150	35150
ENST00000531842.1	0	3710	3710
ENST00000531847.1	0	1209	1209
ENST00000531848.1	604	15905	15301
ENST00000531849.5	11087	66617	55530
ENST00000531852.5	0	116	116
ENST00000531854.5	0	314	314
ENST00000531857.1	50	3702	3652
ENST00000531859.5	0	22337	22337
ENST00000531863.6	1767	31008	29241
ENST00000531865.5	1467	7016	5549
ENST00000531867.1	0	574	574
ENST00000531873.5	0	31610	31610
ENST00000531875.2	109	2320	2211
ENST00000531877.1	0	6009	6009
ENST00000531880.1	37	3030	2993
ENST00000531881.6	0	1028	1028
ENST00000531883.5	374	10294	9920
ENST00000531884.1	0	22629	22629
ENST00000531885.5	121	12636	12515
ENST00000531890.1	0	13645	13645
ENST00000531891.1	828	5900	5072
ENST00000531895.5	273	62983	62710
ENST00000531897.5	0	10259	10259
ENST00000531901.5	33195	289132	255937
ENST00000531904.7	21	97655	97634
ENST00000531909.5	1064	6038	4974
ENST00000531916.5	67	12832	12765
ENST00000531917.5	0	8794	8794
ENST00000531921.5	90	6168	6078
ENST00000531922.2	980	24311	23331
ENST00000531925.5	27598	29914	2316
ENST00000531928.6	344	2574	2230
ENST00000531930.5	0	56947	56947
ENST00000531931.1	0	210	210
ENST00000531933.1	0	13044	13044
ENST00000531934.5	4422	8632	4210
ENST00000531937.1	25942	26828	886
ENST00000531939.5	0	8182	8182
ENST00000531941.1	2199	2443	244
ENST00000531942.1	0	3842	3842
ENST00000531943.5	10990	18508	7518
ENST00000531944.5	32	409	377
ENST00000531949.1	83	1779	1696
ENST00000531951.6	110	7020	6910
ENST00000531953.5	0	294	294
ENST00000531956.5	0	3176	3176
ENST00000531959.5	0	113267	113267
ENST00000531960.1	0	24373	24373
ENST00000531963.5	38	23890	23852
ENST00000531964.5	1357	6362	5005
ENST00000531965.5	2070	4559	2489
ENST00000531967.5	1160	54574	53414
ENST00000531968.5	964	1687	723
ENST00000531969.5	267	12211	11944
ENST00000531970.5	55	15282	15227
ENST00000531972.5	480	7232	6752
ENST00000531974.5	1511	3878	2367
ENST00000531975.5	1568	2616	1048
ENST00000531978.5	26	2430	2404
ENST00000531979.5	1793	9062	7269
ENST00000531980.5	31061	62730	31669
ENST00000531981.5	1821	2938	1117
ENST00000531984.5	705	6466	5761
ENST00000531985.5	5630	6906	1276
ENST00000531986.5	936	2617	1681
ENST00000531989.1	0	6359	6359
ENST00000531991.6	11317	16945	5628
ENST00000531993.6	0	194638	194638
ENST00000531996.5	0	994	994
ENST00000531998.1	0	3245	3245
ENST00000532000.5	13507	17789	4282
ENST00000532001.6	4996	10421	5425
ENST00000532006.1	558	3664	3106
ENST00000532010.5	0	52	52
ENST00000532011.5	15331	16487	1156
ENST00000532012.1	0	727	727
ENST00000532016.1	0	3333	3333
ENST00000532017.5	13271	25088	11817
ENST00000532019.5	4774	7831	3057
ENST00000532020.2	0	707	707
ENST00000532023.5	0	36159	36159
ENST00000532024.1	266	52822	52556
ENST00000532027.5	0	5198	5198
ENST00000532028.1	0	12331	12331
ENST00000532029.6	5288	70870	65582
ENST00000532032.5	89	36889	36800
ENST00000532035.1	0	778	778
ENST00000532036.2	63	44572	44509
ENST00000532038.5	1557	18371	16814
ENST00000532039.5	53	13914	13861
ENST00000532041.5	10099	56763	46664
ENST00000532048.5	1915	30728	28813
ENST00000532050.5	426	26389	25963
ENST00000532053.5	6940	14155	7215
ENST00000532055.5	0	1646	1646
ENST00000532056.5	16018	16078	60
ENST00000532057.5	172	7617	7445
ENST00000532059.6	4111	55593	51482
ENST00000532062.1	555	3814	3259
ENST00000532063.5	5037	7845	2808
ENST00000532064.5	429	41114	40685
ENST00000532067.1	0	856	856
ENST00000532069.5	3227	21807	18580
ENST00000532073.5	6528	13464	6936
ENST00000532077.1	0	19475	19475
ENST00000532079.1	259	225581	225322
ENST00000532081.1	97	3633	3536
ENST00000532082.6	0	4872	4872
ENST00000532089.5	0	16480	16480
ENST00000532090.3	3961	9325	5364
ENST00000532097.6	74	16736	16662
ENST00000532102.5	10	10198	10188
ENST00000532105.1	1174	3478	2304
ENST00000532106.1	0	12224	12224
ENST00000532110.1	0	14721	14721
ENST00000532114.6	135	28186	28051
ENST00000532117.1	0	106	106
ENST00000532118.5	0	14860	14860
ENST00000532119.5	18945	26470	7525
ENST00000532121.5	51254	69636	18382
ENST00000532125.2	178	10101	9923
ENST00000532127.6	4191	13249	9058
ENST00000532128.5	0	1243	1243
ENST00000532129.1	0	30707	30707
ENST00000532130.1	36811	162327	125516
ENST00000532132.5	30	14387	14357
ENST00000532133.5	86	133178	133092
ENST00000532134.5	0	6490	6490
ENST00000532135.5	230	106850	106620
ENST00000532140.1	109	699	590
ENST00000532141.6	25953	28879	2926
ENST00000532154.5	158482	180161	21679
ENST00000532156.5	3989	5131	1142
ENST00000532157.5	16040	18861	2821
ENST00000532158.5	5617	11144	5527
ENST00000532161.5	46	3632	3586
ENST00000532163.5	3946	9470	5524
ENST00000532164.2	1757	11293	9536
ENST00000532169.5	199	2657	2458
ENST00000532170.5	214	11462	11248
ENST00000532171.5	38	14079	14041
ENST00000532173.6	1507	6695	5188
ENST00000532176.2	0	5615	5615
ENST00000532179.5	68148	110565	42417
ENST00000532180.1	6166	8849	2683
ENST00000532181.5	0	6359	6359
ENST00000532182.5	0	1671	1671
ENST00000532183.6	135	28880	28745
ENST00000532189.5	0	39212	39212
ENST00000532192.1	0	3493	3493
ENST00000532198.2	766	4677	3911
ENST00000532200.1	180	3166	2986
ENST00000532201.5	99376	100104	728
ENST00000532203.1	0	1573	1573
ENST00000532204.6	21	11682	11661
ENST00000532205.5	5601	11128	5527
ENST00000532208.5	284	7966	7682
ENST00000532210.5	0	2976	2976
ENST00000532211.5	76	6316	6240
ENST00000532219.5	60	155141	155081
ENST00000532221.5	0	5206	5206
ENST00000532222.5	1156	11117	9961
ENST00000532223.2	274	8553	8279
ENST00000532224.5	39823	57344	17521
ENST00000532225.5	0	7898	7898
ENST00000532229.1	702	3917	3215
ENST00000532234.5	22867	138782	115915
ENST00000532236.5	14789	55284	40495
ENST00000532243.5	265	8836	8571
ENST00000532244.5	1773	4061	2288
ENST00000532245.5	33816	56989	23173
ENST00000532246.1	63	950	887
ENST00000532248.5	29	21678	21649
ENST00000532250.5	143849	161297	17448
ENST00000532251.1	26738	117883	91145
ENST00000532252.5	13	1250	1237
ENST00000532253.5	3403	5041	1638
ENST00000532254.1	55	21535	21480
ENST00000532256.1	0	10	10
ENST00000532257.1	5784	7632	1848
ENST00000532258.1	335	6392	6057
ENST00000532259.1	445	7147	6702
ENST00000532262.5	3330	17714	14384
ENST00000532263.5	1055	3249	2194
ENST00000532265.5	31663	160553	128890
ENST00000532266.5	96	17643	17547
ENST00000532276.1	0	3134	3134
ENST00000532277.5	14764	29138	14374
ENST00000532278.1	0	8	8
ENST00000532281.1	0	254	254
ENST00000532285.1	771	1147	376
ENST00000532287.6	102	31368	31266
ENST00000532291.5	4729	6773	2044
ENST00000532295.1	0	24934	24934
ENST00000532297.5	308	15021	14713
ENST00000532301.5	0	554	554
ENST00000532302.1	246	9696	9450
ENST00000532303.5	1800	6636	4836
ENST00000532306.6	3	39930	39927
ENST00000532309.5	0	31776	31776
ENST00000532311.5	0	697	697
ENST00000532314.5	1295	2183	888
ENST00000532317.5	1365	112906	111541
ENST00000532322.5	0	2855	2855
ENST00000532324.5	94	24158	24064
ENST00000532325.6	0	21191	21191
ENST00000532326.5	981	3322	2341
ENST00000532330.5	26	11788	11762
ENST00000532331.5	1253	555734	554481
ENST00000532332.2	0	1940	1940
ENST00000532335.5	1116	8158	7042
ENST00000532343.5	1756	3800	2044
ENST00000532351.5	0	14745	14745
ENST00000532356.5	4004	7642	3638
ENST00000532359.5	22	3345	3323
ENST00000532364.1	0	8279	8279
ENST00000532365.2	0	7965	7965
ENST00000532366.2	9984	14179	4195
ENST00000532375.5	3108	19137	16029
ENST00000532376.2	54181	60831	6650
ENST00000532378.5	87	8614	8527
ENST00000532384.5	8372	21219	12847
ENST00000532389.5	0	18319	18319
ENST00000532391.1	142	12778	12636
ENST00000532392.3	786	10120	9334
ENST00000532398.1	97	75098	75001
ENST00000532400.1	66	7417	7351
ENST00000532401.1	647	8095	7448
ENST00000532402.5	14272	21926	7654
ENST00000532404.6	210	46958	46748
ENST00000532405.6	666	172309	171643
ENST00000532406.1	0	19537	19537
ENST00000532407.5	365	5339	4974
ENST00000532411.2	3	1879	1876
ENST00000532414.3	4564	11543	6979
ENST00000532417.1	1823	14564	12741
ENST00000532420.1	40681	41207	526
ENST00000532421.6	0	9052	9052
ENST00000532425.6	3865	56724	52859
ENST00000532427.5	3852	75975	72123
ENST00000532428.6	29626	38055	8429
ENST00000532429.5	65957	109289	43332
ENST00000532434.5	63	907628	907565
ENST00000532435.5	0	15168	15168
ENST00000532437.1	899	27418	26519
ENST00000532438.5	4207	8992	4785
ENST00000532439.6	113	6445	6332
ENST00000532440.6	3	40236	40233
ENST00000532442.5	23809	29009	5200
ENST00000532444.5	50	3343	3293
ENST00000532445.2	2010	2609	599
ENST00000532447.5	118	13159	13041
ENST00000532448.1	408	2241	1833
ENST00000532449.6	540	30504	29964
ENST00000532450.5	1487	3056	1569
ENST00000532452.5	53	26063	26010
ENST00000532455.1	236	3713	3477
ENST00000532457.5	1415	6123	4708
ENST00000532460.5	737	12898	12161
ENST00000532462.5	201	88949	88748
ENST00000532463.5	33816	56989	23173
ENST00000532464.5	0	266	266
ENST00000532470.3	15558	65295	49737
ENST00000532471.1	0	476	476
ENST00000532475.1	0	6591	6591
ENST00000532478.5	4422	9289	4867
ENST00000532480.6	2318	11251	8933
ENST00000532481.5	21388	97248	75860
ENST00000532482.1	0	2983	2983
ENST00000532484.5	0	3000	3000
ENST00000532485.6	59	160196	160137
ENST00000532489.5	4638	13311	8673
ENST00000532491.5	6529	6565	36
ENST00000532493.5	0	16058	16058
ENST00000532497.5	20332	49230	28898
ENST00000532498.7	173	16365	16192
ENST00000532499.1	0	974	974
ENST00000532501.2	186	7642	7456
ENST00000532502.1	1828	9282	7454
ENST00000532504.5	1400	74691	73291
ENST00000532505.1	384	3920	3536
ENST00000532507.5	538	8869	8331
ENST00000532509.5	79	8292	8213
ENST00000532512.1	0	5500	5500
ENST00000532513.2	10433	66897	56464
ENST00000532519.7	2150	14664	12514
ENST00000532522.5	709	2892	2183
ENST00000532523.5	25740	27746	2006
ENST00000532525.1	0	33119	33119
ENST00000532529.1	0	13855	13855
ENST00000532536.5	248	971	723
ENST00000532539.1	0	5039	5039
ENST00000532540.5	118323	179029	60706
ENST00000532543.1	0	232	232
ENST00000532544.5	29022	40096	11074
ENST00000532546.5	138565	208043	69478
ENST00000532547.1	29672	30679	1007
ENST00000532548.5	181	10278	10097
ENST00000532549.2	33	7241	7208
ENST00000532556.1	0	7897	7897
ENST00000532559.1	14	15139	15125
ENST00000532565.6	51413	99704	48291
ENST00000532566.3	170	5112	4942
ENST00000532567.5	2228	2687	459
ENST00000532569.5	0	594	594
ENST00000532570.6	0	3298	3298
ENST00000532577.5	10324	17935	7611
ENST00000532580.5	1266	15318	14052
ENST00000532583.1	207	10247	10040
ENST00000532585.5	5811	6608	797
ENST00000532589.5	13003	27381	14378
ENST00000532592.1	17	164409	164392
ENST00000532593.5	17121	42908	25787
ENST00000532594.1	8163	30190	22027
ENST00000532595.5	0	25090	25090
ENST00000532596.5	0	1140	1140
ENST00000532598.1	0	500	500
ENST00000532600.1	96	1420	1324
ENST00000532601.1	129	1154	1025
ENST00000532602.2	114	164398	164284
ENST00000532603.5	166	25411	25245
ENST00000532610.5	100532	192694	92162
ENST00000532612.5	0	25629	25629
ENST00000532616.2	3	3163	3160
ENST00000532617.5	2149	3302	1153
ENST00000532620.6	196	16117	15921
ENST00000532623.5	186552	220947	34395
ENST00000532629.1	25833	31705	5872
ENST00000532631.5	7353	8609	1256
ENST00000532632.1	0	5880	5880
ENST00000532633.5	28	50675	50647
ENST00000532634.5	7031	13445	6414
ENST00000532635.5	609	9664	9055
ENST00000532636.5	248	5765	5517
ENST00000532639.3	3410	17590	14180
ENST00000532642.5	97	3240	3143
ENST00000532643.5	704	6184	5480
ENST00000532645.1	1200	2913	1713
ENST00000532649.5	29844	57128	27284
ENST00000532653.5	32	1465862	1465830
ENST00000532656.7	756	10090	9334
ENST00000532661.6	3	2291	2288
ENST00000532662.1	0	196	196
ENST00000532663.1	0	12198	12198
ENST00000532666.1	0	3189	3189
ENST00000532669.5	776	12122	11346
ENST00000532670.1	0	27912	27912
ENST00000532672.5	2671	32716	30045
ENST00000532674.2	0	7836	7836
ENST00000532677.5	401	31485	31084
ENST00000532678.1	0	28666	28666
ENST00000532681.5	52	6286	6234
ENST00000532689.6	7410	10008	2598
ENST00000532692.1	1421	21048	19627
ENST00000532693.5	84	4773	4689
ENST00000532694.5	523	55956	55433
ENST00000532695.5	15502	22018	6516
ENST00000532699.1	5	84037	84032
ENST00000532700.6	0	16892	16892
ENST00000532701.1	26055	45372	19317
ENST00000532702.1	0	2385	2385
ENST00000532703.5	0	2600	2600
ENST00000532705.1	314	15637	15323
ENST00000532707.5	0	1362	1362
ENST00000532715.5	123	12819	12696
ENST00000532719.1	0	8786	8786
ENST00000532720.1	0	5112	5112
ENST00000532721.1	6790	6906	116
ENST00000532723.5	50794	63725	12931
ENST00000532726.6	7600	17437	9837
ENST00000532727.5	12	37360	37348
ENST00000532728.6	774	50167	49393
ENST00000532729.6	193	62867	62674
ENST00000532734.5	4765	60554	55789
ENST00000532737.1	0	3655	3655
ENST00000532741.5	67	12586	12519
ENST00000532743.6	3233	36657	33424
ENST00000532744.2	0	7054	7054
ENST00000532746.5	1683	2492	809
ENST00000532751.1	87065	198222	111157
ENST00000532756.1	0	5344	5344
ENST00000532757.5	0	16053	16053
ENST00000532762.5	600	3419	2819
ENST00000532763.5	2735	56559	53824
ENST00000532764.5	11925	30773	18848
ENST00000532771.5	531	2993	2462
ENST00000532772.5	3324	13116	9792
ENST00000532777.6	1528	17659	16131
ENST00000532779.5	733	118960	118227
ENST00000532781.1	0	1587	1587
ENST00000532782.1	0	8907	8907
ENST00000532787.5	33816	57013	23197
ENST00000532791.5	2400	48658	46258
ENST00000532795.5	0	901	901
ENST00000532798.3	591	13699	13108
ENST00000532799.1	1376	2439	1063
ENST00000532802.5	0	805	805
ENST00000532804.5	11092	17149	6057
ENST00000532805.1	2728	7954	5226
ENST00000532808.5	6947	21340	14393
ENST00000532809.2	1865	78929	77064
ENST00000532814.5	230	16094	15864
ENST00000532815.2	4650	7699	3049
ENST00000532816.1	1114	1843	729
ENST00000532817.5	0	4103	4103
ENST00000532818.5	0	2226	2226
ENST00000532819.5	44	57834	57790
ENST00000532820.5	211	49263	49052
ENST00000532825.5	412	165717	165305
ENST00000532827.1	21	2010	1989
ENST00000532828.7	3651	27835	24184
ENST00000532829.5	516	3141	2625
ENST00000532830.5	450	1310	860
ENST00000532832.5	1489	3586	2097
ENST00000532833.1	0	532	532
ENST00000532836.5	0	12755	12755
ENST00000532837.5	17353	20285	2932
ENST00000532838.1	67	13616	13549
ENST00000532842.1	15444	17554	2110
ENST00000532844.5	29844	57231	27387
ENST00000532846.2	0	3478	3478
ENST00000532850.1	2050	3767	1717
ENST00000532852.5	331	53867	53536
ENST00000532853.5	0	1618	1618
ENST00000532857.1	0	450	450
ENST00000532858.5	628	3955	3327
ENST00000532862.1	0	38	38
ENST00000532865.5	3447	6031	2584
ENST00000532868.6	143	37445	37302
ENST00000532870.5	1141	3082	1941
ENST00000532872.5	18	4920	4902
ENST00000532879.5	0	3628	3628
ENST00000532881.5	0	7941	7941
ENST00000532883.5	78266	113322	35056
ENST00000532884.1	0	2209	2209
ENST00000532889.1	1280	5179	3899
ENST00000532891.6	3	37408	37405
ENST00000532893.5	1196	32270	31074
ENST00000532895.1	788	1092	304
ENST00000532905.1	3009	6483	3474
ENST00000532908.5	11	4139	4128
ENST00000532909.5	1466	2295	829
ENST00000532911.6	30439	95798	65359
ENST00000532917.3	80	8662	8582
ENST00000532919.5	100328	203158	102830
ENST00000532925.5	71	30651	30580
ENST00000532927.5	7216	27766	20550
ENST00000532931.5	4535	6459	1924
ENST00000532933.1	74	2257	2183
ENST00000532935.5	0	1379	1379
ENST00000532939.3	429	43235	42806
ENST00000532942.5	155	288919	288764
ENST00000532947.2	3169	3707	538
ENST00000532950.5	75135	77407	2272
ENST00000532954.1	0	2412	2412
ENST00000532956.5	176	20832	20656
ENST00000532958.1	94	6743	6649
ENST00000532959.5	133	284355	284222
ENST00000532960.5	528	3422	2894
ENST00000532962.5	1842	17033	15191
ENST00000532963.1	127	16988	16861
ENST00000532964.5	21	126197	126176
ENST00000532967.5	242	35718	35476
ENST00000532968.1	985	2045	1060
ENST00000532970.5	1211	4715	3504
ENST00000532971.2	568	2454	1886
ENST00000532972.5	21	28540	28519
ENST00000532975.5	20845	36926	16081
ENST00000532976.1	0	31845	31845
ENST00000532977.1	31353	31447	94
ENST00000532982.5	10416	35007	24591
ENST00000532984.1	708	22942	22234
ENST00000532990.1	20292	108422	88130
ENST00000532993.5	36520	104067	67547
ENST00000532995.5	13782	20470	6688
ENST00000532996.5	74	49400	49326
ENST00000532997.5	2931	4411	1480
ENST00000532998.5	1950	2862	912
ENST00000532999.5	0	9264	9264
ENST00000533000.5	66	1779	1713
ENST00000533004.5	1714	10087	8373
ENST00000533011.5	0	2898	2898
ENST00000533012.1	1	3367	3366
ENST00000533014.5	79	10792	10713
ENST00000533016.1	0	45611	45611
ENST00000533018.1	281	6923	6642
ENST00000533020.5	0	16135	16135
ENST00000533021.1	0	3853	3853
ENST00000533022.5	58	12186	12128
ENST00000533023.5	370	9395	9025
ENST00000533024.5	60	1943	1883
ENST00000533028.8	23559	53445	29886
ENST00000533030.1	386	23355	22969
ENST00000533031.5	5653	6929	1276
ENST00000533034.1	8	62193	62185
ENST00000533035.5	1001	7400	6399
ENST00000533036.5	0	19342	19342
ENST00000533037.5	1628	4843	3215
ENST00000533044.5	0	1825	1825
ENST00000533045.5	33	5504	5471
ENST00000533047.5	0	5918	5918
ENST00000533050.6	23220	51394	28174
ENST00000533051.5	0	785	785
ENST00000533052.1	0	10508	10508
ENST00000533054.5	183	14494	14311
ENST00000533056.5	0	3011	3011
ENST00000533057.6	0	13005	13005
ENST00000533058.5	30	7046	7016
ENST00000533059.5	0	2935	2935
ENST00000533060.5	37	21628	21591
ENST00000533062.5	2572	9089	6517
ENST00000533063.5	43	6572	6529
ENST00000533065.5	703	46332	45629
ENST00000533066.5	0	20890	20890
ENST00000533068.5	0	84	84
ENST00000533070.5	207	2699	2492
ENST00000533073.5	0	43650	43650
ENST00000533074.1	0	14367	14367
ENST00000533075.5	47	3998	3951
ENST00000533076.5	2963	8954	5991
ENST00000533078.5	121	10844	10723
ENST00000533080.5	179314	193304	13990
ENST00000533087.5	580	15741	15161
ENST00000533089.5	105864	181452	75588
ENST00000533095.2	3763	14814	11051
ENST00000533097.6	198	4296	4098
ENST00000533099.5	372	27615	27243
ENST00000533100.5	1511	3511	2000
ENST00000533102.5	600	5559	4959
ENST00000533112.5	1254	99388	98134
ENST00000533115.5	0	1704	1704
ENST00000533116.1	0	658	658
ENST00000533118.5	629	3283	2654
ENST00000533119.1	0	24058	24058
ENST00000533121.1	0	16197	16197
ENST00000533122.4	2467	9190	6723
ENST00000533123.5	96	4215	4119
ENST00000533126.1	0	2926	2926
ENST00000533127.5	76918	77150	232
ENST00000533129.5	969	31671	30702
ENST00000533131.5	2931	4411	1480
ENST00000533133.6	218	26998	26780
ENST00000533134.1	11821	41393	29572
ENST00000533137.5	600	2445	1845
ENST00000533141.1	622	1865	1243
ENST00000533144.1	3	1351	1348
ENST00000533145.5	5511	10701	5190
ENST00000533147.5	505	48607	48102
ENST00000533148.5	6761	8751	1990
ENST00000533150.5	88	4769	4681
ENST00000533151.5	0	4509	4509
ENST00000533152.3	5956	7850	1894
ENST00000533153.5	16372	35083	18711
ENST00000533154.1	340	7322	6982
ENST00000533155.6	328	1504	1176
ENST00000533157.5	111	1121	1010
ENST00000533160.1	0	9499	9499
ENST00000533162.2	72	12844	12772
ENST00000533164.6	680	5657	4977
ENST00000533166.5	670	1453	783
ENST00000533171.5	157	71889	71732
ENST00000533172.5	44	7486	7442
ENST00000533174.5	0	13154	13154
ENST00000533175.1	0	24518	24518
ENST00000533177.5	650	13796	13146
ENST00000533178.6	3151	5517	2366
ENST00000533181.1	7437	7745	308
ENST00000533182.5	1438	3290	1852
ENST00000533186.5	40	2876	2836
ENST00000533187.5	0	2140	2140
ENST00000533189.1	48444	49200	756
ENST00000533191.6	286	80665	80379
ENST00000533193.5	1478	31793	30315
ENST00000533194.5	0	15085	15085
ENST00000533195.5	84	41237	41153
ENST00000533197.1	0	121673	121673
ENST00000533202.5	179606	183306	3700
ENST00000533205.5	9	8620	8611
ENST00000533211.6	3377	45877	42500
ENST00000533212.5	0	184643	184643
ENST00000533213.7	5151	229399	224248
ENST00000533214.1	177	12685	12508
ENST00000533217.1	121	1265	1144
ENST00000533221.5	0	8253	8253
ENST00000533222.5	0	22018	22018
ENST00000533224.1	0	55600	55600
ENST00000533225.5	0	33043	33043
ENST00000533227.5	241017	582215	341198
ENST00000533231.5	123	28444	28321
ENST00000533233.1	112	7843	7731
ENST00000533234.5	0	8954	8954
ENST00000533235.5	0	2472	2472
ENST00000533237.5	257	11369	11112
ENST00000533240.5	16404	19198	2794
ENST00000533241.1	109	142595	142486
ENST00000533243.5	6501	11779	5278
ENST00000533244.6	77	13481	13404
ENST00000533245.5	0	2484	2484
ENST00000533246.5	2931	4411	1480
ENST00000533248.5	39	106918	106879
ENST00000533249.5	3521	4797	1276
ENST00000533250.2	178	3083	2905
ENST00000533252.1	0	4536	4536
ENST00000533256.5	3291	22986	19695
ENST00000533257.1	132	1200	1068
ENST00000533258.5	2012	3552	1540
ENST00000533259.1	87269	87937	668
ENST00000533261.5	334	22012	21678
ENST00000533262.1	15	44405	44390
ENST00000533263.1	0	13289	13289
ENST00000533265.5	114	20164	20050
ENST00000533266.5	32	810	778
ENST00000533270.1	0	1024	1024
ENST00000533273.1	0	1247	1247
ENST00000533274.5	440	87426	86986
ENST00000533276.6	0	3452	3452
ENST00000533278.5	9628	36846	27218
ENST00000533280.6	139	2143	2004
ENST00000533282.1	0	2199	2199
ENST00000533285.1	148	20860	20712
ENST00000533290.5	735	7502	6767
ENST00000533293.2	525	2671	2146
ENST00000533295.5	38359	51545	13186
ENST00000533297.1	65	1025	960
ENST00000533302.5	7	11123	11116
ENST00000533306.6	6564	10393	3829
ENST00000533310.5	39	2497	2458
ENST00000533313.6	43088	43410	322
ENST00000533314.6	1509	17738	16229
ENST00000533325.5	26743	33019	6276
ENST00000533328.5	15025	20060	5035
ENST00000533332.1	25793	42422	16629
ENST00000533334.2	10499	29905	19406
ENST00000533336.1	126	26587	26461
ENST00000533338.1	0	9113	9113
ENST00000533339.1	332	4917	4585
ENST00000533340.5	0	523	523
ENST00000533341.3	524	5598	5074
ENST00000533342.6	959	56059	55100
ENST00000533346.5	302	8879	8577
ENST00000533347.5	1482	2725	1243
ENST00000533348.5	1450	3291	1841
ENST00000533349.5	170	12702	12532
ENST00000533351.5	0	11914	11914
ENST00000533353.5	2319	117424	115105
ENST00000533357.5	1144	5908	4764
ENST00000533359.5	152	7096	6944
ENST00000533361.1	2786	3400	614
ENST00000533362.2	57	10170	10113
ENST00000533363.5	7794	59761	51967
ENST00000533365.5	0	44647	44647
ENST00000533371.6	1777	4998	3221
ENST00000533372.1	22421	22761	340
ENST00000533373.6	57	21535	21478
ENST00000533376.5	137	22131	21994
ENST00000533379.1	9	1016	1007
ENST00000533380.5	88	67776	67688
ENST00000533383.5	17	7970	7953
ENST00000533384.5	0	16410	16410
ENST00000533385.5	0	2828	2828
ENST00000533389.1	288	42725	42437
ENST00000533391.5	0	2652	2652
ENST00000533394.5	0	10555	10555
ENST00000533397.5	0	3020	3020
ENST00000533400.6	753	10808	10055
ENST00000533403.6	722	13242	12520
ENST00000533404.1	499	961	462
ENST00000533409.1	0	136	136
ENST00000533410.5	148	8990	8842
ENST00000533411.5	0	107082	107082
ENST00000533412.5	0	15662	15662
ENST00000533414.1	0	11254	11254
ENST00000533415.5	37480	68679	31199
ENST00000533417.6	9	18833	18824
ENST00000533418.5	264	6901	6637
ENST00000533419.1	3857	5115	1258
ENST00000533420.3	0	12925	12925
ENST00000533422.5	2819	10402	7583
ENST00000533423.5	3978	16435	12457
ENST00000533426.5	4677	7787	3110
ENST00000533427.1	2585	12607	10022
ENST00000533432.5	353	12514	12161
ENST00000533438.1	177	3293	3116
ENST00000533439.1	4539	5837	1298
ENST00000533442.5	3644	3830	186
ENST00000533443.5	0	1754	1754
ENST00000533446.5	0	2463	2463
ENST00000533447.5	6962	81780	74818
ENST00000533448.1	1157	4258	3101
ENST00000533449.6	3541	10241	6700
ENST00000533454.5	86011	211527	125516
ENST00000533455.6	804	10138	9334
ENST00000533461.5	0	11982	11982
ENST00000533463.5	0	756	756
ENST00000533464.5	4992	40171	35179
ENST00000533465.1	0	4192	4192
ENST00000533467.1	3	1855	1852
ENST00000533469.5	1708	20259	18551
ENST00000533471.5	0	19852	19852
ENST00000533473.1	423	2053	1630
ENST00000533474.1	0	244	244
ENST00000533475.6	142	3621	3479
ENST00000533478.5	234	85616	85382
ENST00000533482.5	387	22686	22299
ENST00000533483.5	422	15909	15487
ENST00000533486.5	9035	24788	15753
ENST00000533487.1	7	11592	11585
ENST00000533490.7	183	9185	9002
ENST00000533491.2	0	126	126
ENST00000533494.6	59	7945	7886
ENST00000533495.5	2093	3923	1830
ENST00000533498.1	252	6328	6076
ENST00000533500.5	3171	14157	10986
ENST00000533501.5	23	617	594
ENST00000533510.5	13521	15753	2232
ENST00000533513.1	245	8088	7843
ENST00000533518.5	7698	11522	3824
ENST00000533520.5	76516	81019	4503
ENST00000533522.1	123	3993	3870
ENST00000533523.6	1088	4129	3041
ENST00000533524.5	25	19902	19877
ENST00000533525.1	0	34869	34869
ENST00000533534.2	0	11650	11650
ENST00000533537.5	0	6111	6111
ENST00000533539.2	154	123654	123500
ENST00000533540.5	248	5328	5080
ENST00000533541.1	2540	6643	4103
ENST00000533542.5	10327	19060	8733
ENST00000533543.5	3903	14189	10286
ENST00000533544.6	2057	4334	2277
ENST00000533546.5	1362	4590	3228
ENST00000533548.1	100	4834	4734
ENST00000533549.1	12505	13188	683
ENST00000533550.5	15595	45132	29537
ENST00000533553.5	296	11657	11361
ENST00000533556.1	486	1024	538
ENST00000533557.5	25	4153	4128
ENST00000533558.5	273	8541	8268
ENST00000533560.5	24111	123406	99295
ENST00000533564.1	71	11744	11673
ENST00000533566.5	14598	15008	410
ENST00000533570.1	10484	24219	13735
ENST00000533572.6	792	9983	9191
ENST00000533577.1	0	40	40
ENST00000533580.5	0	26659	26659
ENST00000533583.1	0	68813	68813
ENST00000533585.5	5737	12648	6911
ENST00000533589.6	7483	18077	10594
ENST00000533595.5	20	7616	7596
ENST00000533596.1	0	753	753
ENST00000533599.1	90	6799	6709
ENST00000533601.7	2541	26889	24348
ENST00000533602.5	5	25422	25417
ENST00000533603.5	4294	11274	6980
ENST00000533605.5	663	3757	3094
ENST00000533606.2	0	9142	9142
ENST00000533607.1	0	284	284
ENST00000533608.7	12035	150747	138712
ENST00000533609.5	5547	33586	28039
ENST00000533616.5	141	50995	50854
ENST00000533617.5	0	7168	7168
ENST00000533620.5	83	61170	61087
ENST00000533621.1	361	2899	2538
ENST00000533622.5	0	8217	8217
ENST00000533624.5	0	38264	38264
ENST00000533625.5	10814	86822	76008
ENST00000533626.5	17102	26831	9729
ENST00000533628.5	1007	10255	9248
ENST00000533629.5	3588	5500	1912
ENST00000533631.1	17992	24569	6577
ENST00000533632.6	30	5282	5252
ENST00000533637.5	230	33637	33407
ENST00000533639.5	4558	13504	8946
ENST00000533640.5	55	15260	15205
ENST00000533642.1	10	1240	1230
ENST00000533644.5	51	5758	5707
ENST00000533645.1	7344	29864	22520
ENST00000533647.1	684	1274	590
ENST00000533650.5	11	16167	16156
ENST00000533654.5	6090	15739	9649
ENST00000533655.6	13003	35586	22583
ENST00000533662.2	699	3748	3049
ENST00000533663.6	521	18637	18116
ENST00000533664.1	19193	66281	47088
ENST00000533666.5	121	12538	12417
ENST00000533667.5	39949	56349	16400
ENST00000533668.5	0	3931	3931
ENST00000533671.1	0	2194	2194
ENST00000533678.1	8135	15043	6908
ENST00000533679.5	1050	1348	298
ENST00000533681.5	0	20274	20274
ENST00000533682.2	1715	4944	3229
ENST00000533683.7	569	3860	3291
ENST00000533686.5	217	1640	1423
ENST00000533688.5	15	2462	2447
ENST00000533689.1	306	1865	1559
ENST00000533692.1	438	1556	1118
ENST00000533703.1	3810	10269	6459
ENST00000533709.1	106	9670	9564
ENST00000533712.5	21547	29917	8370
ENST00000533713.5	84	51401	51317
ENST00000533715.2	54	9342	9288
ENST00000533716.2	0	4396	4396
ENST00000533718.2	889	3168	2279
ENST00000533721.5	0	7035	7035
ENST00000533723.1	150	19723	19573
ENST00000533725.5	4770	11620	6850
ENST00000533727.5	1039	155486	154447
ENST00000533729.1	16	8127	8111
ENST00000533737.5	159	4516	4357
ENST00000533738.6	18583	19630	1047
ENST00000533741.1	0	5238	5238
ENST00000533742.5	15691	31011	15320
ENST00000533744.6	0	64089	64089
ENST00000533747.1	0	2555	2555
ENST00000533749.5	0	18650	18650
ENST00000533751.5	128	16304	16176
ENST00000533752.1	13366	14268	902
ENST00000533753.5	396	1736	1340
ENST00000533754.5	20428	37617	17189
ENST00000533756.5	37048	127571	90523
ENST00000533757.5	0	7615	7615
ENST00000533758.1	39	4061	4022
ENST00000533761.5	12875	24449	11574
ENST00000533762.5	6741	6821	80
ENST00000533764.5	0	1055	1055
ENST00000533765.1	0	65623	65623
ENST00000533770.6	1458	459460	458002
ENST00000533771.1	17019	35238	18219
ENST00000533772.5	734	12738	12004
ENST00000533773.5	19313	42588	23275
ENST00000533777.5	15986	23389	7403
ENST00000533782.5	400	10847	10447
ENST00000533783.2	636	10988	10352
ENST00000533784.5	870	44542	43672
ENST00000533786.5	179952	193287	13335
ENST00000533788.1	0	11660	11660
ENST00000533789.5	31	11440	11409
ENST00000533790.3	21	47098	47077
ENST00000533791.5	1100	8869	7769
ENST00000533792.5	21254	78941	57687
ENST00000533794.5	3364	3514	150
ENST00000533795.5	0	32523	32523
ENST00000533797.1	23	49438	49415
ENST00000533800.5	174	4653	4479
ENST00000533801.6	755	124808	124053
ENST00000533803.1	2462	3024	562
ENST00000533805.5	869	10905	10036
ENST00000533806.5	0	3628	3628
ENST00000533808.5	0	16410	16410
ENST00000533809.2	281	1764	1483
ENST00000533810.5	0	2796	2796
ENST00000533813.5	0	43345	43345
ENST00000533815.2	1930	41919	39989
ENST00000533817.5	0	2981	2981
ENST00000533820.5	1508	32210	30702
ENST00000533821.5	0	59044	59044
ENST00000533824.5	52	26946	26894
ENST00000533827.5	0	426	426
ENST00000533831.6	0	8578	8578
ENST00000533833.5	1326	7432	6106
ENST00000533835.5	3728	8682	4954
ENST00000533837.5	199	16609	16410
ENST00000533839.6	152	9435	9283
ENST00000533842.5	0	571	571
ENST00000533848.2	0	12103	12103
ENST00000533852.7	1503	12946	11443
ENST00000533854.6	42216	50940	8724
ENST00000533855.5	0	29409	29409
ENST00000533861.5	17	2911	2894
ENST00000533862.5	42	15768	15726
ENST00000533871.8	12634	64607	51973
ENST00000533873.1	35	160062	160027
ENST00000533874.1	266	13523	13257
ENST00000533879.2	142	3621	3479
ENST00000533881.5	425	21950	21525
ENST00000533884.5	142	19936	19794
ENST00000533885.5	70	6142	6072
ENST00000533888.1	778	2553	1775
ENST00000533892.5	163	20413	20250
ENST00000533894.5	0	2370	2370
ENST00000533895.5	931	72660	71729
ENST00000533896.5	4164	6528	2364
ENST00000533902.2	22867	151032	128165
ENST00000533904.6	1074	10049	8975
ENST00000533905.1	1725	2517	792
ENST00000533907.1	1205	4474	3269
ENST00000533909.5	249	1570	1321
ENST00000533915.5	121	5046	4925
ENST00000533917.5	551	100151	99600
ENST00000533918.5	0	3106	3106
ENST00000533919.5	0	1487	1487
ENST00000533926.5	18301	25005	6704
ENST00000533929.7	67	9636	9569
ENST00000533931.1	0	4920	4920
ENST00000533933.6	0	194809	194809
ENST00000533937.1	0	966	966
ENST00000533940.5	2531	6540	4009
ENST00000533943.1	0	3890	3890
ENST00000533951.5	597	10681	10084
ENST00000533952.5	851	1920	1069
ENST00000533953.5	83	13278	13195
ENST00000533958.1	0	2690	2690
ENST00000533962.2	0	1034	1034
ENST00000533965.5	4039	10988	6949
ENST00000533968.1	421	20903	20482
ENST00000533969.1	0	2454	2454
ENST00000533971.2	1528	3529	2001
ENST00000533972.5	1895	71530	69635
ENST00000533977.5	554	34574	34020
ENST00000533981.5	2118	4277	2159
ENST00000533982.1	0	11099	11099
ENST00000533983.5	9651	154564	144913
ENST00000533986.5	238	43131	42893
ENST00000533988.5	1917	8610	6693
ENST00000533989.5	1022	9981	8959
ENST00000533991.1	0	8899	8899
ENST00000533997.6	28723	172177	143454
ENST00000533998.5	16	21278	21262
ENST00000533999.5	9387	15077	5690
ENST00000534000.6	179	109791	109612
ENST00000534004.5	10380	11816	1436
ENST00000534009.1	0	1615	1615
ENST00000534010.2	35	21019	20984
ENST00000534012.1	0	90	90
ENST00000534013.5	439	88343	87904
ENST00000534016.5	4641	15937	11296
ENST00000534018.5	500	4241	3741
ENST00000534020.5	0	70878	70878
ENST00000534025.6	1121	17700	16579
ENST00000534026.5	138	6820	6682
ENST00000534028.5	1218	7546	6328
ENST00000534029.5	134	10099	9965
ENST00000534030.1	3019	5351	2332
ENST00000534040.5	20845	23395	2550
ENST00000534044.5	0	38258	38258
ENST00000534045.5	5306	5498	192
ENST00000534047.5	80	34614	34534
ENST00000534049.5	0	7771	7771
ENST00000534050.5	172	16542	16370
ENST00000534052.1	8528	62857	54329
ENST00000534056.5	12	8577	8565
ENST00000534057.1	0	11681	11681
ENST00000534061.6	96	59282	59186
ENST00000534064.6	232	118789	118557
ENST00000534067.5	0	354	354
ENST00000534070.5	428	30392	29964
ENST00000534073.5	6323	25969	19646
ENST00000534075.1	7521	11711	4190
ENST00000534078.1	36	3432	3396
ENST00000534083.5	50182	59059	8877
ENST00000534084.1	0	9717	9717
ENST00000534087.3	64104	118142	54038
ENST00000534093.5	2510	3253	743
ENST00000534094.1	3	16817	16814
ENST00000534097.5	4917	18853	13936
ENST00000534099.5	59	83896	83837
ENST00000534100.1	88	6151	6063
ENST00000534103.5	0	9965	9965
ENST00000534104.5	2291	2385	94
ENST00000534105.5	3513	16441	12928
ENST00000534106.2	830	2936	2106
ENST00000534108.5	1325	4646	3321
ENST00000534111.5	265	42164	41899
ENST00000534113.6	6598	42313	35715
ENST00000534114.5	0	5281	5281
ENST00000534116.1	0	29522	29522
ENST00000534121.5	0	38682	38682
ENST00000534124.5	24	11576	11552
ENST00000534126.5	103	23339	23236
ENST00000534127.5	748	60741	59993
ENST00000534136.5	1920	31091	29171
ENST00000534137.5	3	125240	125237
ENST00000534140.2	0	26752	26752
ENST00000534141.5	3013	18536	15523
ENST00000534143.5	0	4810	4810
ENST00000534147.5	7	8659	8652
ENST00000534149.6	1336	10063	8727
ENST00000534151.1	6404	6962	558
ENST00000534155.1	0	150	150
ENST00000534156.5	0	8172	8172
ENST00000534157.1	0	2872	2872
ENST00000534158.5	0	1128	1128
ENST00000534167.5	25	6082	6057
ENST00000534170.5	0	4143	4143
ENST00000534171.5	1803	5965	4162
ENST00000534174.5	8701	36926	28225
ENST00000534176.1	0	3172	3172
ENST00000534177.1	0	7890	7890
ENST00000534179.5	1168	1504	336
ENST00000534180.1	976	3007	2031
ENST00000534181.5	610	1367	757
ENST00000534182.2	112	29535	29423
ENST00000534183.5	527	19763	19236
ENST00000534184.5	0	26012	26012
ENST00000534186.5	2921	6542	3621
ENST00000534187.6	9728	12156	2428
ENST00000534190.5	0	56196	56196
ENST00000534199.5	65765	108761	42996
ENST00000534202.5	7	74658	74651
ENST00000534203.5	15057	30700	15643
ENST00000534204.1	8660	46951	38291
ENST00000534206.5	65713	159506	93793
ENST00000534207.5	1462	15026	13564
ENST00000534208.5	20	2042	2022
ENST00000534214.1	3539	4434	895
ENST00000534216.5	145	23635	23490
ENST00000534219.5	186	140877	140691
ENST00000534220.1	0	9490	9490
ENST00000534222.1	0	74	74
ENST00000534223.5	0	3108	3108
ENST00000534230.5	10605	15417	4812
ENST00000534233.6	1336	14872	13536
ENST00000534234.5	0	23457	23457
ENST00000534239.1	0	1916	1916
ENST00000534244.1	370	2903	2533
ENST00000534247.1	88126	89122	996
ENST00000534248.5	0	20144	20144
ENST00000534249.5	0	102952	102952
ENST00000534251.1	0	7522	7522
ENST00000534254.5	16871	21230	4359
ENST00000534260.5	0	13427	13427
ENST00000534264.2	1865	31394	29529
ENST00000534265.5	10282	18034	7752
ENST00000534266.6	11	51842	51831
ENST00000534267.5	327	9617	9290
ENST00000534269.5	14420	21566	7146
ENST00000534276.5	3695	16482	12787
ENST00000534277.5	188	10178	9990
ENST00000534278.5	200	14989	14789
ENST00000534280.5	108	3193	3085
ENST00000534283.1	0	172	172
ENST00000534285.5	2258	24000	21742
ENST00000534286.5	11	56069	56058
ENST00000534289.5	59476	70578	11102
ENST00000534300.5	1039	155664	154625
ENST00000534301.5	0	15371	15371
ENST00000534303.5	5656	9807	4151
ENST00000534304.5	78062	87838	9776
ENST00000534308.1	525	21200	20675
ENST00000534311.1	0	3996	3996
ENST00000534312.5	171	24570	24399
ENST00000534313.6	2821	15722	12901
ENST00000534314.5	0	2144	2144
ENST00000534318.5	578	4786	4208
ENST00000534319.5	239	3611	3372
ENST00000534320.5	5027	38713	33686
ENST00000534322.1	0	6678	6678
ENST00000534324.6	4971	26904	21933
ENST00000534325.5	12051	14677	2626
ENST00000534327.7	3641	8408	4767
ENST00000534328.6	44391	59464	15073
ENST00000534334.5	21	10356	10335
ENST00000534337.6	0	5290	5290
ENST00000534339.5	14	5471	5457
ENST00000534340.1	0	516	516
ENST00000534341.1	6	7683	7677
ENST00000534343.1	229	3998	3769
ENST00000534345.5	0	5720	5720
ENST00000534347.5	1	11287	11286
ENST00000534348.5	0	18674	18674
ENST00000534355.6	105	1086	981
ENST00000534358.8	21	97557	97536
ENST00000534359.1	508	1910	1402
ENST00000534360.1	13	28736	28723
ENST00000534365.1	754	17230	16476
ENST00000534366.5	15182	117947	102765
ENST00000534368.5	101097	129584	28487
ENST00000534369.1	156	80947	80791
ENST00000534371.5	144	4284	4140
ENST00000534372.1	0	7271	7271
ENST00000534373.5	764	2009	1245
ENST00000534377.6	59	7874	7815
ENST00000534378.5	239	9935	9696
ENST00000534380.6	59	7945	7886
ENST00000534382.6	801	10135	9334
ENST00000534389.2	0	2184	2184
ENST00000534391.1	13032	13086	54
ENST00000534392.4	0	7856	7856
ENST00000534394.5	54441	73114	18673
ENST00000534396.5	0	3791	3791
ENST00000534397.5	17168	18151	983
ENST00000534399.5	46836	55730	8894
ENST00000534400.5	26	32049	32023
ENST00000534401.5	14	5322	5308
ENST00000534403.5	16951	17925	974
ENST00000534404.1	0	19388	19388
ENST00000534405.5	126	4020	3894
ENST00000534408.5	9768	17039	7271
ENST00000534409.5	0	12124	12124
ENST00000534410.1	0	1959	1959
ENST00000534411.5	44	5283	5239
ENST00000534412.5	14269	68241	53972
ENST00000534413.5	0	9037	9037
ENST00000534420.1	0	40782	40782
ENST00000534428.5	1648	6746	5098
ENST00000534437.1	316	6649	6333
ENST00000534440.5	17	5800	5783
ENST00000534442.5	0	16619	16619
ENST00000534444.1	245	17889	17644
ENST00000534445.1	0	6357	6357
ENST00000534446.1	396	1511	1115
ENST00000534450.1	0	3597	3597
ENST00000534451.2	0	2137	2137
ENST00000534452.5	2938	4407	1469
ENST00000534454.5	829	16172	15343
ENST00000534457.5	0	8559	8559
ENST00000534458.1	0	664	664
ENST00000534459.5	940	1238	298
ENST00000534460.5	0	34659	34659
ENST00000534464.1	919	1977	1058
ENST00000534465.6	3462	8579	5117
ENST00000534469.1	154	1919	1765
ENST00000534475.5	0	186	186
ENST00000534476.5	255	51206	50951
ENST00000534478.5	1739	18213	16474
ENST00000534480.5	10785	21768	10983
ENST00000534482.6	4706	6166	1460
ENST00000534484.1	140	6449	6309
ENST00000534485.6	36706	51779	15073
ENST00000534488.5	1592	3138	1546
ENST00000534490.5	262	5809	5547
ENST00000534493.5	326	84002	83676
ENST00000534497.5	36	9670	9634
ENST00000534500.5	1194	6793	5599
ENST00000534501.5	0	58975	58975
ENST00000534502.5	8219	63266	55047
ENST00000534506.5	251	6765	6514
ENST00000534507.5	500	4737	4237
ENST00000534510.6	796	10130	9334
ENST00000534511.5	0	42135	42135
ENST00000534512.1	9717	26837	17120
ENST00000534520.6	35	9118	9083
ENST00000534521.5	20138	25707	5569
ENST00000534524.5	0	81348	81348
ENST00000534526.7	236	243664	243428
ENST00000534527.1	0	13525	13525
ENST00000534528.5	19798	22680	2882
ENST00000534532.7	16082	74718	58636
ENST00000534534.5	84136	154272	70136
ENST00000534536.5	88	48928	48840
ENST00000534537.5	0	19372	19372
ENST00000534538.1	1292	1425	133
ENST00000534539.1	0	88	88
ENST00000534544.5	77657	80302	2645
ENST00000534546.5	3070	15190	12120
ENST00000534548.7	2834	78272	75438
ENST00000534549.5	13	76232	76219
ENST00000534550.5	86	18167	18081
ENST00000534552.1	0	2366	2366
ENST00000534553.5	5726	12356	6630
ENST00000534557.1	275	12502	12227
ENST00000534558.5	0	4721	4721
ENST00000534559.5	19560	41607	22047
ENST00000534562.1	0	1230	1230
ENST00000534567.5	0	1743	1743
ENST00000534569.5	0	12149	12149
ENST00000534570.5	6479	8832	2353
ENST00000534571.5	483	20139	19656
ENST00000534574.5	74	671	597
ENST00000534578.5	0	2158	2158
ENST00000534579.5	29840	57124	27284
ENST00000534583.5	384	2834	2450
ENST00000534585.5	1172	3446	2274
ENST00000534588.1	0	35441	35441
ENST00000534595.1	0	33099	33099
ENST00000534596.5	0	3611	3611
ENST00000534599.5	22	1246	1224
ENST00000534600.5	32	25453	25421
ENST00000534603.5	2705	7006	4301
ENST00000534605.1	222	1825	1603
ENST00000534612.5	4095	7771	3676
ENST00000534613.5	6041	13695	7654
ENST00000534619.5	13710	35857	22147
ENST00000534622.5	255	16935	16680
ENST00000534624.6	248	5765	5517
ENST00000534626.6	0	3218	3218
ENST00000534628.1	117	6488	6371
ENST00000534631.5	0	4769	4769
ENST00000534632.5	30	170197	170167
ENST00000534633.5	0	1138	1138
ENST00000534635.5	15588	65105	49517
ENST00000534637.5	52	8823	8771
ENST00000534641.5	15543	44583	29040
ENST00000534643.5	497	19623	19126
ENST00000534649.2	4424	5515	1091
ENST00000534650.5	1917	7457	5540
ENST00000534657.5	43960	44032	72
ENST00000534662.1	4625	18868	14243
ENST00000534663.1	57841	77714	19873
ENST00000534665.5	0	19588	19588
ENST00000534668.6	6528	13503	6975
ENST00000534673.5	2243	5077	2834
ENST00000534680.5	1093	3309	2216
ENST00000534681.1	1732	2004	272
ENST00000534683.1	2461	2960	499
ENST00000534684.7	16	18380	18364
ENST00000534685.5	762	3787	3025
ENST00000534686.5	2726	7952	5226
ENST00000534688.2	0	6842	6842
ENST00000534689.5	1118	7932	6814
ENST00000534690.5	0	416	416
ENST00000534691.1	0	51648	51648
ENST00000534692.1	153	10626	10473
ENST00000534694.5	3357	36245	32888
ENST00000534695.5	165	31052	30887
ENST00000534699.5	215	24309	24094
ENST00000534703.1	0	4395	4395
ENST00000534704.5	0	5880	5880
ENST00000534705.5	0	9164	9164
ENST00000534708.6	84	13837	13753
ENST00000534711.5	191	1691	1500
ENST00000534713.5	0	82607	82607
ENST00000534715.1	0	5607	5607
ENST00000534717.5	0	2689	2689
ENST00000534725.6	699	3748	3049
ENST00000534726.5	467	28848	28381
ENST00000534731.5	460	166544	166084
ENST00000534733.6	2785	50650	47865
ENST00000534736.1	0	1236	1236
ENST00000534740.5	32	13601	13569
ENST00000534741.3	3	7547	7544
ENST00000534744.1	0	9568	9568
ENST00000534746.5	401	16265	15864
ENST00000534747.5	47	63281	63234
ENST00000534749.5	268	16121	15853
ENST00000534750.6	163	9559	9396
ENST00000534751.3	35128	67943	32815
ENST00000534753.5	8847	20429	11582
ENST00000534755.5	3207	14169	10962
ENST00000534758.1	0	11111	11111
ENST00000534759.1	403	1705	1302
ENST00000534762.5	185	9146	8961
ENST00000534763.1	5362	5947	585
ENST00000534764.1	365	50937	50572
ENST00000534769.5	98	6740	6642
ENST00000534770.1	1312	2321	1009
ENST00000534771.1	0	5584	5584
ENST00000534772.2	42695	43083	388
ENST00000534775.1	165	4883	4718
ENST00000534776.1	0	4331	4331
ENST00000534778.1	0	540	540
ENST00000534779.5	37	23352	23315
ENST00000534780.5	10840	92357	81517
ENST00000534784.1	0	474	474
ENST00000534787.1	4845	13128	8283
ENST00000534791.5	0	2430	2430
ENST00000534795.5	633	11215	10582
ENST00000534796.5	0	130	130
ENST00000534797.5	182	9024	8842
ENST00000534801.5	2293	65644	63351
ENST00000534804.5	0	408	408
ENST00000534805.5	1320	26285	24965
ENST00000534810.3	896	2582	1686
ENST00000534811.1	0	1141	1141
ENST00000534812.5	102	1332	1230
ENST00000534815.1	1755	4951	3196
ENST00000534820.1	0	988	988
ENST00000534824.5	2973	3696	723
ENST00000534825.5	366	24930	24564
ENST00000534826.5	221	3331	3110
ENST00000534828.1	56553	57463	910
ENST00000534830.5	1751	4659	2908
ENST00000534831.1	16276	17916	1640
ENST00000534837.6	1638	5094	3456
ENST00000534839.1	0	550	550
ENST00000534842.1	147	4268	4121
ENST00000534843.1	72	509	437
ENST00000534853.5	20	5200	5180
ENST00000534854.7	3488	81612	78124
ENST00000534855.5	4110	28793	24683
ENST00000534859.2	0	141497	141497
ENST00000534871.5	131	3924	3793
ENST00000534872.1	0	3502	3502
ENST00000534877.5	359	7556	7197
ENST00000534878.5	23	8462	8439
ENST00000534880.1	1959	2037	78
ENST00000534885.5	4343	13419	9076
ENST00000534890.1	0	6777	6777
ENST00000534894.5	507	216594	216087
ENST00000534898.9	694	152753	152059
ENST00000534899.5	37800	43523	5723
ENST00000534903.1	0	14132	14132
ENST00000534905.5	40	14833	14793
ENST00000534911.1	2710	3458	748
ENST00000534921.3	3037	33903	30866
ENST00000534928.5	5735	238288	232553
ENST00000534929.1	0	611	611
ENST00000534930.1	30577	31333	756
ENST00000534932.5	60	5204	5144
ENST00000534935.5	0	1786	1786
ENST00000534938.6	348	22308	21960
ENST00000534939.2	2	2187	2185
ENST00000534940.6	133	40774	40641
ENST00000534941.2	902	40707	39805
ENST00000534943.5	2392	8409	6017
ENST00000534946.5	350	50417	50067
ENST00000534947.5	370	7567	7197
ENST00000534950.1	0	5895	5895
ENST00000534951.5	366	20197	19831
ENST00000534952.1	201935	245128	43193
ENST00000534958.5	0	365353	365353
ENST00000534960.5	2188	11418	9230
ENST00000534961.5	2865	35335	32470
ENST00000534964.6	5818	99579	93761
ENST00000534965.5	101	13370	13269
ENST00000534967.2	0	264	264
ENST00000534968.5	7164	38978	31814
ENST00000534969.2	0	10529	10529
ENST00000534970.5	321	377812	377491
ENST00000534972.4	32510	43457	10947
ENST00000534980.7	6952	39925	32973
ENST00000534981.5	79	16839	16760
ENST00000534989.1	16758	52599	35841
ENST00000534992.5	142	18591	18449
ENST00000534993.5	20483	34759	14276
ENST00000534994.5	20088	27600	7512
ENST00000534995.1	525	6568	6043
ENST00000534999.7	6351	142387	136036
ENST00000535000.1	363	3695	3332
ENST00000535002.1	10865	20254	9389
ENST00000535004.2	102	22786	22684
ENST00000535007.5	958	7055	6097
ENST00000535010.5	15023	39450	24427
ENST00000535011.6	9292	30466	21174
ENST00000535012.1	0	2169	2169
ENST00000535014.5	0	23496	23496
ENST00000535015.5	30	187516	187486
ENST00000535017.1	0	5682	5682
ENST00000535020.6	471	26360	25889
ENST00000535024.6	0	200280	200280
ENST00000535032.7	3050	16728	13678
ENST00000535033.5	127	4369	4242
ENST00000535034.5	52	26733	26681
ENST00000535035.6	2593	39050	36457
ENST00000535036.5	6443	12964	6521
ENST00000535040.4	1756	4274	2518
ENST00000535041.5	7518	15194	7676
ENST00000535043.1	3	197809	197806
ENST00000535047.5	109177	124167	14990
ENST00000535049.5	5696	8657	2961
ENST00000535050.1	63	4756	4693
ENST00000535052.5	20022	29410	9388
ENST00000535054.1	0	22078	22078
ENST00000535055.5	328	3956	3628
ENST00000535067.5	162	14227	14065
ENST00000535069.5	6957	9356	2399
ENST00000535070.5	1731	19387	17656
ENST00000535071.6	0	33319	33319
ENST00000535087.5	0	13883	13883
ENST00000535090.5	518	4299	3781
ENST00000535092.1	1323	3212	1889
ENST00000535094.7	166	130987	130821
ENST00000535095.5	660	40275	39615
ENST00000535102.6	58	12784	12726
ENST00000535107.5	309	9079	8770
ENST00000535111.5	0	11824	11824
ENST00000535113.7	8010	73744	65734
ENST00000535121.5	962	130791	129829
ENST00000535129.5	361	13470	13109
ENST00000535131.1	0	896	896
ENST00000535132.1	56543	57159	616
ENST00000535135.7	723	2110	1387
ENST00000535140.1	1525	11075	9550
ENST00000535141.6	13942	43134	29192
ENST00000535142.5	4297	42393	38096
ENST00000535144.6	15	23155	23140
ENST00000535149.5	8700	18018	9318
ENST00000535157.5	20202	110505	90303
ENST00000535159.5	3	11828	11825
ENST00000535169.1	10964	15135	4171
ENST00000535170.5	14348	19669	5321
ENST00000535176.1	0	5609	5609
ENST00000535180.5	285	8197	7912
ENST00000535183.5	20689	50208	29519
ENST00000535187.5	32986	125908	92922
ENST00000535189.5	509	100260	99751
ENST00000535191.5	3	61210	61207
ENST00000535194.2	0	13166	13166
ENST00000535206.5	673	63759	63086
ENST00000535209.6	2425	7451	5026
ENST00000535212.1	0	34100	34100
ENST00000535214.6	1431	4117	2686
ENST00000535215.5	37051	65548	28497
ENST00000535217.1	0	817	817
ENST00000535222.5	4804	13235	8431
ENST00000535223.5	350	11046	10696
ENST00000535224.1	0	14062	14062
ENST00000535225.6	59588	85094	25506
ENST00000535230.5	53588	59838	6250
ENST00000535231.5	115460	115780	320
ENST00000535233.6	114	13969	13855
ENST00000535234.5	295	2046	1751
ENST00000535237.2	2985	43229	40244
ENST00000535239.5	29593	184759	155166
ENST00000535240.1	6367	8927	2560
ENST00000535246.1	0	2752	2752
ENST00000535250.5	0	45377	45377
ENST00000535253.5	290	4096	3806
ENST00000535254.6	269	43468	43199
ENST00000535259.6	2953	181449	178496
ENST00000535260.5	2480	20312	17832
ENST00000535262.1	506	1607	1101
ENST00000535264.5	199	25990	25791
ENST00000535266.5	0	33823	33823
ENST00000535268.5	6607	26025	19418
ENST00000535270.5	10	69354	69344
ENST00000535273.2	742	51505	50763
ENST00000535274.1	1727	3843	2116
ENST00000535275.5	0	2168	2168
ENST00000535277.5	56997	57153	156
ENST00000535282.5	1371	82341	80970
ENST00000535283.6	14971	33221	18250
ENST00000535288.1	17761	18697	936
ENST00000535290.5	0	3054	3054
ENST00000535291.5	232	14763	14531
ENST00000535292.1	278	14183	13905
ENST00000535293.5	937	9609	8672
ENST00000535295.5	299	19940	19641
ENST00000535296.5	102	34308	34206
ENST00000535297.1	1329	3573	2244
ENST00000535302.6	270	107745	107475
ENST00000535306.6	14	28477	28463
ENST00000535307.1	0	1442	1442
ENST00000535309.5	6559	28725	22166
ENST00000535311.5	0	11133	11133
ENST00000535313.2	311	3299	2988
ENST00000535317.5	3921	10963	7042
ENST00000535318.6	18136	56677	38541
ENST00000535322.1	0	6634	6634
ENST00000535326.1	422	8537	8115
ENST00000535328.1	0	1873	1873
ENST00000535334.5	23699	74088	50389
ENST00000535335.1	1914	9741	7827
ENST00000535336.5	138	14469	14331
ENST00000535338.5	935	37063	36128
ENST00000535342.7	437	550601	550164
ENST00000535344.5	0	40443	40443
ENST00000535345.5	0	831	831
ENST00000535346.5	12995	22112	9117
ENST00000535347.5	0	7357	7357
ENST00000535348.5	31	53299	53268
ENST00000535350.1	0	9705	9705
ENST00000535352.2	834	1254	420
ENST00000535354.1	0	4748	4748
ENST00000535355.6	444	21525	21081
ENST00000535358.6	14984	51995	37011
ENST00000535359.6	282	53701	53419
ENST00000535362.3	12	3174	3162
ENST00000535366.5	626	8881	8255
ENST00000535367.1	0	12582	12582
ENST00000535373.5	5116	46856	41740
ENST00000535378.5	3064	59711	56647
ENST00000535381.6	2438	14171	11733
ENST00000535383.5	0	38285	38285
ENST00000535384.5	555	168281	167726
ENST00000535387.5	3	29697	29694
ENST00000535388.2	1052	15470	14418
ENST00000535391.5	12	24568	24556
ENST00000535401.5	38726	55432	16706
ENST00000535406.5	217	2922	2705
ENST00000535407.1	1467	2995	1528
ENST00000535408.5	0	21046	21046
ENST00000535411.5	10748	25206	14458
ENST00000535414.5	2051	16823	14772
ENST00000535419.2	119	7433	7314
ENST00000535420.6	11859	15495	3636
ENST00000535423.5	0	2882	2882
ENST00000535424.5	116	34218	34102
ENST00000535425.5	46	1640	1594
ENST00000535428.1	0	5267	5267
ENST00000535429.1	6695	24613	17918
ENST00000535430.5	2070	3240	1170
ENST00000535432.2	136	87743	87607
ENST00000535434.5	992	2762	1770
ENST00000535439.2	183	22421	22238
ENST00000535451.5	2280	5173	2893
ENST00000535452.5	1983	4741	2758
ENST00000535453.5	1713	25816	24103
ENST00000535454.5	3132	5038	1906
ENST00000535456.7	74	44956	44882
ENST00000535458.6	7537	33366	25829
ENST00000535461.5	0	20900	20900
ENST00000535462.5	140	869	729
ENST00000535474.5	10145	26529	16384
ENST00000535476.6	54	2729	2675
ENST00000535477.6	87046	141609	54563
ENST00000535478.5	0	3824	3824
ENST00000535479.5	2154	43270	41116
ENST00000535480.1	0	1764	1764
ENST00000535482.1	125	23598	23473
ENST00000535484.5	777	48051	47274
ENST00000535485.5	0	1760	1760
ENST00000535489.5	376	9881	9505
ENST00000535490.3	284	5317	5033
ENST00000535492.5	43198	46516	3318
ENST00000535496.5	3	19511	19508
ENST00000535497.1	168	22599	22431
ENST00000535501.5	37315	49198	11883
ENST00000535502.1	2691	4714	2023
ENST00000535503.5	234	1985	1751
ENST00000535504.1	0	57593	57593
ENST00000535506.5	61	3789	3728
ENST00000535508.6	16129	34721	18592
ENST00000535510.1	0	3924	3924
ENST00000535513.2	2744	24226	21482
ENST00000535520.5	77939	125566	47627
ENST00000535523.6	6200	37255	31055
ENST00000535527.5	7270	15370	8100
ENST00000535535.5	842	50909	50067
ENST00000535540.1	107	14956	14849
ENST00000535542.5	7445	8081	636
ENST00000535543.5	120	1264	1144
ENST00000535545.5	0	4617	4617
ENST00000535546.5	0	5021	5021
ENST00000535547.6	102	16380	16278
ENST00000535548.1	13475	44092	30617
ENST00000535549.5	3603	63904	60301
ENST00000535552.5	268	31732	31464
ENST00000535554.4	55	4082	4027
ENST00000535555.1	0	29066	29066
ENST00000535556.5	0	6048	6048
ENST00000535558.5	50	9414	9364
ENST00000535559.5	491	151509	151018
ENST00000535560.1	0	12889	12889
ENST00000535561.5	0	42593	42593
ENST00000535565.6	321	1227585	1227264
ENST00000535570.5	0	17868	17868
ENST00000535572.5	973	162572	161599
ENST00000535575.1	95274	97238	1964
ENST00000535576.5	7101	8488	1387
ENST00000535577.5	228	5471	5243
ENST00000535582.5	1396	13461	12065
ENST00000535583.1	7308	8480	1172
ENST00000535587.5	0	37179	37179
ENST00000535589.3	26339	67945	41606
ENST00000535598.1	258	6020	5762
ENST00000535599.1	8334	13055	4721
ENST00000535600.2	0	45112	45112
ENST00000535601.5	606	17187	16581
ENST00000535603.5	3761	24650	20889
ENST00000535604.5	22214	51187	28973
ENST00000535607.5	13220	15928	2708
ENST00000535610.5	17	9433	9416
ENST00000535612.6	607	25517	24910
ENST00000535617.5	128	5678	5550
ENST00000535621.6	188	165438	165250
ENST00000535622.6	1055	157097	156042
ENST00000535625.5	1759	5194	3435
ENST00000535626.6	452	25343	24891
ENST00000535628.6	2590	16289	13699
ENST00000535636.1	274	6002	5728
ENST00000535638.5	579	11270	10691
ENST00000535642.5	359	3105	2746
ENST00000535650.8	49357	146750	97393
ENST00000535651.5	34468	117011	82543
ENST00000535656.1	0	2899	2899
ENST00000535657.5	855	8978	8123
ENST00000535659.6	2388	11752	9364
ENST00000535663.1	0	14440	14440
ENST00000535664.5	29838	185126	155288
ENST00000535669.6	114	4831	4717
ENST00000535671.5	3	15556	15553
ENST00000535675.5	1048	1920	872
ENST00000535679.6	118	21722	21604
ENST00000535690.1	82	137379	137297
ENST00000535694.5	1343	8798	7455
ENST00000535696.1	98	9600	9502
ENST00000535698.1	0	19311	19311
ENST00000535699.5	60355	213806	153451
ENST00000535701.1	33493	76715	43222
ENST00000535702.6	364	53022	52658
ENST00000535703.6	40557	47601	7044
ENST00000535709.6	53	17001	16948
ENST00000535710.1	54	15920	15866
ENST00000535712.1	0	992	992
ENST00000535714.2	252	1828	1576
ENST00000535715.5	452	16573	16121
ENST00000535718.5	60	10122	10062
ENST00000535723.1	2411	3399	988
ENST00000535724.6	8159	37256	29097
ENST00000535728.5	777	267308	266531
ENST00000535729.5	22	5557	5535
ENST00000535731.1	0	16532	16532
ENST00000535737.5	39418	43842	4424
ENST00000535738.1	0	3634	3634
ENST00000535744.5	49	89724	89675
ENST00000535752.5	0	13641	13641
ENST00000535753.6	373	112588	112215
ENST00000535754.5	56	109876	109820
ENST00000535756.5	4179	87382	83203
ENST00000535757.5	661	5699	5038
ENST00000535758.1	9	8794	8785
ENST00000535759.2	3	18796	18793
ENST00000535765.5	0	29718	29718
ENST00000535772.6	67787	130751	62964
ENST00000535776.6	136	34201	34065
ENST00000535784.7	47375	75286	27911
ENST00000535785.1	131	674	543
ENST00000535787.5	55002	83960	28958
ENST00000535788.1	817	1960	1143
ENST00000535793.5	119	4062	3943
ENST00000535795.1	0	3588	3588
ENST00000535796.1	0	2257	2257
ENST00000535807.5	0	5973	5973
ENST00000535809.1	0	38997	38997
ENST00000535812.1	576	1332	756
ENST00000535813.5	259	3520	3261
ENST00000535814.5	117	53068	52951
ENST00000535815.5	1423	3611	2188
ENST00000535819.1	0	15138	15138
ENST00000535820.1	0	3753	3753
ENST00000535822.6	26633	29985	3352
ENST00000535826.5	3	63748	63745
ENST00000535829.6	15876	76943	61067
ENST00000535830.5	0	5904	5904
ENST00000535835.5	0	5537	5537
ENST00000535838.5	0	11812	11812
ENST00000535842.6	493	73687	73194
ENST00000535844.1	10599	60230	49631
ENST00000535845.6	549	121464	120915
ENST00000535847.1	10254	24443	14189
ENST00000535850.5	44560	89155	44595
ENST00000535854.6	158	11432	11274
ENST00000535859.1	0	734	734
ENST00000535861.6	0	58188	58188
ENST00000535872.1	972	6021	5049
ENST00000535873.2	1668	13431	11763
ENST00000535878.5	12	8807	8795
ENST00000535880.2	0	912	912
ENST00000535883.6	8503	8979	476
ENST00000535884.5	1060	3423	2363
ENST00000535889.6	22	105569	105547
ENST00000535896.7	439	103120	102681
ENST00000535898.5	359	33605	33246
ENST00000535902.6	3974	18548	14574
ENST00000535906.1	303	25322	25019
ENST00000535907.5	96286	105880	9594
ENST00000535915.5	86	44290	44204
ENST00000535916.5	11897	42402	30505
ENST00000535923.6	361	6103	5742
ENST00000535926.3	14	4481	4467
ENST00000535928.5	119	23381	23262
ENST00000535931.2	7112	9078	1966
ENST00000535933.5	192	126301	126109
ENST00000535943.2	32391	117867	85476
ENST00000535944.5	53	170259	170206
ENST00000535947.5	0	15149	15149
ENST00000535949.5	61	104433	104372
ENST00000535954.2	0	10155	10155
ENST00000535956.5	3093	7254	4161
ENST00000535958.2	5098	13215	8117
ENST00000535977.5	935	39099	38164
ENST00000535978.5	8144	9938	1794
ENST00000535979.5	736	6508	5772
ENST00000535982.1	0	12637	12637
ENST00000535983.5	53	384148	384095
ENST00000535985.1	0	777	777
ENST00000535986.2	23896	56403	32507
ENST00000535987.5	155	3622	3467
ENST00000535988.3	259	2834	2575
ENST00000535989.1	0	4405	4405
ENST00000535990.6	114853	141672	26819
ENST00000535992.5	1019	7689	6670
ENST00000535997.7	1446	13869	12423
ENST00000536003.5	10066	51476	41410
ENST00000536005.7	10382	54400	44018
ENST00000536006.5	203	573	370
ENST00000536007.5	75	92759	92684
ENST00000536010.1	372	45495	45123
ENST00000536011.5	137	71953	71816
ENST00000536012.5	25986	52116	26130
ENST00000536013.5	76	877	801
ENST00000536014.5	0	22658	22658
ENST00000536019.5	445	194098	193653
ENST00000536020.5	2835	4981	2146
ENST00000536023.1	73	12207	12134
ENST00000536025.1	0	2327	2327
ENST00000536027.1	0	1823	1823
ENST00000536028.2	6197	7786	1589
ENST00000536041.5	4567	10070	5503
ENST00000536050.5	145	55169	55024
ENST00000536052.5	1167	6562	5395
ENST00000536053.6	114	13541	13427
ENST00000536055.6	3514	23045	19531
ENST00000536058.1	785	2751	1966
ENST00000536064.2	1881	32699	30818
ENST00000536068.5	502	5288	4786
ENST00000536071.5	281	3939	3658
ENST00000536076.2	315	10515	10200
ENST00000536089.5	0	15408	15408
ENST00000536093.5	0	974	974
ENST00000536098.5	9136	18217	9081
ENST00000536101.5	18949	293190	274241
ENST00000536108.5	86	358072	357986
ENST00000536111.1	5035	26791	21756
ENST00000536117.5	0	15381	15381
ENST00000536120.5	613	26487	25874
ENST00000536122.7	8065	25048	16983
ENST00000536123.5	3938	11407	7469
ENST00000536124.5	0	4552	4552
ENST00000536128.5	40	2676	2636
ENST00000536130.2	20213	24062	3849
ENST00000536133.2	412	26655	26243
ENST00000536142.5	235	10098	9863
ENST00000536145.3	1043	9477	8434
ENST00000536146.1	0	884	884
ENST00000536150.5	3804	5171	1367
ENST00000536154.5	304092	338399	34307
ENST00000536156.5	0	5285	5285
ENST00000536159.2	880	2498	1618
ENST00000536161.1	0	3272	3272
ENST00000536163.6	5931	46781	40850
ENST00000536164.5	293	73316	73023
ENST00000536169.6	2907	27670	24763
ENST00000536171.1	16	3210	3194
ENST00000536172.5	9278	49810	40532
ENST00000536173.5	27092	56794	29702
ENST00000536177.5	152	17747	17595
ENST00000536178.3	15396	38360	22964
ENST00000536184.6	489	11963	11474
ENST00000536187.6	100	13745	13645
ENST00000536188.5	4305	9570	5265
ENST00000536189.6	2693	18455	15762
ENST00000536194.1	0	8706	8706
ENST00000536202.1	60618	154630	94012
ENST00000536207.1	0	1823	1823
ENST00000536211.5	0	16988	16988
ENST00000536212.2	0	8996	8996
ENST00000536215.5	0	172443	172443
ENST00000536220.7	193	37418	37225
ENST00000536222.5	309	6772	6463
ENST00000536224.2	1013	61267	60254
ENST00000536225.2	24099	25581	1482
ENST00000536226.2	1830	20021	18191
ENST00000536227.5	699	11477	10778
ENST00000536229.7	709	8919	8210
ENST00000536232.1	0	10840	10840
ENST00000536235.5	827	83952	83125
ENST00000536240.5	0	9612	9612
ENST00000536242.1	0	3198	3198
ENST00000536244.5	36355	45222	8867
ENST00000536246.5	2447	24627	22180
ENST00000536248.1	0	6047	6047
ENST00000536250.1	16	6981	6965
ENST00000536253.1	0	1827	1827
ENST00000536254.6	7240	34974	27734
ENST00000536255.6	570	13219	12649
ENST00000536256.3	369	207877	207508
ENST00000536257.5	86	9378	9292
ENST00000536262.3	1789	56170	54381
ENST00000536272.5	87113	175326	88213
ENST00000536274.5	675	63188	62513
ENST00000536279.1	4705	5239	534
ENST00000536282.1	0	1091	1091
ENST00000536287.2	20988	54334	33346
ENST00000536290.5	0	22124	22124
ENST00000536297.1	2109	23549	21440
ENST00000536300.2	2394	4648	2254
ENST00000536306.5	630	11182	10552
ENST00000536308.5	1142	52491	51349
ENST00000536311.5	34388	79394	45006
ENST00000536312.5	1375	25570	24195
ENST00000536315.6	573	109112	108539
ENST00000536316.3	0	3604	3604
ENST00000536323.5	19649	73469	53820
ENST00000536324.4	1574	10362	8788
ENST00000536325.1	0	137489	137489
ENST00000536329.5	8830	106197	97367
ENST00000536333.5	268	6604	6336
ENST00000536334.5	1977	115437	113460
ENST00000536337.5	79694	82643	2949
ENST00000536340.5	1550	150900	149350
ENST00000536343.5	119	57661	57542
ENST00000536344.5	414	11323	10909
ENST00000536346.5	142	5314	5172
ENST00000536350.5	69	4263	4194
ENST00000536353.2	915	1976	1061
ENST00000536354.3	63	17497	17434
ENST00000536355.5	16019	23364	7345
ENST00000536357.2	120	22260	22140
ENST00000536358.1	0	3022	3022
ENST00000536364.6	333	3582	3249
ENST00000536368.1	47	4030	3983
ENST00000536370.6	1730	69660	67930
ENST00000536371.5	7111	16894	9783
ENST00000536375.5	15	27131	27116
ENST00000536376.5	2449	26237	23788
ENST00000536377.5	0	1439	1439
ENST00000536378.5	21128	58834	37706
ENST00000536379.5	3	15147	15144
ENST00000536384.2	201	21750	21549
ENST00000536386.5	218	97737	97519
ENST00000536387.5	2722	6724	4002
ENST00000536390.5	5490	27907	22417
ENST00000536391.5	1493	21748	20255
ENST00000536393.5	37	20139	20102
ENST00000536394.1	0	2475	2475
ENST00000536398.5	5917	13681	7764
ENST00000536401.1	613	837	224
ENST00000536404.6	584	12495	11911
ENST00000536408.2	2418	6546	4128
ENST00000536409.1	0	3304	3304
ENST00000536410.6	163	12190	12027
ENST00000536414.3	0	9872	9872
ENST00000536420.5	23624	24869	1245
ENST00000536424.2	0	20762	20762
ENST00000536429.1	3699	4816	1117
ENST00000536435.7	503	25868	25365
ENST00000536438.5	2253	70600	68347
ENST00000536439.1	1106	2317	1211
ENST00000536440.2	0	4631	4631
ENST00000536441.7	7745	66813	59068
ENST00000536442.6	66760	360025	293265
ENST00000536444.5	58187	136134	77947
ENST00000536458.1	0	16077	16077
ENST00000536459.6	2130	6751	4621
ENST00000536460.1	1423	2061	638
ENST00000536461.5	16566	138551	121985
ENST00000536465.5	1296	110265	108969
ENST00000536467.1	0	709	709
ENST00000536476.5	41	26404	26363
ENST00000536488.5	0	21018	21018
ENST00000536489.6	210	114749	114539
ENST00000536490.1	162	77654	77492
ENST00000536491.2	162	10933	10771
ENST00000536498.6	765	2212	1447
ENST00000536515.5	48	147186	147138
ENST00000536524.1	0	804	804
ENST00000536525.6	173	386275	386102
ENST00000536527.5	2472	5060	2588
ENST00000536528.5	2280	8418	6138
ENST00000536531.5	1489	9690	8201
ENST00000536532.6	1617	32865	31248
ENST00000536534.7	6871	442888	436017
ENST00000536543.6	1904	10836	8932
ENST00000536545.5	811	90888	90077
ENST00000536548.5	1197	9504	8307
ENST00000536549.5	1580	6568	4988
ENST00000536551.6	208	29651	29443
ENST00000536554.5	11822	60955	49133
ENST00000536559.1	108	6989	6881
ENST00000536561.5	42134	67721	25587
ENST00000536562.5	213	117070	116857
ENST00000536566.5	38694	83301	44607
ENST00000536569.1	22	5600	5578
ENST00000536575.5	5116	29488	24372
ENST00000536582.5	131	13651	13520
ENST00000536586.7	88	38214	38126
ENST00000536588.1	0	26536	26536
ENST00000536592.5	480	9228	8748
ENST00000536593.5	25812	26932	1120
ENST00000536594.5	8176	38343	30167
ENST00000536598.1	9608	27749	18141
ENST00000536603.5	7558	23910	16352
ENST00000536605.1	973	4150	3177
ENST00000536606.5	0	2824	2824
ENST00000536609.1	250	256809	256559
ENST00000536612.3	17230	94372	77142
ENST00000536616.5	65	14965	14900
ENST00000536620.1	744	824	80
ENST00000536621.6	58	65061	65003
ENST00000536623.6	357	14556	14199
ENST00000536624.5	0	5922	5922
ENST00000536626.7	171	32533	32362
ENST00000536628.3	3262	10940	7678
ENST00000536630.5	264	36552	36288
ENST00000536633.2	3810	31542	27732
ENST00000536634.6	5555	6862	1307
ENST00000536635.6	2854	19772	16918
ENST00000536649.5	291	10535	10244
ENST00000536657.1	131	21529	21398
ENST00000536663.5	0	5284	5284
ENST00000536667.5	1981	2956	975
ENST00000536668.2	36389	201964	165575
ENST00000536674.2	0	7288	7288
ENST00000536675.2	12	66542	66530
ENST00000536676.5	42441	216402	173961
ENST00000536680.5	3371	73875	70504
ENST00000536681.8	121172	186047	64875
ENST00000536691.5	7234	17501	10267
ENST00000536696.6	1918	4788	2870
ENST00000536703.5	128	15288	15160
ENST00000536708.6	109	12544	12435
ENST00000536709.1	447	7169	6722
ENST00000536711.5	18	538	520
ENST00000536716.1	11853	12967	1114
ENST00000536718.3	73	3327	3254
ENST00000536719.5	871	59565	58694
ENST00000536722.5	111	95925	95814
ENST00000536723.5	4101	20286	16185
ENST00000536727.5	2170	331405	329235
ENST00000536728.5	0	4766	4766
ENST00000536729.2	0	50343	50343
ENST00000536730.5	2760	11419	8659
ENST00000536731.5	11	1589	1578
ENST00000536736.5	215	186366	186151
ENST00000536741.1	23550	26686	3136
ENST00000536742.5	465	99298	98833
ENST00000536754.5	0	13483	13483
ENST00000536761.5	29	37845	37816
ENST00000536769.1	113	4221	4108
ENST00000536777.6	364	242260	241896
ENST00000536778.5	103	5336	5233
ENST00000536779.5	248	15263	15015
ENST00000536782.2	89	25812	25723
ENST00000536784.6	864	10560	9696
ENST00000536788.1	0	3782	3782
ENST00000536789.5	218	1411	1193
ENST00000536790.5	310	20213	19903
ENST00000536792.5	538	131629	131091
ENST00000536793.5	0	12296	12296
ENST00000536794.6	3	74684	74681
ENST00000536797.5	1644	41172	39528
ENST00000536805.5	6344	38699	32355
ENST00000536813.6	3362	8250	4888
ENST00000536814.1	1325	4605	3280
ENST00000536821.5	94	72321	72227
ENST00000536824.5	3	20746	20743
ENST00000536826.2	35360	35792	432
ENST00000536827.5	109	149436	149327
ENST00000536829.1	59	15265	15206
ENST00000536831.5	396	48387	47991
ENST00000536833.6	140	7241	7101
ENST00000536837.1	0	1127	1127
ENST00000536838.1	3	33670	33667
ENST00000536839.1	1449	20367	18918
ENST00000536841.5	225	1779	1554
ENST00000536844.5	1457	6609	5152
ENST00000536845.7	42294	57478	15184
ENST00000536846.6	44	18945	18901
ENST00000536854.6	2950	19129	16179
ENST00000536856.5	713	7371	6658
ENST00000536859.5	211	25389	25178
ENST00000536860.5	8820	106265	97445
ENST00000536861.6	103	103304	103201
ENST00000536869.5	0	20172	20172
ENST00000536870.5	1956	9904	7948
ENST00000536871.6	90	176754	176664
ENST00000536872.5	366	4139	3773
ENST00000536876.5	189	2922	2733
ENST00000536877.5	13882	21470	7588
ENST00000536878.6	217	8551	8334
ENST00000536880.5	0	39353	39353
ENST00000536883.5	2607	13453	10846
ENST00000536884.1	66	3679	3613
ENST00000536885.1	107	3314	3207
ENST00000536886.5	71	9435	9364
ENST00000536887.5	4968	29677	24709
ENST00000536889.1	239	1720	1481
ENST00000536890.1	3223	8985	5762
ENST00000536899.6	484	21002	20518
ENST00000536907.2	122	13712	13590
ENST00000536908.6	13725	146339	132614
ENST00000536915.5	276	7308	7032
ENST00000536917.2	8248	14696	6448
ENST00000536932.5	0	1110	1110
ENST00000536936.1	39893	43794	3901
ENST00000536937.6	2248	23015	20767
ENST00000536942.1	1506	14865	13359
ENST00000536950.5	37	4790	4753
ENST00000536953.5	591	4219	3628
ENST00000536956.5	1394	13606	12212
ENST00000536957.5	1869	17675	15806
ENST00000536961.6	75	14816	14741
ENST00000536964.5	0	9554	9554
ENST00000536967.2	0	32420	32420
ENST00000536973.5	77	17766	17689
ENST00000536974.5	18134	127649	109515
ENST00000536976.5	0	6773	6773
ENST00000536979.1	91	1714	1623
ENST00000536980.5	2146	15758	13612
ENST00000536981.6	23	8182	8159
ENST00000536983.5	372	4339	3967
ENST00000536984.6	12190	114170	101980
ENST00000536985.6	63	88210	88147
ENST00000536987.5	16746	105985	89239
ENST00000536990.5	39	60312	60273
ENST00000536991.5	407	3373	2966
ENST00000536996.5	0	23652	23652
ENST00000537002.5	3630	424055	420425
ENST00000537007.5	56973	57049	76
ENST00000537009.5	411	14369	13958
ENST00000537011.6	382	17645	17263
ENST00000537016.5	8115	16549	8434
ENST00000537017.1	246	3137	2891
ENST00000537020.5	2379	20334	17955
ENST00000537021.1	1226	65872	64646
ENST00000537022.5	546	1925	1379
ENST00000537025.6	1173	12210	11037
ENST00000537030.3	277	60235	59958
ENST00000537031.5	56698	72665	15967
ENST00000537033.1	0	8977	8977
ENST00000537035.1	2	5303	5301
ENST00000537040.6	39	16995	16956
ENST00000537041.5	32168	140795	108627
ENST00000537042.5	2665	5386	2721
ENST00000537045.5	2586	87442	84856
ENST00000537046.6	0	21054	21054
ENST00000537047.5	22	40834	40812
ENST00000537050.5	2281	13841	11560
ENST00000537054.2	884	61077	60193
ENST00000537055.4	1608	4828	3220
ENST00000537056.5	0	19537	19537
ENST00000537058.5	2170	331435	329265
ENST00000537062.1	0	5172	5172
ENST00000537063.1	5897	13195	7298
ENST00000537064.5	51901	63972	12071
ENST00000537066.2	5600	28017	22417
ENST00000537073.1	893	8251	7358
ENST00000537075.3	3659	9597	5938
ENST00000537076.5	4541	15001	10460
ENST00000537083.5	3	33594	33591
ENST00000537087.5	288	2373	2085
ENST00000537089.5	1766	16645	14879
ENST00000537093.5	0	10608	10608
ENST00000537097.2	2431	10799	8368
ENST00000537098.8	434	267286	266852
ENST00000537100.5	152	18267	18115
ENST00000537103.2	0	45485	45485
ENST00000537107.6	683	3779	3096
ENST00000537108.5	0	38989	38989
ENST00000537114.2	1962	3484	1522
ENST00000537123.2	0	11528	11528
ENST00000537124.5	32094	55735	23641
ENST00000537126.5	0	4137	4137
ENST00000537142.5	101	7339	7238
ENST00000537162.5	4763	13070	8307
ENST00000537163.5	5061	13516	8455
ENST00000537164.1	0	26027	26027
ENST00000537165.5	19902	26165	6263
ENST00000537166.5	1794	148793	146999
ENST00000537169.1	1619	3891	2272
ENST00000537171.5	346	13652	13306
ENST00000537177.6	1763	67797	66034
ENST00000537178.5	835	112562	111727
ENST00000537182.5	0	15408	15408
ENST00000537186.6	10	13643	13633
ENST00000537189.1	50	52837	52787
ENST00000537194.6	813	25198	24385
ENST00000537196.1	477	46686	46209
ENST00000537201.5	208	1079	871
ENST00000537209.5	5991	57019	51028
ENST00000537210.2	3	2479	2476
ENST00000537215.6	230	13086	12856
ENST00000537217.5	0	22575	22575
ENST00000537222.6	405	17791	17386
ENST00000537226.3	15508	18770	3262
ENST00000537228.6	2132	11171	9039
ENST00000537230.3	1035	25201	24166
ENST00000537232.5	13	351	338
ENST00000537233.6	560	64610	64050
ENST00000537235.2	1627	8060	6433
ENST00000537236.2	951	5950	4999
ENST00000537237.5	1009	6341	5332
ENST00000537238.5	75512	224410	148898
ENST00000537239.2	47561	51319	3758
ENST00000537243.5	17	5597	5580
ENST00000537245.6	61	32119	32058
ENST00000537247.5	18391	33034	14643
ENST00000537253.5	1065	95847	94782
ENST00000537257.5	3644	28627	24983
ENST00000537258.1	320	7913	7593
ENST00000537259.5	12676	51941	39265
ENST00000537261.1	0	16232	16232
ENST00000537263.5	9172	19369	10197
ENST00000537265.5	83	2030	1947
ENST00000537272.6	1873	2545	672
ENST00000537274.5	388	120944	120556
ENST00000537275.5	811	18038	17227
ENST00000537276.5	18164	29407	11243
ENST00000537289.1	121	641	520
ENST00000537290.5	6827	9502	2675
ENST00000537302.5	79	11670	11591
ENST00000537304.6	2853	52920	50067
ENST00000537307.1	61	7366	7305
ENST00000537309.1	30	796	766
ENST00000537312.5	152	23414	23262
ENST00000537315.5	3056	8603	5547
ENST00000537317.2	0	264	264
ENST00000537320.6	580	75110	74530
ENST00000537321.5	3489	7540	4051
ENST00000537323.5	20	21393	21373
ENST00000537325.6	90	3105	3015
ENST00000537328.6	849	3843	2994
ENST00000537332.2	880	2706	1826
ENST00000537335.5	8959	36572	27613
ENST00000537336.1	0	8574	8574
ENST00000537340.6	18523	29841	11318
ENST00000537345.5	363	33620	33257
ENST00000537350.5	331	75752	75421
ENST00000537351.5	0	5000	5000
ENST00000537354.5	1341	6276	4935
ENST00000537356.3	1601	4017	2416
ENST00000537364.5	0	4271	4271
ENST00000537365.1	246	19886	19640
ENST00000537372.5	1776	106119	104343
ENST00000537373.6	286	1127	841
ENST00000537384.6	1235	163440	162205
ENST00000537387.2	742	8566	7824
ENST00000537388.1	51927	53407	1480
ENST00000537390.5	0	2997	2997
ENST00000537392.1	3641	27227	23586
ENST00000537393.5	539	418087	417548
ENST00000537394.5	1104	18819	17715
ENST00000537400.1	95	3531	3436
ENST00000537402.1	0	3889	3889
ENST00000537403.5	1323	56760	55437
ENST00000537406.1	0	5293	5293
ENST00000537407.5	125	27751	27626
ENST00000537413.5	20600	144676	124076
ENST00000537419.1	98	3805	3707
ENST00000537425.3	54	5185	5131
ENST00000537427.5	1926	23747	21821
ENST00000537428.2	3668	21656	17988
ENST00000537429.5	811	43291	42480
ENST00000537435.2	3	18233	18230
ENST00000537440.5	725	7463	6738
ENST00000537442.5	133	13476	13343
ENST00000537445.5	516	3395	2879
ENST00000537446.5	36599	81206	44607
ENST00000537449.5	15795	171246	155451
ENST00000537454.6	345	13355	13010
ENST00000537459.5	22	4778	4756
ENST00000537460.5	37817	46822	9005
ENST00000537463.6	41889	214902	173013
ENST00000537465.5	710	55158	54448
ENST00000537466.6	548	16588	16040
ENST00000537468.1	9	119991	119982
ENST00000537469.2	11	4041	4030
ENST00000537471.7	49818	367460	317642
ENST00000537475.1	0	7603	7603
ENST00000537484.1	152	12253	12101
ENST00000537485.5	541	30478	29937
ENST00000537486.5	0	38824	38824
ENST00000537490.1	11078	13413	2335
ENST00000537494.1	3607	4528	921
ENST00000537495.2	220	17883	17663
ENST00000537496.5	4717	17290	12573
ENST00000537500.5	391	7095	6704
ENST00000537502.5	1535	27897	26362
ENST00000537503.2	847	2747	1900
ENST00000537505.6	203	103504	103301
ENST00000537515.5	20	22472	22452
ENST00000537517.6	82	68868	68786
ENST00000537523.5	0	3333	3333
ENST00000537526.6	3437	45689	42252
ENST00000537529.7	342	10320	9978
ENST00000537530.1	1353	8394	7041
ENST00000537531.2	1064	9907	8843
ENST00000537535.5	3	49624	49621
ENST00000537540.1	6746	13221	6475
ENST00000537541.1	3093	33712	30619
ENST00000537548.3	325	13871	13546
ENST00000537553.5	25605	44623	19018
ENST00000537557.5	0	33951	33951
ENST00000537559.5	304	36255	35951
ENST00000537561.5	375	2242	1867
ENST00000537562.5	362	38178	37816
ENST00000537566.5	4682	48186	43504
ENST00000537578.5	476	359524	359048
ENST00000537579.5	269	19175	18906
ENST00000537580.6	3	233786	233783
ENST00000537587.6	1494	4770	3276
ENST00000537590.5	1495	3962	2467
ENST00000537591.5	20647	34925	14278
ENST00000537592.7	457	21398	20941
ENST00000537593.1	424	5704	5280
ENST00000537606.5	248	7541	7293
ENST00000537610.1	0	3641	3641
ENST00000537611.3	130	38002	37872
ENST00000537612.1	0	5168	5168
ENST00000537613.5	20147	27939	7792
ENST00000537621.1	216	2069	1853
ENST00000537625.1	0	80730	80730
ENST00000537626.5	8692	12718	4026
ENST00000537628.6	184	19297	19113
ENST00000537631.5	12118	39726	27608
ENST00000537638.6	797	26635	25838
ENST00000537639.5	280	86976	86696
ENST00000537642.1	0	47000	47000
ENST00000537644.5	0	1573	1573
ENST00000537645.5	4593	13737	9144
ENST00000537647.5	399	106769	106370
ENST00000537656.1	683	986	303
ENST00000537657.5	0	8176	8176
ENST00000537663.5	52674	54154	1480
ENST00000537664.5	85	112055	111970
ENST00000537665.2	13681	97928	84247
ENST00000537670.5	1025	14981	13956
ENST00000537671.1	1321	1781	460
ENST00000537672.6	396	17387	16991
ENST00000537674.6	0	18895	18895
ENST00000537675.5	3	13120	13117
ENST00000537677.5	9303	42697	33394
ENST00000537680.5	0	170	170
ENST00000537682.5	2146	16390	14244
ENST00000537686.6	1683	27140	25457
ENST00000537687.5	643	163764	163121
ENST00000537688.5	2088	3668	1580
ENST00000537690.7	175	74067	73892
ENST00000537691.5	146	8709	8563
ENST00000537698.1	139	4952	4813
ENST00000537701.5	171	1018	847
ENST00000537702.6	73838	196513	122675
ENST00000537706.5	124	63480	63356
ENST00000537713.5	9507	46565	37058
ENST00000537716.6	339	6879	6540
ENST00000537718.6	1069	3595	2526
ENST00000537719.5	32	18828	18796
ENST00000537723.5	24	17242	17218
ENST00000537726.5	266	10067	9801
ENST00000537728.5	2017	64584	62567
ENST00000537729.5	19996	24174	4178
ENST00000537740.1	0	3139	3139
ENST00000537743.1	192	14456	14264
ENST00000537746.1	472	23412	22940
ENST00000537747.5	42	2820	2778
ENST00000537749.1	0	3133	3133
ENST00000537750.5	0	164869	164869
ENST00000537753.5	3436	5703	2267
ENST00000537757.5	0	49909	49909
ENST00000537758.6	587	12577	11990
ENST00000537760.5	1414	86968	85554
ENST00000537763.6	3589	22737	19148
ENST00000537778.5	284	38424	38140
ENST00000537782.5	22	8593	8571
ENST00000537784.5	9144	62640	53496
ENST00000537788.6	11	5807	5796
ENST00000537792.5	607	13040	12433
ENST00000537793.1	0	7629	7629
ENST00000537798.5	159	36309	36150
ENST00000537806.5	528	8302	7774
ENST00000537814.2	607	2399	1792
ENST00000537817.5	363	13554	13191
ENST00000537820.2	1232	34008	32776
ENST00000537822.1	0	82	82
ENST00000537825.5	7803	13051	5248
ENST00000537828.5	0	37943	37943
ENST00000537829.1	0	1764	1764
ENST00000537830.6	250	22647	22397
ENST00000537831.2	3481	23085	19604
ENST00000537833.6	0	10563	10563
ENST00000537837.5	0	1324	1324
ENST00000537840.5	145	64476	64331
ENST00000537841.5	3388	9414	6026
ENST00000537851.5	76	7638	7562
ENST00000537854.5	0	12050	12050
ENST00000537856.7	379	124731	124352
ENST00000537858.2	5231	6195	964
ENST00000537859.5	3673	37661	33988
ENST00000537864.5	77	33191	33114
ENST00000537866.5	18326	54353	36027
ENST00000537868.5	19760	82869	63109
ENST00000537873.5	17	11930	11913
ENST00000537875.2	40465	108150	67685
ENST00000537876.5	53	188345	188292
ENST00000537879.1	651	1910	1259
ENST00000537881.5	40752	339180	298428
ENST00000537882.3	0	46555	46555
ENST00000537883.5	0	116082	116082
ENST00000537886.5	3064	60014	56950
ENST00000537888.1	813	7825	7012
ENST00000537893.1	65692	186892	121200
ENST00000537894.5	2518	7651	5133
ENST00000537895.5	14358	26412	12054
ENST00000537898.5	20070	346744	326674
ENST00000537904.6	134	4690	4556
ENST00000537909.4	770	80028	79258
ENST00000537911.5	8129	24662	16533
ENST00000537912.5	60	15946	15886
ENST00000537914.5	135	1844	1709
ENST00000537916.2	8809	70795	61986
ENST00000537919.5	357	48887	48530
ENST00000537923.5	5434	16200	10766
ENST00000537927.5	123649	171247	47598
ENST00000537930.5	0	16816	16816
ENST00000537931.2	0	3730	3730
ENST00000537932.5	100	3849	3749
ENST00000537934.5	1514	44849	43335
ENST00000537935.2	3	1879	1876
ENST00000537943.5	3101	19418	16317
ENST00000537945.1	0	16787	16787
ENST00000537946.5	2780	2956	176
ENST00000537947.5	0	26916	26916
ENST00000537949.5	61	550101	550040
ENST00000537950.1	0	682	682
ENST00000537952.1	43	31906	31863
ENST00000537958.5	195	47369	47174
ENST00000537960.5	0	7806	7806
ENST00000537966.5	13	2348	2335
ENST00000537969.5	15023	20987	5964
ENST00000537971.5	123839	206468	82629
ENST00000537981.5	137	77399	77262
ENST00000537982.5	295	1136	841
ENST00000537991.1	873	3245	2372
ENST00000537992.5	48366	81183	32817
ENST00000537996.1	346	14047	13701
ENST00000537997.1	4036	17609	13573
ENST00000538004.5	75583	163418	87835
ENST00000538010.5	2670	40425	37755
ENST00000538011.5	0	22729	22729
ENST00000538013.5	87	953	866
ENST00000538015.1	0	9022	9022
ENST00000538020.1	0	348	348
ENST00000538021.5	8614	15495	6881
ENST00000538026.5	0	5701	5701
ENST00000538027.6	55	18940	18885
ENST00000538030.3	20669	67808	47139
ENST00000538031.5	1289	21856	20567
ENST00000538032.5	826	2613	1787
ENST00000538035.6	2051	74499	72448
ENST00000538036.1	0	6825	6825
ENST00000538037.5	635	10450	9815
ENST00000538039.6	7875	150994	143119
ENST00000538045.5	29654	175208	145554
ENST00000538046.6	676	88576	87900
ENST00000538050.5	0	613	613
ENST00000538051.5	0	40697	40697
ENST00000538059.5	16227	16339	112
ENST00000538069.2	0	8021	8021
ENST00000538076.5	27	19524	19497
ENST00000538082.5	105	5730	5625
ENST00000538083.1	0	50464	50464
ENST00000538084.2	161	34551	34390
ENST00000538086.5	0	887	887
ENST00000538091.1	1202	7516	6314
ENST00000538093.1	0	1285	1285
ENST00000538095.1	201	3987	3786
ENST00000538097.6	616	261764	261148
ENST00000538098.2	0	417	417
ENST00000538104.5	21236	22206	970
ENST00000538105.6	304	3107	2803
ENST00000538110.5	0	38139	38139
ENST00000538112.6	205	100477	100272
ENST00000538115.5	543	68343	67800
ENST00000538117.5	512	2784	2272
ENST00000538118.5	3208	88306	85098
ENST00000538125.5	9971	32885	22914
ENST00000538127.5	28764	113541	84777
ENST00000538128.5	0	3134	3134
ENST00000538132.1	767	16462	15695
ENST00000538135.5	14021	75088	61067
ENST00000538137.6	122	292279	292157
ENST00000538142.5	102332	109382	7050
ENST00000538145.5	13	56229	56216
ENST00000538147.1	0	2557	2557
ENST00000538149.5	17128	88376	71248
ENST00000538151.2	9795	50298	40503
ENST00000538152.1	170	1619	1449
ENST00000538155.5	319	13604	13285
ENST00000538164.5	197	171861	171664
ENST00000538165.2	195	1379	1184
ENST00000538167.2	0	70381	70381
ENST00000538168.5	12224	89915	77691
ENST00000538170.6	167	99778	99611
ENST00000538171.5	94	61406	61312
ENST00000538173.2	13	2843	2830
ENST00000538177.5	3100	61971	58871
ENST00000538178.5	0	23207	23207
ENST00000538183.7	13427	24759	11332
ENST00000538185.1	670	1833	1163
ENST00000538192.5	1352	6625	5273
ENST00000538197.7	193	66986	66793
ENST00000538198.5	0	6751	6751
ENST00000538199.5	0	14809	14809
ENST00000538204.6	10349	45058	34709
ENST00000538209.1	10202	26427	16225
ENST00000538211.5	0	333014	333014
ENST00000538212.6	1605	231575	229970
ENST00000538213.6	128	12404	12276
ENST00000538218.2	239	60348	60109
ENST00000538224.1	0	4824	4824
ENST00000538227.5	1396	13667	12271
ENST00000538234.5	15245	118299	103054
ENST00000538239.5	5100	132686	127586
ENST00000538244.1	10837	11213	376
ENST00000538248.5	267	202107	201840
ENST00000538253.5	1096	60140	59044
ENST00000538254.1	0	11612	11612
ENST00000538255.6	3275	9215	5940
ENST00000538256.1	471	25844	25373
ENST00000538258.1	343	2326	1983
ENST00000538259.2	0	5399	5399
ENST00000538260.5	307	110546	110239
ENST00000538261.7	586	2571	1985
ENST00000538265.5	678	18790	18112
ENST00000538270.5	115578	116088	510
ENST00000538274.6	39290	61732	22442
ENST00000538283.5	37817	43624	5807
ENST00000538290.2	3	37243	37240
ENST00000538295.5	511	72584	72073
ENST00000538296.5	0	12793	12793
ENST00000538299.1	0	5103	5103
ENST00000538305.5	49796	60905	11109
ENST00000538307.1	40	14549	14509
ENST00000538309.5	115	18193	18078
ENST00000538310.1	227	8450	8223
ENST00000538312.5	107036	109368	2332
ENST00000538313.5	1323	110292	108969
ENST00000538315.5	9	27339	27330
ENST00000538316.1	1263	1998	735
ENST00000538320.5	11922	13433	1511
ENST00000538324.2	3	20697	20694
ENST00000538326.5	5203	16023	10820
ENST00000538328.2	3754	5720	1966
ENST00000538330.5	60	23232	23172
ENST00000538332.2	57278	58116	838
ENST00000538333.3	171	30043	29872
ENST00000538336.5	170	49802	49632
ENST00000538340.5	0	20209	20209
ENST00000538342.5	3594	10653	7059
ENST00000538345.1	0	18757	18757
ENST00000538346.5	16904	28717	11813
ENST00000538348.6	114	23087	22973
ENST00000538350.5	1992	13716	11724
ENST00000538351.6	192	7820	7628
ENST00000538353.1	47	3533	3486
ENST00000538354.5	57	31508	31451
ENST00000538356.1	0	2820	2820
ENST00000538357.1	0	24838	24838
ENST00000538361.2	352	140444	140092
ENST00000538364.5	14728	17597	2869
ENST00000538366.5	348	122554	122206
ENST00000538367.6	17508	27215	9707
ENST00000538370.5	8115	10055	1940
ENST00000538371.6	40	21990	21950
ENST00000538373.1	0	92	92
ENST00000538374.5	156281	222811	66530
ENST00000538375.5	522	4295	3773
ENST00000538379.5	0	25082	25082
ENST00000538382.1	1869	44881	43012
ENST00000538383.5	101	130188	130087
ENST00000538384.5	1306	121059	119753
ENST00000538391.1	17	6077	6060
ENST00000538393.5	294	2045	1751
ENST00000538396.5	833	2376	1543
ENST00000538399.1	5091	29224	24133
ENST00000538404.1	854	6352	5498
ENST00000538410.5	575	7847	7272
ENST00000538413.6	8747	15752	7005
ENST00000538417.2	0	18671	18671
ENST00000538420.5	2291	4300	2009
ENST00000538422.2	2593	125639	123046
ENST00000538425.5	58481	90111	31630
ENST00000538426.6	19	11911	11892
ENST00000538431.5	134	28717	28583
ENST00000538432.2	1000	3872	2872
ENST00000538433.5	124400	126674	2274
ENST00000538434.5	4994	16307	11313
ENST00000538440.6	411	39336	38925
ENST00000538442.5	10762	16073	5311
ENST00000538446.5	736	6508	5772
ENST00000538450.5	615	19456	18841
ENST00000538453.5	0	38448	38448
ENST00000538456.4	0	29324	29324
ENST00000538463.5	2266	9082	6816
ENST00000538465.7	0	74662	74662
ENST00000538471.1	500	11521	11021
ENST00000538472.5	4279	30801	26522
ENST00000538474.5	946	7441	6495
ENST00000538475.5	0	22263	22263
ENST00000538478.5	8239	15244	7005
ENST00000538485.6	1354	31772	30418
ENST00000538487.7	4181	117579	113398
ENST00000538488.3	1282	4805	3523
ENST00000538489.5	196	25631	25435
ENST00000538490.3	91	2299	2208
ENST00000538491.1	0	12271	12271
ENST00000538492.5	215	38379	38164
ENST00000538498.1	410	6075	5665
ENST00000538502.5	4478	59935	55457
ENST00000538510.1	103	31922	31819
ENST00000538511.5	70460	81632	11172
ENST00000538513.6	203	2195	1992
ENST00000538517.6	1236	22921	21685
ENST00000538526.5	0	30030	30030
ENST00000538527.5	4748	12229	7481
ENST00000538530.5	3868	5670	1802
ENST00000538532.6	12022	33642	21620
ENST00000538533.5	6221	21004	14783
ENST00000538536.5	61	27071	27010
ENST00000538545.6	3	106966	106963
ENST00000538548.5	140	4113	3973
ENST00000538549.1	3282	9717	6435
ENST00000538552.5	2580	18709	16129
ENST00000538554.6	232	22819	22587
ENST00000538562.5	15178	38455	23277
ENST00000538563.1	1665	2197	532
ENST00000538564.5	4321	10020	5699
ENST00000538566.6	887	16450	15563
ENST00000538568.5	1918	42537	40619
ENST00000538570.5	1395	287444	286049
ENST00000538575.5	3557	6462	2905
ENST00000538576.5	2042	18952	16910
ENST00000538577.5	607	3678	3071
ENST00000538581.6	764	6495	5731
ENST00000538582.5	7480	32113	24633
ENST00000538586.5	111133	159963	48830
ENST00000538587.5	256	371153	370897
ENST00000538594.5	22	52080	52058
ENST00000538596.6	1527	42141	40614
ENST00000538597.1	0	1572	1572
ENST00000538601.1	0	42574	42574
ENST00000538603.6	565	4960	4395
ENST00000538610.5	3	13814	13811
ENST00000538611.1	0	5973	5973
ENST00000538613.5	73	11527	11454
ENST00000538617.5	71	3038	2967
ENST00000538621.2	11434	18978	7544
ENST00000538622.1	487	1446	959
ENST00000538627.5	595	2393	1798
ENST00000538628.5	3779	5146	1367
ENST00000538630.2	0	57305	57305
ENST00000538631.1	207	24481	24274
ENST00000538636.5	8168	11331	3163
ENST00000538643.5	0	20188	20188
ENST00000538646.5	118	18506	18388
ENST00000538649.5	2760	11419	8659
ENST00000538657.5	3782	9305	5523
ENST00000538658.5	40	32125	32085
ENST00000538660.5	209	212272	212063
ENST00000538663.5	8845	18124	9279
ENST00000538664.2	114	10914	10800
ENST00000538666.6	560	5738	5178
ENST00000538677.1	0	31561	31561
ENST00000538686.6	0	32	32
ENST00000538695.2	3	1193	1190
ENST00000538696.5	76	49823	49747
ENST00000538698.5	910	10853	9943
ENST00000538700.2	8144	11147	3003
ENST00000538701.5	14	19324	19310
ENST00000538703.5	516	23817	23301
ENST00000538704.1	0	2824	2824
ENST00000538708.5	89	94101	94012
ENST00000538712.1	0	112	112
ENST00000538714.5	4	243483	243479
ENST00000538715.5	251	4202	3951
ENST00000538716.7	737	4849	4112
ENST00000538718.1	0	5310	5310
ENST00000538721.6	493	8219	7726
ENST00000538724.6	325	9878	9553
ENST00000538727.5	0	3510	3510
ENST00000538733.5	3103	38309	35206
ENST00000538735.5	62	1533	1471
ENST00000538739.2	162	15428	15266
ENST00000538744.5	21	19703	19682
ENST00000538745.5	0	6841	6841
ENST00000538749.5	0	51350	51350
ENST00000538751.5	1651	13494	11843
ENST00000538753.5	351	6836	6485
ENST00000538755.5	3828	5195	1367
ENST00000538761.5	48321	49183	862
ENST00000538763.5	1244	9372	8128
ENST00000538766.1	0	3647	3647
ENST00000538767.1	5563	9421	3858
ENST00000538770.1	0	1289	1289
ENST00000538771.5	48	5964	5916
ENST00000538775.5	2833	81774	78941
ENST00000538779.6	20564	390933	370369
ENST00000538780.2	30322	56814	26492
ENST00000538782.2	1681	6053	4372
ENST00000538786.1	69	31548	31479
ENST00000538789.5	178	28553	28375
ENST00000538796.5	224	5124	4900
ENST00000538805.5	0	39812	39812
ENST00000538809.6	221	41096	40875
ENST00000538814.5	122	969	847
ENST00000538817.5	33	6542	6509
ENST00000538820.1	340	4379	4039
ENST00000538822.1	0	481	481
ENST00000538828.1	1031	4451	3420
ENST00000538829.5	0	1465	1465
ENST00000538833.6	357	5974	5617
ENST00000538834.6	625	38626	38001
ENST00000538838.5	31	46714	46683
ENST00000538839.5	1416	32613	31197
ENST00000538841.5	226	58746	58520
ENST00000538845.5	31	22589	22558
ENST00000538850.5	25798	32911	7113
ENST00000538862.7	218	2923	2705
ENST00000538864.6	441	99092	98651
ENST00000538867.5	0	3617	3617
ENST00000538872.6	116	111795	111679
ENST00000538873.1	0	6125	6125
ENST00000538877.5	37787	41247	3460
ENST00000538878.6	3	233869	233866
ENST00000538884.1	7118	7240	122
ENST00000538885.5	3507	3757	250
ENST00000538886.5	1683	27042	25359
ENST00000538888.6	20239	20951	712
ENST00000538890.5	3681	12532	8851
ENST00000538893.5	3	88692	88689
ENST00000538896.5	0	3176	3176
ENST00000538897.5	507	216813	216306
ENST00000538899.2	3	194998	194995
ENST00000538900.1	140	43893	43753
ENST00000538903.1	0	19955	19955
ENST00000538904.7	16325	35877	19552
ENST00000538906.5	223	5466	5243
ENST00000538910.1	19637	36805	17168
ENST00000538913.6	375	13231	12856
ENST00000538918.5	13918	20675	6757
ENST00000538919.5	82	1833	1751
ENST00000538922.8	30	8643	8613
ENST00000538923.1	0	13387	13387
ENST00000538924.7	3049	124360	121311
ENST00000538926.2	0	22959	22959
ENST00000538927.1	132	7540	7408
ENST00000538932.6	38930	40494	1564
ENST00000538936.7	3878	11551	7673
ENST00000538940.5	240	16844	16604
ENST00000538941.6	451	448518	448067
ENST00000538945.5	58	19462	19404
ENST00000538950.5	562	5064	4502
ENST00000538954.5	636	31697	31061
ENST00000538955.5	566	13198	12632
ENST00000538962.7	54	48594	48540
ENST00000538966.5	2015	20601	18586
ENST00000538967.5	158	15406	15248
ENST00000538969.5	8225	36853	28628
ENST00000538972.1	0	48448	48448
ENST00000538973.5	0	8282	8282
ENST00000538974.5	57779	194220	136441
ENST00000538976.5	63306	112214	48908
ENST00000538977.5	6707	25616	18909
ENST00000538980.5	41104	46593	5489
ENST00000538981.1	2994	8016	5022
ENST00000538983.1	0	1084	1084
ENST00000538986.2	988	2840	1852
ENST00000538992.3	453	5911	5458
ENST00000538993.1	0	5601	5601
ENST00000538994.1	281	11368	11087
ENST00000538999.1	12539	13347	808
ENST00000539002.5	2636	6106	3470
ENST00000539004.5	0	10866	10866
ENST00000539008.6	4916	69151	64235
ENST00000539010.5	101	11019	10918
ENST00000539011.5	665	7012	6347
ENST00000539014.5	1158	34652	33494
ENST00000539015.5	46	14186	14140
ENST00000539018.5	8	18612	18604
ENST00000539024.5	1677	60792	59115
ENST00000539025.5	95	6246	6151
ENST00000539027.5	0	9013	9013
ENST00000539033.1	263	24387	24124
ENST00000539040.6	1479	12137	10658
ENST00000539041.5	7842	21316	13474
ENST00000539044.5	0	73265	73265
ENST00000539049.5	4512	16902	12390
ENST00000539055.5	725	13127	12402
ENST00000539057.1	7003	8061	1058
ENST00000539059.1	48	5917	5869
ENST00000539061.6	1181	43457	42276
ENST00000539062.6	69002	350181	281179
ENST00000539063.5	2896	16305	13409
ENST00000539065.5	16566	56790	40224
ENST00000539066.5	8588	154664	146076
ENST00000539068.5	2253	70600	68347
ENST00000539072.5	0	36426	36426
ENST00000539074.1	362	2025	1663
ENST00000539079.5	9951	30212	20261
ENST00000539080.1	0	2904	2904
ENST00000539084.5	1000	16809	15809
ENST00000539091.5	37796	46677	8881
ENST00000539093.2	0	11160	11160
ENST00000539097.2	229	51995	51766
ENST00000539099.2	8960	106367	97407
ENST00000539102.1	47664	63828	16164
ENST00000539106.5	4295	11390	7095
ENST00000539107.5	66789	359947	293158
ENST00000539111.7	41	20630	20589
ENST00000539112.5	1589	72272	70683
ENST00000539113.5	24	71398	71374
ENST00000539115.5	57722	63451	5729
ENST00000539117.5	10727	32153	21426
ENST00000539119.5	0	10958	10958
ENST00000539120.1	5767	12112	6345
ENST00000539121.1	1142	5483	4341
ENST00000539127.5	293	894	601
ENST00000539128.5	0	3226	3226
ENST00000539137.5	603	35137	34534
ENST00000539138.1	0	22169	22169
ENST00000539140.6	830	15012	14182
ENST00000539143.5	363	3341	2978
ENST00000539144.5	0	67277	67277
ENST00000539145.5	4098	13729	9631
ENST00000539148.3	0	100984	100984
ENST00000539155.1	1	3968	3967
ENST00000539157.5	1396	13558	12162
ENST00000539158.1	848	27161	26313
ENST00000539167.2	66846	160156	93310
ENST00000539168.1	5408	8378	2970
ENST00000539170.5	7101	8488	1387
ENST00000539171.1	139	14468	14329
ENST00000539172.5	0	17242	17242
ENST00000539174.3	0	9631	9631
ENST00000539176.1	283	18343	18060
ENST00000539181.1	0	755	755
ENST00000539186.5	20052	26305	6253
ENST00000539187.5	3	4276	4273
ENST00000539194.6	2624	109938	107314
ENST00000539196.2	0	5185	5185
ENST00000539197.5	22	66845	66823
ENST00000539198.5	101464	110169	8705
ENST00000539200.5	42441	216304	173863
ENST00000539203.2	621	22856	22235
ENST00000539207.5	23337	24620	1283
ENST00000539208.5	216	31144	30928
ENST00000539212.5	4727	5639	912
ENST00000539214.5	642	12342	11700
ENST00000539215.6	3771	5266	1495
ENST00000539216.1	360	8237	7877
ENST00000539217.5	3010	90585	87575
ENST00000539221.5	274	28527	28253
ENST00000539224.2	0	10952	10952
ENST00000539225.2	0	52849	52849
ENST00000539231.5	6897	22002	15105
ENST00000539232.1	9188	49720	40532
ENST00000539234.5	0	6480	6480
ENST00000539235.6	3546	32302	28756
ENST00000539237.6	223	12365	12142
ENST00000539239.5	292	11752	11460
ENST00000539240.5	45125	59645	14520
ENST00000539242.5	457	23787	23330
ENST00000539243.6	103	23513	23410
ENST00000539244.6	43016	55599	12583
ENST00000539245.5	0	19380	19380
ENST00000539246.5	28014	62554	34540
ENST00000539247.5	595	2393	1798
ENST00000539248.6	487	21205	20718
ENST00000539253.5	1337	8584	7247
ENST00000539256.5	6	136587	136581
ENST00000539260.1	4808	22492	17684
ENST00000539261.6	1278	5232	3954
ENST00000539263.5	37	10759	10722
ENST00000539265.1	209	1123	914
ENST00000539267.5	86	31481	31395
ENST00000539269.5	20991	29431	8440
ENST00000539270.5	0	22263	22263
ENST00000539271.6	14469	15072	603
ENST00000539272.5	3931	10345	6414
ENST00000539273.5	8887	26442	17555
ENST00000539275.5	45	10601	10556
ENST00000539276.7	543	68326	67783
ENST00000539277.6	6009	285539	279530
ENST00000539279.5	52	194832	194780
ENST00000539281.5	1019	13842	12823
ENST00000539282.5	530	86690	86160
ENST00000539284.2	0	43008	43008
ENST00000539286.5	129	11311	11182
ENST00000539287.6	179	6232	6053
ENST00000539291.6	637	6198	5561
ENST00000539294.6	257	42832	42575
ENST00000539300.5	34750	37087	2337
ENST00000539302.5	59	64871	64812
ENST00000539306.5	84	18481	18397
ENST00000539309.5	23	1051	1028
ENST00000539310.5	16643	57825	41182
ENST00000539311.5	109	41960	41851
ENST00000539316.1	0	838	838
ENST00000539317.2	11856	26337	14481
ENST00000539319.5	82	110335	110253
ENST00000539322.5	48	24512	24464
ENST00000539325.1	712	1452	740
ENST00000539326.1	0	10974	10974
ENST00000539335.5	1568	8788	7220
ENST00000539336.2	0	21325	21325
ENST00000539337.2	0	15659	15659
ENST00000539345.6	36	193952	193916
ENST00000539352.5	3	11111	11108
ENST00000539354.6	3959	23630	19671
ENST00000539359.1	35571	37753	2182
ENST00000539363.2	1587	21846	20259
ENST00000539367.5	32600	66426	33826
ENST00000539369.1	358	22521	22163
ENST00000539372.5	0	12260	12260
ENST00000539374.1	28	3882	3854
ENST00000539382.5	844	17722	16878
ENST00000539387.5	2636	6106	3470
ENST00000539393.5	18393	23729	5336
ENST00000539394.5	0	42281	42281
ENST00000539395.1	0	818	818
ENST00000539396.5	534	20628	20094
ENST00000539397.1	1836	10636	8800
ENST00000539400.5	4456	8647	4191
ENST00000539408.5	672	1543	871
ENST00000539409.5	2131	7328	5197
ENST00000539410.2	131	32187	32056
ENST00000539412.5	105	5246	5141
ENST00000539414.5	362	8101	7739
ENST00000539415.5	4146	16099	11953
ENST00000539416.5	74	59528	59454
ENST00000539417.6	570	8869	8299
ENST00000539419.5	0	1091	1091
ENST00000539426.5	0	5297	5297
ENST00000539433.1	316	1574	1258
ENST00000539435.5	271	348409	348138
ENST00000539444.5	53	193290	193237
ENST00000539447.5	127271	161765	34494
ENST00000539448.5	15597	147446	131849
ENST00000539449.2	11360	57691	46331
ENST00000539458.1	128	1576	1448
ENST00000539464.5	1677	3772	2095
ENST00000539465.5	24637	83480	58843
ENST00000539468.5	28014	62554	34540
ENST00000539469.6	262	138530	138268
ENST00000539474.6	125	1112740	1112615
ENST00000539477.6	20674	58380	37706
ENST00000539479.6	210	32307	32097
ENST00000539480.5	27	11057	11030
ENST00000539486.1	1332	1380	48
ENST00000539492.1	10571	10959	388
ENST00000539493.3	19	126242	126223
ENST00000539503.5	0	4024	4024
ENST00000539504.5	752	49356	48604
ENST00000539507.1	0	3874	3874
ENST00000539517.7	4872	155862	150990
ENST00000539518.5	0	9828	9828
ENST00000539522.2	183	15379	15196
ENST00000539523.1	838	17348	16510
ENST00000539524.5	43	54492	54449
ENST00000539526.5	2829	6079	3250
ENST00000539528.5	511	4139	3628
ENST00000539529.5	2625	11182	8557
ENST00000539534.5	0	49909	49909
ENST00000539539.5	1266	70186	68920
ENST00000539540.5	0	24327	24327
ENST00000539542.6	483	185229	184746
ENST00000539545.1	0	4408	4408
ENST00000539547.5	168	32869	32701
ENST00000539548.6	123	231656	231533
ENST00000539551.5	0	6825	6825
ENST00000539554.5	265	4925	4660
ENST00000539556.6	830	14897	14067
ENST00000539559.6	74	39746	39672
ENST00000539560.5	33	42347	42314
ENST00000539562.6	14491	18171	3680
ENST00000539565.6	70	46103	46033
ENST00000539566.3	121	17253	17132
ENST00000539580.5	17	1613	1596
ENST00000539585.1	330	2242	1912
ENST00000539587.6	14248	14851	603
ENST00000539589.5	394	6450	6056
ENST00000539591.5	2643	16363	13720
ENST00000539593.1	13	5160	5147
ENST00000539594.5	8475	10075	1600
ENST00000539599.5	5914	51359	45445
ENST00000539604.5	0	4098	4098
ENST00000539606.5	0	22729	22729
ENST00000539609.7	241	131699	131458
ENST00000539611.1	0	1141	1141
ENST00000539615.1	0	23331	23331
ENST00000539616.6	87	234364	234277
ENST00000539619.5	10965	25224	14259
ENST00000539627.5	27399	32440	5041
ENST00000539633.1	2243	2673	430
ENST00000539637.6	912	64389	63477
ENST00000539638.5	4020	6777	2757
ENST00000539642.5	0	37831	37831
ENST00000539644.5	39022	40586	1564
ENST00000539652.1	14173	46532	32359
ENST00000539656.5	95	15841	15746
ENST00000539661.5	623	38787	38164
ENST00000539662.1	0	53930	53930
ENST00000539663.5	100	6251	6151
ENST00000539664.3	2256	7120	4864
ENST00000539672.1	0	9410	9410
ENST00000539678.1	288	851	563
ENST00000539681.1	0	2462	2462
ENST00000539687.6	0	4941	4941
ENST00000539696.6	17511	23111	5600
ENST00000539697.5	2379	20516	18137
ENST00000539698.4	10252	12566	2314
ENST00000539701.5	36	18858	18822
ENST00000539702.1	0	2074	2074
ENST00000539706.6	73454	149214	75760
ENST00000539711.2	13034	29165	16131
ENST00000539714.5	1712	17683	15971
ENST00000539718.5	69	11591	11522
ENST00000539719.6	14083	43803	29720
ENST00000539721.5	92600	129627	37027
ENST00000539722.5	1067	85583	84516
ENST00000539726.5	10722	22606	11884
ENST00000539731.6	48	58150	58102
ENST00000539732.5	0	1327	1327
ENST00000539735.5	578	7775	7197
ENST00000539736.5	264	13332	13068
ENST00000539737.6	79	19572	19493
ENST00000539741.5	0	4512	4512
ENST00000539743.5	34	60162	60128
ENST00000539744.5	27653	71267	43614
ENST00000539745.2	56	672	616
ENST00000539748.1	0	7927	7927
ENST00000539749.5	2672	7621	4949
ENST00000539751.1	3414	7009	3595
ENST00000539753.5	396	4347	3951
ENST00000539754.5	58	11160	11102
ENST00000539756.1	0	10210	10210
ENST00000539760.5	1465	6696	5231
ENST00000539761.5	0	6979	6979
ENST00000539764.1	0	194	194
ENST00000539770.6	961	1866	905
ENST00000539771.1	0	2855	2855
ENST00000539777.5	5991	58201	52210
ENST00000539778.6	128	216463	216335
ENST00000539780.5	202	132160	131958
ENST00000539782.1	0	10924	10924
ENST00000539783.5	327	48207	47880
ENST00000539785.5	6008	69418	63410
ENST00000539787.2	1270	6583	5313
ENST00000539792.1	0	2000	2000
ENST00000539798.3	189	9978	9789
ENST00000539799.5	161416	189368	27952
ENST00000539802.2	0	36843	36843
ENST00000539803.5	4222	10567	6345
ENST00000539810.1	7783	12074	4291
ENST00000539814.5	2280	6383	4103
ENST00000539820.5	948	25911	24963
ENST00000539826.6	13685	82460	68775
ENST00000539827.5	243	10853	10610
ENST00000539828.6	241	72550	72309
ENST00000539833.5	1468	3688	2220
ENST00000539836.3	220	5690	5470
ENST00000539839.1	582	3304	2722
ENST00000539842.6	13	4271	4258
ENST00000539846.5	245	15253	15008
ENST00000539847.1	248	94003	93755
ENST00000539848.5	4672	11841	7169
ENST00000539850.1	26	3676	3650
ENST00000539855.5	183	22674	22491
ENST00000539864.1	8123	8981	858
ENST00000539865.5	1493	3885	2392
ENST00000539867.6	233	53409	53176
ENST00000539869.4	5739	338665	332926
ENST00000539871.1	0	7060	7060
ENST00000539872.5	0	110	110
ENST00000539873.1	34231	66110	31879
ENST00000539875.5	55	55418	55363
ENST00000539877.5	813	25215	24402
ENST00000539878.5	0	20921	20921
ENST00000539881.5	31228	40826	9598
ENST00000539888.5	41810	61366	19556
ENST00000539890.1	725	6758	6033
ENST00000539891.6	23	8322	8299
ENST00000539893.5	4073	13703	9630
ENST00000539896.1	2830	4880	2050
ENST00000539900.5	1023	58650	57627
ENST00000539903.5	17910	33267	15357
ENST00000539905.5	1569	5087	3518
ENST00000539906.5	2093	57666	55573
ENST00000539907.5	51254	69551	18297
ENST00000539908.6	20161	44808	24647
ENST00000539909.6	58	558296	558238
ENST00000539911.5	9883	92651	82768
ENST00000539915.5	201	46306	46105
ENST00000539918.5	0	57574	57574
ENST00000539919.5	5533	20108	14575
ENST00000539923.5	16186	52573	36387
ENST00000539924.5	247	78650	78403
ENST00000539925.5	127	16743	16616
ENST00000539930.1	0	2411	2411
ENST00000539932.5	166	3302	3136
ENST00000539935.7	6351	267786	261435
ENST00000539940.1	0	148	148
ENST00000539941.6	281	30537	30256
ENST00000539943.1	316	4667	4351
ENST00000539945.7	81	19128	19047
ENST00000539948.5	0	3145	3145
ENST00000539951.5	930	11282	10352
ENST00000539952.5	0	13915	13915
ENST00000539962.6	16671	57767	41096
ENST00000539966.6	7991	132883	124892
ENST00000539967.6	110589	130249	19660
ENST00000539972.5	442	8418	7976
ENST00000539973.5	0	236	236
ENST00000539978.6	382	57056	56674
ENST00000539982.5	40	4264	4224
ENST00000539985.5	570	4162	3592
ENST00000539994.5	31	21692	21661
ENST00000539995.5	3130	7489	4359
ENST00000539999.1	0	7793	7793
ENST00000540005.1	0	3425	3425
ENST00000540010.1	2630	24923	22293
ENST00000540011.2	3	9744	9741
ENST00000540012.5	740	84319	83579
ENST00000540013.5	400	18241	17841
ENST00000540016.5	334	17370	17036
ENST00000540018.5	147	166768	166621
ENST00000540021.6	51	27356	27305
ENST00000540022.5	78	13804	13726
ENST00000540029.5	75	25422	25347
ENST00000540031.5	3989	20652	16663
ENST00000540033.3	3	281182	281179
ENST00000540035.5	20978	54265	33287
ENST00000540037.5	1029	10106	9077
ENST00000540041.2	44	7191	7147
ENST00000540046.5	0	4117	4117
ENST00000540052.6	22597	78840	56243
ENST00000540054.5	0	3399	3399
ENST00000540056.5	6475	16164	9689
ENST00000540068.6	28621	110846	82225
ENST00000540069.7	318	12547	12229
ENST00000540074.5	3118	4505	1387
ENST00000540079.6	693	18684	17991
ENST00000540080.5	201	21410	21209
ENST00000540083.1	9932	13260	3328
ENST00000540085.5	157	18447	18290
ENST00000540086.5	246	68620	68374
ENST00000540087.5	3	14494	14491
ENST00000540089.5	1637	6730	5093
ENST00000540090.5	3976	41029	37053
ENST00000540091.1	0	7270	7270
ENST00000540096.2	13509	72239	58730
ENST00000540097.1	326	15073	14747
ENST00000540106.5	0	23179	23179
ENST00000540107.2	1210	3817	2607
ENST00000540108.1	23	15159	15136
ENST00000540109.5	600	422267	421667
ENST00000540112.1	0	1160	1160
ENST00000540113.5	8754	20972	12218
ENST00000540114.5	125882	169822	43940
ENST00000540115.1	6781	12156	5375
ENST00000540121.5	4997	11206	6209
ENST00000540124.6	24181	26147	1966
ENST00000540125.1	0	3305	3305
ENST00000540126.5	6456	16255	9799
ENST00000540128.1	156	6457	6301
ENST00000540131.5	130	18897	18767
ENST00000540132.5	187	19142	18955
ENST00000540133.1	324	2497	2173
ENST00000540134.5	1569	5087	3518
ENST00000540139.5	0	3223	3223
ENST00000540140.6	3	233947	233944
ENST00000540141.5	109	13807	13698
ENST00000540143.5	1736	3831	2095
ENST00000540149.5	55	43777	43722
ENST00000540159.4	2409	14113	11704
ENST00000540162.5	95	30141	30046
ENST00000540163.5	642	8567	7925
ENST00000540164.6	10770	26109	15339
ENST00000540166.5	825	36167	35342
ENST00000540167.6	1098	132570	131472
ENST00000540169.5	25928	29847	3919
ENST00000540172.2	0	14727	14727
ENST00000540176.6	1555	43079	41524
ENST00000540180.5	22457	53927	31470
ENST00000540182.5	0	22615	22615
ENST00000540184.5	32322	54358	22036
ENST00000540196.5	0	25738	25738
ENST00000540200.6	1487	11908	10421
ENST00000540203.5	4990	11869	6879
ENST00000540208.1	0	3247	3247
ENST00000540209.5	37800	46749	8949
ENST00000540210.5	1250	37808	36558
ENST00000540212.5	0	3934	3934
ENST00000540220.6	1896	3079	1183
ENST00000540222.5	0	8125	8125
ENST00000540228.1	262	1896	1634
ENST00000540229.1	65	276657	276592
ENST00000540230.5	5899	13663	7764
ENST00000540232.5	5482	5732	250
ENST00000540236.4	175	55272	55097
ENST00000540238.5	398	24011	23613
ENST00000540241.1	0	4354	4354
ENST00000540242.2	0	3199	3199
ENST00000540243.5	35473	59250	23777
ENST00000540248.5	5851	70592	64741
ENST00000540249.5	145	16824	16679
ENST00000540251.5	3	17978	17975
ENST00000540264.2	204	4192	3988
ENST00000540265.5	37883	66950	29067
ENST00000540266.5	89356	96524	7168
ENST00000540269.6	96	44916	44820
ENST00000540270.5	2448	37655	35207
ENST00000540278.1	202	7644	7442
ENST00000540285.5	920	33340	32420
ENST00000540288.5	103	19677	19574
ENST00000540296.5	30408	31496	1088
ENST00000540303.7	30	14891	14861
ENST00000540304.6	0	49861	49861
ENST00000540306.5	75	46152	46077
ENST00000540309.5	39621	143731	104110
ENST00000540313.1	53	8915	8862
ENST00000540314.2	35361	35493	132
ENST00000540319.5	0	13730	13730
ENST00000540324.5	0	2032	2032
ENST00000540326.5	91	94321	94230
ENST00000540329.5	1064	2377	1313
ENST00000540331.1	1578	14379	12801
ENST00000540342.6	32018	33984	1966
ENST00000540345.5	91	93810	93719
ENST00000540349.1	2715	3463	748
ENST00000540351.1	0	962	962
ENST00000540352.5	0	27124	27124
ENST00000540354.5	4115	59039	54924
ENST00000540355.5	0	4925	4925
ENST00000540367.5	199	63104	62905
ENST00000540370.1	666	1136	470
ENST00000540372.5	2304	9674	7370
ENST00000540377.1	22986	24013	1027
ENST00000540385.2	15	134321	134306
ENST00000540386.5	3634	9963	6329
ENST00000540387.5	10607	60030	49423
ENST00000540393.6	23472	257470	233998
ENST00000540398.5	1165	2438	1273
ENST00000540400.1	101	13514	13413
ENST00000540408.5	567	4340	3773
ENST00000540411.5	3	18982	18979
ENST00000540417.1	3420	12239	8819
ENST00000540418.5	31003	37812	6809
ENST00000540419.5	4308	28038	23730
ENST00000540421.5	0	25612	25612
ENST00000540423.5	543	2163	1620
ENST00000540424.5	233	1104	871
ENST00000540431.1	39	13073	13034
ENST00000540433.5	0	172772	172772
ENST00000540436.6	328	47000	46672
ENST00000540437.5	277	12169	11892
ENST00000540438.5	36218	77015	40797
ENST00000540440.1	0	6563	6563
ENST00000540441.6	2309	49552	47243
ENST00000540442.5	5116	43419	38303
ENST00000540443.1	2532	4389	1857
ENST00000540445.5	180	50312	50132
ENST00000540449.5	290	23868	23578
ENST00000540454.1	0	1252	1252
ENST00000540461.2	2842	4922	2080
ENST00000540468.5	143	19980	19837
ENST00000540473.5	34	11809	11775
ENST00000540475.5	0	2727	2727
ENST00000540479.6	3313	7123	3810
ENST00000540482.5	1479	14482	13003
ENST00000540486.5	264	1915	1651
ENST00000540488.5	106085	335909	229824
ENST00000540494.5	868	28157	27289
ENST00000540497.5	3	149290	149287
ENST00000540499.2	92	8616	8524
ENST00000540504.2	0	11584	11584
ENST00000540506.2	407	2068	1661
ENST00000540509.5	3846	72175	68329
ENST00000540510.1	313	2801	2488
ENST00000540521.5	242	7127	6885
ENST00000540525.1	12013	22904	10891
ENST00000540527.5	3530	10987	7457
ENST00000540534.5	1636	5093	3457
ENST00000540535.6	16793	18415	1622
ENST00000540536.5	6422	49519	43097
ENST00000540537.5	0	1197	1197
ENST00000540540.5	713	7523	6810
ENST00000540549.5	87650	136220	48570
ENST00000540550.6	41	13929	13888
ENST00000540556.5	166	740	574
ENST00000540557.1	427015	481120	54105
ENST00000540558.1	58	4103	4045
ENST00000540561.5	0	228	228
ENST00000540563.6	315	27637	27322
ENST00000540564.5	9086	61386	52300
ENST00000540567.1	0	3788	3788
ENST00000540572.1	0	17122	17122
ENST00000540574.5	1918	15235	13317
ENST00000540579.6	133	9977	9844
ENST00000540581.5	102	9436	9334
ENST00000540583.5	84	521	437
ENST00000540584.2	317	46989	46672
ENST00000540585.1	1043	1779	736
ENST00000540586.1	0	774	774
ENST00000540587.1	0	68	68
ENST00000540589.3	78	26159	26081
ENST00000540590.1	0	40619	40619
ENST00000540592.5	450	15030	14580
ENST00000540593.5	5559	46126	40567
ENST00000540606.7	3251	189520	186269
ENST00000540609.5	13905	20686	6781
ENST00000540610.5	0	977	977
ENST00000540613.5	117	42525	42408
ENST00000540615.5	220	74673	74453
ENST00000540616.5	8115	8969	854
ENST00000540617.5	51302	69614	18312
ENST00000540618.5	4122	89244	85122
ENST00000540622.1	318	18980	18662
ENST00000540627.5	5817	31646	25829
ENST00000540630.6	1	93008	93007
ENST00000540632.6	1047	29708	28661
ENST00000540634.2	0	1966	1966
ENST00000540636.6	178	9995	9817
ENST00000540638.6	1593	98667	97074
ENST00000540640.3	155033	170842	15809
ENST00000540643.5	12146	125807	113661
ENST00000540654.5	44990	49083	4093
ENST00000540656.5	1247	5110	3863
ENST00000540658.1	2497	10701	8204
ENST00000540659.1	0	16623	16623
ENST00000540662.1	0	425	425
ENST00000540663.5	0	18817	18817
ENST00000540664.6	116739	127310	10571
ENST00000540670.6	200	23621	23421
ENST00000540675.5	6998	30340	23342
ENST00000540677.5	573	64187	63614
ENST00000540683.1	354	2651	2297
ENST00000540688.1	106	2531	2425
ENST00000540689.6	3423	42012	38589
ENST00000540691.5	4295	11390	7095
ENST00000540697.5	8865	39960	31095
ENST00000540698.6	4423	6788	2365
ENST00000540699.1	0	13405	13405
ENST00000540700.1	0	802	802
ENST00000540707.5	9154	9332	178
ENST00000540710.5	0	2481	2481
ENST00000540712.1	69	2788	2719
ENST00000540714.1	9500	48836	39336
ENST00000540717.1	39689	43578	3889
ENST00000540732.3	1553	49276	47723
ENST00000540737.7	14303	99981	85678
ENST00000540744.5	2127	15193	13066
ENST00000540746.6	118	55160	55042
ENST00000540753.6	1274	23600	22326
ENST00000540755.5	3352	7369	4017
ENST00000540756.5	48566	81842	33276
ENST00000540757.6	1103	25221	24118
ENST00000540759.6	87	11653	11566
ENST00000540763.5	21	3878	3857
ENST00000540764.5	3	33794	33791
ENST00000540766.5	0	7490	7490
ENST00000540767.5	0	3048	3048
ENST00000540768.5	3425	8285	4860
ENST00000540771.5	0	82902	82902
ENST00000540772.1	13	28322	28309
ENST00000540781.5	37796	45881	8085
ENST00000540782.1	261	2836	2575
ENST00000540783.5	57779	194273	136494
ENST00000540792.5	9143	18770	9627
ENST00000540793.5	155	78105	77950
ENST00000540794.5	50549	319635	269086
ENST00000540796.5	0	354	354
ENST00000540797.5	229	87726	87497
ENST00000540798.5	141	79454	79313
ENST00000540799.1	9	31320	31311
ENST00000540801.6	4906	308396	303490
ENST00000540804.5	37	175637	175600
ENST00000540805.6	1978	109289	107311
ENST00000540806.7	1844	30220	28376
ENST00000540810.5	3862	13669	9807
ENST00000540815.2	46	147328	147282
ENST00000540818.5	137	16471	16334
ENST00000540819.1	0	3067	3067
ENST00000540824.5	0	134863	134863
ENST00000540830.5	166	22639	22473
ENST00000540833.1	24476	69595	45119
ENST00000540839.7	942	21271	20329
ENST00000540844.5	156	15348	15192
ENST00000540845.5	2330	10157	7827
ENST00000540846.6	39288	65769	26481
ENST00000540848.5	1026	51093	50067
ENST00000540849.5	4016	8869	4853
ENST00000540853.5	5037	65546	60509
ENST00000540854.5	394	190639	190245
ENST00000540857.6	2102	30431	28329
ENST00000540870.5	109	46812	46703
ENST00000540871.5	67	39344	39277
ENST00000540872.6	83	68970	68887
ENST00000540876.1	9869	11247	1378
ENST00000540887.1	0	3832	3832
ENST00000540893.1	0	4890	4890
ENST00000540894.5	27	19976	19949
ENST00000540898.1	7148	9864	2716
ENST00000540908.1	0	1300	1300
ENST00000540910.5	794	10521	9727
ENST00000540914.5	1334	38244	36910
ENST00000540915.5	0	1927	1927
ENST00000540918.2	250	20037	19787
ENST00000540921.5	1225	38253	37028
ENST00000540924.5	21548	21756	208
ENST00000540925.5	0	22267	22267
ENST00000540929.5	68	6056	5988
ENST00000540933.5	986	16759	15773
ENST00000540935.5	4593	16878	12285
ENST00000540936.1	2942	19982	17040
ENST00000540941.1	9611	10035	424
ENST00000540943.1	0	164	164
ENST00000540946.5	169	125999	125830
ENST00000540947.6	184	21865	21681
ENST00000540949.1	0	833	833
ENST00000540951.1	8980	273152	264172
ENST00000540952.6	7926	73898	65972
ENST00000540955.5	3	33545	33542
ENST00000540956.1	0	3673	3673
ENST00000540962.5	95	14509	14414
ENST00000540963.1	0	26446	26446
ENST00000540964.5	1052	6198	5146
ENST00000540966.5	0	6986	6986
ENST00000540967.5	0	10262	10262
ENST00000540971.5	0	8392	8392
ENST00000540972.5	48	70797	70749
ENST00000540973.1	1284	1416	132
ENST00000540979.1	10006	15228	5222
ENST00000540980.5	7464	18880	11416
ENST00000540981.5	1106	6440	5334
ENST00000540986.5	654	7746	7092
ENST00000540990.5	97	14845	14748
ENST00000540996.5	53428	64422	10994
ENST00000540998.5	3277	4991	1714
ENST00000540999.5	538	359574	359036
ENST00000541003.5	105	4675	4570
ENST00000541009.6	439	21173	20734
ENST00000541012.5	1278	37836	36558
ENST00000541014.5	0	9085	9085
ENST00000541015.5	2063	11852	9789
ENST00000541017.5	4010	84464	80454
ENST00000541022.5	0	29853	29853
ENST00000541030.5	112	18875	18763
ENST00000541036.6	1953	153302	151349
ENST00000541038.2	1036	3056	2020
ENST00000541040.5	27	20054	20027
ENST00000541042.5	0	749	749
ENST00000541043.5	20904	68152	47248
ENST00000541044.5	16690	53193	36503
ENST00000541047.5	88154	344364	256210
ENST00000541050.5	839	56163	55324
ENST00000541056.1	15426	16440	1014
ENST00000541059.5	2796	3149	353
ENST00000541064.5	1054	14422	13368
ENST00000541068.6	0	32166	32166
ENST00000541073.5	25869	59066	33197
ENST00000541076.6	2595	79586	76991
ENST00000541077.1	4476	21149	16673
ENST00000541078.6	539	2197	1658
ENST00000541080.5	0	4263	4263
ENST00000541082.2	3530	5298	1768
ENST00000541083.1	0	22467	22467
ENST00000541084.5	54	14357	14303
ENST00000541097.5	2280	9461	7181
ENST00000541099.5	33	2727	2694
ENST00000541102.1	110	6685	6575
ENST00000541107.5	41066	54068	13002
ENST00000541108.1	6004	26588	20584
ENST00000541110.5	3417	48305	44888
ENST00000541113.6	357	39485	39128
ENST00000541118.1	472	40781	40309
ENST00000541119.5	75	92780	92705
ENST00000541122.6	23071	105550	82479
ENST00000541124.5	490	9116	8626
ENST00000541134.5	3291	160263	156972
ENST00000541135.5	91	52270	52179
ENST00000541144.1	2665	3333	668
ENST00000541150.5	0	37173	37173
ENST00000541152.6	31439	48914	17475
ENST00000541154.5	6628	16993	10365
ENST00000541158.6	638	191589	190951
ENST00000541159.5	553	14772	14219
ENST00000541166.1	2628	27479	24851
ENST00000541167.5	37817	43574	5757
ENST00000541169.1	0	17740	17740
ENST00000541170.7	31053	83135	52082
ENST00000541174.6	382	24450	24068
ENST00000541176.2	22897	42680	19783
ENST00000541179.5	753	38465	37712
ENST00000541181.1	23	4532	4509
ENST00000541183.2	942	72620	71678
ENST00000541184.1	10724	155567	144843
ENST00000541186.5	0	12413	12413
ENST00000541189.5	0	209857	209857
ENST00000541191.5	53753	65618	11865
ENST00000541199.5	6924	68551	61627
ENST00000541204.5	21426	45010	23584
ENST00000541206.6	1035	3561	2526
ENST00000541207.1	0	34	34
ENST00000541210.5	211	60911	60700
ENST00000541211.6	503	21316	20813
ENST00000541212.6	67	28181	28114
ENST00000541216.1	37700	46025	8325
ENST00000541218.5	2780	13078	10298
ENST00000541224.5	43	44034	43991
ENST00000541231.1	481	2243	1762
ENST00000541236.5	0	1667	1667
ENST00000541240.5	707	47092	46385
ENST00000541244.1	0	90	90
ENST00000541245.1	3112	6243	3131
ENST00000541246.1	0	2686	2686
ENST00000541252.2	3529	17155	13626
ENST00000541257.5	902	4281	3379
ENST00000541260.5	12	5461	5449
ENST00000541261.1	1852	3277	1425
ENST00000541264.2	6630	9958	3328
ENST00000541265.1	7578	10986	3408
ENST00000541267.5	1893	7569	5676
ENST00000541272.1	0	1243	1243
ENST00000541273.6	16251	17740	1489
ENST00000541278.5	79	2702	2623
ENST00000541279.1	2119	12972	10853
ENST00000541284.6	1093	78664	77571
ENST00000541285.1	25157	25473	316
ENST00000541286.5	93	91338	91245
ENST00000541292.6	102	49092	48990
ENST00000541295.5	2852	57925	55073
ENST00000541297.6	465	40254	39789
ENST00000541300.5	392	24340	23948
ENST00000541304.5	40	17030	16990
ENST00000541315.1	0	12153	12153
ENST00000541318.1	0	3313	3313
ENST00000541323.1	820	67484	66664
ENST00000541337.5	1141	198634	197493
ENST00000541342.2	19094	477086	457992
ENST00000541347.5	1950	4078	2128
ENST00000541349.5	53	6095	6042
ENST00000541352.5	125	48428	48303
ENST00000541354.5	1540	180299	178759
ENST00000541363.5	373	126825	126452
ENST00000541364.5	28	46851	46823
ENST00000541365.5	8746	28993	20247
ENST00000541367.5	0	8383	8383
ENST00000541371.5	0	8587	8587
ENST00000541372.1	128	533	405
ENST00000541374.6	12516	89379	76863
ENST00000541377.5	3088	272512	269424
ENST00000541380.5	0	3170	3170
ENST00000541386.5	37787	37851	64
ENST00000541387.5	154	31023	30869
ENST00000541394.5	3704	78060	74356
ENST00000541395.5	23	24420	24397
ENST00000541397.2	1773	26515	24742
ENST00000541398.7	17188	109229	92041
ENST00000541412.5	1699	8079	6380
ENST00000541415.2	2250	4134	1884
ENST00000541421.2	8	7865	7857
ENST00000541424.1	0	4760	4760
ENST00000541425.6	128	3844	3716
ENST00000541428.5	246	188734	188488
ENST00000541430.6	36	69842	69806
ENST00000541435.6	798	15385	14587
ENST00000541437.5	0	9046	9046
ENST00000541451.5	1800	5836	4036
ENST00000541453.1	253	7686	7433
ENST00000541455.1	356	930	574
ENST00000541458.5	10554	10900	346
ENST00000541459.5	0	34760	34760
ENST00000541461.5	114503	220060	105557
ENST00000541463.6	3	153375	153372
ENST00000541464.5	29500	90267	60767
ENST00000541467.1	0	32202	32202
ENST00000541475.5	65	5641	5576
ENST00000541477.5	1506	9761	8255
ENST00000541478.5	460	12052	11592
ENST00000541481.5	748	38365	37617
ENST00000541483.5	330	119695	119365
ENST00000541490.5	60340	75064	14724
ENST00000541492.1	31349	146957	115608
ENST00000541496.1	0	110	110
ENST00000541505.5	840	15829	14989
ENST00000541507.5	2124	6437	4313
ENST00000541509.5	117201	304530	187329
ENST00000541511.1	0	13824	13824
ENST00000541515.3	25	82340	82315
ENST00000541517.5	0	73463	73463
ENST00000541518.6	1036	3056	2020
ENST00000541522.5	1678	12034	10356
ENST00000541523.1	128	643	515
ENST00000541528.1	343	2326	1983
ENST00000541538.1	3	1867	1864
ENST00000541543.6	5123	49748	44625
ENST00000541546.5	17	8802	8785
ENST00000541547.5	1590	18579	16989
ENST00000541550.6	103	532639	532536
ENST00000541554.1	0	6287	6287
ENST00000541561.1	0	683	683
ENST00000541562.6	506	15036	14530
ENST00000541564.5	0	43212	43212
ENST00000541565.5	20724	347183	326459
ENST00000541567.5	5000	9667	4667
ENST00000541568.6	201	14690	14489
ENST00000541570.6	469	112325	111856
ENST00000541571.6	21707	34965	13258
ENST00000541576.5	254	15105	14851
ENST00000541580.5	235	98932	98697
ENST00000541583.6	986	19266	18280
ENST00000541584.5	666	14050	13384
ENST00000541586.5	146	77015	76869
ENST00000541587.6	300	10006	9706
ENST00000541588.5	7	83048	83041
ENST00000541589.5	10304	50836	40532
ENST00000541593.5	0	14040	14040
ENST00000541594.5	1167	6557	5390
ENST00000541595.6	53971	58391	4420
ENST00000541597.5	1119	14074	12955
ENST00000541599.5	13148	30687	17539
ENST00000541600.5	0	8587	8587
ENST00000541601.5	211	202021	201810
ENST00000541603.6	212	12275	12063
ENST00000541604.2	226	55164	54938
ENST00000541607.1	0	424	424
ENST00000541614.5	764	8909	8145
ENST00000541618.1	30776	56303	25527
ENST00000541619.1	40	3472	3432
ENST00000541630.5	2497	4238	1741
ENST00000541638.6	5014	14484	9470
ENST00000541639.5	581	43800	43219
ENST00000541640.5	381	13261	12880
ENST00000541641.5	0	13019	13019
ENST00000541643.7	111580	197123	85543
ENST00000541644.5	195	8980	8785
ENST00000541645.1	0	930	930
ENST00000541648.5	3	49710	49707
ENST00000541650.5	27	147906	147879
ENST00000541656.6	16106	17685	1579
ENST00000541657.5	0	255	255
ENST00000541662.5	456	36822	36366
ENST00000541664.5	224	462	238
ENST00000541669.6	400	39795	39395
ENST00000541674.5	0	172	172
ENST00000541676.5	1097	5540	4443
ENST00000541678.5	0	2795	2795
ENST00000541679.7	512	3852	3340
ENST00000541681.1	0	188	188
ENST00000541682.7	982	4178	3196
ENST00000541686.5	0	11264	11264
ENST00000541687.5	31675	48904	17229
ENST00000541693.5	0	9110	9110
ENST00000541698.5	140	4259	4119
ENST00000541703.5	30	6892	6862
ENST00000541709.5	16033	43290	27257
ENST00000541713.5	54713	73469	18756
ENST00000541714.7	20049	45034	24985
ENST00000541716.5	0	29853	29853
ENST00000541717.4	8820	106286	97466
ENST00000541718.5	1258	150683	149425
ENST00000541719.5	0	13079	13079
ENST00000541722.5	1900	95212	93312
ENST00000541725.5	600	18708	18108
ENST00000541731.1	323	7704	7381
ENST00000541735.5	2694	658213	655519
ENST00000541738.5	3748	30632	26884
ENST00000541752.1	0	1180	1180
ENST00000541755.2	6778	6948	170
ENST00000541763.6	4666	17239	12573
ENST00000541764.5	48088	50324	2236
ENST00000541765.5	0	1757	1757
ENST00000541774.5	0	32174	32174
ENST00000541778.5	125	13456	13331
ENST00000541786.5	0	126	126
ENST00000541790.4	66	820	754
ENST00000541792.1	0	24382	24382
ENST00000541793.7	492	14056	13564
ENST00000541794.5	3	33633	33630
ENST00000541798.1	0	41810	41810
ENST00000541799.1	198	8143	7945
ENST00000541801.5	180	10855	10675
ENST00000541806.6	28065	29443	1378
ENST00000541810.5	24	15814	15790
ENST00000541812.5	1097	132569	131472
ENST00000541814.1	3	1321	1318
ENST00000541817.5	0	11963	11963
ENST00000541819.6	4244	397461	393217
ENST00000541840.2	0	22872	22872
ENST00000541843.2	0	13676	13676
ENST00000541846.5	43	50110	50067
ENST00000541850.1	0	180	180
ENST00000541852.5	8829	12685	3856
ENST00000541864.7	501	25570	25069
ENST00000541866.5	363	6726	6363
ENST00000541867.6	5215	529165	523950
ENST00000541868.1	179	85849	85670
ENST00000541869.5	116	37193	37077
ENST00000541875.1	127	1803	1676
ENST00000541878.5	0	10849	10849
ENST00000541887.5	126	46192	46066
ENST00000541889.1	77	30217	30140
ENST00000541893.5	1329	3573	2244
ENST00000541897.5	100	30024	29924
ENST00000541898.5	9122	19335	10213
ENST00000541899.3	28	3769	3741
ENST00000541908.5	58460	114863	56403
ENST00000541910.6	461	121353	120892
ENST00000541913.5	128	30336	30208
ENST00000541916.5	29582	234352	204770
ENST00000541918.5	20090	27884	7794
ENST00000541923.5	1782	19007	17225
ENST00000541924.5	118	18375	18257
ENST00000541929.5	1573	21442	19869
ENST00000541931.5	137	17111	16974
ENST00000541932.5	485	128931	128446
ENST00000541941.5	2892	91454	88562
ENST00000541944.5	2190	138488	136298
ENST00000541947.1	0	274901	274901
ENST00000541948.2	8	14088	14080
ENST00000541951.5	22510	51483	28973
ENST00000541952.1	4	2033	2029
ENST00000541953.5	951	6045	5094
ENST00000541954.1	198	4942	4744
ENST00000541959.5	25	2709	2684
ENST00000541960.5	24	640	616
ENST00000541961.5	1770	31011	29241
ENST00000541962.1	0	2417	2417
ENST00000541963.5	540	9556	9016
ENST00000541965.1	0	592	592
ENST00000541966.5	0	4133	4133
ENST00000541970.6	2267	10312	8045
ENST00000541972.5	8714	34857	26143
ENST00000541973.5	502	53913	53411
ENST00000541974.5	0	183489	183489
ENST00000541975.2	9976	10184	208
ENST00000541978.5	488	3868	3380
ENST00000541982.5	10603	26636	16033
ENST00000541984.5	95	56859	56764
ENST00000541986.5	918	27687	26769
ENST00000541990.5	53	6772	6719
ENST00000541995.5	37	7302	7265
ENST00000541996.5	5481	33594	28113
ENST00000541998.5	17564	51390	33826
ENST00000541999.5	0	2134	2134
ENST00000542004.5	43608	53974	10366
ENST00000542013.5	285	66097	65812
ENST00000542016.6	397	4861	4464
ENST00000542018.5	37806	43593	5787
ENST00000542019.1	4381	19073	14692
ENST00000542023.1	433	5616	5183
ENST00000542027.3	0	14185	14185
ENST00000542029.1	0	872	872
ENST00000542030.5	0	15142	15142
ENST00000542031.6	61	21203	21142
ENST00000542034.5	64	2909	2845
ENST00000542035.2	25366	26636	1270
ENST00000542038.5	6665	14130	7465
ENST00000542041.1	3418	5591	2173
ENST00000542042.5	265	5036	4771
ENST00000542051.5	16661	39119	22458
ENST00000542053.5	3	27191	27188
ENST00000542058.5	269	44384	44115
ENST00000542060.5	3861	21167	17306
ENST00000542061.2	1129	4881	3752
ENST00000542067.5	0	24454	24454
ENST00000542071.2	393	24342	23949
ENST00000542074.1	42	15965	15923
ENST00000542077.5	338	69434	69096
ENST00000542080.5	0	10964	10964
ENST00000542087.1	27	9343	9316
ENST00000542088.2	325	3572	3247
ENST00000542091.5	73	38530	38457
ENST00000542092.5	32009	33975	1966
ENST00000542098.2	0	13947	13947
ENST00000542100.5	2105	9974	7869
ENST00000542104.6	138	85123	84985
ENST00000542107.5	1950	4078	2128
ENST00000542113.3	1014	17261	16247
ENST00000542120.6	293	98028	97735
ENST00000542129.5	4534	17050	12516
ENST00000542133.5	19635	19873	238
ENST00000542134.1	0	2564	2564
ENST00000542135.5	0	3399	3399
ENST00000542136.1	0	34056	34056
ENST00000542139.1	69	2100	2031
ENST00000542140.5	6	5430	5424
ENST00000542145.5	37796	46661	8865
ENST00000542155.5	1039	264130	263091
ENST00000542156.5	135	43179	43044
ENST00000542157.5	0	42440	42440
ENST00000542162.5	78870	140284	61414
ENST00000542163.1	6649	15869	9220
ENST00000542167.2	2755	15425	12670
ENST00000542169.6	0	83011	83011
ENST00000542172.1	137	950	813
ENST00000542174.5	727	6499	5772
ENST00000542176.1	0	33204	33204
ENST00000542179.1	289	11713	11424
ENST00000542187.1	128	48893	48765
ENST00000542190.5	13	1908	1895
ENST00000542191.5	79010	120246	41236
ENST00000542192.5	102	9311	9209
ENST00000542194.1	71	5383	5312
ENST00000542196.2	3	1909	1906
ENST00000542198.3	68	19810	19742
ENST00000542199.1	0	15174	15174
ENST00000542200.2	3345	25033	21688
ENST00000542206.5	69	125895	125826
ENST00000542207.5	0	9145	9145
ENST00000542209.1	0	542	542
ENST00000542210.1	0	20717	20717
ENST00000542214.2	751	14045	13294
ENST00000542215.5	8640	9892	1252
ENST00000542218.2	1139	9561	8422
ENST00000542223.1	0	4436	4436
ENST00000542224.1	0	3202	3202
ENST00000542230.7	1680	20212	18532
ENST00000542235.1	208	984	776
ENST00000542236.5	9191	13449	4258
ENST00000542238.5	179	71728	71549
ENST00000542239.1	0	19622	19622
ENST00000542244.5	4174	11119	6945
ENST00000542249.5	395	104275	103880
ENST00000542254.5	130	11065	10935
ENST00000542255.6	0	2731	2731
ENST00000542262.5	0	21525	21525
ENST00000542263.5	314	147639	147325
ENST00000542266.5	76	676	600
ENST00000542267.7	2688	524750	522062
ENST00000542272.5	310	4991	4681
ENST00000542274.5	79	32986	32907
ENST00000542276.1	0	1173	1173
ENST00000542278.6	2054	13922	11868
ENST00000542279.5	32	17363	17331
ENST00000542280.5	8696	12767	4071
ENST00000542282.5	439	4296	3857
ENST00000542287.6	61	104631	104570
ENST00000542293.5	22212	32813	10601
ENST00000542296.6	1018	16331	15313
ENST00000542301.2	0	3726	3726
ENST00000542302.6	36671	422090	385419
ENST00000542303.5	63	76815	76752
ENST00000542309.5	0	26634	26634
ENST00000542315.5	33904	43688	9784
ENST00000542320.5	544	32357	31813
ENST00000542321.6	1585	30880	29295
ENST00000542322.5	449	71081	70632
ENST00000542324.6	279	19762	19483
ENST00000542328.5	45	18799	18754
ENST00000542333.5	1222	29671	28449
ENST00000542337.5	0	3928	3928
ENST00000542341.1	370	4086	3716
ENST00000542342.6	1637	443831	442194
ENST00000542343.5	17	37912	37895
ENST00000542344.5	402	20458	20056
ENST00000542346.1	0	17434	17434
ENST00000542350.5	0	5912	5912
ENST00000542351.5	0	1210	1210
ENST00000542353.5	184	18566	18382
ENST00000542354.1	66	1053	987
ENST00000542355.6	10673	38733	28060
ENST00000542360.1	47983	67786	19803
ENST00000542361.5	0	6211	6211
ENST00000542364.1	1400	18567	17167
ENST00000542365.1	47	16580	16533
ENST00000542370.1	175	1564	1389
ENST00000542372.2	89	22205	22116
ENST00000542375.5	0	1979	1979
ENST00000542384.5	0	133479	133479
ENST00000542386.1	0	6898	6898
ENST00000542388.1	6	53832	53826
ENST00000542389.5	137	12356	12219
ENST00000542393.5	407	45741	45334
ENST00000542394.5	25	24866	24841
ENST00000542398.1	24098	48257	24159
ENST00000542403.3	11602	24942	13340
ENST00000542407.5	3333	213557	210224
ENST00000542408.1	40	14819	14779
ENST00000542415.5	0	16216	16216
ENST00000542416.1	0	368	368
ENST00000542417.1	0	5828	5828
ENST00000542420.6	1014	71409	70395
ENST00000542429.2	1160	7183	6023
ENST00000542430.5	17	8805	8788
ENST00000542432.5	0	9762	9762
ENST00000542433.1	77	1935	1858
ENST00000542434.5	104	73346	73242
ENST00000542437.1	3	2730	2727
ENST00000542438.1	456	28978	28522
ENST00000542440.5	558	31808	31250
ENST00000542443.5	596	108589	107993
ENST00000542447.6	2852	332002	329150
ENST00000542448.5	0	11655	11655
ENST00000542450.5	0	13862	13862
ENST00000542451.1	15620	23193	7573
ENST00000542454.2	35731	37913	2182
ENST00000542456.5	2208	11190	8982
ENST00000542460.5	1025	30755	29730
ENST00000542462.1	138	4242	4104
ENST00000542464.1	0	8353	8353
ENST00000542467.1	37	40681	40644
ENST00000542471.2	101	148893	148792
ENST00000542474.5	14785	14803	18
ENST00000542475.3	152	858	706
ENST00000542485.1	21950	42078	20128
ENST00000542497.5	877	10290	9413
ENST00000542498.5	1910	32698	30788
ENST00000542499.5	758	3582	2824
ENST00000542502.5	0	19903	19903
ENST00000542503.1	58	6506	6448
ENST00000542505.5	790	6495	5705
ENST00000542506.5	101	12061	11960
ENST00000542507.5	500	34060	33560
ENST00000542508.1	3945	4137	192
ENST00000542514.5	4723	5515	792
ENST00000542518.5	256	494	238
ENST00000542526.5	22057	63220	41163
ENST00000542527.7	191	73264	73073
ENST00000542531.5	295	2046	1751
ENST00000542532.5	0	214	214
ENST00000542539.5	1654	14357	12703
ENST00000542541.6	3	10613	10610
ENST00000542546.5	1806	21447	19641
ENST00000542547.5	4918	28206	23288
ENST00000542550.6	340	47072	46732
ENST00000542552.1	4188	8380	4192
ENST00000542554.5	56920	104939	48019
ENST00000542555.3	246	6175	5929
ENST00000542557.5	2871	49805	46934
ENST00000542562.5	0	3643	3643
ENST00000542564.6	78	70095	70017
ENST00000542569.6	38873	66273	27400
ENST00000542570.5	884	43841	42957
ENST00000542573.5	4008	5128	1120
ENST00000542575.6	630	14697	14067
ENST00000542576.5	334	14182	13848
ENST00000542579.5	160	312670	312510
ENST00000542583.7	22156	83078	60922
ENST00000542585.5	543	68533	67990
ENST00000542587.5	590	4648	4058
ENST00000542590.2	120	6997	6877
ENST00000542596.5	0	10132	10132
ENST00000542601.6	145	10296	10151
ENST00000542602.1	71	27872	27801
ENST00000542609.5	531	41980	41449
ENST00000542611.5	4598	41203	36605
ENST00000542613.5	0	2620	2620
ENST00000542616.1	0	42	42
ENST00000542621.5	109	80440	80331
ENST00000542629.5	109173	171569	62396
ENST00000542635.5	3053	10822	7769
ENST00000542636.1	155	8669	8514
ENST00000542638.5	1718	29081	27363
ENST00000542639.6	57058	90773	33715
ENST00000542643.6	1501	25831	24330
ENST00000542644.1	0	78	78
ENST00000542645.5	4078	49413	45335
ENST00000542650.5	84	34311	34227
ENST00000542657.5	112	3969	3857
ENST00000542664.4	3294	65770	62476
ENST00000542666.5	229	44923	44694
ENST00000542670.5	3	64014	64011
ENST00000542672.7	175	78778	78603
ENST00000542674.5	3132	5038	1906
ENST00000542676.5	182	97696	97514
ENST00000542677.5	13672	17819	4147
ENST00000542678.5	914	33522	32608
ENST00000542683.1	8535	40214	31679
ENST00000542688.5	1971	35537	33566
ENST00000542709.5	0	18585	18585
ENST00000542711.6	487	21100	20613
ENST00000542713.1	6422	63065	56643
ENST00000542714.5	0	1316	1316
ENST00000542719.6	1590	44697	43107
ENST00000542720.1	12726	18125	5399
ENST00000542722.5	621	1492	871
ENST00000542723.1	361	4854	4493
ENST00000542724.5	236	32510	32274
ENST00000542728.5	39	109221	109182
ENST00000542729.5	3388	9295	5907
ENST00000542733.6	276	269816	269540
ENST00000542735.2	502	3803	3301
ENST00000542739.3	75	5108	5033
ENST00000542740.1	0	913	913
ENST00000542748.6	601	9112	8511
ENST00000542754.7	40548	67810	27262
ENST00000542766.5	17	98419	98402
ENST00000542769.5	116	87922	87806
ENST00000542778.5	605	27881	27276
ENST00000542781.5	85	15660	15575
ENST00000542782.5	0	40511	40511
ENST00000542783.5	1034	30430	29396
ENST00000542785.5	0	6219	6219
ENST00000542786.2	0	17677	17677
ENST00000542791.1	0	44450	44450
ENST00000542794.5	105	7070	6965
ENST00000542801.5	0	121128	121128
ENST00000542802.7	2770	44061	41291
ENST00000542806.5	33015	33213	198
ENST00000542814.5	0	22263	22263
ENST00000542815.7	13	211202	211189
ENST00000542817.1	50	4308	4258
ENST00000542818.1	273	16713	16440
ENST00000542822.5	127	4032	3905
ENST00000542824.5	10	46962	46952
ENST00000542826.6	30493	41385	10892
ENST00000542829.1	51590	75261	23671
ENST00000542833.1	0	52854	52854
ENST00000542836.5	3	63524	63521
ENST00000542837.2	1431	30899	29468
ENST00000542838.6	4534	32665	28131
ENST00000542843.5	7130	8552	1422
ENST00000542845.3	0	8737	8737
ENST00000542846.5	5312	11506	6194
ENST00000542848.5	152	5746	5594
ENST00000542854.5	2800	11928	9128
ENST00000542858.1	0	21497	21497
ENST00000542859.6	22	272661	272639
ENST00000542862.1	1206	4432	3226
ENST00000542865.5	81589	96313	14724
ENST00000542867.5	0	5222	5222
ENST00000542869.3	1538	10658	9120
ENST00000542874.5	190	9507	9317
ENST00000542877.6	3	75352	75349
ENST00000542878.5	83	15026	14943
ENST00000542890.1	254	3242	2988
ENST00000542893.2	1058	173146	172088
ENST00000542896.5	157	6987	6830
ENST00000542898.5	2146	16482	14336
ENST00000542902.5	0	10823	10823
ENST00000542903.1	46	42454	42408
ENST00000542912.5	231	5872	5641
ENST00000542916.5	0	38507	38507
ENST00000542920.1	657	1838	1181
ENST00000542921.5	458	59345	58887
ENST00000542923.1	156	33481	33325
ENST00000542924.1	0	2245	2245
ENST00000542927.5	4	53981	53977
ENST00000542928.5	417	29168	28751
ENST00000542931.6	4574	7224	2650
ENST00000542934.5	2005	9106	7101
ENST00000542935.5	46268	68120	21852
ENST00000542936.1	0	183224	183224
ENST00000542942.1	0	324	324
ENST00000542943.5	8	26234	26226
ENST00000542944.5	0	5346	5346
ENST00000542945.5	1537	6578	5041
ENST00000542946.2	2427	4580	2153
ENST00000542948.1	0	1271	1271
ENST00000542951.5	0	5204	5204
ENST00000542952.5	163	79194	79031
ENST00000542954.5	0	5029	5029
ENST00000542957.1	3559	9725	6166
ENST00000542963.1	0	6652	6652
ENST00000542965.2	456	6862	6406
ENST00000542967.1	56592	57646	1054
ENST00000542968.5	817	16060	15243
ENST00000542969.2	0	37390	37390
ENST00000542973.5	782	25774	24992
ENST00000542977.5	0	23537	23537
ENST00000542978.1	1794	4502	2708
ENST00000542983.1	27	5224	5197
ENST00000542986.6	484	21173	20689
ENST00000542989.5	0	23979	23979
ENST00000542990.5	0	7405	7405
ENST00000542991.1	29053	29405	352
ENST00000542996.7	8996	30767	21771
ENST00000542998.5	0	88042	88042
ENST00000543004.5	11	11930	11919
ENST00000543009.5	0	16902	16902
ENST00000543010.5	4764	38817	34053
ENST00000543014.1	10	10812	10802
ENST00000543019.1	0	30878	30878
ENST00000543025.5	144682	151349	6667
ENST00000543030.5	0	36958	36958
ENST00000543033.5	3591	17145	13554
ENST00000543035.6	34971	59314	24343
ENST00000543038.2	2184	31899	29715
ENST00000543039.2	746	1776	1030
ENST00000543042.6	67	143231	143164
ENST00000543044.2	7475	16377	8902
ENST00000543045.1	748	1430	682
ENST00000543048.5	780	8958	8178
ENST00000543050.5	195	4683	4488
ENST00000543058.1	15	57033	57018
ENST00000543067.6	477	269640	269163
ENST00000543071.5	543	15878	15335
ENST00000543076.5	6608	16669	10061
ENST00000543077.1	242	16154	15912
ENST00000543081.6	2024	10892	8868
ENST00000543082.5	539	284766	284227
ENST00000543085.5	1425	14382	12957
ENST00000543086.7	36696	502266	465570
ENST00000543088.5	0	4392	4392
ENST00000543090.5	104	9328	9224
ENST00000543091.1	36	150323	150287
ENST00000543092.1	0	13748	13748
ENST00000543093.1	3	16799	16796
ENST00000543094.1	45	15731	15686
ENST00000543095.7	1520	117290	115770
ENST00000543096.5	1018	25706	24688
ENST00000543106.6	253222	323742	70520
ENST00000543111.5	1018	77290	76272
ENST00000543115.5	258	6100	5842
ENST00000543117.5	9152	91678	82526
ENST00000543119.6	349	55966	55617
ENST00000543125.5	100	3849	3749
ENST00000543126.1	1634	6358	4724
ENST00000543127.5	9353	13036	3683
ENST00000543131.5	18	6720	6702
ENST00000543133.5	63689	89914	26225
ENST00000543139.2	5397	9246	3849
ENST00000543140.6	888	117818	116930
ENST00000543145.6	311	25545	25234
ENST00000543146.2	1150	17106	15956
ENST00000543152.5	22969	123862	100893
ENST00000543154.1	0	12754	12754
ENST00000543155.6	611	7808	7197
ENST00000543159.1	0	1193	1193
ENST00000543160.5	225	889	664
ENST00000543163.5	201	18929	18728
ENST00000543164.5	127	974	847
ENST00000543170.5	576	4349	3773
ENST00000543172.5	0	74055	74055
ENST00000543175.5	296	2469	2173
ENST00000543178.5	0	2064	2064
ENST00000543181.5	0	9209	9209
ENST00000543184.5	368	10653	10285
ENST00000543185.6	4932	307772	302840
ENST00000543186.1	236	3405	3169
ENST00000543189.5	58223	118833	60610
ENST00000543190.5	976	2384	1408
ENST00000543196.6	3135	30390	27255
ENST00000543199.5	550	17110	16560
ENST00000543200.5	56	10644	10588
ENST00000543204.1	455	2770	2315
ENST00000543208.5	118	596	478
ENST00000543210.6	22	26602	26580
ENST00000543212.5	0	8166	8166
ENST00000543214.1	519	10364	9845
ENST00000543215.5	8197	23855	15658
ENST00000543216.6	364	242159	241795
ENST00000543218.5	4223	27063	22840
ENST00000543219.5	418	12305	11887
ENST00000543220.5	45241	50437	5196
ENST00000543225.5	1263	52360	51097
ENST00000543226.2	1283	2121	838
ENST00000543227.5	2127	15193	13066
ENST00000543229.5	1266	21443	20177
ENST00000543233.2	143855	339691	195836
ENST00000543234.1	1041	1145	104
ENST00000543235.5	3601	13820	10219
ENST00000543237.5	24	674751	674727
ENST00000543238.5	892	40364	39472
ENST00000543240.1	232	8981	8749
ENST00000543242.5	0	5845	5845
ENST00000543245.6	21	9982	9961
ENST00000543246.5	52064	63929	11865
ENST00000543249.1	0	276297	276297
ENST00000543251.5	4868	15326	10458
ENST00000543253.6	2425	7451	5026
ENST00000543254.1	0	11572	11572
ENST00000543258.1	1113	4095	2982
ENST00000543259.1	0	87324	87324
ENST00000543260.5	3976	5096	1120
ENST00000543262.6	174	232634	232460
ENST00000543264.7	798	12378	11580
ENST00000543265.1	3	16061	16058
ENST00000543276.1	0	1004	1004
ENST00000543277.1	0	4348	4348
ENST00000543283.2	806	89377	88571
ENST00000543287.5	7189	7912	723
ENST00000543292.1	0	8317	8317
ENST00000543300.5	0	25455	25455
ENST00000543302.6	4858	34734	29876
ENST00000543303.6	42	24350	24308
ENST00000543304.5	171	27319	27148
ENST00000543307.5	821	12265	11444
ENST00000543309.5	0	6395	6395
ENST00000543310.5	2593	10200	7607
ENST00000543314.1	0	342	342
ENST00000543318.5	36	13056	13020
ENST00000543322.5	15450	38646	23196
ENST00000543323.5	195	30646	30451
ENST00000543331.1	0	4176	4176
ENST00000543336.5	31200	64947	33747
ENST00000543337.1	10102	24406	14304
ENST00000543341.7	31	27314	27283
ENST00000543342.5	95	3066	2971
ENST00000543351.5	1005	21705	20700
ENST00000543354.5	78365	224043	145678
ENST00000543356.7	425	31505	31080
ENST00000543358.5	385	3717	3332
ENST00000543362.5	455	3458	3003
ENST00000543363.5	0	12296	12296
ENST00000543365.5	68	17817	17749
ENST00000543369.5	456	14912	14456
ENST00000543378.7	14010	48525	34515
ENST00000543380.5	0	1663	1663
ENST00000543381.5	45057	58632	13575
ENST00000543383.5	1030	3372	2342
ENST00000543392.5	37	54782	54745
ENST00000543393.5	43208	46616	3408
ENST00000543407.5	8951	23090	14139
ENST00000543409.5	670	4763	4093
ENST00000543411.5	159	34881	34722
ENST00000543414.1	0	8524	8524
ENST00000543415.5	6222	21184	14962
ENST00000543420.5	128	3982	3854
ENST00000543426.5	4729	14848	10119
ENST00000543428.5	187	5911	5724
ENST00000543431.6	38	53429	53391
ENST00000543437.5	224	7043	6819
ENST00000543440.7	204	79544	79340
ENST00000543444.1	388	3576	3188
ENST00000543445.5	2283	8797	6514
ENST00000543446.1	0	4407	4407
ENST00000543455.1	91	3837	3746
ENST00000543457.6	1036	3056	2020
ENST00000543458.7	50	11271	11221
ENST00000543464.6	402	87953	87551
ENST00000543467.5	6848	9542	2694
ENST00000543468.5	41941	63386	21445
ENST00000543469.1	3431	7705	4274
ENST00000543470.5	78365	223951	145586
ENST00000543471.5	4514	22238	17724
ENST00000543473.2	137	38847	38710
ENST00000543476.5	116	17931	17815
ENST00000543477.1	0	748	748
ENST00000543479.5	3	42106	42103
ENST00000543482.5	66728	128205	61477
ENST00000543484.2	543	11649	11106
ENST00000543485.5	2451	26646	24195
ENST00000543494.1	426	22203	21777
ENST00000543496.3	718	3236	2518
ENST00000543498.5	0	94611	94611
ENST00000543504.5	22410	52684	30274
ENST00000543505.5	830	6545	5715
ENST00000543507.1	0	5449	5449
ENST00000543510.1	667	1679	1012
ENST00000543517.5	665	4953	4288
ENST00000543522.5	9525	24765	15240
ENST00000543523.5	1162	65239	64077
ENST00000543524.5	1337	14240	12903
ENST00000543534.5	65971	115775	49804
ENST00000543537.5	351	4124	3773
ENST00000543540.5	0	2552	2552
ENST00000543544.5	8900	31349	22449
ENST00000543545.5	3589	13011	9422
ENST00000543552.5	137	38087	37950
ENST00000543554.5	958	7055	6097
ENST00000543555.6	323	82467	82144
ENST00000543562.1	511	7871	7360
ENST00000543566.6	1080	3262	2182
ENST00000543571.6	3579	47356	43777
ENST00000543572.6	35303	35523	220
ENST00000543575.5	18235	52061	33826
ENST00000543576.5	9	14465	14456
ENST00000543579.5	92	64749	64657
ENST00000543580.7	186	29575	29389
ENST00000543581.5	250	25486	25236
ENST00000543586.1	478	30807	30329
ENST00000543587.5	301	2064	1763
ENST00000543589.5	29	17697	17668
ENST00000543594.6	1994	2268	274
ENST00000543599.5	1595	30890	29295
ENST00000543601.5	833	117717	116884
ENST00000543602.5	247	8260	8013
ENST00000543605.5	4417	13549	9132
ENST00000543608.5	0	23077	23077
ENST00000543610.6	56	5309	5253
ENST00000543612.5	337	64414	64077
ENST00000543615.1	0	10820	10820
ENST00000543617.2	0	63656	63656
ENST00000543621.6	1577	41080	39503
ENST00000543626.5	1273	3810	2537
ENST00000543629.5	94456	117332	22876
ENST00000543631.5	0	5305	5305
ENST00000543632.5	16323	278246	261923
ENST00000543633.5	33563	34393	830
ENST00000543637.1	0	8260	8260
ENST00000543641.5	10174	21214	11040
ENST00000543642.5	56920	104939	48019
ENST00000543643.6	1781	61340	59559
ENST00000543644.1	67	5497	5430
ENST00000543646.5	282	44551	44269
ENST00000543648.5	2721	58921	56200
ENST00000543654.1	0	8528	8528
ENST00000543655.5	0	15138	15138
ENST00000543658.5	0	23641	23641
ENST00000543662.4	12620	83046	70426
ENST00000543663.6	40	25984	25944
ENST00000543669.5	37137	41561	4424
ENST00000543672.6	382	17947	17565
ENST00000543674.1	284	27076	26792
ENST00000543676.1	0	20285	20285
ENST00000543677.2	291	15993	15702
ENST00000543678.1	4427	14209	9782
ENST00000543680.5	37	116848	116811
ENST00000543682.3	0	6180	6180
ENST00000543683.6	82	2689	2607
ENST00000543693.5	6357	69270	62913
ENST00000543694.1	4913	8203	3290
ENST00000543695.5	2280	6505	4225
ENST00000543697.5	37786	46648	8862
ENST00000543699.5	12	14733	14721
ENST00000543703.1	123	313	190
ENST00000543704.5	172	5159	4987
ENST00000543706.1	0	31559	31559
ENST00000543711.5	2833	15837	13004
ENST00000543712.5	0	57408	57408
ENST00000543719.5	1279	73419	72140
ENST00000543726.1	286	10112	9826
ENST00000543727.5	3	20468	20465
ENST00000543729.5	76	7396	7320
ENST00000543733.5	73	20916	20843
ENST00000543736.5	249	18482	18233
ENST00000543737.2	9335	52640	43305
ENST00000543741.6	19	13958	13939
ENST00000543747.1	8789	9727	938
ENST00000543750.5	6155	52169	46014
ENST00000543751.5	8830	106313	97483
ENST00000543753.5	47	2401	2354
ENST00000543756.5	4485	10379	5894
ENST00000543758.5	4167	23835	19668
ENST00000543759.6	0	19095	19095
ENST00000543764.6	1363	19912	18549
ENST00000543765.1	0	18044	18044
ENST00000543766.2	42151	44211	2060
ENST00000543768.1	192	31645	31453
ENST00000543769.1	71	1394	1323
ENST00000543770.5	319	29859	29540
ENST00000543771.5	34846	320727	285881
ENST00000543772.2	6805	16919	10114
ENST00000543774.6	1928	16865	14937
ENST00000543777.5	128	7309	7181
ENST00000543779.6	1199	183825	182626
ENST00000543784.5	3694	76370	72676
ENST00000543785.3	928	7594	6666
ENST00000543786.5	0	7663	7663
ENST00000543789.6	90	21334	21244
ENST00000543790.5	65	665	600
ENST00000543794.5	3470	41194	37724
ENST00000543796.6	528	4499	3971
ENST00000543801.5	3	14106	14103
ENST00000543802.3	1580	17937	16357
ENST00000543803.5	0	19316	19316
ENST00000543804.5	65	3968	3903
ENST00000543805.6	20250	34647	14397
ENST00000543809.5	1212	157581	156369
ENST00000543812.5	34665	36179	1514
ENST00000543813.2	11026	58203	47177
ENST00000543814.5	10071	38219	28148
ENST00000543818.5	7882	15558	7676
ENST00000543823.1	462	10648	10186
ENST00000543824.5	3125	27901	24776
ENST00000543831.5	489	8799	8310
ENST00000543835.5	0	3237	3237
ENST00000543845.1	0	1297	1297
ENST00000543847.1	37	10327	10290
ENST00000543852.5	502	18598	18096
ENST00000543854.5	0	15831	15831
ENST00000543856.1	2225	6196	3971
ENST00000543870.1	89	10660	10571
ENST00000543872.6	652	8568	7916
ENST00000543873.6	327	14550	14223
ENST00000543876.5	7178	12714	5536
ENST00000543877.1	546	9303	8757
ENST00000543879.6	48074	115181	67107
ENST00000543880.7	280	3407	3127
ENST00000543881.5	233	26561	26328
ENST00000543882.5	7273	20975	13702
ENST00000543885.2	113430	122866	9436
ENST00000543886.6	205	196228	196023
ENST00000543893.1	300	2361	2061
ENST00000543895.1	3099	17613	14514
ENST00000543896.1	0	490	490
ENST00000543897.5	1900	12452	10552
ENST00000543898.5	383	99943	99560
ENST00000543906.5	4548	71839	67291
ENST00000543908.5	10	35306	35296
ENST00000543909.5	1805	52491	50686
ENST00000543912.5	13038	19459	6421
ENST00000543915.6	26278	52367	26089
ENST00000543919.1	514	2660	2146
ENST00000543926.6	198	117646	117448
ENST00000543927.6	41	1635	1594
ENST00000543929.5	3616	4559	943
ENST00000543930.5	620	15155	14535
ENST00000543933.5	0	12596	12596
ENST00000543935.1	0	392	392
ENST00000543936.7	89	48918	48829
ENST00000543937.5	0	17576	17576
ENST00000543939.5	538	4311	3773
ENST00000543942.7	2424	127656	125232
ENST00000543945.5	40199	107679	67480
ENST00000543947.1	3028	5295	2267
ENST00000543948.5	266	20667	20401
ENST00000543949.2	500	1842	1342
ENST00000543950.3	13172	95397	82225
ENST00000543953.5	5324	33920	28596
ENST00000543955.5	6434	10159	3725
ENST00000543956.5	3285	61880	58595
ENST00000543957.5	8235	12077	3842
ENST00000543959.5	122	969	847
ENST00000543960.1	0	3990	3990
ENST00000543963.5	3	14867	14864
ENST00000543964.6	86654	111827	25173
ENST00000543966.5	2103	4302	2199
ENST00000543967.5	86067	96860	10793
ENST00000543971.1	0	73906	73906
ENST00000543973.1	0	2724	2724
ENST00000543974.5	1681	12545	10864
ENST00000543975.1	0	1072	1072
ENST00000543982.5	83	33936	33853
ENST00000543984.5	36	11959	11923
ENST00000543987.5	1274	58579	57305
ENST00000543988.1	1527	11418	9891
ENST00000543993.5	435	7467	7032
ENST00000543995.5	4284	12882	8598
ENST00000544000.5	1023	3511	2488
ENST00000544001.6	166	299871	299705
ENST00000544005.5	271	13486	13215
ENST00000544014.1	52	17340	17288
ENST00000544017.5	133	10762	10629
ENST00000544018.6	1169	3514	2345
ENST00000544020.5	37568	50363	12795
ENST00000544021.5	177	7129	6952
ENST00000544035.5	25707	46478	20771
ENST00000544039.5	3	109301	109298
ENST00000544040.7	597	41988	41391
ENST00000544041.5	88	121499	121411
ENST00000544049.2	195	156851	156656
ENST00000544051.5	12106	16868	4762
ENST00000544052.6	8227	114989	106762
ENST00000544053.5	16981	17543	562
ENST00000544054.5	0	5442	5442
ENST00000544059.2	235	17361	17126
ENST00000544061.6	20	2968	2948
ENST00000544064.1	0	12290	12290
ENST00000544065.5	4411	6417	2006
ENST00000544069.2	152	49579	49427
ENST00000544075.5	12729	17755	5026
ENST00000544078.2	5	885	880
ENST00000544079.2	570	21896	21326
ENST00000544080.6	19842	22775	2933
ENST00000544085.6	655	132558	131903
ENST00000544088.6	7234	21605	14371
ENST00000544091.1	15189	17221	2032
ENST00000544093.5	5984	10752	4768
ENST00000544103.2	0	902	902
ENST00000544104.1	11168	17849	6681
ENST00000544105.5	0	38974	38974
ENST00000544106.5	31	14147	14116
ENST00000544110.5	57	5229	5172
ENST00000544111.5	15678	18284	2606
ENST00000544117.6	5796	14190	8394
ENST00000544118.5	1164	7182	6018
ENST00000544123.5	1095	99431	98336
ENST00000544129.5	0	16812	16812
ENST00000544132.2	0	5464	5464
ENST00000544133.5	8225	34307	26082
ENST00000544137.5	31622	63650	32028
ENST00000544138.5	95	8031	7936
ENST00000544140.5	89	38047	37958
ENST00000544142.5	469	40884	40415
ENST00000544152.5	107	43954	43847
ENST00000544153.3	1090	104528	103438
ENST00000544166.5	140085	215182	75097
ENST00000544173.5	0	3547	3547
ENST00000544175.3	1645	12596	10951
ENST00000544177.1	222	4438	4216
ENST00000544180.6	177	41605	41428
ENST00000544181.5	373	24229	23856
ENST00000544187.1	0	1825	1825
ENST00000544193.1	0	2019	2019
ENST00000544196.5	63	2554	2491
ENST00000544210.6	16391	27085	10694
ENST00000544211.5	674	14603	13929
ENST00000544213.5	134	3793	3659
ENST00000544216.8	139	56260	56121
ENST00000544218.5	0	3116	3116
ENST00000544220.1	3564	4254	690
ENST00000544223.6	19	30075	30056
ENST00000544232.5	1570	7557	5987
ENST00000544233.5	1505	6200	4695
ENST00000544238.5	0	17694	17694
ENST00000544241.6	373	177644	177271
ENST00000544244.5	2871	49805	46934
ENST00000544245.1	0	148	148
ENST00000544246.5	1824	929212	927388
ENST00000544248.1	2093	12929	10836
ENST00000544249.2	13878	17416	3538
ENST00000544253.1	2686	3434	748
ENST00000544255.5	84	6091	6007
ENST00000544257.5	32176	96891	64715
ENST00000544258.1	12668	27449	14781
ENST00000544260.3	2134	73224	71090
ENST00000544265.1	300	4742	4442
ENST00000544267.5	54	6592	6538
ENST00000544280.6	3071	6787	3716
ENST00000544284.5	7687	9074	1387
ENST00000544286.5	184	1141	957
ENST00000544290.5	37447	65470	28023
ENST00000544291.1	0	5820	5820
ENST00000544292.5	91	89372	89281
ENST00000544301.7	1182	10416	9234
ENST00000544302.1	0	1496	1496
ENST00000544304.5	2687	20720	18033
ENST00000544305.5	144	181746	181602
ENST00000544308.5	407	5914	5507
ENST00000544309.5	0	2619	2619
ENST00000544313.5	59	5325	5266
ENST00000544316.1	220	1406	1186
ENST00000544319.6	2072	35017	32945
ENST00000544321.5	3166	4286	1120
ENST00000544322.1	0	14173	14173
ENST00000544327.1	279	33338	33059
ENST00000544334.6	162	422360	422198
ENST00000544336.5	1863	3129	1266
ENST00000544341.5	4842	49532	44690
ENST00000544342.1	920	15212	14292
ENST00000544347.1	0	31296	31296
ENST00000544349.6	33233	34810	1577
ENST00000544357.2	387	2731	2344
ENST00000544361.1	0	34949	34949
ENST00000544363.5	146	76917	76771
ENST00000544365.5	6622	14370	7748
ENST00000544366.1	0	2060	2060
ENST00000544367.5	53466	58129	4663
ENST00000544368.6	62	17564	17502
ENST00000544369.5	4148	6987	2839
ENST00000544370.1	0	40967	40967
ENST00000544371.1	633	1387	754
ENST00000544373.5	850	30475	29625
ENST00000544374.3	3	1897	1894
ENST00000544377.2	682	9926	9244
ENST00000544378.7	2392	88641	86249
ENST00000544379.1	3615	4165	550
ENST00000544381.4	435	19368	18933
ENST00000544387.5	120	9316	9196
ENST00000544393.5	297	28678	28381
ENST00000544396.5	42366	70748	28382
ENST00000544397.2	1536	5107	3571
ENST00000544400.1	8	11789	11781
ENST00000544402.5	220	44837	44617
ENST00000544404.5	1365	17296	15931
ENST00000544405.6	108	36362	36254
ENST00000544406.2	3604	4640	1036
ENST00000544408.5	1207	50313	49106
ENST00000544409.5	8225	25827	17602
ENST00000544410.1	3473	6617	3144
ENST00000544413.2	20	24344	24324
ENST00000544416.6	79	196776	196697
ENST00000544425.2	475	7606	7131
ENST00000544426.5	24705	26827	2122
ENST00000544428.1	952	13678	12726
ENST00000544431.5	7159	40273	33114
ENST00000544434.5	13005	91037	78032
ENST00000544436.5	38987	119026	80039
ENST00000544437.6	7112	9078	1966
ENST00000544439.5	378	72779	72401
ENST00000544440.7	724	296069	295345
ENST00000544442.5	0	12110	12110
ENST00000544448.6	15	22012	21997
ENST00000544450.6	283	119643	119360
ENST00000544451.2	2779	82375	79596
ENST00000544454.5	118	3224	3106
ENST00000544455.6	1375	93909	92534
ENST00000544456.5	681	1970	1289
ENST00000544457.1	213	7903	7690
ENST00000544460.5	254	20204	19950
ENST00000544465.5	449	125184	124735
ENST00000544474.5	1188	30104	28916
ENST00000544476.1	175	12602	12427
ENST00000544477.5	118	21817	21699
ENST00000544482.1	0	1202	1202
ENST00000544484.6	597	42064	41467
ENST00000544485.1	0	522	522
ENST00000544490.5	19	3743	3724
ENST00000544491.2	0	17448	17448
ENST00000544492.5	1144	23728	22584
ENST00000544496.5	33	53425	53392
ENST00000544503.5	159	18208	18049
ENST00000544514.1	2690	3204	514
ENST00000544516.6	3	8687	8684
ENST00000544518.5	1114	16354	15240
ENST00000544519.1	0	36207	36207
ENST00000544522.5	5029	27979	22950
ENST00000544523.5	30899	159167	128268
ENST00000544537.2	182	5266	5084
ENST00000544538.5	2453	73198	70745
ENST00000544539.5	2905	8480	5575
ENST00000544540.5	23345	24285	940
ENST00000544543.5	381	43747	43366
ENST00000544547.6	93	150527	150434
ENST00000544548.5	0	11712	11712
ENST00000544551.5	2429	44482	42053
ENST00000544552.5	10035	51445	41410
ENST00000544554.5	917	10425	9508
ENST00000544559.1	0	7582	7582
ENST00000544561.6	0	31989	31989
ENST00000544564.5	25072	38330	13258
ENST00000544567.5	5098	11021	5923
ENST00000544570.5	233	67994	67761
ENST00000544573.5	108	10270	10162
ENST00000544574.5	118	18137	18019
ENST00000544577.5	368	13053	12685
ENST00000544582.1	6	14166	14160
ENST00000544583.6	2556	124180	121624
ENST00000544585.5	0	13503	13503
ENST00000544594.5	613	2199	1586
ENST00000544596.5	0	373284	373284
ENST00000544598.5	378	5253	4875
ENST00000544599.5	1026	1390	364
ENST00000544604.7	195	172846	172651
ENST00000544612.6	2710	5260	2550
ENST00000544613.5	1806	3265	1459
ENST00000544614.1	0	1112	1112
ENST00000544616.5	79	13829	13750
ENST00000544619.1	0	16156	16156
ENST00000544620.5	87	5087	5000
ENST00000544622.4	411	8040	7629
ENST00000544626.2	773	21920	21147
ENST00000544627.5	320	116825	116505
ENST00000544634.5	282	19396	19114
ENST00000544641.5	16860	17306	446
ENST00000544652.1	0	9693	9693
ENST00000544658.5	463	6235	5772
ENST00000544665.9	90	75155	75065
ENST00000544666.1	0	11435	11435
ENST00000544670.5	14287	24171	9884
ENST00000544671.1	0	2971	2971
ENST00000544672.5	435	14554	14119
ENST00000544681.1	305	1222	917
ENST00000544682.5	52253	53733	1480
ENST00000544683.5	0	113582	113582
ENST00000544690.6	169	4127	3958
ENST00000544693.5	0	162	162
ENST00000544696.5	0	2639	2639
ENST00000544697.1	1128	8692	7564
ENST00000544698.1	60841	110890	50049
ENST00000544702.5	569	13725	13156
ENST00000544706.2	2853	49835	46982
ENST00000544708.3	218	1200	982
ENST00000544716.5	1370	46543	45173
ENST00000544719.6	826	13331	12505
ENST00000544725.5	473	5483	5010
ENST00000544726.2	212	18090	17878
ENST00000544738.5	24	5664	5640
ENST00000544741.2	0	57044	57044
ENST00000544742.5	47	3479	3432
ENST00000544745.2	1116	36840	35724
ENST00000544747.5	82020	89119	7099
ENST00000544748.5	963	132783	131820
ENST00000544750.1	0	22077	22077
ENST00000544754.1	49422	49834	412
ENST00000544755.1	761	1707	946
ENST00000544760.1	0	81334	81334
ENST00000544766.5	1987	4061	2074
ENST00000544767.5	0	4900	4900
ENST00000544773.6	391	90457	90066
ENST00000544778.6	201	127717	127516
ENST00000544785.1	53	14836	14783
ENST00000544786.1	3	99177	99174
ENST00000544791.1	1923	19468	17545
ENST00000544797.6	40	153460	153420
ENST00000544801.5	21	52079	52058
ENST00000544803.5	6073	73051	66978
ENST00000544807.6	253	60357	60104
ENST00000544814.7	485	26485	26000
ENST00000544816.5	465	8689	8224
ENST00000544817.5	730	6884	6154
ENST00000544819.5	87	38045	37958
ENST00000544822.2	513	5808	5295
ENST00000544823.5	86	108751	108665
ENST00000544827.5	535	10409	9874
ENST00000544829.5	391	48922	48531
ENST00000544833.1	408	4449	4041
ENST00000544835.7	431	10961	10530
ENST00000544837.5	20801	34642	13841
ENST00000544838.5	2753	17828	15075
ENST00000544844.6	404	1437	1033
ENST00000544848.3	66	838	772
ENST00000544850.5	3365	7785	4420
ENST00000544853.5	133	5807	5674
ENST00000544854.5	322	7373	7051
ENST00000544855.5	2636	6106	3470
ENST00000544856.6	562	99175	98613
ENST00000544861.5	15069	22036	6967
ENST00000544866.5	5103	5985	882
ENST00000544867.5	3114	29786	26672
ENST00000544870.6	34940	42531	7591
ENST00000544871.1	1206	30771	29565
ENST00000544879.5	13859	21198	7339
ENST00000544883.5	727	1580	853
ENST00000544886.6	691	12531	11840
ENST00000544888.5	788	3128	2340
ENST00000544889.1	0	11806	11806
ENST00000544894.6	4052	10770	6718
ENST00000544898.6	3968	42843	38875
ENST00000544899.1	343	2326	1983
ENST00000544902.5	565	48973	48408
ENST00000544904.3	1144	28311	27167
ENST00000544905.1	0	1889	1889
ENST00000544907.6	4814	9626	4812
ENST00000544909.5	257	39734	39477
ENST00000544910.5	13778	128868	115090
ENST00000544913.2	2421	21850	19429
ENST00000544914.5	44704	47018	2314
ENST00000544915.5	219	89465	89246
ENST00000544916.6	3169	27945	24776
ENST00000544921.5	14330	15709	1379
ENST00000544923.5	0	2701	2701
ENST00000544927.5	10	20665	20655
ENST00000544935.5	1236	163441	162205
ENST00000544936.1	1793	4824	3031
ENST00000544943.5	43570	48865	5295
ENST00000544944.6	692	33267	32575
ENST00000544951.6	22942	354817	331875
ENST00000544960.1	11503	46239	34736
ENST00000544963.1	237	13111	12874
ENST00000544964.6	0	11979	11979
ENST00000544967.5	1151	33531	32380
ENST00000544969.5	4093	15958	11865
ENST00000544970.5	26	17841	17815
ENST00000544971.5	3	33454	33451
ENST00000544972.1	0	37373	37373
ENST00000544974.6	19967	198382	178415
ENST00000544979.6	561	23453	22892
ENST00000544987.3	6501	11516	5015
ENST00000544990.5	3720	13168	9448
ENST00000544991.7	1371	81902	80531
ENST00000544992.6	2829	19225	16396
ENST00000544994.5	98	3779	3681
ENST00000544997.6	733	18832	18099
ENST00000544999.2	345	2142	1797
ENST00000545005.5	3	31399	31396
ENST00000545006.1	654	23044	22390
ENST00000545008.5	8785	106162	97377
ENST00000545009.1	819	16481	15662
ENST00000545012.5	2154	12291	10137
ENST00000545016.2	0	1274	1274
ENST00000545021.2	1725	6745	5020
ENST00000545022.5	0	21747	21747
ENST00000545025.2	0	2603	2603
ENST00000545027.1	0	88240	88240
ENST00000545028.2	1111	409156	408045
ENST00000545030.1	530	4461	3931
ENST00000545034.5	52	3421	3369
ENST00000545035.1	0	2251	2251
ENST00000545036.5	6556	62072	55516
ENST00000545037.1	0	70	70
ENST00000545043.6	339	39140	38801
ENST00000545045.6	1223	9123	7900
ENST00000545047.5	253	7686	7433
ENST00000545050.1	0	5363	5363
ENST00000545053.1	0	53330	53330
ENST00000545054.6	4029	11170	7141
ENST00000545056.5	3783	4994	1211
ENST00000545061.5	71582	221982	150400
ENST00000545067.6	5256	26603	21347
ENST00000545068.5	3168	136402	133234
ENST00000545076.5	1583	87442	85859
ENST00000545077.1	0	10710	10710
ENST00000545081.5	0	36857	36857
ENST00000545082.5	7	27068	27061
ENST00000545089.5	242	18616	18374
ENST00000545091.5	8934	17933	8999
ENST00000545094.5	0	28208	28208
ENST00000545097.1	22023	24968	2945
ENST00000545102.1	10435	58703	48268
ENST00000545111.6	151871	194184	42313
ENST00000545114.5	1312	15387	14075
ENST00000545115.5	0	1567	1567
ENST00000545121.5	8088	45920	37832
ENST00000545125.1	412	1442	1030
ENST00000545127.1	449	969	520
ENST00000545128.5	538	473818	473280
ENST00000545130.5	2690	4581	1891
ENST00000545131.5	126858	248058	121200
ENST00000545132.5	187	80693	80506
ENST00000545133.5	127	88612	88485
ENST00000545134.1	24	38767	38743
ENST00000545135.5	644	7998	7354
ENST00000545145.6	6485	152341	145856
ENST00000545146.1	27	2600	2573
ENST00000545153.5	141	837	696
ENST00000545154.5	105	346941	346836
ENST00000545156.5	1571	12529	10958
ENST00000545162.5	0	43049	43049
ENST00000545167.5	0	3609	3609
ENST00000545168.5	87986	134872	46886
ENST00000545170.5	5771	49098	43327
ENST00000545172.5	293	94560	94267
ENST00000545173.6	76	16559	16483
ENST00000545174.5	43714	93623	49909
ENST00000545180.5	8984	12069	3085
ENST00000545182.6	35	31717	31682
ENST00000545196.1	24	15186	15162
ENST00000545197.3	5609	12685	7076
ENST00000545199.5	202	2573	2371
ENST00000545200.5	1160	12916	11756
ENST00000545201.6	1309	31185	29876
ENST00000545204.2	0	30288	30288
ENST00000545205.2	3627	4624	997
ENST00000545207.5	157	22945	22788
ENST00000545208.6	3	125410	125407
ENST00000545210.5	1329	3573	2244
ENST00000545212.1	0	1862	1862
ENST00000545215.5	2280	6415	4135
ENST00000545217.5	2032	2336	304
ENST00000545221.2	2674	4514	1840
ENST00000545223.1	2177	7891	5714
ENST00000545225.5	10391	17720	7329
ENST00000545228.3	13	9456	9443
ENST00000545230.5	35422	132770	97348
ENST00000545232.6	496	52515	52019
ENST00000545234.6	478	11938	11460
ENST00000545235.1	8552	116853	108301
ENST00000545236.5	6560	7503	943
ENST00000545237.1	1308	135201	133893
ENST00000545238.1	222	2117	1895
ENST00000545242.6	947	163454	162507
ENST00000545243.1	0	6072	6072
ENST00000545245.5	0	3042	3042
ENST00000545249.5	517	17750	17233
ENST00000545250.5	4888	40841	35953
ENST00000545251.6	1764	2356	592
ENST00000545257.6	93	211408	211315
ENST00000545260.5	1612	709210	707598
ENST00000545267.1	0	216	216
ENST00000545270.5	37812	45797	7985
ENST00000545273.1	0	14053	14053
ENST00000545274.5	132	6805	6673
ENST00000545279.6	20916	46021	25105
ENST00000545280.5	102	15799	15697
ENST00000545282.1	148	28974	28826
ENST00000545285.5	0	19267	19267
ENST00000545287.7	191	84185	83994
ENST00000545290.1	6912	8199	1287
ENST00000545294.5	0	26323	26323
ENST00000545297.5	2282	14898	12616
ENST00000545299.1	2580	2614	34
ENST00000545303.5	110	20198	20088
ENST00000545306.2	87	3871	3784
ENST00000545307.6	138	15708	15570
ENST00000545309.3	359344	467302	107958
ENST00000545312.1	19785	43673	23888
ENST00000545314.5	859	79289	78430
ENST00000545317.5	3714	5081	1367
ENST00000545318.3	36671	200773	164102
ENST00000545321.1	0	6157	6157
ENST00000545322.5	61	3178	3117
ENST00000545328.6	301	65367	65066
ENST00000545331.5	57	31508	31451
ENST00000545333.5	0	1257	1257
ENST00000545334.5	109239	111339	2100
ENST00000545335.5	189	73701	73512
ENST00000545336.5	66770	360035	293265
ENST00000545337.1	222	8133	7911
ENST00000545344.5	0	17052	17052
ENST00000545346.1	26307	28509	2202
ENST00000545349.1	0	7267	7267
ENST00000545354.1	958	19540	18582
ENST00000545356.5	224	10605	10381
ENST00000545361.5	0	330	330
ENST00000545369.2	103	18185	18082
ENST00000545373.1	0	4849	4849
ENST00000545375.5	6457	11964	5507
ENST00000545376.6	12637	13390	753
ENST00000545377.5	58694	320009	261315
ENST00000545380.5	1136	330276	329140
ENST00000545381.5	109255	135542	26287
ENST00000545387.6	367	16836	16469
ENST00000545394.2	4902	35029	30127
ENST00000545398.5	1238	34443	33205
ENST00000545399.6	356	30547	30191
ENST00000545401.6	328	19577	19249
ENST00000545405.5	0	2976	2976
ENST00000545406.1	0	3147	3147
ENST00000545407.5	31480	32236	756
ENST00000545413.1	2775	12779	10004
ENST00000545417.5	28730	223170	194440
ENST00000545418.2	17	42424	42407
ENST00000545419.5	0	11791	11791
ENST00000545432.5	137	38094	37957
ENST00000545434.5	42	23304	23262
ENST00000545436.5	0	40641	40641
ENST00000545444.5	13727	27123	13396
ENST00000545450.7	1947	9846	7899
ENST00000545453.5	754	21605	20851
ENST00000545457.6	300	17462	17162
ENST00000545467.5	2281	2531	250
ENST00000545470.5	53488	71508	18020
ENST00000545492.5	0	2293	2293
ENST00000545493.1	0	49194	49194
ENST00000545495.5	1173	4435	3262
ENST00000545496.6	24	26721	26697
ENST00000545497.5	1068	136291	135223
ENST00000545499.5	12601	45079	32478
ENST00000545503.6	75	92815	92740
ENST00000545504.1	7843	31983	24140
ENST00000545507.6	9157	11820	2663
ENST00000545517.2	926	2417	1491
ENST00000545521.5	39	5478	5439
ENST00000545523.5	2091	6594	4503
ENST00000545525.5	111	2793	2682
ENST00000545534.6	316	22796	22480
ENST00000545538.5	2701	23723	21022
ENST00000545539.6	15	487	472
ENST00000545540.5	438	44691	44253
ENST00000545543.1	0	7431	7431
ENST00000545552.5	107	97629	97522
ENST00000545553.1	22	8304	8282
ENST00000545555.2	0	1844	1844
ENST00000545556.6	69707	73992	4285
ENST00000545558.5	349	30156	29807
ENST00000545560.6	115139	264034	148895
ENST00000545564.5	3	8266	8263
ENST00000545567.5	0	28856	28856
ENST00000545570.5	187	10820	10633
ENST00000545574.5	671	14654	13983
ENST00000545578.5	277	11146	10869
ENST00000545579.6	716	13825	13109
ENST00000545580.1	461	3158	2697
ENST00000545581.5	620	2796	2176
ENST00000545584.2	0	4747	4747
ENST00000545590.1	187	12709	12522
ENST00000545595.6	8305	19027	10722
ENST00000545600.1	0	14925	14925
ENST00000545603.1	7349	16157	8808
ENST00000545604.5	4097	59172	55075
ENST00000545606.6	360	47144	46784
ENST00000545607.5	0	63641	63641
ENST00000545608.5	15662	18437	2775
ENST00000545612.5	3779	5146	1367
ENST00000545614.1	0	16647	16647
ENST00000545616.2	499	41321	40822
ENST00000545620.5	20914	46019	25105
ENST00000545621.5	153	4149	3996
ENST00000545622.5	19327	22271	2944
ENST00000545625.5	38377	82984	44607
ENST00000545626.5	1287	4260	2973
ENST00000545632.5	39	6577	6538
ENST00000545638.2	619	47099	46480
ENST00000545641.5	0	121508	121508
ENST00000545647.5	2341	56587	54246
ENST00000545648.2	879	7310	6431
ENST00000545652.6	155	48208	48053
ENST00000545653.5	3347	24880	21533
ENST00000545657.1	0	23850	23850
ENST00000545661.5	0	16346	16346
ENST00000545663.5	2316	5150	2834
ENST00000545664.5	55	6019	5964
ENST00000545666.5	0	163900	163900
ENST00000545668.5	4500	33020	28520
ENST00000545671.6	89	10398	10309
ENST00000545673.5	189	27478	27289
ENST00000545674.5	649	3343	2694
ENST00000545675.5	1706	22329	20623
ENST00000545676.5	272	66504	66232
ENST00000545678.1	5048	7566	2518
ENST00000545679.5	169	49592	49423
ENST00000545680.5	297	2060	1763
ENST00000545681.2	198	54482	54284
ENST00000545682.5	745	5410	4665
ENST00000545683.1	547	30034	29487
ENST00000545686.6	6550	27445	20895
ENST00000545687.5	12737	15060	2323
ENST00000545692.1	19	4166	4147
ENST00000545693.5	1612	709431	707819
ENST00000545699.1	0	7493	7493
ENST00000545705.1	12012	26999	14987
ENST00000545707.5	86	43880	43794
ENST00000545708.5	35473	59250	23777
ENST00000545712.7	3316	20506	17190
ENST00000545719.1	0	108	108
ENST00000545720.6	37764	43471	5707
ENST00000545721.1	3329	9078	5749
ENST00000545723.1	58228	72986	14758
ENST00000545725.6	0	7324	7324
ENST00000545735.1	317	9875	9558
ENST00000545738.6	563	37381	36818
ENST00000545746.5	395	48422	48027
ENST00000545748.5	995	23174	22179
ENST00000545749.2	3	15807	15804
ENST00000545751.3	0	286940	286940
ENST00000545754.5	789	160854	160065
ENST00000545755.3	3	10814	10811
ENST00000545756.5	1165	35149	33984
ENST00000545766.7	299	25706	25407
ENST00000545769.1	4780	5790	1010
ENST00000545770.7	5	14745	14740
ENST00000545774.5	991	12458	11467
ENST00000545777.1	21	1116	1095
ENST00000545781.2	218247	218737	490
ENST00000545790.6	0	17105	17105
ENST00000545791.5	0	3944	3944
ENST00000545796.5	48538	128706	80168
ENST00000545797.7	651	12636	11985
ENST00000545798.5	1396	4447	3051
ENST00000545799.5	2586	87563	84977
ENST00000545802.1	27564	27808	244
ENST00000545805.6	360	33993	33633
ENST00000545806.5	20352	29214	8862
ENST00000545809.1	1034	1666	632
ENST00000545811.5	100536	109477	8941
ENST00000545812.1	0	2224	2224
ENST00000545822.2	0	30271	30271
ENST00000545824.2	351	15992	15641
ENST00000545825.1	185	2238	2053
ENST00000545827.6	78058	101176	23118
ENST00000545837.1	105	8107	8002
ENST00000545841.5	2968	8031	5063
ENST00000545845.1	480	11400	10920
ENST00000545848.5	358	17554	17196
ENST00000545855.1	0	240	240
ENST00000545856.8	4577	68597	64020
ENST00000545857.5	396	72245	71849
ENST00000545859.5	533	8092	7559
ENST00000545860.1	0	125358	125358
ENST00000545862.5	191	9485	9294
ENST00000545865.1	2502	3527	1025
ENST00000545868.4	3	74884	74881
ENST00000545869.5	6016	7282	1266
ENST00000545871.1	370	3548	3178
ENST00000545872.1	639	3733	3094
ENST00000545875.4	161	41647	41486
ENST00000545879.5	6280	17812	11532
ENST00000545882.5	796	7367	6571
ENST00000545887.1	202	9268	9066
ENST00000545888.6	25	2561	2536
ENST00000545889.6	1444	95751	94307
ENST00000545891.5	625	7979	7354
ENST00000545895.5	0	8531	8531
ENST00000545896.2	0	3277	3277
ENST00000545897.5	551	3967	3416
ENST00000545908.6	397	74766	74369
ENST00000545915.5	264	1898	1634
ENST00000545917.5	0	1279	1279
ENST00000545918.5	0	25345	25345
ENST00000545921.5	174	419072	418898
ENST00000545926.1	0	8252	8252
ENST00000545927.5	401	13021	12620
ENST00000545928.5	1686	11294	9608
ENST00000545939.5	0	66161	66161
ENST00000545940.6	576	17484	16908
ENST00000545942.6	0	6893	6893
ENST00000545944.5	294	2045	1751
ENST00000545946.1	25	1938	1913
ENST00000545948.5	36631	421286	384655
ENST00000545950.3	1280	5106	3826
ENST00000545951.5	5573	98215	92642
ENST00000545954.5	244	18356	18112
ENST00000545955.6	1474	235582	234108
ENST00000545968.6	468	25029	24561
ENST00000545979.2	74	640	566
ENST00000545981.6	3116	33259	30143
ENST00000545985.5	562	6296	5734
ENST00000545990.6	234	25244	25010
ENST00000545993.7	155	22621	22466
ENST00000546001.1	0	53171	53171
ENST00000546003.5	38	5515	5477
ENST00000546007.6	47	72811	72764
ENST00000546010.6	1336	24865	23529
ENST00000546017.5	7112	8499	1387
ENST00000546020.2	0	4134	4134
ENST00000546024.5	242	7262	7020
ENST00000546026.2	3900	21906	18006
ENST00000546027.5	4596	27988	23392
ENST00000546034.1	916	10424	9508
ENST00000546038.1	37299	43240	5941
ENST00000546039.5	20454	38317	17863
ENST00000546047.6	1123	34077	32954
ENST00000546048.5	0	15408	15408
ENST00000546049.5	80	35712	35632
ENST00000546050.1	0	5729	5729
ENST00000546060.5	4484	8931	4447
ENST00000546069.1	4256	10313	6057
ENST00000546072.5	15662	22649	6987
ENST00000546076.6	27244	65916	38672
ENST00000546077.1	0	3448	3448
ENST00000546079.5	18617	39992	21375
ENST00000546080.6	14028	47789	33761
ENST00000546084.5	2630	12151	9521
ENST00000546087.5	3377	14153	10776
ENST00000546089.5	26	2151	2125
ENST00000546093.5	1181	11990	10809
ENST00000546097.5	0	88854	88854
ENST00000546109.5	21213	67900	46687
ENST00000546111.5	1100	5449	4349
ENST00000546114.1	0	3328	3328
ENST00000546125.1	0	13793	13793
ENST00000546126.7	503	3361	2858
ENST00000546131.1	0	11796	11796
ENST00000546132.2	20226	20938	712
ENST00000546133.5	49	1165	1116
ENST00000546139.5	597	18700	18103
ENST00000546141.5	3541	15092	11551
ENST00000546146.5	0	38801	38801
ENST00000546148.6	2919	22868	19949
ENST00000546151.5	3432	7348	3916
ENST00000546152.1	0	1681	1681
ENST00000546158.1	5134	28961	23827
ENST00000546165.6	12	10784	10772
ENST00000546166.1	111	3396	3285
ENST00000546167.5	6067	9341	3274
ENST00000546172.7	9	2827	2818
ENST00000546173.5	3553	4496	943
ENST00000546179.5	153	89147	88994
ENST00000546182.1	13022	14098	1076
ENST00000546190.5	0	754748	754748
ENST00000546191.5	9994	59903	49909
ENST00000546192.1	2646	4762	2116
ENST00000546196.2	454	794	340
ENST00000546199.1	40	2001	1961
ENST00000546201.5	1271	3509	2238
ENST00000546203.5	121	40202	40081
ENST00000546205.5	25	149577	149552
ENST00000546206.6	308	6353	6045
ENST00000546211.6	180	31308	31128
ENST00000546212.2	2105	9974	7869
ENST00000546213.5	543	68270	67727
ENST00000546215.5	4187	86652	82465
ENST00000546225.5	0	130669	130669
ENST00000546227.5	0	1733	1733
ENST00000546229.5	364	3639	3275
ENST00000546231.6	36671	502335	465664
ENST00000546234.5	0	40611	40611
ENST00000546241.1	0	878	878
ENST00000546243.5	5586	21772	16186
ENST00000546244.5	351	6039	5688
ENST00000546246.2	161	3721	3560
ENST00000546248.6	1824	135795	133971
ENST00000546251.5	1396	13544	12148
ENST00000546257.1	3144	5578	2434
ENST00000546260.5	9112	14523	5411
ENST00000546261.1	7681	8629	948
ENST00000546262.6	0	2894	2894
ENST00000546266.5	17608	78742	61134
ENST00000546268.5	8761	13611	4850
ENST00000546271.1	0	818	818
ENST00000546272.5	8758	12794	4036
ENST00000546274.6	31	93547	93516
ENST00000546275.1	2919	3239	320
ENST00000546276.5	912	32561	31649
ENST00000546277.6	1543	24472	22929
ENST00000546279.5	0	40777	40777
ENST00000546281.5	0	49909	49909
ENST00000546282.3	230	1438	1208
ENST00000546283.5	400	10488	10088
ENST00000546285.1	0	70824	70824
ENST00000546286.5	53413	56445	3032
ENST00000546289.5	0	15408	15408
ENST00000546292.2	148	71826	71678
ENST00000546297.2	309	2934	2625
ENST00000546299.1	112	45807	45695
ENST00000546300.5	5991	59118	53127
ENST00000546302.6	134	7827	7693
ENST00000546305.6	304	73290	72986
ENST00000546307.5	2992	19902	16910
ENST00000546309.6	59696	66996	7300
ENST00000546310.1	675	2366	1691
ENST00000546311.5	0	13811	13811
ENST00000546314.5	0	23015	23015
ENST00000546316.5	0	5559	5559
ENST00000546318.2	9823	12503	2680
ENST00000546319.5	0	25305	25305
ENST00000546323.5	34	8157	8123
ENST00000546329.2	75	5787	5712
ENST00000546330.1	0	33230	33230
ENST00000546331.5	506	109419	108913
ENST00000546332.1	4729	26665	21936
ENST00000546333.1	48	14462	14414
ENST00000546342.5	3	49782	49779
ENST00000546344.5	18009	25231	7222
ENST00000546354.6	38	9135	9097
ENST00000546355.4	337	20074	19737
ENST00000546360.5	262	30381	30119
ENST00000546361.7	1268	27215	25947
ENST00000546362.5	0	5405	5405
ENST00000546363.5	389	17981	17592
ENST00000546364.7	0	48587	48587
ENST00000546369.5	9	99796	99787
ENST00000546370.5	211	9180	8969
ENST00000546371.1	114	4370	4256
ENST00000546373.5	683	78401	77718
ENST00000546374.5	2989	39762	36773
ENST00000546378.1	116	3194	3078
ENST00000546380.1	19369	31808	12439
ENST00000546386.1	2341	3361	1020
ENST00000546390.2	76	632	556
ENST00000546391.5	0	32913	32913
ENST00000546392.6	37	12655	12618
ENST00000546395.5	106	494	388
ENST00000546404.1	122	1944	1822
ENST00000546411.7	6	435896	435890
ENST00000546417.5	0	74892	74892
ENST00000546420.5	0	10607	10607
ENST00000546424.5	2955	34623	31668
ENST00000546426.5	253086	253158	72
ENST00000546433.5	16127	23173	7046
ENST00000546436.5	422	31697	31275
ENST00000546442.5	79963	140351	60388
ENST00000546443.5	828	4199	3371
ENST00000546445.5	38338	48484	10146
ENST00000546449.2	0	2358	2358
ENST00000546455.6	155443	158033	2590
ENST00000546457.1	0	2009	2009
ENST00000546459.5	15454	46866	31412
ENST00000546463.6	2699	28409	25710
ENST00000546465.1	55	20617	20562
ENST00000546466.5	713	1707	994
ENST00000546469.5	127134	127282	148
ENST00000546477.1	3366	4324	958
ENST00000546482.5	2	6252	6250
ENST00000546488.5	0	14242	14242
ENST00000546489.5	0	3365	3365
ENST00000546495.5	363	3393	3030
ENST00000546500.5	615	5068	4453
ENST00000546504.1	0	13563	13563
ENST00000546506.5	0	88	88
ENST00000546509.5	2299	6989	4690
ENST00000546511.5	520	163251	162731
ENST00000546514.1	5390	24361	18971
ENST00000546527.1	0	12	12
ENST00000546530.5	1113	39040	37927
ENST00000546531.5	3203	16670	13467
ENST00000546532.5	0	331	331
ENST00000546537.6	27531	67337	39806
ENST00000546540.1	297	571	274
ENST00000546542.1	0	2697	2697
ENST00000546543.5	0	9644	9644
ENST00000546544.5	29	3318	3289
ENST00000546546.1	100965	146884	45919
ENST00000546553.1	422	4753	4331
ENST00000546556.1	14243	14451	208
ENST00000546557.5	87	39088	39001
ENST00000546561.2	236	33280	33044
ENST00000546567.5	385	2018	1633
ENST00000546568.5	3	410020	410017
ENST00000546571.5	0	42920	42920
ENST00000546577.1	0	790	790
ENST00000546579.1	0	4936	4936
ENST00000546581.5	967	4461	3494
ENST00000546584.1	1031	5170	4139
ENST00000546588.1	317	10449	10132
ENST00000546590.2	106	208461	208355
ENST00000546591.6	155	960	805
ENST00000546595.5	0	5826	5826
ENST00000546600.5	386	127058	126672
ENST00000546602.5	0	17600	17600
ENST00000546604.5	5052	65857	60805
ENST00000546609.1	0	4673	4673
ENST00000546611.1	551	1323	772
ENST00000546618.2	0	60395	60395
ENST00000546619.5	0	3562	3562
ENST00000546623.5	42	2957	2915
ENST00000546625.5	8258	21683	13425
ENST00000546632.1	1464	2084	620
ENST00000546636.5	1909	32596	30687
ENST00000546643.1	59	12543	12484
ENST00000546649.5	44	41704	41660
ENST00000546652.6	0	8296	8296
ENST00000546653.5	0	24225	24225
ENST00000546662.5	0	9809	9809
ENST00000546664.2	0	25058	25058
ENST00000546670.5	0	14520	14520
ENST00000546672.1	0	10326	10326
ENST00000546673.5	0	8318	8318
ENST00000546677.1	6871	9796	2925
ENST00000546689.1	411	145231	144820
ENST00000546692.1	262	9355	9093
ENST00000546694.1	9210	20655	11445
ENST00000546695.5	0	2574	2574
ENST00000546697.1	0	16902	16902
ENST00000546701.5	18526	28692	10166
ENST00000546702.5	43051	79013	35962
ENST00000546703.5	253054	290412	37358
ENST00000546705.5	837	6267	5430
ENST00000546711.5	222	135800	135578
ENST00000546713.5	0	22243	22243
ENST00000546715.5	283	1357	1074
ENST00000546717.1	0	342	342
ENST00000546721.5	136	2641	2505
ENST00000546723.5	0	12911	12911
ENST00000546726.5	48961	76707	27746
ENST00000546728.5	15455	39530	24075
ENST00000546731.1	212	2437	2225
ENST00000546732.1	0	7258	7258
ENST00000546735.5	352	2415	2063
ENST00000546737.5	3	34671	34668
ENST00000546741.3	1456	3657	2201
ENST00000546743.5	8	18495	18487
ENST00000546745.5	644	6702	6058
ENST00000546749.5	2388	3304	916
ENST00000546750.5	915	43718	42803
ENST00000546753.5	99	41174	41075
ENST00000546755.5	1267	17106	15839
ENST00000546756.1	551	5197	4646
ENST00000546757.6	131	29194	29063
ENST00000546758.5	13	5185	5172
ENST00000546760.5	105	3031	2926
ENST00000546762.5	6305	22387	16082
ENST00000546764.5	0	11865	11865
ENST00000546772.1	0	404	404
ENST00000546776.5	330	2494	2164
ENST00000546778.5	134	41328	41194
ENST00000546781.5	0	10749	10749
ENST00000546786.5	0	15929	15929
ENST00000546788.1	972	32495	31523
ENST00000546795.5	0	7176	7176
ENST00000546796.5	13501	19921	6420
ENST00000546799.1	0	7616	7616
ENST00000546803.5	640	17768	17128
ENST00000546805.5	2624	3493	869
ENST00000546807.5	1387	3901	2514
ENST00000546809.5	36	19121	19085
ENST00000546813.5	16641	19498	2857
ENST00000546815.6	1246	41810	40564
ENST00000546819.1	266	2243	1977
ENST00000546820.5	0	6271	6271
ENST00000546826.5	0	5862	5862
ENST00000546830.1	5095	34090	28995
ENST00000546833.5	4892	7026	2134
ENST00000546834.5	0	6410	6410
ENST00000546837.5	240	71822	71582
ENST00000546839.5	0	23140	23140
ENST00000546840.3	0	38304	38304
ENST00000546842.5	4716	18926	14210
ENST00000546844.1	0	22744	22744
ENST00000546845.1	0	2527	2527
ENST00000546847.5	1915	2841	926
ENST00000546849.1	0	397550	397550
ENST00000546851.1	0	4013	4013
ENST00000546862.6	224	1767	1543
ENST00000546868.5	8499	375563	367064
ENST00000546873.1	0	4337	4337
ENST00000546874.1	164	1095	931
ENST00000546878.5	9185	10295	1110
ENST00000546882.5	288	79377	79089
ENST00000546891.5	2308	12827	10519
ENST00000546892.6	80	28546	28466
ENST00000546893.5	408	52681	52273
ENST00000546896.1	0	1211	1211
ENST00000546897.5	150	9141	8991
ENST00000546898.1	0	4425	4425
ENST00000546900.1	0	1793	1793
ENST00000546902.5	4920	24029	19109
ENST00000546903.1	2156	2686	530
ENST00000546910.6	2750	19493	16743
ENST00000546914.5	10937	14483	3546
ENST00000546918.1	204	4048	3844
ENST00000546919.5	0	14198	14198
ENST00000546925.1	16012	21008	4996
ENST00000546930.5	0	24488	24488
ENST00000546931.5	3463	15819	12356
ENST00000546933.5	158	12052	11894
ENST00000546935.5	0	2677	2677
ENST00000546939.5	94	2151	2057
ENST00000546940.1	0	13691	13691
ENST00000546946.5	0	55001	55001
ENST00000546947.5	0	1950	1950
ENST00000546954.2	911	2634	1723
ENST00000546957.2	993	9771	8778
ENST00000546960.5	3	410027	410024
ENST00000546961.1	72552	72556	4
ENST00000546962.5	0	13747	13747
ENST00000546966.5	113	7992	7879
ENST00000546970.5	1106	16452	15346
ENST00000546979.5	454	7790	7336
ENST00000546983.2	17969	46475	28506
ENST00000546985.1	0	22536	22536
ENST00000546989.5	74	4917	4843
ENST00000546990.5	0	4673	4673
ENST00000546991.1	107008	107072	64
ENST00000546999.5	19392	22325	2933
ENST00000547002.5	20485	21965	1480
ENST00000547005.5	22	5557	5535
ENST00000547008.5	16	11789	11773
ENST00000547010.5	3	921793	921790
ENST00000547014.5	16088	21181	5093
ENST00000547015.5	6076	6202	126
ENST00000547018.5	0	37789	37789
ENST00000547026.6	5796	12177	6381
ENST00000547034.5	6020	31898	25878
ENST00000547035.5	63	8932	8869
ENST00000547044.5	16668	56797	40129
ENST00000547045.5	5	87798	87793
ENST00000547046.5	253485	321931	68446
ENST00000547055.1	0	28599	28599
ENST00000547057.5	237	52583	52346
ENST00000547058.6	81	6282	6201
ENST00000547063.5	4969	14887	9918
ENST00000547064.5	1735	5010	3275
ENST00000547065.1	34497	34789	292
ENST00000547066.5	3511	6411	2900
ENST00000547068.5	1670	467416	465746
ENST00000547072.5	1109	4834	3725
ENST00000547076.5	2815	3537	722
ENST00000547078.6	85	54783	54698
ENST00000547079.5	25	25477	25452
ENST00000547081.1	10332	14949	4617
ENST00000547082.1	0	708	708
ENST00000547087.5	213	16004	15791
ENST00000547095.5	360	3997	3637
ENST00000547098.5	1768	21312	19544
ENST00000547099.5	36072	39784	3712
ENST00000547101.5	9151	12237	3086
ENST00000547103.7	109895	285509	175614
ENST00000547104.1	56	5894	5838
ENST00000547108.5	12915	31908	18993
ENST00000547113.1	0	3337	3337
ENST00000547116.5	69657	111290	41633
ENST00000547121.5	514	2259	1745
ENST00000547122.5	4916	9649	4733
ENST00000547125.1	0	11513	11513
ENST00000547130.6	2308	4052	1744
ENST00000547131.1	0	24677	24677
ENST00000547133.1	0	30477	30477
ENST00000547134.5	1695	62797	61102
ENST00000547135.5	5690	11645	5955
ENST00000547137.5	0	9929	9929
ENST00000547141.5	127134	127282	148
ENST00000547146.6	12494	34515	22021
ENST00000547152.1	0	3714	3714
ENST00000547153.5	8273	27344	19071
ENST00000547156.1	0	10685	10685
ENST00000547157.1	91	32510	32419
ENST00000547164.1	0	32311	32311
ENST00000547166.1	4656	14578	9922
ENST00000547167.6	451	16032	15581
ENST00000547173.5	1415	3953	2538
ENST00000547176.3	669	2052	1383
ENST00000547178.5	644	24029	23385
ENST00000547184.5	0	420	420
ENST00000547187.5	10945	14491	3546
ENST00000547188.1	0	6711	6711
ENST00000547191.5	0	1807	1807
ENST00000547195.5	3244	55075	51831
ENST00000547197.1	401	4370	3969
ENST00000547198.5	720	31407	30687
ENST00000547204.5	3735	16082	12347
ENST00000547208.5	28189	50834	22645
ENST00000547210.5	0	13421	13421
ENST00000547211.5	0	4187	4187
ENST00000547217.5	32	82336	82304
ENST00000547219.5	98682	100129	1447
ENST00000547221.1	1108	2590	1482
ENST00000547225.5	0	11203	11203
ENST00000547229.1	763	777	14
ENST00000547230.5	21	10304	10283
ENST00000547232.5	18220	104089	85869
ENST00000547235.5	8745	14082	5337
ENST00000547242.5	11289	15906	4617
ENST00000547249.1	29165	29395	230
ENST00000547254.5	48883	76629	27746
ENST00000547256.1	0	10676	10676
ENST00000547257.1	884	1584	700
ENST00000547259.1	1602	3192	1590
ENST00000547262.1	0	19838	19838
ENST00000547269.1	4969	11701	6732
ENST00000547270.1	60	2056	1996
ENST00000547274.5	6797	40773	33976
ENST00000547275.5	123	45581	45458
ENST00000547276.5	28	4323	4295
ENST00000547279.1	198	878	680
ENST00000547281.5	0	2672	2672
ENST00000547291.1	185	2744	2559
ENST00000547294.5	0	43036	43036
ENST00000547298.5	0	3810	3810
ENST00000547300.2	274	291999	291725
ENST00000547302.3	0	4276	4276
ENST00000547303.5	224	1323	1099
ENST00000547305.1	259	989	730
ENST00000547306.5	624	11628	11004
ENST00000547312.5	44	66243	66199
ENST00000547314.6	24927	46558	21631
ENST00000547315.6	644	9938	9294
ENST00000547316.1	0	9101	9101
ENST00000547318.5	56	8000	7944
ENST00000547327.2	2076	2962	886
ENST00000547330.5	0	139758	139758
ENST00000547332.5	512	7706	7194
ENST00000547338.5	278263	938111	659848
ENST00000547341.5	142228	142516	288
ENST00000547342.1	0	28458	28458
ENST00000547347.5	36292	241151	204859
ENST00000547351.5	38564	77856	39292
ENST00000547362.5	35728	84114	48386
ENST00000547365.1	0	9125	9125
ENST00000547368.5	40	4782	4742
ENST00000547372.5	306	1691426	1691120
ENST00000547376.5	3705	25824	22119
ENST00000547378.1	27890	57312	29422
ENST00000547379.6	108773	185077	76304
ENST00000547382.5	533	14803	14270
ENST00000547392.5	426	10751	10325
ENST00000547394.6	22	469042	469020
ENST00000547397.1	446	2745	2299
ENST00000547400.6	104	9793	9689
ENST00000547404.1	7889	13490	5601
ENST00000547405.5	222	92886	92664
ENST00000547408.5	34	4428	4394
ENST00000547414.5	99993	100179	186
ENST00000547419.6	0	9506	9506
ENST00000547420.5	71	3492	3421
ENST00000547423.5	0	29568	29568
ENST00000547428.1	24700	38833	14133
ENST00000547431.5	2004	13554	11550
ENST00000547435.1	22	7348	7326
ENST00000547437.5	77	27908	27831
ENST00000547439.5	26227	63410	37183
ENST00000547445.2	993	9771	8778
ENST00000547446.5	391	410792	410401
ENST00000547453.1	0	1363	1363
ENST00000547455.5	10732	24436	13704
ENST00000547458.5	35	8434	8399
ENST00000547459.5	12164	12876	712
ENST00000547461.3	70	23083	23013
ENST00000547469.1	0	94	94
ENST00000547472.5	89	2598	2509
ENST00000547473.1	377	35137	34760
ENST00000547474.1	1714	4084	2370
ENST00000547475.5	1416	3882	2466
ENST00000547476.5	0	558	558
ENST00000547477.5	0	13942	13942
ENST00000547479.5	0	14876	14876
ENST00000547481.5	36	1489	1453
ENST00000547484.5	43	39044	39001
ENST00000547488.6	1516	10385	8869
ENST00000547494.6	3	15804	15801
ENST00000547496.5	70912	104888	33976
ENST00000547501.5	23	1763	1740
ENST00000547509.5	100	92799	92699
ENST00000547510.5	8555	14072	5517
ENST00000547511.5	84	4406	4322
ENST00000547517.5	119	6691	6572
ENST00000547521.5	9161	13425	4264
ENST00000547525.6	66545	120739	54194
ENST00000547526.1	0	955	955
ENST00000547528.5	12633	31852	19219
ENST00000547529.6	3545	18354	14809
ENST00000547530.7	1268	93356	92088
ENST00000547532.5	3324	16406	13082
ENST00000547534.5	293	4823	4530
ENST00000547540.5	0	119983	119983
ENST00000547544.5	0	36805	36805
ENST00000547545.1	0	4093	4093
ENST00000547555.5	30	274	244
ENST00000547560.6	132	5394	5262
ENST00000547566.5	60	4513	4453
ENST00000547567.1	0	166	166
ENST00000547568.6	3	33126	33123
ENST00000547572.1	0	1306	1306
ENST00000547575.5	1516	45141	43625
ENST00000547579.5	0	8865	8865
ENST00000547581.5	1268	19875	18607
ENST00000547582.5	7432	9836	2404
ENST00000547583.1	208	7294	7086
ENST00000547586.5	4933	5457	524
ENST00000547587.5	128	25376	25248
ENST00000547588.6	1358	16606	15248
ENST00000547591.5	0	120	120
ENST00000547595.5	142228	142516	288
ENST00000547604.1	0	41152	41152
ENST00000547605.5	1032978	1635529	602551
ENST00000547606.1	364	20513	20149
ENST00000547611.5	98	48822	48724
ENST00000547619.5	255	126114	125859
ENST00000547620.5	0	17558	17558
ENST00000547623.5	0	296776	296776
ENST00000547625.1	0	7166	7166
ENST00000547628.2	3	10585	10582
ENST00000547630.1	3348	20969	17621
ENST00000547639.5	0	13268	13268
ENST00000547649.5	40	3497	3457
ENST00000547650.1	0	5095	5095
ENST00000547653.1	690	1202	512
ENST00000547660.5	7892	11410	3518
ENST00000547665.5	0	1542	1542
ENST00000547670.5	12077	13030	953
ENST00000547672.5	0	6271	6271
ENST00000547675.5	0	8534	8534
ENST00000547680.2	0	4305	4305
ENST00000547682.2	0	2762	2762
ENST00000547686.5	253292	290716	37424
ENST00000547688.7	1945	50215	48270
ENST00000547691.8	171	62137	61966
ENST00000547698.5	530	4774	4244
ENST00000547701.5	144	1167	1023
ENST00000547702.5	215991	280934	64943
ENST00000547704.5	0	19786	19786
ENST00000547708.5	60	3594	3534
ENST00000547710.1	0	700	700
ENST00000547715.1	332	1364	1032
ENST00000547718.5	2160	10483	8323
ENST00000547722.1	23960	32378	8418
ENST00000547728.5	37170	77812	40642
ENST00000547732.5	0	5355	5355
ENST00000547736.1	0	4519	4519
ENST00000547741.1	0	2237	2237
ENST00000547743.1	2689	3594	905
ENST00000547747.1	0	1133	1133
ENST00000547750.2	15	10283	10268
ENST00000547754.6	21221	53277	32056
ENST00000547755.1	0	1612	1612
ENST00000547757.2	575	1904	1329
ENST00000547759.2	121315	185133	63818
ENST00000547760.1	29683	30055	372
ENST00000547765.5	2441	3627	1186
ENST00000547768.5	9420	19816	10396
ENST00000547771.6	202	135881	135679
ENST00000547773.5	800	27559	26759
ENST00000547776.6	141	1252533	1252392
ENST00000547780.5	35225	67996	32771
ENST00000547787.5	15149	37715	22566
ENST00000547789.1	876	1878	1002
ENST00000547791.2	89	15625	15536
ENST00000547797.1	0	5937	5937
ENST00000547798.1	64	10521	10457
ENST00000547800.2	0	32337	32337
ENST00000547802.1	5530	5704	174
ENST00000547807.5	299	4880	4581
ENST00000547815.5	1504	50300	48796
ENST00000547818.5	6715	8396	1681
ENST00000547825.5	1279	26420	25141
ENST00000547826.2	1868	8421	6553
ENST00000547828.5	2382	4127	1745
ENST00000547832.5	10947	17325	6378
ENST00000547836.1	0	2308	2308
ENST00000547837.5	174	15097	14923
ENST00000547838.2	2001	3493	1492
ENST00000547839.5	42	265748	265706
ENST00000547840.5	236759	275593	38834
ENST00000547841.1	0	10226	10226
ENST00000547843.1	29	626	597
ENST00000547844.1	0	307	307
ENST00000547847.1	4105	43771	39666
ENST00000547848.5	2135	33317	31182
ENST00000547849.6	80249	145192	64943
ENST00000547853.1	0	10	10
ENST00000547856.5	13164	21546	8382
ENST00000547859.2	0	18846	18846
ENST00000547860.1	28953	53074	24121
ENST00000547861.5	204	970	766
ENST00000547864.1	0	4364	4364
ENST00000547865.5	93466	95150	1684
ENST00000547867.5	16142	41426	25284
ENST00000547871.1	0	10454	10454
ENST00000547878.6	47459	74207	26748
ENST00000547879.5	0	12952	12952
ENST00000547881.1	0	26263	26263
ENST00000547887.1	3967	32154	28187
ENST00000547889.6	52	31235	31183
ENST00000547897.5	0	4223	4223
ENST00000547905.5	3	28327	28324
ENST00000547914.5	1021	12198	11177
ENST00000547918.2	33	864	831
ENST00000547920.1	337	967	630
ENST00000547923.1	675	6335	5660
ENST00000547926.7	613	32015	31402
ENST00000547932.6	98	39693	39595
ENST00000547937.5	0	20791	20791
ENST00000547939.6	242	3205	2963
ENST00000547943.5	0	19646	19646
ENST00000547944.5	387	3436	3049
ENST00000547945.5	106	5529	5423
ENST00000547955.5	0	4084	4084
ENST00000547956.1	444	145279	144835
ENST00000547964.5	69	803	734
ENST00000547967.5	1860	5381	3521
ENST00000547975.5	2726	6173	3447
ENST00000547980.1	0	49851	49851
ENST00000547983.5	2560	44256	41696
ENST00000547986.5	265	32530	32265
ENST00000547992.5	132	2638	2506
ENST00000547995.5	2862	7559	4697
ENST00000547997.5	90	39091	39001
ENST00000548005.5	166082	180183	14101
ENST00000548020.5	263	31117	30854
ENST00000548025.5	525	48253	47728
ENST00000548031.1	89	6620	6531
ENST00000548032.6	381	3679	3298
ENST00000548033.5	354	26914	26560
ENST00000548041.5	0	24494	24494
ENST00000548043.5	665	19728	19063
ENST00000548044.5	152	18835	18683
ENST00000548045.5	0	13956	13956
ENST00000548048.5	156	67865	67709
ENST00000548054.2	24	8825	8801
ENST00000548055.2	654	38578	37924
ENST00000548058.6	42	178882	178840
ENST00000548065.7	628	17447	16819
ENST00000548068.5	12877	16969	4092
ENST00000548069.5	327	11011	10684
ENST00000548070.1	0	100	100
ENST00000548080.5	328	9628	9300
ENST00000548082.1	772	5079	4307
ENST00000548084.1	291	10240	9949
ENST00000548086.3	0	30536	30536
ENST00000548091.5	1574	4112	2538
ENST00000548092.5	9245	15568	6323
ENST00000548097.5	5355	7690	2335
ENST00000548100.1	519	8303	7784
ENST00000548101.1	0	1070	1070
ENST00000548108.1	0	22835	22835
ENST00000548115.5	22	78536	78514
ENST00000548116.5	155	14298	14143
ENST00000548118.6	356	58461	58105
ENST00000548122.2	0	82125	82125
ENST00000548123.1	0	3004	3004
ENST00000548125.5	11398	16015	4617
ENST00000548136.1	59	1941	1882
ENST00000548139.5	0	3059	3059
ENST00000548143.1	0	81677	81677
ENST00000548147.5	18527	26364	7837
ENST00000548150.1	0	16	16
ENST00000548154.5	98648	100121	1473
ENST00000548159.5	50560	111778	61218
ENST00000548160.5	94	1900	1806
ENST00000548162.2	242	13961	13719
ENST00000548163.1	1466	2958	1492
ENST00000548167.1	797	1940	1143
ENST00000548169.2	0	57199	57199
ENST00000548171.1	37	11001	10964
ENST00000548174.5	1883	28546	26663
ENST00000548176.1	51	3465	3414
ENST00000548177.5	0	2002	2002
ENST00000548180.5	35	5197	5162
ENST00000548182.1	63111	159349	96238
ENST00000548184.1	34439	47064	12625
ENST00000548186.5	0	12392	12392
ENST00000548193.5	0	10768	10768
ENST00000548195.5	8351	11315	2964
ENST00000548197.5	257893	295377	37484
ENST00000548198.5	1694	5362	3668
ENST00000548200.5	26	41153	41127
ENST00000548201.5	10886	17216	6330
ENST00000548206.1	0	6250	6250
ENST00000548209.5	30	8634	8604
ENST00000548214.1	340	740	400
ENST00000548218.1	202	834	632
ENST00000548219.5	127210	127358	148
ENST00000548221.5	32	22179	22147
ENST00000548228.1	0	2365	2365
ENST00000548232.1	2881	4829	1948
ENST00000548237.5	454	7441	6987
ENST00000548240.1	55	1736	1681
ENST00000548245.5	39	40764	40725
ENST00000548246.1	0	3980	3980
ENST00000548247.1	0	11641	11641
ENST00000548249.6	641	18201	17560
ENST00000548251.5	30	8710	8680
ENST00000548256.5	83	9098	9015
ENST00000548262.5	0	61437	61437
ENST00000548263.5	1940	15969	14029
ENST00000548264.1	0	2287	2287
ENST00000548273.5	0	14288	14288
ENST00000548274.5	4924	9358	4434
ENST00000548278.2	1026	6898	5872
ENST00000548279.5	143	6338	6195
ENST00000548288.5	986	25400	24414
ENST00000548293.5	6	2702	2696
ENST00000548304.1	0	416	416
ENST00000548305.5	586	280690	280104
ENST00000548310.1	0	13702	13702
ENST00000548311.5	354	1391	1037
ENST00000548312.5	327	56163	55836
ENST00000548313.5	75	10208	10133
ENST00000548315.5	95	11813	11718
ENST00000548318.1	0	17255	17255
ENST00000548320.5	0	2141	2141
ENST00000548332.6	2226	6722	4496
ENST00000548334.5	0	3855	3855
ENST00000548338.5	0	15377	15377
ENST00000548341.5	0	88645	88645
ENST00000548342.5	26539	28589	2050
ENST00000548343.1	0	710	710
ENST00000548345.5	3384	15901	12517
ENST00000548348.1	18837	19973	1136
ENST00000548355.5	24	2719	2695
ENST00000548356.1	477	2619	2142
ENST00000548358.1	447	2104	1657
ENST00000548360.1	0	15285	15285
ENST00000548362.5	543	1594	1051
ENST00000548364.7	799	12812	12013
ENST00000548365.6	1091	18443	17352
ENST00000548369.1	220	7169	6949
ENST00000548371.5	9	48733	48724
ENST00000548377.5	94051	94099	48
ENST00000548380.6	46	38606	38560
ENST00000548381.5	2977	3581	604
ENST00000548392.5	43906	45597	1691
ENST00000548400.5	20	2608	2588
ENST00000548401.1	28	4274	4246
ENST00000548403.1	0	7120	7120
ENST00000548409.5	335	3083	2748
ENST00000548411.6	485	263364	262879
ENST00000548418.1	253	2137	1884
ENST00000548420.1	0	696	696
ENST00000548421.2	179	45063	44884
ENST00000548426.1	0	452	452
ENST00000548428.1	7583	11291	3708
ENST00000548434.1	672	3403	2731
ENST00000548435.5	443	7498	7055
ENST00000548438.1	162	10061	9899
ENST00000548441.1	0	1732	1732
ENST00000548444.1	2288	6369	4081
ENST00000548446.6	9284	94615	85331
ENST00000548447.1	0	164	164
ENST00000548449.1	95	17818	17723
ENST00000548455.5	40	39041	39001
ENST00000548465.1	158	8981	8823
ENST00000548467.1	21598	21746	148
ENST00000548476.5	150	4387	4237
ENST00000548478.1	1878	3040	1162
ENST00000548481.1	0	32881	32881
ENST00000548483.5	1376	217076	215700
ENST00000548487.5	343	1376	1033
ENST00000548489.6	43542	45835	2293
ENST00000548490.1	3632	9462	5830
ENST00000548493.5	111	13877	13766
ENST00000548498.5	25147	25363	216
ENST00000548504.1	0	1183	1183
ENST00000548513.5	2239	169741	167502
ENST00000548514.2	106	6925	6819
ENST00000548522.5	10638	49929	39291
ENST00000548523.6	213	5071	4858
ENST00000548531.1	0	59901	59901
ENST00000548536.1	35	15210	15175
ENST00000548537.1	1194	1804	610
ENST00000548545.1	72	18827	18755
ENST00000548547.5	282	5438	5156
ENST00000548549.5	5051	7538	2487
ENST00000548553.1	1567	7405	5838
ENST00000548556.1	2576	3298	722
ENST00000548560.1	371	2044	1673
ENST00000548563.5	101	1644	1543
ENST00000548565.1	0	152	152
ENST00000548567.5	1386	15408	14022
ENST00000548573.5	4	11692	11688
ENST00000548577.5	150	2274	2124
ENST00000548580.5	56	3370	3314
ENST00000548583.1	0	1779	1779
ENST00000548586.5	24	495983	495959
ENST00000548588.2	246	6742	6496
ENST00000548593.5	14356	19359	5003
ENST00000548596.5	0	2802	2802
ENST00000548598.5	4085	19699	15614
ENST00000548599.5	95	57503	57408
ENST00000548602.5	6528	7524	996
ENST00000548605.5	0	307	307
ENST00000548610.5	40125	116173	76048
ENST00000548615.1	0	1870	1870
ENST00000548620.1	0	8275	8275
ENST00000548621.2	19322	26111	6789
ENST00000548629.5	238	7475	7237
ENST00000548632.5	60	8293	8233
ENST00000548638.5	762	40318	39556
ENST00000548640.5	379	4764	4385
ENST00000548641.5	96	3291	3195
ENST00000548644.5	0	14844	14844
ENST00000548645.5	45	864532	864487
ENST00000548646.5	772	1465	693
ENST00000548651.6	23626	35311	11685
ENST00000548652.5	172	4244	4072
ENST00000548654.5	94108	94156	48
ENST00000548658.1	0	20986	20986
ENST00000548660.5	131	31406	31275
ENST00000548661.5	48768	76656	27888
ENST00000548662.5	16088	21178	5090
ENST00000548664.1	0	21754	21754
ENST00000548669.2	3563	20942	17379
ENST00000548670.1	0	11346	11346
ENST00000548671.6	100	32539	32439
ENST00000548673.6	633	105775	105142
ENST00000548676.5	21933	41972	20039
ENST00000548688.5	17	2308	2291
ENST00000548696.6	861	16051	15190
ENST00000548697.5	28084	28298	214
ENST00000548698.5	0	12707	12707
ENST00000548700.5	142228	142516	288
ENST00000548710.5	94104	122851	28747
ENST00000548712.5	102	20348	20246
ENST00000548713.5	10886	10946	60
ENST00000548715.5	66899	100875	33976
ENST00000548729.5	3408	8209	4801
ENST00000548734.1	0	22036	22036
ENST00000548741.5	34789	50798	16009
ENST00000548743.2	0	288018	288018
ENST00000548746.5	182	3477	3295
ENST00000548747.6	112	13878	13766
ENST00000548750.6	28	66141	66113
ENST00000548752.7	81	18012	17931
ENST00000548753.1	19879	25198	5319
ENST00000548755.1	0	700	700
ENST00000548759.2	1463	42057	40594
ENST00000548766.5	16766	56895	40129
ENST00000548777.5	93495	117242	23747
ENST00000548780.1	0	123466	123466
ENST00000548790.1	0	77298	77298
ENST00000548802.1	0	15693	15693
ENST00000548803.5	0	10779	10779
ENST00000548804.5	1896	5564	3668
ENST00000548807.5	420	4605	4185
ENST00000548808.1	293	5021	4728
ENST00000548809.5	44769	44833	64
ENST00000548814.1	43	6478	6435
ENST00000548815.2	7421	10056	2635
ENST00000548820.1	0	864	864
ENST00000548822.5	39	39096	39057
ENST00000548823.1	805	23925	23120
ENST00000548824.5	0	14962	14962
ENST00000548825.7	30	23278	23248
ENST00000548826.5	76	60293	60217
ENST00000548830.2	60449	62251	1802
ENST00000548836.1	15624	43356	27732
ENST00000548838.5	52	48776	48724
ENST00000548839.1	23	2207	2184
ENST00000548840.1	539	12662	12123
ENST00000548841.5	4723	16251	11528
ENST00000548847.1	254	8766	8512
ENST00000548849.5	7545	25591	18046
ENST00000548851.5	15	25699	25684
ENST00000548852.5	21512	32921	11409
ENST00000548857.5	0	927	927
ENST00000548861.2	0	8441	8441
ENST00000548866.5	36131	106505	70374
ENST00000548868.5	2554	8730	6176
ENST00000548871.1	0	3767	3767
ENST00000548874.5	96	9415	9319
ENST00000548882.5	4239	7637	3398
ENST00000548883.6	156	177546	177390
ENST00000548884.5	19616	91185	71569
ENST00000548887.5	3594	5146	1552
ENST00000548888.5	0	2687	2687
ENST00000548892.5	0	33065	33065
ENST00000548894.5	10937	11033	96
ENST00000548898.5	241	2047	1806
ENST00000548902.1	0	19367	19367
ENST00000548909.5	158	9531	9373
ENST00000548912.5	0	325	325
ENST00000548914.5	0	86475	86475
ENST00000548915.1	3631	7357	3726
ENST00000548917.1	0	76034	76034
ENST00000548918.1	0	792	792
ENST00000548919.5	30	22834	22804
ENST00000548920.2	9	1282	1273
ENST00000548925.6	6	4015	4009
ENST00000548931.6	34	8424	8390
ENST00000548932.5	0	5085	5085
ENST00000548933.5	16	25646	25630
ENST00000548934.1	0	13946	13946
ENST00000548938.5	9936	10996	1060
ENST00000548944.1	0	16349	16349
ENST00000548950.5	0	2021	2021
ENST00000548954.5	0	64216	64216
ENST00000548961.5	30	15777	15747
ENST00000548965.1	0	4293	4293
ENST00000548971.5	103	2103	2000
ENST00000548974.1	670	2518	1848
ENST00000548977.5	19061	32169	13108
ENST00000548981.5	0	3013	3013
ENST00000548985.1	7807	8147	340
ENST00000548992.5	13352	15631	2279
ENST00000548993.5	28083	37261	9178
ENST00000548997.1	0	14067	14067
ENST00000548998.5	0	50579	50579
ENST00000549002.5	89	49200	49111
ENST00000549003.5	17293	27844	10551
ENST00000549007.1	0	87668	87668
ENST00000549011.5	6020	12470	6450
ENST00000549016.1	13060	168964	155904
ENST00000549017.5	1755	3193	1438
ENST00000549021.6	1190	22591	21401
ENST00000549022.5	201	11274	11073
ENST00000549025.6	1768	411407	409639
ENST00000549027.5	402	369448	369046
ENST00000549031.1	0	840	840
ENST00000549033.5	15449	79320	63871
ENST00000549035.1	260	77718	77458
ENST00000549038.5	0	6937	6937
ENST00000549039.5	422	3590	3168
ENST00000549040.5	70641	103461	32820
ENST00000549042.1	275	767	492
ENST00000549043.5	15376	25938	10562
ENST00000549045.5	134	25640	25506
ENST00000549047.5	3721	15681	11960
ENST00000549049.5	1172	53445	52273
ENST00000549052.5	105	1904	1799
ENST00000549056.1	0	18040	18040
ENST00000549061.5	3989	7124	3135
ENST00000549066.1	0	103700	103700
ENST00000549068.5	970	2148	1178
ENST00000549069.5	448	7757	7309
ENST00000549074.5	23	2619	2596
ENST00000549076.1	0	1181	1181
ENST00000549077.5	53	15852	15799
ENST00000549086.2	0	2820	2820
ENST00000549091.5	92	23470	23378
ENST00000549092.5	98611	100040	1429
ENST00000549094.1	74	24939	24865
ENST00000549098.5	2672	4244	1572
ENST00000549106.1	0	11605	11605
ENST00000549114.5	574	2487	1913
ENST00000549115.7	41	18104	18063
ENST00000549116.5	20	25726	25706
ENST00000549117.5	82	3566	3484
ENST00000549119.1	2410	6079	3669
ENST00000549122.5	1537	4407	2870
ENST00000549123.6	70	35136	35066
ENST00000549125.5	0	3683	3683
ENST00000549128.5	170	29916	29746
ENST00000549129.1	101	1948	1847
ENST00000549130.5	9077	12583	3506
ENST00000549132.2	571	20705	20134
ENST00000549135.1	160	3942	3782
ENST00000549143.5	12121	28645	16524
ENST00000549145.5	100	92853	92753
ENST00000549146.5	0	31515	31515
ENST00000549147.1	14	3683	3669
ENST00000549151.5	324	23328	23004
ENST00000549155.6	0	258328	258328
ENST00000549158.5	142228	142378	150
ENST00000549162.5	3	15988	15985
ENST00000549164.5	134	7850	7716
ENST00000549165.1	165	34366	34201
ENST00000549173.5	0	2100	2100
ENST00000549175.1	171758	197426	25668
ENST00000549179.5	94084	94114	30
ENST00000549181.5	0	13235	13235
ENST00000549182.1	933	2570	1637
ENST00000549183.1	101	5297	5196
ENST00000549184.1	0	2858	2858
ENST00000549185.5	93857	123279	29422
ENST00000549190.5	181	204204	204023
ENST00000549206.5	2499	5369	2870
ENST00000549210.1	179	8114	7935
ENST00000549213.5	158	4084	3926
ENST00000549215.5	4867	10493	5626
ENST00000549217.5	59	47717	47658
ENST00000549219.1	0	3730	3730
ENST00000549221.5	0	24480	24480
ENST00000549233.2	0	12890	12890
ENST00000549237.5	0	67993	67993
ENST00000549240.1	3135	5163	2028
ENST00000549243.5	20069	20165	96
ENST00000549249.5	0	15589	15589
ENST00000549253.5	6985	8316	1331
ENST00000549255.1	404	1751	1347
ENST00000549257.5	0	10086	10086
ENST00000549258.5	8794	13073	4279
ENST00000549259.5	0	12284	12284
ENST00000549260.5	441	301867	301426
ENST00000549265.1	2417	2447	30
ENST00000549273.5	510	4263	3753
ENST00000549274.1	0	4830	4830
ENST00000549275.5	373	1237	864
ENST00000549279.1	5389	39234	33845
ENST00000549282.5	444	5658	5214
ENST00000549286.1	146	23149	23003
ENST00000549288.5	641	4737	4096
ENST00000549293.5	0	52612	52612
ENST00000549296.1	312	6201	5889
ENST00000549298.5	93629	117396	23767
ENST00000549305.1	15431	44629	29198
ENST00000549308.5	127	116359	116232
ENST00000549318.5	0	30082	30082
ENST00000549321.1	0	446	446
ENST00000549325.5	758	499010	498252
ENST00000549328.2	2538	13623	11085
ENST00000549332.1	4	65795	65791
ENST00000549334.5	2270	2966	696
ENST00000549336.6	3212	38849	35637
ENST00000549338.5	283	8905	8622
ENST00000549340.5	36	10502	10466
ENST00000549341.1	9916	14765	4849
ENST00000549342.1	0	8491	8491
ENST00000549343.5	1190	9614	8424
ENST00000549349.5	0	1890	1890
ENST00000549356.1	303	5366	5063
ENST00000549358.5	4978	15842	10864
ENST00000549365.1	0	12438	12438
ENST00000549366.5	1258	25715	24457
ENST00000549368.5	5051	7940	2889
ENST00000549370.5	1427	4055	2628
ENST00000549372.1	0	11989	11989
ENST00000549379.5	12639	159537	146898
ENST00000549385.5	10920	22021	11101
ENST00000549389.5	11165	24500	13335
ENST00000549391.5	958	3296	2338
ENST00000549392.5	20	2324	2304
ENST00000549393.2	705	2031	1326
ENST00000549394.5	7710	16577	8867
ENST00000549396.6	4010	499987	495977
ENST00000549398.5	0	4334	4334
ENST00000549404.5	0	4624	4624
ENST00000549412.5	94108	148527	54419
ENST00000549414.6	0	435825	435825
ENST00000549415.1	0	25303	25303
ENST00000549417.5	365	96550	96185
ENST00000549418.5	0	7971	7971
ENST00000549420.1	0	2869	2869
ENST00000549424.1	2517	5243	2726
ENST00000549425.5	0	62324	62324
ENST00000549441.7	1985	5632	3647
ENST00000549442.5	0	32665	32665
ENST00000549445.5	10926	14472	3546
ENST00000549446.6	3030	169815	166785
ENST00000549447.1	0	262	262
ENST00000549464.5	557	221130	220573
ENST00000549465.5	108640	124165	15525
ENST00000549466.1	0	1486	1486
ENST00000549468.5	2624	4203	1579
ENST00000549474.1	0	1476	1476
ENST00000549478.1	781	6204	5423
ENST00000549481.5	16	29223	29207
ENST00000549488.5	5815	7688	1873
ENST00000549489.6	9693	115574	105881
ENST00000549490.1	1055	32379	31324
ENST00000549493.6	1526	411793	410267
ENST00000549499.1	0	128014	128014
ENST00000549500.1	18466	19468	1002
ENST00000549502.5	28	12282	12254
ENST00000549503.1	0	384278	384278
ENST00000549504.1	41488	66986	25498
ENST00000549505.5	12887	16880	3993
ENST00000549506.5	0	2480	2480
ENST00000549510.1	0	8120	8120
ENST00000549513.5	0	20431	20431
ENST00000549518.6	2428	60490	58062
ENST00000549523.5	59	61652	61593
ENST00000549528.1	0	2397	2397
ENST00000549534.1	336	646	310
ENST00000549537.6	254	6268	6014
ENST00000549538.5	94157	122900	28743
ENST00000549540.1	0	574	574
ENST00000549546.5	4674	6929	2255
ENST00000549547.1	0	5813	5813
ENST00000549549.1	0	5084	5084
ENST00000549555.5	84	4442	4358
ENST00000549558.6	772	420932	420160
ENST00000549561.6	97	32450	32353
ENST00000549566.5	44	3638	3594
ENST00000549569.1	11062	45863	34801
ENST00000549570.5	0	48469	48469
ENST00000549571.5	0	148260	148260
ENST00000549572.5	421	3692	3271
ENST00000549574.5	8718	28753	20035
ENST00000549578.6	925	11510	10585
ENST00000549581.5	966	4598	3632
ENST00000549583.5	1851	3439	1588
ENST00000549590.5	6639	61105	54466
ENST00000549595.5	3	58062	58059
ENST00000549596.5	595	26165	25570
ENST00000549602.1	0	364	364
ENST00000549605.5	959	12674	11715
ENST00000549606.5	102	903	801
ENST00000549608.1	9226	20056	10830
ENST00000549612.5	16068	32078	16010
ENST00000549621.5	1221	7093	5872
ENST00000549623.1	2183	2810	627
ENST00000549624.5	39	39040	39001
ENST00000549625.1	896	5646	4750
ENST00000549628.1	1931	3480	1549
ENST00000549629.5	5342	6151	809
ENST00000549630.1	11563	12567	1004
ENST00000549639.1	0	666	666
ENST00000549641.1	0	8646	8646
ENST00000549643.5	111241	111419	178
ENST00000549646.5	0	84916	84916
ENST00000549649.5	26565	26815	250
ENST00000549655.5	0	20395	20395
ENST00000549670.5	878	18784	17906
ENST00000549671.5	239998	308530	68532
ENST00000549679.5	420	1787	1367
ENST00000549682.5	216	45565	45349
ENST00000549685.5	5916	11591	5675
ENST00000549686.5	19	8145	8126
ENST00000549687.5	15831	72291	56460
ENST00000549688.1	0	1824	1824
ENST00000549690.1	25	5286	5261
ENST00000549700.5	0	17695	17695
ENST00000549701.6	63	66294	66231
ENST00000549704.1	0	3261	3261
ENST00000549706.5	891	7890	6999
ENST00000549707.1	1030	1372	342
ENST00000549709.5	0	2160	2160
ENST00000549711.5	51568	79519	27951
ENST00000549719.1	0	19598	19598
ENST00000549732.6	54	4005	3951
ENST00000549733.5	6027	10112	4085
ENST00000549735.5	185	13549	13364
ENST00000549736.5	257939	277467	19528
ENST00000549738.5	7322	8800	1478
ENST00000549740.5	968	2528	1560
ENST00000549748.2	78	172	94
ENST00000549750.5	34479	87243	52764
ENST00000549751.5	178	1779	1601
ENST00000549759.2	62	4298	4236
ENST00000549760.1	16300	18036	1736
ENST00000549766.5	56	43652	43596
ENST00000549767.1	79	4204	4125
ENST00000549769.5	36973	74525	37552
ENST00000549772.5	3	56834	56831
ENST00000549777.5	0	11805	11805
ENST00000549778.5	20	22434	22414
ENST00000549780.5	7899	9996	2097
ENST00000549781.1	0	47225	47225
ENST00000549784.5	0	2094	2094
ENST00000549786.2	1050	45819	44769
ENST00000549787.5	262	7691	7429
ENST00000549790.1	0	3359	3359
ENST00000549793.5	0	6669	6669
ENST00000549797.5	0	30529	30529
ENST00000549805.5	142228	142516	288
ENST00000549808.1	49	10840	10791
ENST00000549814.5	11149	99825	88676
ENST00000549817.1	828	2698	1870
ENST00000549818.5	27	28782	28755
ENST00000549832.1	456	5181	4725
ENST00000549833.1	300	1662	1362
ENST00000549838.5	0	93022	93022
ENST00000549847.5	0	2384	2384
ENST00000549850.1	9028	9434	406
ENST00000549851.5	16440	18525	2085
ENST00000549855.5	0	11357	11357
ENST00000549856.6	0	17963	17963
ENST00000549863.5	2675	28264	25589
ENST00000549866.5	0	739082	739082
ENST00000549867.5	361	78799	78438
ENST00000549868.1	0	756	756
ENST00000549870.5	0	594	594
ENST00000549872.5	190	29936	29746
ENST00000549875.1	0	51291	51291
ENST00000549876.5	2520	12888	10368
ENST00000549884.6	3025	27615	24590
ENST00000549887.1	998	3648	2650
ENST00000549890.2	3995	6825	2830
ENST00000549891.5	354	2417	2063
ENST00000549893.5	182	65135	64953
ENST00000549903.1	0	54253	54253
ENST00000549906.5	8223	9640	1417
ENST00000549915.5	11614	13230	1616
ENST00000549919.1	2317	376309	373992
ENST00000549920.6	44	4369	4325
ENST00000549921.6	98643	106083	7440
ENST00000549924.5	1037	4819	3782
ENST00000549926.6	31413	65558	34145
ENST00000549928.5	15432	46844	31412
ENST00000549932.5	142228	142516	288
ENST00000549934.2	24	40073	40049
ENST00000549937.5	0	14191	14191
ENST00000549939.1	543	14118	13575
ENST00000549940.5	65	64224	64159
ENST00000549941.7	16864	41856	24992
ENST00000549944.1	0	16351	16351
ENST00000549948.5	2	6252	6250
ENST00000549958.5	0	351338	351338
ENST00000549960.5	3508	5485	1977
ENST00000549962.5	0	20284	20284
ENST00000549963.1	0	3092	3092
ENST00000549966.5	10950	17042	6092
ENST00000549970.5	122	1514	1392
ENST00000549974.5	7875	12053	4178
ENST00000549979.1	0	3026	3026
ENST00000549982.6	1772	34125	32353
ENST00000549985.1	0	12919	12919
ENST00000549987.1	3	148215	148212
ENST00000549989.1	309	2359	2050
ENST00000549990.1	0	58	58
ENST00000549992.5	16116	21206	5090
ENST00000549994.2	505	21098	20593
ENST00000549996.5	19408	90837	71429
ENST00000550003.1	2132	45537	43405
ENST00000550005.1	60939	72402	11463
ENST00000550008.6	0	435724	435724
ENST00000550010.5	50	14101	14051
ENST00000550011.6	48	27095	27047
ENST00000550018.5	0	48995	48995
ENST00000550032.5	0	42964	42964
ENST00000550037.5	0	69033	69033
ENST00000550042.2	247554	683704	436150
ENST00000550047.5	999	8044	7045
ENST00000550050.5	1288	3160	1872
ENST00000550053.5	86	13937	13851
ENST00000550056.5	16116	21010	4894
ENST00000550058.1	0	40624	40624
ENST00000550062.5	15457	44762	29305
ENST00000550064.5	7333	8016	683
ENST00000550065.1	8	4442	4434
ENST00000550070.6	0	10154	10154
ENST00000550075.5	75	12882	12807
ENST00000550078.3	1900	7772	5872
ENST00000550080.5	247	5480	5233
ENST00000550082.5	88	18962	18874
ENST00000550086.5	0	3588	3588
ENST00000550095.5	24	5274	5250
ENST00000550097.1	0	5834	5834
ENST00000550099.5	258	6316	6058
ENST00000550100.5	13	10186	10173
ENST00000550102.5	180	12253	12073
ENST00000550104.5	547	151160	150613
ENST00000550107.5	3	161900	161897
ENST00000550120.1	0	13109	13109
ENST00000550124.5	14356	19299	4943
ENST00000550130.1	0	3185	3185
ENST00000550131.5	127134	127282	148
ENST00000550137.5	0	6321	6321
ENST00000550139.1	493	10098	9605
ENST00000550143.5	623	5022	4399
ENST00000550144.1	0	6130	6130
ENST00000550146.5	668	2781	2113
ENST00000550147.5	488	3156	2668
ENST00000550149.5	0	17482	17482
ENST00000550154.5	44	34511	34467
ENST00000550156.5	0	91130	91130
ENST00000550159.5	0	3588	3588
ENST00000550160.5	34815	99577	64762
ENST00000550161.5	602	3633	3031
ENST00000550163.5	0	41268	41268
ENST00000550164.6	1333	30808	29475
ENST00000550165.5	283	9740	9457
ENST00000550167.5	205531	852869	647338
ENST00000550169.5	98597	98657	60
ENST00000550171.5	25	22967	22942
ENST00000550173.1	0	10800	10800
ENST00000550178.1	321	721	400
ENST00000550180.5	1041	46739	45698
ENST00000550181.5	0	2982	2982
ENST00000550182.3	0	3327	3327
ENST00000550186.5	0	58653	58653
ENST00000550188.1	2263	4274	2011
ENST00000550190.1	0	5572	5572
ENST00000550192.5	1984	3321	1337
ENST00000550194.5	95	57977	57882
ENST00000550195.5	18745	33992	15247
ENST00000550201.5	1732	17642	15910
ENST00000550207.1	447	1035	588
ENST00000550208.1	0	12618	12618
ENST00000550215.5	125	862	737
ENST00000550228.5	0	6400	6400
ENST00000550233.1	0	13607	13607
ENST00000550236.1	0	11725	11725
ENST00000550238.1	0	2131	2131
ENST00000550251.2	0	4046	4046
ENST00000550253.1	1049	22680	21631
ENST00000550257.7	124	42320	42196
ENST00000550258.5	22863	24413	1550
ENST00000550260.1	10	37344	37334
ENST00000550261.5	2658	10930	8272
ENST00000550270.1	0	92715	92715
ENST00000550285.5	205	21174	20969
ENST00000550286.5	32	9546	9514
ENST00000550288.6	1373	9095	7722
ENST00000550295.1	21096	26848	5752
ENST00000550298.1	0	39902	39902
ENST00000550299.5	2654	21426	18772
ENST00000550300.1	0	1935	1935
ENST00000550308.6	443	25555	25112
ENST00000550311.5	69	8746	8677
ENST00000550313.5	0	166867	166867
ENST00000550314.5	0	21780	21780
ENST00000550316.5	98653	98723	70
ENST00000550322.5	0	6525	6525
ENST00000550325.5	2121	63423	61302
ENST00000550333.5	144	7455	7311
ENST00000550338.6	22741	28064	5323
ENST00000550342.1	0	1022	1022
ENST00000550344.5	11250	15867	4617
ENST00000550345.6	17636	42884	25248
ENST00000550346.5	353	4611	4258
ENST00000550347.5	645	30795	30150
ENST00000550353.5	0	15762	15762
ENST00000550354.1	203	35889	35686
ENST00000550357.1	2403	3812	1409
ENST00000550358.5	176	122427	122251
ENST00000550359.6	2549	189515	186966
ENST00000550360.1	44	2931	2887
ENST00000550361.1	9076	13340	4264
ENST00000550362.5	0	90	90
ENST00000550366.5	0	66361	66361
ENST00000550367.1	0	3581	3581
ENST00000550371.1	3039	7001	3962
ENST00000550372.5	16	22184	22168
ENST00000550375.1	0	82	82
ENST00000550376.5	12180	27267	15087
ENST00000550383.1	9394	34226	24832
ENST00000550386.5	9151	12237	3086
ENST00000550389.5	98625	106065	7440
ENST00000550390.1	0	16341	16341
ENST00000550391.5	116	11197	11081
ENST00000550399.5	255	3131	2876
ENST00000550402.6	3798	6662	2864
ENST00000550406.1	0	1979	1979
ENST00000550407.1	0	4425	4425
ENST00000550411.5	3	16464	16461
ENST00000550412.5	16	6029	6013
ENST00000550413.2	990	4120	3130
ENST00000550418.6	1033048	1692896	659848
ENST00000550419.5	1249	3082	1833
ENST00000550422.5	2396	20561	18165
ENST00000550423.5	0	1444	1444
ENST00000550424.1	0	22481	22481
ENST00000550433.5	1023	169789	168766
ENST00000550436.4	20177	80349	60172
ENST00000550437.1	0	23882	23882
ENST00000550442.5	37	8499	8462
ENST00000550443.5	1480	5902	4422
ENST00000550444.1	1457	14891	13434
ENST00000550445.5	10672	17295	6623
ENST00000550447.5	17	12674	12657
ENST00000550458.1	0	5917	5917
ENST00000550459.1	0	306	306
ENST00000550462.5	85	2876	2791
ENST00000550464.5	111	13621	13510
ENST00000550465.5	47	11559	11512
ENST00000550469.6	5125	33582	28457
ENST00000550475.2	0	54876	54876
ENST00000550477.5	42	6100	6058
ENST00000550482.2	104	4557	4453
ENST00000550483.5	0	1625	1625
ENST00000550487.6	7808	8148	340
ENST00000550488.5	1734	65304	63570
ENST00000550491.1	808	14722	13914
ENST00000550495.1	298696	543655	244959
ENST00000550496.1	0	198	198
ENST00000550502.1	1034	6488	5454
ENST00000550503.1	0	41184	41184
ENST00000550504.5	0	2083	2083
ENST00000550505.5	19702	19808	106
ENST00000550507.7	133	22830	22697
ENST00000550510.5	0	114228	114228
ENST00000550514.5	63301	74395	11094
ENST00000550519.5	4409	8025	3616
ENST00000550520.6	2622	9439	6817
ENST00000550522.5	36596	38335	1739
ENST00000550524.5	567	11801	11234
ENST00000550527.5	7	87895	87888
ENST00000550536.5	457	77470	77013
ENST00000550542.5	6998	54407	47409
ENST00000550544.5	0	13742	13742
ENST00000550547.5	0	7923	7923
ENST00000550552.5	628	5303	4675
ENST00000550553.5	212	47954	47742
ENST00000550554.5	0	420	420
ENST00000550558.5	1022	20401	19379
ENST00000550559.5	15	20478	20463
ENST00000550563.5	0	20759	20759
ENST00000550566.6	0	2386	2386
ENST00000550573.5	0	1508	1508
ENST00000550577.5	0	5142	5142
ENST00000550582.2	490	2457	1967
ENST00000550583.1	0	5726	5726
ENST00000550584.6	1368	499665	498297
ENST00000550585.5	0	4332	4332
ENST00000550587.6	2473	28493	26020
ENST00000550592.1	0	26763	26763
ENST00000550595.2	184	25429	25245
ENST00000550596.5	1867	1909	42
ENST00000550599.6	11560	24414	12854
ENST00000550600.5	288	4624	4336
ENST00000550603.1	266	11867	11601
ENST00000550604.1	3664	4168	504
ENST00000550607.5	854	4362	3508
ENST00000550614.5	4011	6039	2028
ENST00000550615.5	9162	13426	4264
ENST00000550616.5	9162	12642	3480
ENST00000550619.1	0	4321	4321
ENST00000550620.1	128	17402	17274
ENST00000550628.5	0	84910	84910
ENST00000550630.5	202	12245	12043
ENST00000550635.6	0	15420	15420
ENST00000550641.6	67474	112025	44551
ENST00000550643.5	94108	117865	23757
ENST00000550645.5	44	4205	4161
ENST00000550647.5	0	57018	57018
ENST00000550649.5	55	298235	298180
ENST00000550651.5	0	11699	11699
ENST00000550654.1	7840	8180	340
ENST00000550655.5	0	18259	18259
ENST00000550657.1	2503	33967	31464
ENST00000550659.1	0	10358	10358
ENST00000550661.1	0	70052	70052
ENST00000550665.6	158	24835	24677
ENST00000550669.5	0	38760	38760
ENST00000550670.1	0	3421	3421
ENST00000550672.5	3879	23300	19421
ENST00000550675.1	0	3616	3616
ENST00000550683.5	101	10100	9999
ENST00000550689.2	22	10097	10075
ENST00000550690.1	8423	13912	5489
ENST00000550692.1	0	20487	20487
ENST00000550693.6	1768	411856	410088
ENST00000550695.1	293	4810	4517
ENST00000550697.6	43	2739	2696
ENST00000550703.6	156	15733	15577
ENST00000550704.5	25	19455	19430
ENST00000550706.5	0	291085	291085
ENST00000550708.2	0	1954	1954
ENST00000550709.5	352	1197	845
ENST00000550713.1	133	7878	7745
ENST00000550714.5	0	11766	11766
ENST00000550716.1	0	12532	12532
ENST00000550718.1	249	4220	3971
ENST00000550722.5	2202	172076	169874
ENST00000550724.2	3909	116483	112574
ENST00000550726.5	47983	67846	19863
ENST00000550734.5	0	10195	10195
ENST00000550735.7	506	52229	51723
ENST00000550736.1	0	516	516
ENST00000550739.1	0	1865	1865
ENST00000550743.6	188	11010	10822
ENST00000550745.3	132	5598	5466
ENST00000550746.5	64	85538	85474
ENST00000550750.2	3824	15156	11332
ENST00000550755.5	762	3919	3157
ENST00000550758.1	781	2647	1866
ENST00000550763.1	2887	5152	2265
ENST00000550764.5	551	3782	3231
ENST00000550765.6	24	4062	4038
ENST00000550767.6	242	3205	2963
ENST00000550770.1	0	11829	11829
ENST00000550774.5	0	13303	13303
ENST00000550776.5	18	2075	2057
ENST00000550777.5	25	41062	41037
ENST00000550778.5	342	502616	502274
ENST00000550779.5	2480	15664	13184
ENST00000550784.5	0	10725	10725
ENST00000550785.5	3786	77249	73463
ENST00000550787.1	0	3991	3991
ENST00000550788.1	0	79531	79531
ENST00000550797.1	2322	5284	2962
ENST00000550800.6	0	6919	6919
ENST00000550803.5	105	39106	39001
ENST00000550804.6	3430	18784	15354
ENST00000550814.5	753	10209	9456
ENST00000550815.1	1931	6023	4092
ENST00000550819.1	216	12086	11870
ENST00000550824.6	819	19126	18307
ENST00000550825.1	436	1506	1070
ENST00000550826.1	10861	11439	578
ENST00000550828.1	0	696	696
ENST00000550829.1	13431	15899	2468
ENST00000550831.7	342	12749	12407
ENST00000550834.1	92	10569	10477
ENST00000550836.1	1388	2541	1153
ENST00000550839.1	3837	5680	1843
ENST00000550841.1	0	2246	2246
ENST00000550844.2	2516	17338	14822
ENST00000550845.5	309	709	400
ENST00000550846.5	32	4055	4023
ENST00000550847.1	62	19365	19303
ENST00000550848.5	30	859	829
ENST00000550856.5	0	4147	4147
ENST00000550857.5	89	94101	94012
ENST00000550862.1	77	4685	4608
ENST00000550863.1	0	70	70
ENST00000550869.5	134	15244	15110
ENST00000550870.1	0	2193	2193
ENST00000550873.5	5621	45217	39596
ENST00000550876.1	17376	63206	45830
ENST00000550880.5	43	1052	1009
ENST00000550883.2	78	10724	10646
ENST00000550887.5	412	163143	162731
ENST00000550888.1	56	1947	1891
ENST00000550890.5	107	31601	31494
ENST00000550893.2	53	2883	2830
ENST00000550896.1	6	87136	87130
ENST00000550899.1	679	23177	22498
ENST00000550901.5	55903	75167	19264
ENST00000550903.5	13718	21817	8099
ENST00000550914.6	1501	5510	4009
ENST00000550916.6	28	41095	41067
ENST00000550918.1	0	4774	4774
ENST00000550919.5	845	6444	5599
ENST00000550920.6	113	12790	12677
ENST00000550924.6	17154	42402	25248
ENST00000550925.2	0	27154	27154
ENST00000550929.5	762	12014	11252
ENST00000550931.5	0	10109	10109
ENST00000550934.5	0	21595	21595
ENST00000550937.5	98623	101157	2534
ENST00000550940.1	133	5500	5367
ENST00000550944.5	21922	33647	11725
ENST00000550945.5	17137	36219	19082
ENST00000550948.2	1177	3647	2470
ENST00000550951.5	10923	11609	686
ENST00000550952.6	114	14859	14745
ENST00000550954.5	0	15093	15093
ENST00000550958.5	43544	45111	1567
ENST00000550962.6	168	5310	5142
ENST00000550973.5	0	2349	2349
ENST00000550974.1	0	9831	9831
ENST00000550977.2	0	24237	24237
ENST00000550978.6	206	40321	40115
ENST00000550981.7	0	8349	8349
ENST00000550983.1	686	924	238
ENST00000550991.5	804	22312	21508
ENST00000550992.1	4629	6248	1619
ENST00000550994.2	0	555	555
ENST00000550997.5	94429	128477	34048
ENST00000551002.5	28	16655	16627
ENST00000551003.5	983	4669	3686
ENST00000551007.1	87	4008	3921
ENST00000551008.6	0	466022	466022
ENST00000551010.2	0	576	576
ENST00000551012.6	767	17442	16675
ENST00000551016.5	292	28616	28324
ENST00000551018.5	277	4507	4230
ENST00000551020.5	0	7621	7621
ENST00000551025.4	16651	47333	30682
ENST00000551035.5	17	28488	28471
ENST00000551039.5	33	26288	26255
ENST00000551042.5	18464	40712	22248
ENST00000551043.5	34476	111768	77292
ENST00000551044.1	0	39746	39746
ENST00000551047.5	1309	22987	21678
ENST00000551050.6	0	3393	3393
ENST00000551052.5	36382	106891	70509
ENST00000551058.1	68	6865	6797
ENST00000551061.1	500	1248	748
ENST00000551063.5	62236	62270	34
ENST00000551065.5	1376	182237	180861
ENST00000551066.1	179	2685	2506
ENST00000551076.6	48	32061	32013
ENST00000551079.1	473	3722	3249
ENST00000551085.5	133	21219	21086
ENST00000551086.1	36	1678	1642
ENST00000551088.1	6009	18836	12827
ENST00000551092.5	6792	11420	4628
ENST00000551093.6	19	29285	29266
ENST00000551096.5	3817	39353	35536
ENST00000551099.5	5415	39260	33845
ENST00000551100.1	0	1173	1173
ENST00000551103.5	446	4204	3758
ENST00000551104.5	1957	8737	6780
ENST00000551105.1	603	2905	2302
ENST00000551109.5	1126	16472	15346
ENST00000551116.5	223	1460	1237
ENST00000551117.1	514	3012	2498
ENST00000551118.6	845	60384	59539
ENST00000551121.5	0	2411	2411
ENST00000551122.5	432	4358	3926
ENST00000551123.5	283	2201	1918
ENST00000551132.5	67483	86307	18824
ENST00000551134.5	66141	176737	110596
ENST00000551137.5	0	3792	3792
ENST00000551145.5	0	4669	4669
ENST00000551147.1	0	58433	58433
ENST00000551150.5	77	5028	4951
ENST00000551154.5	44761	45427	666
ENST00000551156.5	4446	23889	19443
ENST00000551158.5	0	194	194
ENST00000551160.5	148	9642	9494
ENST00000551163.2	0	29213	29213
ENST00000551165.5	184	67639	67455
ENST00000551169.5	3601	4044	443
ENST00000551170.1	0	12264	12264
ENST00000551171.6	20757	32900	12143
ENST00000551172.1	0	1320	1320
ENST00000551173.5	0	3161	3161
ENST00000551177.6	71	28544	28473
ENST00000551178.5	644	23958	23314
ENST00000551180.1	0	420	420
ENST00000551184.1	0	2275	2275
ENST00000551188.5	0	2517	2517
ENST00000551192.5	326	3010	2684
ENST00000551193.2	158646	185589	26943
ENST00000551197.2	483	167959	167476
ENST00000551198.5	36397	75223	38826
ENST00000551209.5	3	65351	65348
ENST00000551215.5	2328	13180	10852
ENST00000551216.2	0	61142	61142
ENST00000551219.5	34769	60680	25911
ENST00000551220.1	0	1269	1269
ENST00000551224.1	227	6639	6412
ENST00000551228.1	7211	7315	104
ENST00000551236.5	0	30210	30210
ENST00000551238.1	6565	9460	2895
ENST00000551241.6	33	25986	25953
ENST00000551242.5	96	20965	20869
ENST00000551243.1	4450	5024	574
ENST00000551245.5	365	10961	10596
ENST00000551253.5	0	10171	10171
ENST00000551258.5	1913	4432	2519
ENST00000551260.5	2316	12647	10331
ENST00000551261.5	30	4077	4047
ENST00000551264.5	1196	41128	39932
ENST00000551265.5	293	1023	730
ENST00000551268.5	74127	76732	2605
ENST00000551273.1	0	14670	14670
ENST00000551275.1	0	984	984
ENST00000551281.5	26075	42436	16361
ENST00000551285.5	19	848	829
ENST00000551286.1	0	4200	4200
ENST00000551291.6	0	2148	2148
ENST00000551294.5	140	27943	27803
ENST00000551295.7	215994	380624	164630
ENST00000551297.6	41583	68331	26748
ENST00000551300.5	36657	92443	55786
ENST00000551301.1	90	5990	5900
ENST00000551304.5	239735	308269	68534
ENST00000551310.2	3224	71344	68120
ENST00000551311.5	38369	45094	6725
ENST00000551312.6	15	13210	13195
ENST00000551313.1	1624	3482	1858
ENST00000551314.1	492	226592	226100
ENST00000551317.5	0	66877	66877
ENST00000551319.5	379	1512	1133
ENST00000551325.1	6883	10655	3772
ENST00000551333.1	1246	2853	1607
ENST00000551337.5	0	40039	40039
ENST00000551338.1	110	2683	2573
ENST00000551339.6	3448	28696	25248
ENST00000551340.5	0	10597	10597
ENST00000551344.1	5127	10805	5678
ENST00000551346.2	1569	12171	10602
ENST00000551351.5	3339	3957	618
ENST00000551354.1	2419	3732	1313
ENST00000551355.5	9200	11555	2355
ENST00000551369.5	35	40639	40604
ENST00000551374.5	1729	6904	5175
ENST00000551379.5	28	61575	61547
ENST00000551380.7	1228	26613	25385
ENST00000551391.1	112	3656	3544
ENST00000551396.5	1746	12007	10261
ENST00000551402.1	313	6950	6637
ENST00000551403.1	99	24081	23982
ENST00000551404.7	721	52450	51729
ENST00000551407.5	0	4950	4950
ENST00000551417.2	3995	6825	2830
ENST00000551420.1	8309	8577	268
ENST00000551422.5	142228	142516	288
ENST00000551424.5	215971	226455	10484
ENST00000551430.6	0	3254	3254
ENST00000551431.5	23	2425	2402
ENST00000551442.5	0	309028	309028
ENST00000551446.6	2622	15261	12639
ENST00000551448.5	19760	19998	238
ENST00000551449.1	254	157447	157193
ENST00000551451.6	121315	183351	62036
ENST00000551452.5	0	1421	1421
ENST00000551456.5	45	43589	43544
ENST00000551457.1	2869	15289	12420
ENST00000551459.5	12860	16282	3422
ENST00000551461.5	108839	110133	1294
ENST00000551464.1	132	7534	7402
ENST00000551466.1	0	3285	3285
ENST00000551467.5	139	17267	17128
ENST00000551468.1	0	6180	6180
ENST00000551472.5	41	49183	49142
ENST00000551473.5	0	3828	3828
ENST00000551475.5	0	4760	4760
ENST00000551476.6	63	66242	66179
ENST00000551477.5	314	10989	10675
ENST00000551480.2	0	3222	3222
ENST00000551483.5	4257	20044	15787
ENST00000551485.5	3423	13037	9614
ENST00000551488.5	8721	11670	2949
ENST00000551489.5	11273	11708	435
ENST00000551491.1	0	7005	7005
ENST00000551492.5	0	868975	868975
ENST00000551497.1	487	1525	1038
ENST00000551513.5	100	4311	4211
ENST00000551516.1	5	30034	30029
ENST00000551521.5	0	26028	26028
ENST00000551524.5	0	11667	11667
ENST00000551525.5	517	83338	82821
ENST00000551526.5	90	5746	5656
ENST00000551529.5	109	8359	8250
ENST00000551540.5	93517	123415	29898
ENST00000551541.5	4805	7098	2293
ENST00000551544.5	21	901	880
ENST00000551550.5	0	42926	42926
ENST00000551556.2	223	3093	2870
ENST00000551560.5	0	28356	28356
ENST00000551567.1	235	2470	2235
ENST00000551568.6	5265	82983	77718
ENST00000551570.5	0	3868	3868
ENST00000551573.5	1990	25610	23620
ENST00000551576.6	5567	15482	9915
ENST00000551577.5	8569	552776	544207
ENST00000551582.1	314	4230	3916
ENST00000551589.5	33	2389	2356
ENST00000551590.5	156	35609	35453
ENST00000551593.5	253176	293926	40750
ENST00000551594.1	3417	23084	19667
ENST00000551598.5	117	4270	4153
ENST00000551600.5	0	19839	19839
ENST00000551601.5	655	369561	368906
ENST00000551603.2	58	29420	29362
ENST00000551606.5	0	9632	9632
ENST00000551607.5	113	7348	7235
ENST00000551611.6	3081	15364	12283
ENST00000551613.5	0	118	118
ENST00000551617.1	4885	23934	19049
ENST00000551619.5	2135	159540	157405
ENST00000551623.1	3892	34733	30841
ENST00000551630.1	0	4122	4122
ENST00000551632.1	1656	5361	3705
ENST00000551634.6	450	869501	869051
ENST00000551638.5	76560	97576	21016
ENST00000551640.5	29	64310	64281
ENST00000551641.5	15499	37248	21749
ENST00000551642.1	175	12036	11861
ENST00000551643.6	100	27754	27654
ENST00000551647.5	3269	18920	15651
ENST00000551649.5	736	87999	87263
ENST00000551652.5	5	11769	11764
ENST00000551658.1	65	8264	8199
ENST00000551659.6	6009	285723	279714
ENST00000551660.2	80	3335	3255
ENST00000551661.5	34806	67698	32892
ENST00000551662.5	109	63793	63684
ENST00000551671.5	189	12079	11890
ENST00000551676.5	639	21742	21103
ENST00000551688.1	155	1192	1037
ENST00000551691.5	0	26879	26879
ENST00000551696.5	0	10707	10707
ENST00000551697.5	5680	38549	32869
ENST00000551702.5	45	2155	2110
ENST00000551707.5	670	3120	2450
ENST00000551710.1	0	4391	4391
ENST00000551711.5	0	4131	4131
ENST00000551712.1	993	86988	85995
ENST00000551723.5	6539	61445	54906
ENST00000551727.5	385	16712	16327
ENST00000551728.5	2550	63652	61102
ENST00000551730.1	38	17235	17197
ENST00000551733.5	7205	8750	1545
ENST00000551736.5	9151	29120	19969
ENST00000551741.5	434	2424	1990
ENST00000551742.5	525	48262	47737
ENST00000551744.2	0	44701	44701
ENST00000551748.5	253081	290507	37426
ENST00000551752.5	568279	1170833	602554
ENST00000551755.6	18129	22477	4348
ENST00000551760.1	0	1551	1551
ENST00000551765.6	37	13916	13879
ENST00000551767.1	0	31463	31463
ENST00000551769.1	0	12648	12648
ENST00000551770.5	262	3940	3678
ENST00000551771.5	97	15201	15104
ENST00000551772.5	68	8347	8279
ENST00000551774.1	0	99403	99403
ENST00000551777.1	11519	11867	348
ENST00000551779.5	13	24991	24978
ENST00000551782.5	0	6427	6427
ENST00000551787.5	150	32394	32244
ENST00000551788.5	2	6252	6250
ENST00000551790.5	10433	13109	2676
ENST00000551798.1	0	14835	14835
ENST00000551800.5	0	1063	1063
ENST00000551802.5	8016	15777	7761
ENST00000551804.5	2988	28144	25156
ENST00000551806.1	0	22255	22255
ENST00000551809.1	217	2591	2374
ENST00000551812.5	2691	45941	43250
ENST00000551813.1	182	4799	4617
ENST00000551814.1	0	967	967
ENST00000551816.5	0	24311	24311
ENST00000551823.1	0	8443	8443
ENST00000551828.5	51	10829	10778
ENST00000551829.5	0	8170	8170
ENST00000551831.5	15666	49764	34098
ENST00000551834.5	1329	1501	172
ENST00000551835.5	1895	2530	635
ENST00000551837.1	0	984	984
ENST00000551840.5	18	41159	41141
ENST00000551841.6	4607	6891	2284
ENST00000551845.5	0	6271	6271
ENST00000551848.1	497	1053	556
ENST00000551850.1	11142	51851	40709
ENST00000551854.5	0	6039	6039
ENST00000551858.1	58119	69612	11493
ENST00000551869.1	4596	6222	1626
ENST00000551873.5	51308	55105	3797
ENST00000551876.5	0	11811	11811
ENST00000551877.5	15440	44635	29195
ENST00000551878.1	2460	3879	1419
ENST00000551880.1	2242	2512	270
ENST00000551883.1	0	1027	1027
ENST00000551886.5	79	35169	35090
ENST00000551892.1	6	2441	2435
ENST00000551896.5	60	12503	12443
ENST00000551897.5	62	28617	28555
ENST00000551900.5	0	3592	3592
ENST00000551914.1	0	2197	2197
ENST00000551917.5	329	8954	8625
ENST00000551923.5	1121	28082	26961
ENST00000551926.1	2594	2976	382
ENST00000551927.5	0	36830	36830
ENST00000551931.5	0	3946	3946
ENST00000551936.5	0	10195	10195
ENST00000551945.5	950	1934	984
ENST00000551946.5	16	3231	3215
ENST00000551947.6	53	29067	29014
ENST00000551949.1	0	592	592
ENST00000551952.5	31	15144	15113
ENST00000551956.2	523	9060	8537
ENST00000551962.5	33	23011	22978
ENST00000551964.6	3070	90991	87921
ENST00000551966.5	45	5830	5785
ENST00000551968.5	0	18125	18125
ENST00000551969.5	116	2884	2768
ENST00000551973.5	0	13938	13938
ENST00000551975.5	165865	718021	552156
ENST00000551980.1	0	1975	1975
ENST00000551984.5	74201	96485	22284
ENST00000551991.5	25600	32413	6813
ENST00000551992.5	0	21673	21673
ENST00000551994.5	33	39518	39485
ENST00000551996.1	19	3806	3787
ENST00000552002.7	41	18104	18063
ENST00000552004.2	0	11677	11677
ENST00000552007.5	6	2033	2027
ENST00000552014.5	1021	35856	34835
ENST00000552024.5	107743	184047	76304
ENST00000552029.1	11	2319	2308
ENST00000552032.7	291	136006	135715
ENST00000552033.5	1398	61416	60018
ENST00000552037.1	162	8338	8176
ENST00000552039.2	1037	1862	825
ENST00000552044.1	0	13718	13718
ENST00000552049.5	662	5426	4764
ENST00000552050.5	271	19299	19028
ENST00000552052.1	0	6638	6638
ENST00000552055.5	0	11844	11844
ENST00000552056.5	1528	23231	21703
ENST00000552064.5	22	5184	5162
ENST00000552066.1	0	1165	1165
ENST00000552067.5	116	1922	1806
ENST00000552074.5	348810	417476	68666
ENST00000552075.5	0	505413	505413
ENST00000552080.1	79	57906	57827
ENST00000552085.1	105	44906	44801
ENST00000552087.1	465	8618	8153
ENST00000552089.5	114	1226902	1226788
ENST00000552093.1	157	44170	44013
ENST00000552108.6	0	4280	4280
ENST00000552109.5	38906	78127	39221
ENST00000552115.5	359	89523	89164
ENST00000552121.5	113	7424	7311
ENST00000552123.1	2323	6161	3838
ENST00000552125.1	0	41664	41664
ENST00000552127.5	0	19921	19921
ENST00000552130.6	384	1776	1392
ENST00000552132.5	0	15724	15724
ENST00000552137.1	1	21177	21176
ENST00000552140.6	0	15643	15643
ENST00000552142.5	29022	73055	44033
ENST00000552145.5	0	20787	20787
ENST00000552147.5	5511	20453	14942
ENST00000552150.5	134	30676	30542
ENST00000552151.2	0	19957	19957
ENST00000552155.5	0	23133	23133
ENST00000552157.5	0	1540	1540
ENST00000552160.2	0	3864	3864
ENST00000552162.5	0	2541	2541
ENST00000552163.1	0	1367	1367
ENST00000552164.5	0	3175	3175
ENST00000552170.2	8784	17333	8549
ENST00000552171.1	93466	117077	23611
ENST00000552184.1	0	946	946
ENST00000552185.5	1846	8177	6331
ENST00000552189.5	46024	58959	12935
ENST00000552192.5	41	26301	26260
ENST00000552197.5	405	45569	45164
ENST00000552199.5	439	74346	73907
ENST00000552203.1	4388	5120	732
ENST00000552205.6	32741	108862	76121
ENST00000552212.5	288	4087	3799
ENST00000552215.5	0	22076	22076
ENST00000552217.6	1772	34125	32353
ENST00000552218.5	33	25973	25940
ENST00000552219.5	565	1910	1345
ENST00000552222.5	2301	17502	15201
ENST00000552235.2	289	11998	11709
ENST00000552240.6	532	15722	15190
ENST00000552242.5	146	7862	7716
ENST00000552244.5	6	7007	7001
ENST00000552247.6	66	68072	68006
ENST00000552248.5	166080	180211	14131
ENST00000552249.1	0	2040	2040
ENST00000552254.5	0	1643	1643
ENST00000552255.5	1241	1813	572
ENST00000552258.5	4926	6816	1890
ENST00000552262.1	0	11133	11133
ENST00000552267.1	0	25883	25883
ENST00000552268.5	44	85169	85125
ENST00000552270.1	42227	60616	18389
ENST00000552276.5	258	25087	24829
ENST00000552280.5	0	2742	2742
ENST00000552283.6	1254	46384	45130
ENST00000552285.6	321	28887	28566
ENST00000552292.5	74	1100	1026
ENST00000552293.5	96	87287	87191
ENST00000552295.5	0	22742	22742
ENST00000552296.6	2433	28140	25707
ENST00000552305.2	0	6170	6170
ENST00000552309.5	9145	13409	4264
ENST00000552310.5	0	18449	18449
ENST00000552318.5	120	12604	12484
ENST00000552319.5	34817	67699	32882
ENST00000552321.2	122	598	476
ENST00000552329.1	0	3064	3064
ENST00000552330.5	126	8154	8028
ENST00000552342.5	276	25878	25602
ENST00000552345.1	2303	2775	472
ENST00000552350.5	536	3767	3231
ENST00000552351.5	170	22452	22282
ENST00000552356.5	135	4174	4039
ENST00000552360.4	35	885	850
ENST00000552361.1	274	2599	2325
ENST00000552362.5	25	25853	25828
ENST00000552365.1	2820	7380	4560
ENST00000552369.6	9709	16558	6849
ENST00000552370.5	1874	12975	11101
ENST00000552371.1	0	11593	11593
ENST00000552374.7	326	74973	74647
ENST00000552375.1	0	6565	6565
ENST00000552376.5	22	24199	24177
ENST00000552377.5	0	135234	135234
ENST00000552383.5	44790	46577	1787
ENST00000552384.1	540	36544	36004
ENST00000552388.1	0	1291	1291
ENST00000552392.5	2160	12857	10697
ENST00000552397.5	3158	15788	12630
ENST00000552401.5	16696	33977	17281
ENST00000552402.5	89	2902	2813
ENST00000552407.5	0	30613	30613
ENST00000552421.5	124	76343	76219
ENST00000552423.2	41	1829	1788
ENST00000552429.5	9738	48811	39073
ENST00000552432.5	108735	185039	76304
ENST00000552435.6	22	10140	10118
ENST00000552438.5	10	9747	9737
ENST00000552440.5	6586	17599	11013
ENST00000552442.1	241	32395	32154
ENST00000552443.5	0	18988	18988
ENST00000552445.1	27786	29553	1767
ENST00000552448.1	24	28779	28755
ENST00000552449.1	0	1849	1849
ENST00000552453.5	0	52249	52249
ENST00000552456.1	6477	14873	8396
ENST00000552457.1	218	36944	36726
ENST00000552460.1	4289	5367	1078
ENST00000552463.5	0	1612	1612
ENST00000552471.1	80	6281	6201
ENST00000552483.5	50832	94470	43638
ENST00000552487.1	15637	50454	34817
ENST00000552489.5	0	1710	1710
ENST00000552490.5	15	22523	22508
ENST00000552491.5	1279	26417	25138
ENST00000552495.1	472	7148	6676
ENST00000552496.5	0	24203	24203
ENST00000552497.5	0	91555	91555
ENST00000552499.5	0	1212	1212
ENST00000552509.5	0	9833	9833
ENST00000552510.5	16436	50989	34553
ENST00000552512.5	0	8308	8308
ENST00000552515.5	0	12336	12336
ENST00000552516.5	56	45664	45608
ENST00000552521.5	1865	7545	5680
ENST00000552526.2	78	25992	25914
ENST00000552539.1	0	668	668
ENST00000552540.5	106	12724	12618
ENST00000552542.5	16092	24765	8673
ENST00000552546.5	630	5150	4520
ENST00000552550.5	0	186	186
ENST00000552551.5	244	9235	8991
ENST00000552553.5	16051	45636	29585
ENST00000552561.5	632	5364	4732
ENST00000552562.1	0	5831	5831
ENST00000552568.5	1312	5635	4323
ENST00000552570.5	0	17885	17885
ENST00000552573.7	24895	46538	21643
ENST00000552578.1	0	173063	173063
ENST00000552581.5	0	11370	11370
ENST00000552588.5	44	4283	4239
ENST00000552590.6	14475	21252	6777
ENST00000552599.5	0	7329	7329
ENST00000552604.5	0	1739	1739
ENST00000552613.1	470	12185	11715
ENST00000552618.5	1150	280751	279601
ENST00000552619.1	64	40637	40573
ENST00000552623.5	0	1916	1916
ENST00000552624.5	171815	250936	79121
ENST00000552632.5	2367	25840	23473
ENST00000552633.2	0	1523	1523
ENST00000552635.5	10937	17132	6195
ENST00000552636.2	15894	16018	124
ENST00000552637.1	0	380	380
ENST00000552642.5	147	47204	47057
ENST00000552654.1	15251	19009	3758
ENST00000552656.5	3	8546	8543
ENST00000552659.1	0	2859	2859
ENST00000552660.5	39	39040	39001
ENST00000552664.5	149	4247	4098
ENST00000552667.5	36781	74361	37580
ENST00000552668.1	4299	4931	632
ENST00000552669.5	0	30496	30496
ENST00000552671.5	434	726	292
ENST00000552672.5	1061	2705	1644
ENST00000552673.5	139	5480	5341
ENST00000552674.5	22812	26428	3616
ENST00000552677.5	76	3497	3421
ENST00000552678.2	4854	13073	8219
ENST00000552681.1	1853	8337	6484
ENST00000552688.5	0	18242	18242
ENST00000552689.1	9936	9994	58
ENST00000552692.5	94	3578	3484
ENST00000552694.1	11617	61889	50272
ENST00000552695.6	1696	5567	3871
ENST00000552696.1	0	18101	18101
ENST00000552699.5	580	22211	21631
ENST00000552706.6	0	22222	22222
ENST00000552720.5	8419	72900	64481
ENST00000552723.1	0	13011	13011
ENST00000552728.5	0	6434	6434
ENST00000552738.5	360	130928	130568
ENST00000552739.5	11	11805	11794
ENST00000552740.5	3	1240	1237
ENST00000552742.6	2546	3907	1361
ENST00000552744.5	171889	404748	232859
ENST00000552748.5	0	28279	28279
ENST00000552752.5	0	1679	1679
ENST00000552754.5	29	3444	3415
ENST00000552756.6	69	32514	32445
ENST00000552758.1	1673	2505	832
ENST00000552760.5	98	7641	7543
ENST00000552761.5	6531	116283	109752
ENST00000552763.1	2444	4863	2419
ENST00000552766.5	201	10180	9979
ENST00000552770.3	769	5911	5142
ENST00000552775.1	79	2771	2692
ENST00000552777.1	0	3227	3227
ENST00000552783.5	1277	48172	46895
ENST00000552787.5	23	2588	2565
ENST00000552788.1	0	88802	88802
ENST00000552789.5	162	44287	44125
ENST00000552791.1	10158	21597	11439
ENST00000552792.5	1230	25692	24462
ENST00000552798.5	2649	6344	3695
ENST00000552802.5	1975	4708	2733
ENST00000552808.7	236	11921	11685
ENST00000552810.6	171	99675	99504
ENST00000552816.5	1140	2201	1061
ENST00000552817.5	1504	4565	3061
ENST00000552819.5	67	25659	25592
ENST00000552821.5	25	49032	49007
ENST00000552823.5	1279	48171	46892
ENST00000552842.1	38	1199	1161
ENST00000552844.5	4748	84846	80098
ENST00000552847.5	111	4784	4673
ENST00000552848.5	23962	44545	20583
ENST00000552854.1	0	2344	2344
ENST00000552855.1	62	8044	7982
ENST00000552857.5	135	5019	4884
ENST00000552862.1	0	846	846
ENST00000552863.5	0	26922	26922
ENST00000552864.6	18948	145896	126948
ENST00000552870.1	309	2154	1845
ENST00000552871.5	0	21285	21285
ENST00000552872.5	4766	6590	1824
ENST00000552874.1	0	45782	45782
ENST00000552878.5	423	3403	2980
ENST00000552881.1	0	244672	244672
ENST00000552882.5	112	13878	13766
ENST00000552884.5	48030	65274	17244
ENST00000552890.5	4963	17108	12145
ENST00000552895.5	0	96218	96218
ENST00000552896.1	4960	17577	12617
ENST00000552897.5	39014	46829	7815
ENST00000552899.5	0	2843	2843
ENST00000552903.2	0	12391	12391
ENST00000552904.6	132	5394	5262
ENST00000552907.5	10256	17355	7099
ENST00000552908.1	0	11541	11541
ENST00000552909.5	182	47071	46889
ENST00000552912.5	3046	95898	92852
ENST00000552913.5	80249	90793	10544
ENST00000552914.5	0	4298	4298
ENST00000552915.5	34794	96241	61447
ENST00000552916.5	34	48176	48142
ENST00000552917.1	6	2235	2229
ENST00000552918.6	93551	160413	66862
ENST00000552921.5	0	12885	12885
ENST00000552924.2	242	3205	2963
ENST00000552928.5	48731	76845	28114
ENST00000552930.5	1083	1608	525
ENST00000552935.5	0	2850	2850
ENST00000552936.5	150	4321	4171
ENST00000552940.1	1882	5329	3447
ENST00000552941.6	11	98205	98194
ENST00000552942.5	218	18412	18194
ENST00000552948.5	18	495933	495915
ENST00000552951.7	37	8928	8891
ENST00000552955.1	194	11818	11624
ENST00000552959.5	0	7042	7042
ENST00000552960.5	193	39031	38838
ENST00000552961.5	1196	50729	49533
ENST00000552962.5	325	33886	33561
ENST00000552965.1	6633	6711	78
ENST00000552966.5	52	8444	8392
ENST00000552972.5	0	3325	3325
ENST00000552980.6	417	1200	783
ENST00000552981.6	293	8915	8622
ENST00000552983.5	1400	61304	59904
ENST00000552984.1	0	402	402
ENST00000552985.5	117	45889	45772
ENST00000552989.5	3424	15597	12173
ENST00000552993.5	0	102045	102045
ENST00000552994.5	2087	59610	57523
ENST00000552995.5	274	2498	2224
ENST00000552997.1	0	7137	7137
ENST00000553001.2	868	32804	31936
ENST00000553007.2	0	6607	6607
ENST00000553011.5	0	6271	6271
ENST00000553019.1	14492	64332	49840
ENST00000553020.5	34778	50787	16009
ENST00000553023.1	7914	9656	1742
ENST00000553025.5	13974	22484	8510
ENST00000553030.6	802	7801	6999
ENST00000553038.5	987	10807	9820
ENST00000553039.1	0	13883	13883
ENST00000553040.5	518	5586	5068
ENST00000553043.1	0	3542	3542
ENST00000553049.5	3648	7670	4022
ENST00000553053.5	251	40533	40282
ENST00000553057.5	125	5537	5412
ENST00000553058.5	0	22378	22378
ENST00000553059.1	3	133029	133026
ENST00000553064.6	0	15121	15121
ENST00000553066.5	1663	6085	4422
ENST00000553070.5	3	3991	3988
ENST00000553071.1	4079	14288	10209
ENST00000553081.5	0	21618	21618
ENST00000553084.5	5289	7776	2487
ENST00000553086.5	158	29096	28938
ENST00000553089.5	116	1762	1646
ENST00000553094.1	0	706	706
ENST00000553096.5	1091	41696	40605
ENST00000553097.5	0	29288	29288
ENST00000553098.5	8243	21440	13197
ENST00000553099.5	15482	37231	21749
ENST00000553100.1	0	3157	3157
ENST00000553106.6	2289	81584	79295
ENST00000553109.1	0	16259	16259
ENST00000553110.8	33	5047	5014
ENST00000553113.5	278	4468	4190
ENST00000553114.5	36134	75008	38874
ENST00000553116.5	13048	18936	5888
ENST00000553117.5	372	52011	51639
ENST00000553118.5	366	65484	65118
ENST00000553120.1	0	96047	96047
ENST00000553122.5	886	6322	5436
ENST00000553125.5	2396	2610	214
ENST00000553127.5	93548	160410	66862
ENST00000553139.5	0	51390	51390
ENST00000553143.5	9147	9251	104
ENST00000553144.1	0	1344	1344
ENST00000553151.5	28	21352	21324
ENST00000553152.2	78	12894	12816
ENST00000553158.5	121	132828	132707
ENST00000553166.1	0	10123	10123
ENST00000553168.1	6977	13371	6394
ENST00000553173.5	0	7394	7394
ENST00000553179.5	2961	3565	604
ENST00000553183.5	244	5667	5423
ENST00000553185.2	2	2377	2375
ENST00000553186.5	1032941	1692709	659768
ENST00000553190.5	87	92749	92662
ENST00000553191.1	1018	4654	3636
ENST00000553192.5	109	20992	20883
ENST00000553198.1	0	3812	3812
ENST00000553200.1	4651	8559	3908
ENST00000553201.1	0	15639	15639
ENST00000553213.2	0	2138	2138
ENST00000553215.5	495	25783	25288
ENST00000553217.5	28	446	418
ENST00000553219.6	432	1777	1345
ENST00000553228.5	0	438	438
ENST00000553231.5	25	25665	25640
ENST00000553234.1	0	2968	2968
ENST00000553237.5	2567	3417	850
ENST00000553248.5	6015	14875	8860
ENST00000553257.6	63	66332	66269
ENST00000553263.1	0	972	972
ENST00000553264.5	1183	14500	13317
ENST00000553265.5	95276	103253	7977
ENST00000553273.5	25155	36556	11401
ENST00000553274.1	75	36451	36376
ENST00000553275.1	0	804	804
ENST00000553277.5	472	22114	21642
ENST00000553279.5	833	10043	9210
ENST00000553281.5	84076	93983	9907
ENST00000553282.1	7200	12240	5040
ENST00000553284.5	0	12396	12396
ENST00000553286.5	25328	57445	32117
ENST00000553289.5	0	42577	42577
ENST00000553290.1	0	5868	5868
ENST00000553291.5	0	22	22
ENST00000553296.1	0	938	938
ENST00000553300.6	2079	25918	23839
ENST00000553302.1	420	640	220
ENST00000553304.1	175	62647	62472
ENST00000553306.5	3364	30897	27533
ENST00000553310.6	52617	54286	1669
ENST00000553315.1	758	1026	268
ENST00000553325.5	0	9850	9850
ENST00000553327.5	0	554	554
ENST00000553329.5	0	25351	25351
ENST00000553331.5	97	3069	2972
ENST00000553332.5	0	2656	2656
ENST00000553333.1	0	6308	6308
ENST00000553334.1	24	11808	11784
ENST00000553340.1	812	33939	33127
ENST00000553341.5	108	20443	20335
ENST00000553342.2	505	4005	3500
ENST00000553343.5	0	2486	2486
ENST00000553349.1	0	138651	138651
ENST00000553352.1	732	76337	75605
ENST00000553353.5	0	211645	211645
ENST00000553356.1	7473	13152	5679
ENST00000553360.5	0	10042	10042
ENST00000553361.5	0	5201	5201
ENST00000553362.1	0	11062	11062
ENST00000553363.6	0	373182	373182
ENST00000553365.5	3700	8177	4477
ENST00000553368.1	522	909	387
ENST00000553369.5	1045	2857	1812
ENST00000553370.5	0	21308	21308
ENST00000553371.1	0	14145	14145
ENST00000553372.1	3	2566	2563
ENST00000553373.5	3	94237	94234
ENST00000553374.5	0	9142	9142
ENST00000553375.1	0	6525	6525
ENST00000553376.5	188	5831	5643
ENST00000553379.6	725	8219	7494
ENST00000553380.1	34	15925	15891
ENST00000553384.5	960	19247	18287
ENST00000553387.1	4966	24035	19069
ENST00000553393.5	219	12926	12707
ENST00000553395.5	0	15803	15803
ENST00000553397.5	0	1971	1971
ENST00000553401.5	0	3447	3447
ENST00000553403.1	1209	39315	38106
ENST00000553408.5	546	14610	14064
ENST00000553409.5	34419	53971	19552
ENST00000553413.5	0	8850	8850
ENST00000553414.5	717	33919	33202
ENST00000553418.5	571	5895	5324
ENST00000553420.1	33	1628	1595
ENST00000553422.1	0	3341	3341
ENST00000553424.5	3224	30148	26924
ENST00000553426.2	0	5765	5765
ENST00000553427.5	9013	12371	3358
ENST00000553430.5	1368	2908	1540
ENST00000553432.5	1549	140792	139243
ENST00000553436.5	0	4564	4564
ENST00000553442.5	0	3304	3304
ENST00000553443.6	26436	252286	225850
ENST00000553447.7	11543	23796	12253
ENST00000553452.5	0	153306	153306
ENST00000553455.1	0	3698	3698
ENST00000553456.5	522	6236	5714
ENST00000553457.1	2338	19505	17167
ENST00000553458.6	3798	29140	25342
ENST00000553460.5	477	2162	1685
ENST00000553461.1	0	7765	7765
ENST00000553469.5	85	12667	12582
ENST00000553471.6	117	89527	89410
ENST00000553474.5	505	5468	4963
ENST00000553481.1	4202	4814	612
ENST00000553483.4	0	3308	3308
ENST00000553484.5	154	283945	283791
ENST00000553486.5	11714	16732	5018
ENST00000553488.5	22378	35847	13469
ENST00000553489.1	0	2011	2011
ENST00000553490.5	0	13851	13851
ENST00000553491.5	0	36441	36441
ENST00000553493.5	13264	14446	1182
ENST00000553495.5	126	5332	5206
ENST00000553499.5	0	2029	2029
ENST00000553502.5	0	1293	1293
ENST00000553503.5	827	7600	6773
ENST00000553504.5	1447	59414	57967
ENST00000553509.2	714	74430	73716
ENST00000553511.1	5937	6479	542
ENST00000553512.5	15	12097	12082
ENST00000553514.5	74	1687	1613
ENST00000553521.5	41257	45367	4110
ENST00000553522.1	1035	3806	2771
ENST00000553524.5	0	15092	15092
ENST00000553525.6	32363	631488	599125
ENST00000553526.5	48221	50667	2446
ENST00000553527.1	7078	7952	874
ENST00000553529.5	666	2178	1512
ENST00000553530.5	31676	630748	599072
ENST00000553531.1	320	2227	1907
ENST00000553532.6	1356	21403	20047
ENST00000553533.2	1097	15373	14276
ENST00000553540.5	0	11469	11469
ENST00000553541.5	362	1590	1228
ENST00000553542.5	4277	7993	3716
ENST00000553545.5	0	7744	7744
ENST00000553547.5	71623	73761	2138
ENST00000553548.5	1045	2304	1259
ENST00000553550.5	0	5267	5267
ENST00000553553.6	825	32550	31725
ENST00000553554.1	0	11198	11198
ENST00000553556.2	2850	11559	8709
ENST00000553558.6	125	47730	47605
ENST00000553560.5	103553	132370	28817
ENST00000553563.5	0	1794	1794
ENST00000553564.5	479	4447	3968
ENST00000553570.5	12258	35894	23636
ENST00000553573.1	5893	51392	45499
ENST00000553581.1	0	152	152
ENST00000553583.1	17780	18710	930
ENST00000553585.5	0	1963	1963
ENST00000553586.5	36	7265	7229
ENST00000553587.5	106	41419	41313
ENST00000553588.1	13	15638	15625
ENST00000553591.2	107	8035	7928
ENST00000553592.5	0	1282	1282
ENST00000553593.5	118	4490	4372
ENST00000553594.1	0	34	34
ENST00000553599.6	11575	84220	72645
ENST00000553600.1	0	6072	6072
ENST00000553605.1	11133	12539	1406
ENST00000553606.5	0	54	54
ENST00000553607.1	583	4157	3574
ENST00000553609.5	10400	29857	19457
ENST00000553610.5	5	2013	2008
ENST00000553612.6	4774	46185	41411
ENST00000553615.5	28	22298	22270
ENST00000553617.5	7471	29298	21827
ENST00000553620.6	3018	10320	7302
ENST00000553622.5	0	1153	1153
ENST00000553624.5	2733	11924	9191
ENST00000553625.5	0	37133	37133
ENST00000553630.1	191	7654	7463
ENST00000553631.1	305552	306000	448
ENST00000553635.5	1000	5101	4101
ENST00000553640.3	0	5920	5920
ENST00000553645.7	54	51515	51461
ENST00000553652.5	2358	2963	605
ENST00000553656.5	64	8709	8645
ENST00000553659.1	0	52706	52706
ENST00000553660.5	392	14261	13869
ENST00000553661.5	33055	55414	22359
ENST00000553663.5	258	5609	5351
ENST00000553664.1	6923	21446	14523
ENST00000553669.1	0	89410	89410
ENST00000553673.1	314	2746	2432
ENST00000553674.1	49	3576	3527
ENST00000553675.5	0	1192	1192
ENST00000553676.1	0	6560	6560
ENST00000553677.1	0	14212	14212
ENST00000553681.5	445	2928	2483
ENST00000553683.2	36168	85148	48980
ENST00000553687.1	0	2585	2585
ENST00000553688.5	34	833	799
ENST00000553689.5	195	29406	29211
ENST00000553693.6	8234	114509	106275
ENST00000553699.5	18722	19188	466
ENST00000553700.5	815	113606	112791
ENST00000553706.5	362	3150	2788
ENST00000553708.5	0	11293	11293
ENST00000553709.5	80	8095	8015
ENST00000553710.1	0	1068	1068
ENST00000553711.5	3532	4602	1070
ENST00000553713.5	688	31847	31159
ENST00000553716.5	868	13842	12974
ENST00000553718.1	114	6411	6297
ENST00000553720.5	224	56420	56196
ENST00000553723.1	160	12920	12760
ENST00000553726.5	106623	113013	6390
ENST00000553728.1	213	120348	120135
ENST00000553731.1	543	30736	30193
ENST00000553733.1	816	98346	97530
ENST00000553736.1	324	3399	3075
ENST00000553739.2	0	68978	68978
ENST00000553743.5	0	91843	91843
ENST00000553745.5	13027	16457	3430
ENST00000553751.1	1625	2562	937
ENST00000553753.5	758	24469	23711
ENST00000553756.1	1239	1645	406
ENST00000553764.1	11807	47644	35837
ENST00000553765.2	0	1882	1882
ENST00000553766.1	0	1025	1025
ENST00000553769.6	0	7788	7788
ENST00000553772.5	380	6129	5749
ENST00000553774.2	0	1549	1549
ENST00000553778.6	35	51013	50978
ENST00000553779.5	0	15813	15813
ENST00000553780.5	25921	32008	6087
ENST00000553781.5	933	19440	18507
ENST00000553782.1	117	47687	47570
ENST00000553783.5	4441	6280	1839
ENST00000553784.5	0	3293	3293
ENST00000553787.5	2599	4485	1886
ENST00000553788.6	8680	14098	5418
ENST00000553789.5	136	4926	4790
ENST00000553795.6	789	2755	1966
ENST00000553796.5	212	56581	56369
ENST00000553797.2	948	24749	23801
ENST00000553798.5	0	192	192
ENST00000553801.1	12139	12718	579
ENST00000553802.5	0	18762	18762
ENST00000553804.6	493	26512	26019
ENST00000553805.2	208	9014	8806
ENST00000553809.5	79	25654	25575
ENST00000553810.5	42	4656	4614
ENST00000553811.1	32264	59082	26818
ENST00000553813.1	16514	24281	7767
ENST00000553819.5	31	14158	14127
ENST00000553821.3	7765	140588	132823
ENST00000553823.6	327	25213	24886
ENST00000553824.5	8978	9286	308
ENST00000553828.1	0	1105	1105
ENST00000553830.1	80	119238	119158
ENST00000553831.5	98925	106876	7951
ENST00000553834.1	251	13170	12919
ENST00000553835.5	7538	11997	4459
ENST00000553837.5	449	2656	2207
ENST00000553840.5	0	249696	249696
ENST00000553849.1	319	1511	1192
ENST00000553851.3	711	3357	2646
ENST00000553852.1	0	214	214
ENST00000553855.5	0	64960	64960
ENST00000553857.5	0	17642	17642
ENST00000553859.5	993	6216	5223
ENST00000553861.1	168	1024	856
ENST00000553863.6	1760	5487	3727
ENST00000553867.5	0	4940	4940
ENST00000553870.2	59	8678	8619
ENST00000553875.5	71	37255	37184
ENST00000553876.2	0	2087	2087
ENST00000553878.5	0	1879	1879
ENST00000553879.5	527	11107	10580
ENST00000553884.5	168	4214	4046
ENST00000553885.5	121	41565	41444
ENST00000553888.5	944	28887	27943
ENST00000553890.1	0	73900	73900
ENST00000553891.5	262	57412	57150
ENST00000553892.2	22	266531	266509
ENST00000553893.6	18514	27683	9169
ENST00000553897.5	31	10248	10217
ENST00000553899.5	18	232	214
ENST00000553903.1	0	2150	2150
ENST00000553904.1	0	326	326
ENST00000553907.1	0	6900	6900
ENST00000553908.5	75	29077	29002
ENST00000553909.1	8978	14865	5887
ENST00000553911.1	0	1190	1190
ENST00000553915.5	6742	8572	1830
ENST00000553916.6	589	221179	220590
ENST00000553918.1	0	116	116
ENST00000553924.5	148558	148650	92
ENST00000553928.5	957	26185	25228
ENST00000553930.5	307	1313	1006
ENST00000553931.5	0	816	816
ENST00000553934.1	0	196	196
ENST00000553935.6	777	9355	8578
ENST00000553936.5	12	42692	42680
ENST00000553938.5	372	36679	36307
ENST00000553939.5	1132	116805	115673
ENST00000553942.5	45	119454	119409
ENST00000553945.1	477	3683	3206
ENST00000553947.1	0	4383	4383
ENST00000553948.1	0	36100	36100
ENST00000553955.2	0	38	38
ENST00000553956.6	13	7477	7464
ENST00000553957.6	961	113202	112241
ENST00000553958.5	0	500	500
ENST00000553967.1	36	10916	10880
ENST00000553968.1	0	36	36
ENST00000553970.1	83	1476	1393
ENST00000553971.5	217	4782	4565
ENST00000553972.5	729	104549	103820
ENST00000553975.1	238	54345	54107
ENST00000553980.1	0	340	340
ENST00000553981.1	0	7852	7852
ENST00000553984.1	0	4310	4310
ENST00000553989.1	6592	7476	884
ENST00000553998.5	303	3665	3362
ENST00000554001.5	1808	3354	1546
ENST00000554002.5	0	160773	160773
ENST00000554005.1	52276	131355	79079
ENST00000554012.5	1791	4438	2647
ENST00000554015.5	17520	21796	4276
ENST00000554018.1	0	18601	18601
ENST00000554019.5	14664	52955	38291
ENST00000554021.1	217	2027	1810
ENST00000554030.2	29	2043	2014
ENST00000554031.5	0	4466	4466
ENST00000554034.5	323	10405	10082
ENST00000554035.5	237	15003	14766
ENST00000554038.5	2086	16307	14221
ENST00000554044.5	11	1525	1514
ENST00000554045.5	69	61638	61569
ENST00000554047.1	1399	2386	987
ENST00000554048.3	394	14028	13634
ENST00000554050.5	321	12054	11733
ENST00000554052.2	11	3946	3935
ENST00000554054.5	87	11119	11032
ENST00000554060.1	0	13910	13910
ENST00000554064.5	28	2815	2787
ENST00000554065.1	4002	4564	562
ENST00000554067.1	53	5904	5851
ENST00000554068.6	55	19494	19439
ENST00000554070.1	10286	10893	607
ENST00000554075.2	553	1307	754
ENST00000554080.5	0	14147	14147
ENST00000554081.5	0	462	462
ENST00000554083.1	313	3124	2811
ENST00000554085.5	28	1082	1054
ENST00000554087.5	44253	66059	21806
ENST00000554090.1	38975	76808	37833
ENST00000554091.5	12209	68154	55945
ENST00000554093.1	7945	13891	5946
ENST00000554094.5	0	3864	3864
ENST00000554101.5	165	17535	17370
ENST00000554104.5	827	6212	5385
ENST00000554107.2	0	38425	38425
ENST00000554113.5	42459	44787	2328
ENST00000554114.3	20163	81014	60851
ENST00000554118.1	0	6015	6015
ENST00000554119.5	2090	3535	1445
ENST00000554120.5	278211	297145	18934
ENST00000554131.6	11524	84181	72657
ENST00000554137.5	0	8294	8294
ENST00000554140.3	825	51972	51147
ENST00000554143.5	826	7599	6773
ENST00000554144.5	801	10159	9358
ENST00000554146.1	248	37822	37574
ENST00000554150.5	21400	35833	14433
ENST00000554152.5	1109	63973	62864
ENST00000554155.1	21366	21896	530
ENST00000554159.1	0	28644	28644
ENST00000554166.5	16298	21456	5158
ENST00000554168.5	181	455	274
ENST00000554170.1	0	2642	2642
ENST00000554171.1	187199	200898	13699
ENST00000554172.2	841	76711	75870
ENST00000554173.1	613	8566	7953
ENST00000554174.1	56	27191	27135
ENST00000554175.5	4384	6026	1642
ENST00000554179.5	0	54	54
ENST00000554180.5	7208	25513	18305
ENST00000554182.5	18722	22570	3848
ENST00000554184.5	4116	4671	555
ENST00000554188.5	0	326	326
ENST00000554189.5	3590	19076	15486
ENST00000554190.1	170	32477	32307
ENST00000554191.5	17178	18148	970
ENST00000554192.6	372	23999	23627
ENST00000554203.1	2134	2972	838
ENST00000554204.7	9159	13987	4828
ENST00000554206.1	22520	160410	137890
ENST00000554212.5	155	2188	2033
ENST00000554215.5	2005	73045	71040
ENST00000554220.5	25921	26951	1030
ENST00000554222.5	25149	36550	11401
ENST00000554224.5	3213	13876	10663
ENST00000554226.5	382	13386	13004
ENST00000554227.6	19995	24218	4223
ENST00000554228.5	25324	57441	32117
ENST00000554229.1	6230	9280	3050
ENST00000554230.5	1757	7204	5447
ENST00000554232.5	51	11846	11795
ENST00000554234.5	1631	20345	18714
ENST00000554236.5	262	21728	21466
ENST00000554237.1	493	11572	11079
ENST00000554240.5	2389	13046	10657
ENST00000554242.5	1038	3413	2375
ENST00000554247.5	3462	11055	7593
ENST00000554251.5	0	29605	29605
ENST00000554256.5	0	6397	6397
ENST00000554258.1	3331	10017	6686
ENST00000554259.6	1188	276829	275641
ENST00000554263.5	26	153483	153457
ENST00000554265.5	11959	23360	11401
ENST00000554266.6	8687	8943	256
ENST00000554268.1	3366	4854	1488
ENST00000554271.5	526	20492	19966
ENST00000554272.5	16463	26988	10525
ENST00000554276.1	5748	11835	6087
ENST00000554278.6	3154	4154	1000
ENST00000554279.5	154	10774	10620
ENST00000554280.5	25324	73299	47975
ENST00000554283.1	9	2728	2719
ENST00000554288.1	0	38552	38552
ENST00000554290.1	9000	12485	3485
ENST00000554291.5	0	776	776
ENST00000554294.1	0	28853	28853
ENST00000554301.5	163	36853	36690
ENST00000554303.1	0	3951	3951
ENST00000554308.5	9457	49890	40433
ENST00000554310.5	666	2550	1884
ENST00000554311.2	32269	37833	5564
ENST00000554316.1	1278	17644	16366
ENST00000554320.1	2914	11549	8635
ENST00000554321.1	46001	46287	286
ENST00000554324.1	0	29137	29137
ENST00000554325.1	419	850	431
ENST00000554327.6	10060	14788	4728
ENST00000554329.6	2406	4176	1770
ENST00000554335.6	789	223955	223166
ENST00000554336.5	48	10796	10748
ENST00000554339.5	22	51226	51204
ENST00000554340.1	9713	19481	9768
ENST00000554341.6	153	6154	6001
ENST00000554344.5	456	11036	10580
ENST00000554345.6	40546	59700	19154
ENST00000554346.5	36987	37285	298
ENST00000554347.1	0	4465	4465
ENST00000554350.5	17870	35939	18069
ENST00000554356.6	825	9486	8661
ENST00000554357.5	163	51306	51143
ENST00000554361.5	0	25920	25920
ENST00000554371.1	947	1149	202
ENST00000554372.5	4844	11291	6447
ENST00000554375.5	2448	27382	24934
ENST00000554379.5	1018	2879	1861
ENST00000554381.1	0	2476	2476
ENST00000554383.5	0	23555	23555
ENST00000554386.1	0	13859	13859
ENST00000554387.5	22738	29761	7023
ENST00000554390.5	0	49700	49700
ENST00000554392.5	111	28436	28325
ENST00000554394.5	0	72266	72266
ENST00000554395.1	0	10030	10030
ENST00000554396.6	75	39511	39436
ENST00000554397.5	0	14273	14273
ENST00000554398.5	0	2953	2953
ENST00000554401.1	2728	3818	1090
ENST00000554402.6	0	31789	31789
ENST00000554404.1	944	2336	1392
ENST00000554406.1	0	102	102
ENST00000554410.5	51109	51259	150
ENST00000554411.6	449	3323	2874
ENST00000554415.5	0	1423	1423
ENST00000554419.5	0	1860	1860
ENST00000554422.5	192	1126	934
ENST00000554429.5	1	1643	1642
ENST00000554435.1	26	153836	153810
ENST00000554437.6	8234	86925	78691
ENST00000554438.6	9164	13992	4828
ENST00000554439.5	19	1661	1642
ENST00000554442.5	32	74682	74650
ENST00000554444.5	11667	15082	3415
ENST00000554447.5	6596	14910	8314
ENST00000554453.5	3212	10454	7242
ENST00000554455.5	676	24554	23878
ENST00000554461.5	30965	34563	3598
ENST00000554462.1	0	25523	25523
ENST00000554463.5	1691	16682	14991
ENST00000554464.1	0	12868	12868
ENST00000554468.5	0	10445	10445
ENST00000554470.5	1123	2592	1469
ENST00000554472.5	0	2945	2945
ENST00000554473.5	392	5867	5475
ENST00000554474.5	31647	608305	576658
ENST00000554477.1	0	3005	3005
ENST00000554478.5	0	6361	6361
ENST00000554479.5	140	172849	172709
ENST00000554480.6	3154	4154	1000
ENST00000554482.1	837	13456	12619
ENST00000554483.5	0	2902	2902
ENST00000554488.5	11314	22715	11401
ENST00000554489.5	0	1779	1779
ENST00000554499.1	3851	6979	3128
ENST00000554502.5	50276	361377	311101
ENST00000554503.6	663	2439	1776
ENST00000554507.5	112	41585	41473
ENST00000554508.6	0	32523	32523
ENST00000554509.5	0	7691	7691
ENST00000554510.5	7430	143579	136149
ENST00000554511.1	0	24309	24309
ENST00000554516.5	0	5397	5397
ENST00000554517.5	40	3446	3406
ENST00000554521.6	32	80531	80499
ENST00000554531.5	0	2851	2851
ENST00000554533.5	46975	86759	39784
ENST00000554534.5	0	8644	8644
ENST00000554539.5	0	20282	20282
ENST00000554541.5	128	16732	16604
ENST00000554544.5	15551	21293	5742
ENST00000554546.5	1474	82412	80938
ENST00000554550.5	69	872	803
ENST00000554553.5	0	12457	12457
ENST00000554556.5	22271	212204	189933
ENST00000554557.5	50529	69254	18725
ENST00000554559.5	323	3534	3211
ENST00000554560.5	0	6718	6718
ENST00000554561.5	0	1849	1849
ENST00000554562.1	31	5394	5363
ENST00000554563.5	904	14967	14063
ENST00000554565.5	243	93229	92986
ENST00000554567.1	57089	57173	84
ENST00000554569.1	102	1209	1107
ENST00000554570.1	0	7110	7110
ENST00000554572.5	829	57755	56926
ENST00000554573.5	1291	89981	88690
ENST00000554575.2	0	59122	59122
ENST00000554578.5	362	6769	6407
ENST00000554580.5	60	10786	10726
ENST00000554581.5	995	24721	23726
ENST00000554582.5	3926	8501	4575
ENST00000554584.5	51	336802	336751
ENST00000554585.6	1618	23704	22086
ENST00000554589.5	315	15761	15446
ENST00000554590.5	2931	19855	16924
ENST00000554591.5	116	13323	13207
ENST00000554592.5	0	36595	36595
ENST00000554593.2	2530	7222	4692
ENST00000554596.5	2007	16706	14699
ENST00000554599.5	534	15335	14801
ENST00000554601.1	165	5330	5165
ENST00000554602.5	5080	9345	4265
ENST00000554604.5	439	2646	2207
ENST00000554605.5	0	7570	7570
ENST00000554606.5	16032	18135	2103
ENST00000554609.6	40514	59597	19083
ENST00000554610.1	148542	148808	266
ENST00000554611.5	114	11417	11303
ENST00000554612.5	39	3827	3788
ENST00000554617.1	157	1927	1770
ENST00000554618.5	0	3284	3284
ENST00000554620.5	84	18208	18124
ENST00000554626.5	0	18919	18919
ENST00000554627.5	0	39013	39013
ENST00000554633.5	5896	6410	514
ENST00000554635.1	810	1238	428
ENST00000554636.1	183	9018	8835
ENST00000554642.1	0	11352	11352
ENST00000554643.5	21404	35837	14433
ENST00000554658.5	7397	15611	8214
ENST00000554659.6	4303	28094	23791
ENST00000554661.5	456	10712	10256
ENST00000554663.5	0	1333	1333
ENST00000554667.1	73246	73522	276
ENST00000554672.6	0	12559	12559
ENST00000554673.5	2531	26063	23532
ENST00000554681.1	0	31279	31279
ENST00000554683.1	9173	13829	4656
ENST00000554684.5	1151	54481	53330
ENST00000554685.2	0	6267	6267
ENST00000554686.5	0	53966	53966
ENST00000554691.5	0	100859	100859
ENST00000554695.5	0	15776	15776
ENST00000554696.5	0	256741	256741
ENST00000554697.5	1598	7899	6301
ENST00000554698.5	301	2868	2567
ENST00000554700.1	0	6608	6608
ENST00000554703.1	6167	18961	12794
ENST00000554706.1	0	5483	5483
ENST00000554710.1	0	18	18
ENST00000554712.5	0	57666	57666
ENST00000554713.2	710	2226	1516
ENST00000554714.5	6545	19357	12812
ENST00000554715.1	8114	14983	6869
ENST00000554717.1	0	1358	1358
ENST00000554719.5	247475	1461379	1213904
ENST00000554720.1	0	632	632
ENST00000554723.5	655	10812	10157
ENST00000554724.5	2427	11514	9087
ENST00000554728.1	312	19251	18939
ENST00000554729.5	160	26535	26375
ENST00000554731.1	12240	17811	5571
ENST00000554736.5	89355	105571	16216
ENST00000554738.5	703	1615411	1614708
ENST00000554739.5	27053	27189	136
ENST00000554740.1	0	38498	38498
ENST00000554741.5	0	262	262
ENST00000554743.1	1329	1873	544
ENST00000554746.1	91287	95245	3958
ENST00000554748.2	0	1383	1383
ENST00000554751.5	451	3413	2962
ENST00000554752.7	7857	89945	82088
ENST00000554756.1	2045	4339	2294
ENST00000554758.1	0	986	986
ENST00000554762.5	0	97402	97402
ENST00000554763.2	933	8715	7782
ENST00000554764.6	12313	12539	226
ENST00000554766.5	37191	50595	13404
ENST00000554768.6	27053	72531	45478
ENST00000554772.5	0	8952	8952
ENST00000554775.5	463	22308	21845
ENST00000554776.5	0	15461	15461
ENST00000554778.1	37857	46430	8573
ENST00000554779.1	155	4815	4660
ENST00000554781.5	11044	17598	6554
ENST00000554782.1	6112	104104	97992
ENST00000554788.5	538	3749	3211
ENST00000554789.1	464	2746	2282
ENST00000554791.5	148	28208	28060
ENST00000554792.1	0	20406	20406
ENST00000554794.1	78	28320	28242
ENST00000554795.1	511	17442	16931
ENST00000554797.3	326	4715	4389
ENST00000554799.1	10199	25554	15355
ENST00000554801.2	0	16850	16850
ENST00000554802.1	0	22177	22177
ENST00000554803.5	14028	17057	3029
ENST00000554804.1	0	38403	38403
ENST00000554806.5	0	17357	17357
ENST00000554809.6	0	37502	37502
ENST00000554818.5	0	32820	32820
ENST00000554820.5	0	7678	7678
ENST00000554823.1	1644	4561	2917
ENST00000554824.5	1303	4229	2926
ENST00000554827.5	918	75660	74742
ENST00000554830.2	0	1532	1532
ENST00000554833.5	0	1499	1499
ENST00000554842.1	0	816	816
ENST00000554845.2	3	4609	4606
ENST00000554846.5	6139	6849	710
ENST00000554848.5	3	23729	23726
ENST00000554863.1	0	3634	3634
ENST00000554864.7	162619	236813	74194
ENST00000554865.1	3822	7001	3179
ENST00000554866.5	5969	12056	6087
ENST00000554867.5	0	3660	3660
ENST00000554868.1	6719	8286	1567
ENST00000554869.5	246	9069	8823
ENST00000554871.5	13895	51359	37464
ENST00000554873.5	225	40363	40138
ENST00000554875.1	1105	38963	37858
ENST00000554876.5	0	16055	16055
ENST00000554877.1	0	1931	1931
ENST00000554880.5	379	3070	2691
ENST00000554882.6	813	112762	111949
ENST00000554886.1	31419	53377	21958
ENST00000554890.1	101	9067	8966
ENST00000554891.5	0	21462	21462
ENST00000554893.5	0	1500	1500
ENST00000554897.5	30	833	803
ENST00000554899.5	15574	26975	11401
ENST00000554901.1	299	62931	62632
ENST00000554903.1	271	2186	1915
ENST00000554908.5	6961	14554	7593
ENST00000554910.5	0	2827	2827
ENST00000554912.1	1170	2590	1420
ENST00000554913.5	1192	14509	13317
ENST00000554914.1	342	115671	115329
ENST00000554917.5	0	477	477
ENST00000554919.5	0	14273	14273
ENST00000554920.5	25	13375	13350
ENST00000554922.6	3390	185959	182569
ENST00000554923.1	0	1865	1865
ENST00000554924.1	10	1243	1233
ENST00000554932.1	0	12	12
ENST00000554938.2	19	114283	114264
ENST00000554942.5	16708	27275	10567
ENST00000554943.6	1254	54623	53369
ENST00000554951.6	169	4997	4828
ENST00000554953.1	0	478	478
ENST00000554961.5	84	22441	22357
ENST00000554963.5	222	20118	19896
ENST00000554964.5	362	1590	1228
ENST00000554966.5	82	12852	12770
ENST00000554968.1	0	1363	1363
ENST00000554969.5	692	24531	23839
ENST00000554970.1	487	2984	2497
ENST00000554974.5	62	1203	1141
ENST00000554975.5	473	2850	2377
ENST00000554976.5	8176	10496	2320
ENST00000554986.2	1590	13858	12268
ENST00000554989.1	1597	1711	114
ENST00000554991.5	0	22194	22194
ENST00000554994.5	12258	36058	23800
ENST00000554996.5	49	65490	65441
ENST00000554998.5	4492	155231	150739
ENST00000554999.5	0	157500	157500
ENST00000555000.5	96156	139947	43791
ENST00000555002.6	56145	393125	336980
ENST00000555003.6	3033	10576	7543
ENST00000555004.3	139	47617	47478
ENST00000555005.5	61551	150363	88812
ENST00000555006.5	3	4585	4582
ENST00000555008.5	1223	29784	28561
ENST00000555009.5	909	17511	16602
ENST00000555012.1	0	9281	9281
ENST00000555017.5	0	5048	5048
ENST00000555018.3	0	27703	27703
ENST00000555019.6	493	32269	31776
ENST00000555025.5	4715	5425	710
ENST00000555026.5	0	5666	5666
ENST00000555027.1	51	14573	14522
ENST00000555028.7	19	114348	114329
ENST00000555029.5	0	36863	36863
ENST00000555030.5	1667	3183	1516
ENST00000555031.5	0	7492	7492
ENST00000555034.5	0	558	558
ENST00000555038.5	124	6948	6824
ENST00000555039.1	0	1376	1376
ENST00000555040.5	0	8385	8385
ENST00000555042.5	11492	33769	22277
ENST00000555044.6	5317	46102	40785
ENST00000555046.1	0	13714	13714
ENST00000555048.5	76	42736	42660
ENST00000555049.5	11254	54380	43126
ENST00000555053.5	92	40192	40100
ENST00000555054.1	229	31088	30859
ENST00000555055.6	1184	14501	13317
ENST00000555056.1	5687	11232	5545
ENST00000555057.5	36	17404	17368
ENST00000555058.5	16351	28144	11793
ENST00000555059.2	553	4165	3612
ENST00000555060.1	1420	1514	94
ENST00000555061.5	163	3335	3172
ENST00000555064.5	115	11544	11429
ENST00000555066.1	0	43473	43473
ENST00000555072.1	3	12049	12046
ENST00000555074.1	258	36560	36302
ENST00000555075.5	76	8528	8452
ENST00000555076.1	66	23500	23434
ENST00000555079.1	0	12926	12926
ENST00000555082.5	120503	228718	108215
ENST00000555083.5	143	510194	510051
ENST00000555089.5	13	9396	9383
ENST00000555090.5	5415	6125	710
ENST00000555092.1	0	2450	2450
ENST00000555095.5	2041	9427	7386
ENST00000555096.5	64	72361	72297
ENST00000555097.1	0	1231	1231
ENST00000555098.5	0	470	470
ENST00000555099.1	32	1884	1852
ENST00000555100.1	5812	34222	28410
ENST00000555101.1	267	2212	1945
ENST00000555104.5	1415	1641	226
ENST00000555113.5	0	8389	8389
ENST00000555116.5	465	1564	1099
ENST00000555117.2	380	21885	21505
ENST00000555119.1	9106	25131	16025
ENST00000555120.1	4461	8858	4397
ENST00000555123.5	2200	29205	27005
ENST00000555124.1	0	2713	2713
ENST00000555125.1	11	78923	78912
ENST00000555126.1	230	9197	8967
ENST00000555128.6	1190	6809	5619
ENST00000555133.5	4823	11981	7158
ENST00000555135.1	391	3888	3497
ENST00000555137.5	0	21717	21717
ENST00000555142.5	0	3220	3220
ENST00000555144.5	13857	24416	10559
ENST00000555145.5	84	141267	141183
ENST00000555147.2	397	2297	1900
ENST00000555148.5	38273	60232	21959
ENST00000555152.1	0	9388	9388
ENST00000555155.5	1854	8000	6146
ENST00000555158.5	827	7600	6773
ENST00000555159.5	21692	36125	14433
ENST00000555163.2	0	2391	2391
ENST00000555166.5	6211	19278	13067
ENST00000555167.1	392	5427	5035
ENST00000555169.1	271	13906	13635
ENST00000555175.1	0	5944	5944
ENST00000555176.5	0	4210	4210
ENST00000555178.5	6543	24760	18217
ENST00000555179.1	6779	15338	8559
ENST00000555181.6	18722	22570	3848
ENST00000555182.5	13784	70621	56837
ENST00000555185.5	297961	343476	45515
ENST00000555188.5	6461	10076	3615
ENST00000555192.1	5379	35135	29756
ENST00000555193.1	0	634	634
ENST00000555196.5	2935	5137	2202
ENST00000555197.1	0	8554	8554
ENST00000555200.1	6533	14787	8254
ENST00000555201.1	0	3748	3748
ENST00000555202.1	311	2958	2647
ENST00000555206.5	487	16336	15849
ENST00000555209.5	1088	4904	3816
ENST00000555210.1	0	21231	21231
ENST00000555211.6	1416	36742	35326
ENST00000555215.5	0	21789	21789
ENST00000555216.5	0	11387	11387
ENST00000555218.5	5342	23324	17982
ENST00000555219.1	117	10090	9973
ENST00000555220.5	448	41683	41235
ENST00000555223.5	1635	5146	3511
ENST00000555225.5	0	572	572
ENST00000555228.5	7019	33374	26355
ENST00000555229.5	76	15628	15552
ENST00000555230.5	362	1590	1228
ENST00000555237.5	0	15169	15169
ENST00000555238.6	1365	82478	81113
ENST00000555239.5	33368	70043	36675
ENST00000555241.5	6099	12488	6389
ENST00000555242.1	6	2242	2236
ENST00000555243.1	0	46574	46574
ENST00000555244.1	0	6869	6869
ENST00000555247.5	3056	4798	1742
ENST00000555248.2	4575	7304	2729
ENST00000555249.1	0	2611	2611
ENST00000555251.1	0	732	732
ENST00000555254.5	11564	37702	26138
ENST00000555259.5	28	21416	21388
ENST00000555260.1	0	288	288
ENST00000555264.6	29	2134	2105
ENST00000555265.6	1003	423327	422324
ENST00000555266.1	0	7640	7640
ENST00000555269.5	9364	20125	10761
ENST00000555270.5	0	1560	1560
ENST00000555276.5	0	3043	3043
ENST00000555278.5	440	56967	56527
ENST00000555280.1	4	3464	3460
ENST00000555283.1	0	6669	6669
ENST00000555287.1	0	3757	3757
ENST00000555288.1	0	442	442
ENST00000555295.1	0	1134	1134
ENST00000555307.5	0	72266	72266
ENST00000555308.1	161	3112	2951
ENST00000555309.5	613	24488	23875
ENST00000555312.1	7510	15550	8040
ENST00000555318.1	0	3148	3148
ENST00000555321.1	16779	16981	202
ENST00000555322.5	0	152	152
ENST00000555326.5	52	132626	132574
ENST00000555327.1	0	242	242
ENST00000555329.1	0	8717	8717
ENST00000555330.5	8841	25844	17003
ENST00000555331.1	1667	8574	6907
ENST00000555334.1	0	1478	1478
ENST00000555336.6	0	10964	10964
ENST00000555337.5	69	15464	15395
ENST00000555338.5	42964	43803	839
ENST00000555339.5	1	11695	11694
ENST00000555340.6	0	3676	3676
ENST00000555341.5	16279	21447	5168
ENST00000555343.2	6394	11930	5536
ENST00000555345.5	3543	4613	1070
ENST00000555347.1	418	1922	1504
ENST00000555349.5	217	1685	1468
ENST00000555352.2	7989	10632	2643
ENST00000555353.5	55	251513	251458
ENST00000555355.5	0	770	770
ENST00000555356.5	146	420	274
ENST00000555357.1	178	410	232
ENST00000555358.5	16830	131828	114998
ENST00000555360.1	602	3132	2530
ENST00000555365.5	184	938	754
ENST00000555367.5	267	9839	9572
ENST00000555373.1	307	11788	11481
ENST00000555381.5	0	36390	36390
ENST00000555384.5	0	3943	3943
ENST00000555386.6	11569	76517	64948
ENST00000555387.1	29	574569	574540
ENST00000555389.1	0	656	656
ENST00000555393.5	2251	3383	1132
ENST00000555394.5	908	81878	80970
ENST00000555397.1	0	58343	58343
ENST00000555401.5	129	41168	41039
ENST00000555404.5	3	3175	3172
ENST00000555408.5	209	441	232
ENST00000555409.1	186	86210	86024
ENST00000555410.5	0	15151	15151
ENST00000555414.5	455	3264	2809
ENST00000555416.6	36298	62689	26391
ENST00000555417.6	39554	66816	27262
ENST00000555419.5	393	26621	26228
ENST00000555420.1	0	1866	1866
ENST00000555423.5	57	30409	30352
ENST00000555424.1	283	41482	41199
ENST00000555425.5	0	3212	3212
ENST00000555427.1	5841	8511	2670
ENST00000555429.1	3319	11957	8638
ENST00000555431.5	373	13002	12629
ENST00000555434.1	0	71312	71312
ENST00000555436.1	187	3739	3552
ENST00000555437.5	7583	15526	7943
ENST00000555441.5	70	1683	1613
ENST00000555443.5	301	12280	11979
ENST00000555445.5	154	36796	36642
ENST00000555447.5	1129	140480	139351
ENST00000555448.5	289	11320	11031
ENST00000555449.5	2233	494803	492570
ENST00000555452.1	497	61822	61325
ENST00000555453.5	146	11195	11049
ENST00000555454.5	240	3894	3654
ENST00000555455.5	117	10969	10852
ENST00000555456.1	0	235085	235085
ENST00000555458.6	197	24639	24442
ENST00000555462.5	623	53277	52654
ENST00000555463.1	210	16438	16228
ENST00000555470.1	0	6644	6644
ENST00000555472.5	90037	106253	16216
ENST00000555474.5	553	22066	21513
ENST00000555476.5	0	13607	13607
ENST00000555484.2	0	20180	20180
ENST00000555489.5	0	2948	2948
ENST00000555491.5	59	14709	14650
ENST00000555492.5	51	9510	9459
ENST00000555495.5	1702	54902	53200
ENST00000555497.5	89	26085	25996
ENST00000555498.5	31795	32243	448
ENST00000555503.1	0	56611	56611
ENST00000555504.1	123	24630	24507
ENST00000555507.5	0	18830	18830
ENST00000555515.5	141	29238	29097
ENST00000555516.6	0	6027	6027
ENST00000555517.1	153	2096	1943
ENST00000555523.6	15628	21563	5935
ENST00000555525.1	787	9810	9023
ENST00000555528.5	973	24699	23726
ENST00000555529.5	0	17106	17106
ENST00000555530.5	0	4654	4654
ENST00000555531.1	17163	27001	9838
ENST00000555533.6	9	2677	2668
ENST00000555534.5	170	29822	29652
ENST00000555536.1	3389	4380	991
ENST00000555542.5	162214	162302	88
ENST00000555543.1	3351	18154	14803
ENST00000555547.5	971	2781	1810
ENST00000555553.5	0	157503	157503
ENST00000555557.5	17933	47431	29498
ENST00000555559.5	149628	149870	242
ENST00000555563.5	30	2245	2215
ENST00000555566.1	0	8270	8270
ENST00000555567.6	875	13911	13036
ENST00000555568.5	21054	21262	208
ENST00000555570.1	22	6476	6454
ENST00000555571.5	32175	631247	599072
ENST00000555572.1	738	18833	18095
ENST00000555573.5	234	23816	23582
ENST00000555575.5	0	636	636
ENST00000555576.5	57	15479	15422
ENST00000555583.1	2932	3516	584
ENST00000555587.5	0	32119	32119
ENST00000555589.5	140	138278	138138
ENST00000555590.5	82	13176	13094
ENST00000555592.1	0	9227	9227
ENST00000555593.5	389	3561	3172
ENST00000555597.1	10590	11470	880
ENST00000555598.1	0	20945	20945
ENST00000555603.1	0	16819	16819
ENST00000555609.5	43	9482	9439
ENST00000555610.1	167	28924	28757
ENST00000555611.5	7427	15411	7984
ENST00000555612.5	0	70694	70694
ENST00000555614.5	0	16166	16166
ENST00000555615.1	0	10774	10774
ENST00000555616.5	0	34061	34061
ENST00000555617.5	6993	10423	3430
ENST00000555619.6	337	13782	13445
ENST00000555622.1	0	79449	79449
ENST00000555625.5	1946	12836	10890
ENST00000555630.5	8938	23084	14146
ENST00000555631.6	13931	44934	31003
ENST00000555632.5	95254	225965	130711
ENST00000555633.3	1535	3203	1668
ENST00000555634.5	2162	4784	2622
ENST00000555638.5	26339	27339	1000
ENST00000555639.2	4419	5721	1302
ENST00000555640.6	9	2677	2668
ENST00000555644.5	423	14876	14453
ENST00000555645.5	78	12125	12047
ENST00000555646.1	945	1491	546
ENST00000555647.5	1374	17535	16161
ENST00000555648.1	0	24311	24311
ENST00000555657.5	0	2866	2866
ENST00000555660.5	0	7885	7885
ENST00000555661.6	7032	33387	26355
ENST00000555664.5	693	284303	283610
ENST00000555667.5	114	25316	25202
ENST00000555668.5	21	200997	200976
ENST00000555670.1	433	5081	4648
ENST00000555672.1	408	1911	1503
ENST00000555674.1	191	1164	973
ENST00000555676.5	0	5442	5442
ENST00000555681.1	5892	6756	864
ENST00000555686.1	435	2573	2138
ENST00000555687.5	3121	12453	9332
ENST00000555691.1	0	2073	2073
ENST00000555692.5	0	35152	35152
ENST00000555694.5	204	10605	10401
ENST00000555695.5	2177	4079	1902
ENST00000555696.5	54	11483	11429
ENST00000555697.1	0	480	480
ENST00000555698.5	207	901	694
ENST00000555699.5	459	30084	29625
ENST00000555702.5	391	41700	41309
ENST00000555703.4	2850	8966	6116
ENST00000555704.5	90	7248	7158
ENST00000555705.1	9946	10598	652
ENST00000555706.5	19300	58491	39191
ENST00000555709.7	117	31983	31866
ENST00000555710.1	1482	2881	1399
ENST00000555711.6	8696	8991	295
ENST00000555715.5	146	6079	5933
ENST00000555716.5	104	29229	29125
ENST00000555720.5	2098	34382	32284
ENST00000555722.5	0	390	390
ENST00000555723.5	163	14733	14570
ENST00000555726.5	14023	25404	11381
ENST00000555727.5	12989	44458	31469
ENST00000555728.5	358	26496	26138
ENST00000555729.3	0	9858	9858
ENST00000555730.6	7189	45929	38740
ENST00000555731.5	189	2770	2581
ENST00000555733.5	0	4265	4265
ENST00000555734.5	0	40313	40313
ENST00000555738.6	32	80677	80645
ENST00000555739.5	339	12318	11979
ENST00000555740.5	0	16794	16794
ENST00000555746.6	14019	47785	33766
ENST00000555748.5	173	11602	11429
ENST00000555750.2	3696	9139	5443
ENST00000555751.1	0	1527	1527
ENST00000555755.5	96	50883	50787
ENST00000555756.2	0	8752	8752
ENST00000555757.1	2546	6214	3668
ENST00000555760.6	725	8219	7494
ENST00000555761.5	113	44874	44761
ENST00000555764.5	16529	25348	8819
ENST00000555765.5	16	1105	1089
ENST00000555767.5	1293	2991	1698
ENST00000555773.5	479	2005	1526
ENST00000555774.5	473	1572	1099
ENST00000555780.1	0	1323	1323
ENST00000555784.5	0	481096	481096
ENST00000555792.1	0	4912	4912
ENST00000555794.2	1022	26012	24990
ENST00000555799.5	5036	10510	5474
ENST00000555802.1	2251	4147	1896
ENST00000555803.5	3319	10810	7491
ENST00000555804.2	3	4585	4582
ENST00000555805.5	21692	36125	14433
ENST00000555806.5	10424	17860	7436
ENST00000555809.1	2102	11271	9169
ENST00000555810.5	12126	14409	2283
ENST00000555813.5	0	7542	7542
ENST00000555814.1	14556	14776	220
ENST00000555815.7	632	188860	188228
ENST00000555816.5	22381	35850	13469
ENST00000555818.5	58548	215224	156676
ENST00000555820.1	2052	7993	5941
ENST00000555822.5	162	2195	2033
ENST00000555823.1	0	9016	9016
ENST00000555824.5	639	35831	35192
ENST00000555829.5	452	12085	11633
ENST00000555833.5	1691	21461	19770
ENST00000555835.3	14812	15692	880
ENST00000555836.5	25328	73361	48033
ENST00000555839.5	407	2851	2444
ENST00000555840.5	632	60766	60134
ENST00000555841.5	182	1374	1192
ENST00000555842.1	11253	14448	3195
ENST00000555844.1	3475	8602	5127
ENST00000555846.2	15806	18444	2638
ENST00000555849.5	0	2059	2059
ENST00000555855.5	0	62370	62370
ENST00000555856.1	0	9889	9889
ENST00000555859.5	0	72166	72166
ENST00000555868.2	2725	4829	2104
ENST00000555869.5	0	4324	4324
ENST00000555870.5	68975	302450	233475
ENST00000555872.5	2099	159621	157522
ENST00000555873.1	4624	42534	37910
ENST00000555874.5	21	9327	9306
ENST00000555876.1	0	18504	18504
ENST00000555877.5	0	5319	5319
ENST00000555879.5	31	53834	53803
ENST00000555880.5	10	81774	81764
ENST00000555881.5	176	11457	11281
ENST00000555883.5	293	24003	23710
ENST00000555885.1	0	1292	1292
ENST00000555886.5	2052	3497	1445
ENST00000555890.5	0	2579	2579
ENST00000555892.5	66	21169	21103
ENST00000555894.5	99	77472	77373
ENST00000555895.5	91	18534	18443
ENST00000555899.1	251	165297	165046
ENST00000555900.5	312	18638	18326
ENST00000555904.1	109	2952	2843
ENST00000555905.5	0	9780	9780
ENST00000555906.5	162018	168319	6301
ENST00000555910.5	1104	1954	850
ENST00000555911.2	367	41676	41309
ENST00000555914.5	613	24449	23836
ENST00000555915.1	3802	9293	5491
ENST00000555919.7	13905	42404	28499
ENST00000555921.1	0	10420	10420
ENST00000555925.5	37850	93440	55590
ENST00000555927.5	56	1476	1420
ENST00000555929.1	0	7316	7316
ENST00000555930.6	58	3146	3088
ENST00000555931.5	48	7467	7419
ENST00000555932.5	1296	27425	26129
ENST00000555935.2	15	29704	29689
ENST00000555938.1	12	20392	20380
ENST00000555943.1	612	1199	587
ENST00000555944.5	24558	24766	208
ENST00000555948.5	1264	9035	7771
ENST00000555959.1	0	180	180
ENST00000555960.5	1179	32166	30987
ENST00000555962.6	5353	7809	2456
ENST00000555964.5	0	4287	4287
ENST00000555970.5	0	70762	70762
ENST00000555978.5	1535	3203	1668
ENST00000555981.6	183	7714	7531
ENST00000555982.5	23530	27148	3618
ENST00000555986.5	258	9830	9572
ENST00000555987.5	0	63201	63201
ENST00000555988.1	0	4552	4552
ENST00000555993.6	732	82861	82129
ENST00000555994.6	3154	4154	1000
ENST00000555998.5	0	296	296
ENST00000556000.5	0	41639	41639
ENST00000556001.5	4396	6848	2452
ENST00000556005.1	1336	31379	30043
ENST00000556006.6	131	51775	51644
ENST00000556007.6	373	3476	3103
ENST00000556008.5	0	6212	6212
ENST00000556009.5	181	14594	14413
ENST00000556011.6	11573	23838	12265
ENST00000556015.5	487	2769	2282
ENST00000556018.5	280	32214	31934
ENST00000556028.5	17	3556	3539
ENST00000556029.6	278	33618	33340
ENST00000556036.6	100	33232	33132
ENST00000556039.5	14547	52838	38291
ENST00000556042.5	0	12016	12016
ENST00000556043.5	0	1974	1974
ENST00000556045.6	2150	48337	46187
ENST00000556046.5	1388	5011	3623
ENST00000556048.5	18862	59349	40487
ENST00000556051.1	39	2587	2548
ENST00000556054.5	399	2346	1947
ENST00000556058.5	4063	16580	12517
ENST00000556061.5	7003	90418	83415
ENST00000556062.5	0	4506	4506
ENST00000556063.1	0	49056	49056
ENST00000556064.1	5392	5536	144
ENST00000556067.1	0	3080	3080
ENST00000556076.5	203	4524	4321
ENST00000556077.5	555	17918	17363
ENST00000556082.6	22305	35774	13469
ENST00000556091.1	0	936	936
ENST00000556092.5	0	4878	4878
ENST00000556093.1	0	615	615
ENST00000556094.1	9	55094	55085
ENST00000556095.5	18691	22539	3848
ENST00000556097.5	1087	21789	20702
ENST00000556100.3	916	2687	1771
ENST00000556102.6	66	21868	21802
ENST00000556109.1	2445	3549	1104
ENST00000556110.5	0	3520	3520
ENST00000556111.1	29416	56031	26615
ENST00000556113.1	102	11573	11471
ENST00000556117.1	0	16994	16994
ENST00000556119.5	7285	10715	3430
ENST00000556126.2	1134	1504	370
ENST00000556131.2	2618	12920	10302
ENST00000556135.1	74779	102908	28129
ENST00000556141.1	2038	3428	1390
ENST00000556142.5	744	24334	23590
ENST00000556143.6	1434	57377	55943
ENST00000556147.6	827	7641	6814
ENST00000556148.5	12061	85016	72955
ENST00000556154.5	184	78119	77935
ENST00000556155.5	234	14457	14223
ENST00000556156.1	1990	3435	1445
ENST00000556158.5	4865	10426	5561
ENST00000556160.5	5118	9533	4415
ENST00000556161.1	10	1099	1089
ENST00000556162.6	47073	67513	20440
ENST00000556164.5	82093	88384	6291
ENST00000556169.5	160	10885	10725
ENST00000556171.1	0	5653	5653
ENST00000556172.1	0	723	723
ENST00000556174.5	0	958	958
ENST00000556178.5	71095	106684	35589
ENST00000556179.5	902	3706	2804
ENST00000556188.6	825	32550	31725
ENST00000556189.5	23211	35138	11927
ENST00000556191.5	12439	13277	838
ENST00000556195.2	2049	6031	3982
ENST00000556196.6	112798	215770	102972
ENST00000556198.2	8404	8700	296
ENST00000556199.1	77175	92160	14985
ENST00000556202.5	0	14816	14816
ENST00000556206.1	0	3794	3794
ENST00000556208.5	362	3075	2713
ENST00000556209.5	0	7584	7584
ENST00000556210.1	0	435418	435418
ENST00000556220.5	0	36277	36277
ENST00000556221.1	0	6720	6720
ENST00000556222.2	942	2692	1750
ENST00000556223.1	6591	24027	17436
ENST00000556224.6	185	34150	33965
ENST00000556226.5	0	4236	4236
ENST00000556230.2	93	2934	2841
ENST00000556232.6	40550	55223	14673
ENST00000556239.5	0	502	502
ENST00000556240.1	0	895	895
ENST00000556242.5	866	2149	1283
ENST00000556243.5	7	7224	7217
ENST00000556244.1	0	477	477
ENST00000556246.3	3	1891	1888
ENST00000556249.1	0	2817	2817
ENST00000556250.6	102	69990	69888
ENST00000556253.6	15	24870	24855
ENST00000556257.5	298	36687	36389
ENST00000556259.5	0	2005	2005
ENST00000556260.6	24	3595	3571
ENST00000556273.5	246	14658	14412
ENST00000556274.5	22378	35847	13469
ENST00000556275.5	688	200284	199596
ENST00000556278.1	60	11302	11242
ENST00000556279.5	119	13025	12906
ENST00000556282.1	0	83412	83412
ENST00000556285.1	253	18753	18500
ENST00000556287.5	2280	41098	38818
ENST00000556288.5	22378	35847	13469
ENST00000556295.5	0	7510	7510
ENST00000556298.1	0	776	776
ENST00000556306.1	10662	11607	945
ENST00000556307.5	106	14356	14250
ENST00000556309.5	2583	14773	12190
ENST00000556310.1	0	26012	26012
ENST00000556313.1	0	7570	7570
ENST00000556314.2	20	6507	6487
ENST00000556315.6	22305	35771	13466
ENST00000556318.1	0	2720	2720
ENST00000556320.1	583	2927	2344
ENST00000556326.5	20912	21402	490
ENST00000556329.6	0	2952	2952
ENST00000556333.1	0	1164	1164
ENST00000556336.5	38	66082	66044
ENST00000556338.5	0	7870	7870
ENST00000556345.6	37748	38490	742
ENST00000556347.1	0	128921	128921
ENST00000556348.1	0	56847	56847
ENST00000556350.1	0	3097	3097
ENST00000556351.6	8685	9305	620
ENST00000556358.5	0	7069	7069
ENST00000556360.1	0	1752	1752
ENST00000556362.1	0	6796	6796
ENST00000556366.5	0	4768	4768
ENST00000556367.6	157	3242	3085
ENST00000556369.1	0	3299	3299
ENST00000556372.2	0	34014	34014
ENST00000556374.5	22378	35951	13573
ENST00000556375.5	0	52813	52813
ENST00000556376.6	725	8219	7494
ENST00000556377.1	0	2833	2833
ENST00000556380.3	13605	25836	12231
ENST00000556381.5	16298	20942	4644
ENST00000556392.5	90	17470	17380
ENST00000556394.2	2412	47488	45076
ENST00000556396.5	5368	9943	4575
ENST00000556399.5	106	6909	6803
ENST00000556402.6	8680	8936	256
ENST00000556406.5	0	38960	38960
ENST00000556412.4	105	31418	31313
ENST00000556414.7	2477	67523	65046
ENST00000556415.1	141	4634	4493
ENST00000556418.1	0	33981	33981
ENST00000556419.5	0	64	64
ENST00000556420.5	0	3260	3260
ENST00000556422.5	24319	46513	22194
ENST00000556428.5	37181	43475	6294
ENST00000556433.5	0	85366	85366
ENST00000556435.5	0	8526	8526
ENST00000556437.5	31560	630685	599125
ENST00000556440.7	121	33242	33121
ENST00000556441.1	36	2025	1989
ENST00000556443.5	32	24937	24905
ENST00000556450.5	1702	4349	2647
ENST00000556451.5	68984	348903	279919
ENST00000556452.1	3308	30452	27144
ENST00000556453.5	9306	23946	14640
ENST00000556455.1	0	1144	1144
ENST00000556457.5	0	2903	2903
ENST00000556459.1	0	17631	17631
ENST00000556460.5	63	9508	9445
ENST00000556461.1	2224	8888	6664
ENST00000556465.5	3	4537	4534
ENST00000556467.5	8929	45448	36519
ENST00000556470.1	32736	58273	25537
ENST00000556478.3	27757	101473	73716
ENST00000556483.5	0	8752	8752
ENST00000556488.5	3929	5005	1076
ENST00000556489.4	2102	12573	10471
ENST00000556492.6	372	20009	19637
ENST00000556498.1	4822	5790	968
ENST00000556500.1	0	974	974
ENST00000556504.5	0	15785	15785
ENST00000556505.5	600	2020	1420
ENST00000556506.1	4	25399	25395
ENST00000556508.5	12620	34216	21596
ENST00000556509.6	10266	286177	275911
ENST00000556510.1	507	1843	1336
ENST00000556511.2	0	71475	71475
ENST00000556513.5	357	23947	23590
ENST00000556514.5	42961	43177	216
ENST00000556517.1	396	4599	4203
ENST00000556518.5	149701	149877	176
ENST00000556522.5	1544	124563	123019
ENST00000556523.1	0	398	398
ENST00000556526.1	90	970	880
ENST00000556529.4	16562	17310	748
ENST00000556530.1	50	2625	2575
ENST00000556531.6	3033	10488	7455
ENST00000556532.1	345	6064	5719
ENST00000556533.5	11585	34838	23253
ENST00000556535.5	672	4811	4139
ENST00000556536.5	60	11594	11534
ENST00000556545.1	0	2015	2015
ENST00000556549.1	0	994	994
ENST00000556551.2	6892	40972	34080
ENST00000556553.5	895	55185	54290
ENST00000556561.5	0	1794	1794
ENST00000556563.5	0	4130	4130
ENST00000556564.6	2362	88143	85781
ENST00000556565.5	11602	13027	1425
ENST00000556566.1	163	3756	3593
ENST00000556571.1	0	68403	68403
ENST00000556572.1	34	35414	35380
ENST00000556573.6	2618	14572	11954
ENST00000556575.5	63	4327	4264
ENST00000556577.1	0	23607	23607
ENST00000556585.3	278	2834	2556
ENST00000556590.1	176	16791	16615
ENST00000556594.1	22759	82285	59526
ENST00000556597.1	2377	14631	12254
ENST00000556599.1	0	3650	3650
ENST00000556601.5	15240	39947	24707
ENST00000556603.6	1811	176642	174831
ENST00000556605.5	680	63698	63018
ENST00000556607.1	9252	39969	30717
ENST00000556609.5	109	157135	157026
ENST00000556610.5	3	13300	13297
ENST00000556611.5	13703	82475	68772
ENST00000556614.6	725	8219	7494
ENST00000556615.5	49976	71114	21138
ENST00000556616.5	0	3671	3671
ENST00000556618.1	939	7091	6152
ENST00000556619.5	51	25987	25936
ENST00000556621.5	784	3168	2384
ENST00000556623.1	254	1194	940
ENST00000556627.5	131	10713	10582
ENST00000556628.5	303	23942	23639
ENST00000556633.5	21	316120	316099
ENST00000556636.5	727	6237	5510
ENST00000556638.1	50308	50588	280
ENST00000556639.5	120296	125009	4713
ENST00000556645.5	385	28685	28300
ENST00000556650.5	21400	21850	450
ENST00000556651.5	23	28882	28859
ENST00000556658.1	45	8375	8330
ENST00000556659.5	5317	10038	4721
ENST00000556660.5	0	8894	8894
ENST00000556661.5	0	6562	6562
ENST00000556663.5	718	21097	20379
ENST00000556670.6	16	8227	8211
ENST00000556671.5	12558	35939	23381
ENST00000556672.1	159	7137	6978
ENST00000556674.2	1074	24006	22932
ENST00000556678.1	0	20522	20522
ENST00000556682.5	0	2740	2740
ENST00000556683.1	43	5421	5378
ENST00000556688.5	0	2901	2901
ENST00000556689.5	55	3805	3750
ENST00000556690.5	155	116508	116353
ENST00000556695.5	0	7514	7514
ENST00000556698.5	0	15108	15108
ENST00000556699.2	22	40602	40580
ENST00000556710.6	65596	67778	2182
ENST00000556712.6	17905	44312	26407
ENST00000556714.5	57444	108391	50947
ENST00000556715.6	3146	13809	10663
ENST00000556726.5	14350	18397	4047
ENST00000556727.1	13	1161	1148
ENST00000556728.1	129	47607	47478
ENST00000556731.5	0	1282	1282
ENST00000556732.1	597	2281	1684
ENST00000556733.1	0	1320	1320
ENST00000556735.1	0	2595	2595
ENST00000556737.1	130	1642	1512
ENST00000556742.1	3	73316	73313
ENST00000556744.2	638	120180	119542
ENST00000556748.5	64	7960	7896
ENST00000556752.2	73087	89303	16216
ENST00000556753.5	49802	71086	21284
ENST00000556755.1	0	132	132
ENST00000556756.1	67	1034	967
ENST00000556759.5	392	6191	5799
ENST00000556760.5	25	15362	15337
ENST00000556765.1	7671	18432	10761
ENST00000556766.6	90067	106283	16216
ENST00000556768.5	20	21221	21201
ENST00000556772.5	1363	19048	17685
ENST00000556775.5	5966	9410	3444
ENST00000556776.1	0	50	50
ENST00000556778.5	255598	266080	10482
ENST00000556783.5	5417	8649	3232
ENST00000556792.5	1354	3673	2319
ENST00000556794.5	935	7019	6084
ENST00000556797.1	634	5551	4917
ENST00000556799.1	0	6983	6983
ENST00000556807.1	31	84544	84513
ENST00000556810.5	3179	97768	94589
ENST00000556811.5	3125	8981	5856
ENST00000556813.1	0	17589	17589
ENST00000556814.5	30	3068	3038
ENST00000556816.6	10	1690	1680
ENST00000556821.5	671	4268	3597
ENST00000556823.1	0	5579	5579
ENST00000556824.5	0	11299	11299
ENST00000556825.5	206	2421	2215
ENST00000556826.6	218	303352	303134
ENST00000556831.5	0	8074	8074
ENST00000556835.5	58195	86153	27958
ENST00000556840.5	3517	4587	1070
ENST00000556842.5	796	9374	8578
ENST00000556843.1	0	1382	1382
ENST00000556847.5	58	71098	71040
ENST00000556849.2	0	26389	26389
ENST00000556850.1	0	324	324
ENST00000556854.5	3906	5123	1217
ENST00000556856.1	74	24667	24593
ENST00000556858.2	0	6790	6790
ENST00000556859.5	11399	14727	3328
ENST00000556862.5	0	5349	5349
ENST00000556864.5	11585	34666	23081
ENST00000556867.1	7122	8030	908
ENST00000556868.1	2925	13814	10889
ENST00000556870.5	175	29732	29557
ENST00000556871.5	49	11885	11836
ENST00000556879.5	7932	8865	933
ENST00000556881.5	32	12361	12329
ENST00000556883.1	991	3095	2104
ENST00000556884.5	62388	84676	22288
ENST00000556887.6	16702	56831	40129
ENST00000556892.6	935	2703	1768
ENST00000556893.5	70	144061	143991
ENST00000556897.5	260	24099	23839
ENST00000556898.5	12299	36087	23788
ENST00000556908.5	194	6564	6370
ENST00000556910.1	0	10789	10789
ENST00000556915.5	0	7904	7904
ENST00000556916.5	135	181658	181523
ENST00000556918.5	0	1109208	1109208
ENST00000556922.1	94	19022	18928
ENST00000556924.5	0	3166	3166
ENST00000556927.6	8685	9305	620
ENST00000556929.5	0	19772	19772
ENST00000556932.1	0	4050	4050
ENST00000556935.5	46	47550	47504
ENST00000556937.5	7779	11747	3968
ENST00000556943.5	1990	2396	406
ENST00000556945.5	124	50538	50414
ENST00000556946.1	108	26879	26771
ENST00000556947.1	11206	26970	15764
ENST00000556950.1	0	60	60
ENST00000556951.6	11584	84229	72645
ENST00000556952.3	0	5936	5936
ENST00000556955.5	0	700	700
ENST00000556958.5	12258	35907	23649
ENST00000556965.1	17554	18334	780
ENST00000556968.2	2037	10586	8549
ENST00000556971.1	23	10686	10663
ENST00000556972.6	590	4512	3922
ENST00000556974.5	0	5666	5666
ENST00000556977.5	1926	22801	20875
ENST00000556979.6	2288	27516	25228
ENST00000556980.5	0	4351	4351
ENST00000556981.5	0	190	190
ENST00000556985.5	53	11143	11090
ENST00000556994.5	14753	48689	33936
ENST00000556995.1	5539	6027	488
ENST00000557000.2	901	2651	1750
ENST00000557004.6	2041	9427	7386
ENST00000557006.6	3154	4154	1000
ENST00000557008.2	801	19308	18507
ENST00000557010.5	5162	14759	9597
ENST00000557016.6	413	18413	18000
ENST00000557017.1	2057	24730	22673
ENST00000557018.5	0	28054	28054
ENST00000557020.5	4831	8286	3455
ENST00000557021.5	1647	15904	14257
ENST00000557022.1	0	1056	1056
ENST00000557030.6	10097	36208	26111
ENST00000557036.1	58471	89433	30962
ENST00000557037.5	11479	34554	23075
ENST00000557038.5	14163	87103	72940
ENST00000557040.5	153	2844	2691
ENST00000557043.4	1582	2314	732
ENST00000557046.1	0	60066	60066
ENST00000557047.2	0	12343	12343
ENST00000557049.1	74	3703	3629
ENST00000557052.1	5495	6784	1289
ENST00000557053.5	6424	10466	4042
ENST00000557054.1	399	1930	1531
ENST00000557056.5	11556	14938	3382
ENST00000557057.5	6840	35274	28434
ENST00000557061.5	0	3130	3130
ENST00000557065.1	0	2021	2021
ENST00000557066.5	15542	21316	5774
ENST00000557068.5	362	1590	1228
ENST00000557071.1	0	4675	4675
ENST00000557074.1	2528	5807	3279
ENST00000557076.6	22	114807	114785
ENST00000557080.5	4440	5150	710
ENST00000557081.1	11063	11779	716
ENST00000557082.5	29573	112249	82676
ENST00000557084.1	92	5763	5671
ENST00000557086.1	0	6825	6825
ENST00000557087.5	55	12987	12932
ENST00000557088.6	70512	77926	7414
ENST00000557092.5	2527	10757	8230
ENST00000557095.5	38	97767	97729
ENST00000557102.1	104145	104791	646
ENST00000557105.6	1068	2096	1028
ENST00000557110.2	0	18845	18845
ENST00000557111.5	91	15029	14938
ENST00000557112.1	3101	9049	5948
ENST00000557115.5	7343	15689	8346
ENST00000557118.5	0	132	132
ENST00000557119.2	506	2973	2467
ENST00000557125.1	349	9020	8671
ENST00000557126.5	40	102530	102490
ENST00000557128.1	66	47630	47564
ENST00000557129.5	0	638	638
ENST00000557134.1	0	156862	156862
ENST00000557135.5	399	36109	35710
ENST00000557137.1	0	15684	15684
ENST00000557138.5	31906	48563	16657
ENST00000557139.1	0	936	936
ENST00000557140.5	476	3920	3444
ENST00000557148.5	3884	10631	6747
ENST00000557149.5	0	3220	3220
ENST00000557150.5	502	2307	1805
ENST00000557151.5	266482	266674	192
ENST00000557153.5	18284	62644	44360
ENST00000557154.6	1015	5125	4110
ENST00000557157.5	0	20781	20781
ENST00000557162.1	231	1800	1569
ENST00000557164.5	217625	331763	114138
ENST00000557168.1	0	894	894
ENST00000557169.5	0	4342	4342
ENST00000557172.5	92669	96286	3617
ENST00000557176.5	688	3696	3008
ENST00000557177.1	53715	54213	498
ENST00000557179.5	274	15730	15456
ENST00000557180.5	0	1211	1211
ENST00000557181.5	419	1837	1418
ENST00000557182.5	0	4158	4158
ENST00000557185.6	850	22200	21350
ENST00000557189.5	0	2050	2050
ENST00000557201.5	289	24167	23878
ENST00000557202.1	15449	18370	2921
ENST00000557209.1	362	3150	2788
ENST00000557214.2	0	11010	11010
ENST00000557217.5	25086	36487	11401
ENST00000557218.5	15556	21330	5774
ENST00000557220.6	121	3470	3349
ENST00000557221.1	335	4555	4220
ENST00000557222.6	55463	64035	8572
ENST00000557224.6	3	8530	8527
ENST00000557225.1	0	816	816
ENST00000557227.5	0	124	124
ENST00000557230.1	15	22852	22837
ENST00000557234.1	375	53723	53348
ENST00000557235.5	456	16153	15697
ENST00000557236.6	916	1922	1006
ENST00000557237.1	37646	37672	26
ENST00000557238.5	164273	261501	97228
ENST00000557240.5	28	4536	4508
ENST00000557245.1	141	812	671
ENST00000557247.1	301	15150	14849
ENST00000557248.5	80	31263	31183
ENST00000557250.1	0	10924	10924
ENST00000557254.5	16386	25744	9358
ENST00000557257.2	3	18951	18948
ENST00000557258.6	6240	257698	251458
ENST00000557262.5	57	8702	8645
ENST00000557263.5	2442	22821	20379
ENST00000557264.5	0	3200	3200
ENST00000557265.6	0	44561	44561
ENST00000557267.1	52977	53339	362
ENST00000557269.5	2145	2882	737
ENST00000557272.1	104094	504317	400223
ENST00000557273.5	0	11161	11161
ENST00000557274.5	0	2862	2862
ENST00000557275.5	10563	71448	60885
ENST00000557277.5	17	1759	1742
ENST00000557278.1	0	14317	14317
ENST00000557280.5	83	1473	1390
ENST00000557284.7	44	348525	348481
ENST00000557288.1	3319	14741	11422
ENST00000557289.2	3301	5294	1993
ENST00000557292.1	53	70263	70210
ENST00000557293.6	11583	84120	72537
ENST00000557294.5	134533	135239	706
ENST00000557297.5	0	8530	8530
ENST00000557298.5	1272	3332	2060
ENST00000557301.2	183	30308	30125
ENST00000557306.1	552	11992	11440
ENST00000557309.1	0	153306	153306
ENST00000557310.5	4212	22844	18632
ENST00000557311.6	0	12705	12705
ENST00000557313.5	0	6507	6507
ENST00000557314.5	9865	10950	1085
ENST00000557316.5	40041	52395	12354
ENST00000557317.1	54	21701	21647
ENST00000557320.5	192	31113	30921
ENST00000557323.1	2002	3450	1448
ENST00000557324.5	12443	13739	1296
ENST00000557325.5	1523	31300	29777
ENST00000557326.1	0	9387	9387
ENST00000557331.1	2207	5612	3405
ENST00000557332.5	0	84208	84208
ENST00000557334.6	620	36429	35809
ENST00000557336.1	0	396	396
ENST00000557338.5	148545	148847	302
ENST00000557341.6	825	27106	26281
ENST00000557342.6	9	9778	9769
ENST00000557344.5	420	2070	1650
ENST00000557345.5	15	6838	6823
ENST00000557346.6	41091	68353	27262
ENST00000557347.5	6643	7501	858
ENST00000557348.5	730	1829	1099
ENST00000557349.5	109245	125668	16423
ENST00000557351.1	66	4233	4167
ENST00000557352.2	36084	64633	28549
ENST00000557353.5	3808	6947	3139
ENST00000557354.5	104150	406550	302400
ENST00000557356.5	11602	37628	26026
ENST00000557362.1	0	4371	4371
ENST00000557364.6	122	53855	53733
ENST00000557370.3	66	69301	69235
ENST00000557372.1	0	29965	29965
ENST00000557374.1	0	114	114
ENST00000557376.5	1587	140810	139223
ENST00000557378.6	825	32550	31725
ENST00000557384.5	672	39660	38988
ENST00000557385.2	2604	6634	4030
ENST00000557386.5	35	101967	101932
ENST00000557389.1	471	2886	2415
ENST00000557390.6	9689	114633	104944
ENST00000557395.5	16646	22916	6270
ENST00000557398.2	0	11153	11153
ENST00000557402.1	6699	6923	224
ENST00000557403.5	0	854	854
ENST00000557404.3	4802	151276	146474
ENST00000557405.1	0	6072	6072
ENST00000557408.5	102246	102386	140
ENST00000557410.5	125949	194271	68322
ENST00000557411.5	0	118	118
ENST00000557413.6	3066	19227	16161
ENST00000557414.1	108434	108562	128
ENST00000557415.5	1361	3378	2017
ENST00000557420.1	703	28186	27483
ENST00000557421.7	9164	13992	4828
ENST00000557423.5	209	52821	52612
ENST00000557427.5	553	2431	1878
ENST00000557431.5	9	53025	53016
ENST00000557433.5	20	2664	2644
ENST00000557434.5	483	30063	29580
ENST00000557436.1	1009	13453	12444
ENST00000557437.1	0	238	238
ENST00000557439.5	1936	7137	5201
ENST00000557441.5	11266	21575	10309
ENST00000557442.5	2056	23727	21671
ENST00000557443.5	155	1890	1735
ENST00000557447.5	756	87522	86766
ENST00000557450.5	25324	73161	47837
ENST00000557451.5	456	10272	9816
ENST00000557457.1	813	5569	4756
ENST00000557458.1	73	9959	9886
ENST00000557464.5	0	5238	5238
ENST00000557466.1	0	877	877
ENST00000557468.1	0	272	272
ENST00000557471.5	152	29959	29807
ENST00000557473.1	609	8698	8089
ENST00000557477.1	0	11775	11775
ENST00000557478.5	2530	28239	25709
ENST00000557480.5	0	11409	11409
ENST00000557487.5	68	6117	6049
ENST00000557489.6	17110	57239	40129
ENST00000557490.5	57	10146	10089
ENST00000557492.5	0	866	866
ENST00000557495.5	5317	10025	4708
ENST00000557497.1	0	5450	5450
ENST00000557501.5	18844	125168	106324
ENST00000557503.5	0	1070	1070
ENST00000557508.5	7336	27519	20183
ENST00000557510.5	434	13605	13171
ENST00000557511.5	0	72484	72484
ENST00000557515.5	587	14317	13730
ENST00000557517.1	0	80	80
ENST00000557519.1	189	1076	887
ENST00000557529.1	0	2438	2438
ENST00000557530.1	0	961	961
ENST00000557534.1	0	6911	6911
ENST00000557535.5	0	6488	6488
ENST00000557539.2	26737	72215	45478
ENST00000557540.7	8741	9361	620
ENST00000557542.5	2445	3079	634
ENST00000557549.5	0	5448	5448
ENST00000557550.6	0	2668	2668
ENST00000557553.5	126	9198	9072
ENST00000557555.3	373	26164	25791
ENST00000557556.1	28	7440	7412
ENST00000557562.1	25962	57384	31422
ENST00000557565.1	697	152756	152059
ENST00000557570.2	796	68894	68098
ENST00000557571.5	0	5388	5388
ENST00000557572.1	276	56107	55831
ENST00000557573.1	2262	6687	4425
ENST00000557574.1	1283	27628	26345
ENST00000557575.5	25328	58043	32715
ENST00000557576.5	288	21491	21203
ENST00000557579.2	935	4815	3880
ENST00000557580.3	0	15806	15806
ENST00000557584.5	32	5868	5836
ENST00000557585.5	52473	67529	15056
ENST00000557587.1	798	4378	3580
ENST00000557588.5	79	10739	10660
ENST00000557591.5	0	5235	5235
ENST00000557592.5	519	2384	1865
ENST00000557594.5	953	584527	583574
ENST00000557596.1	0	21461	21461
ENST00000557597.5	1365	82446	81081
ENST00000557598.1	5483	6423	940
ENST00000557603.1	0	232	232
ENST00000557604.1	0	6761	6761
ENST00000557606.1	0	14964	14964
ENST00000557607.5	9598	49985	40387
ENST00000557609.5	10572	29286	18714
ENST00000557613.1	0	10581	10581
ENST00000557616.5	989	2850	1861
ENST00000557621.5	109	83863	83754
ENST00000557623.5	9	12732	12723
ENST00000557629.5	0	698	698
ENST00000557630.1	622	1356	734
ENST00000557633.5	110	6082	5972
ENST00000557635.5	0	862	862
ENST00000557636.5	1882	229301	227419
ENST00000557639.5	6482	10649	4167
ENST00000557640.2	383	1861	1478
ENST00000557643.1	0	56317	56317
ENST00000557644.5	146	46570	46424
ENST00000557645.5	0	9221	9221
ENST00000557648.1	0	636	636
ENST00000557649.6	6667	9492	2825
ENST00000557652.1	2814	14347	11533
ENST00000557654.5	12	200988	200976
ENST00000557655.5	668	1738	1070
ENST00000557658.6	944	28887	27943
ENST00000557659.5	3067	14154	11087
ENST00000557665.5	0	3346	3346
ENST00000557671.2	8711	9701	990
ENST00000557673.6	9997	21298	11301
ENST00000557674.1	314	1646	1332
ENST00000557676.5	0	3196	3196
ENST00000557677.3	23679	25519	1840
ENST00000557684.6	3098	84659	81561
ENST00000557685.5	127535	157220	29685
ENST00000557686.1	0	1384	1384
ENST00000557690.5	294	14278	13984
ENST00000557693.5	4540	9518	4978
ENST00000557702.5	192	2773	2581
ENST00000557703.5	718	2198	1480
ENST00000557710.5	15	103993	103978
ENST00000557713.5	5903	12912	7009
ENST00000557714.1	74	26512	26438
ENST00000557716.2	0	29355	29355
ENST00000557718.5	103726	231452	127726
ENST00000557719.1	9392	11142	1750
ENST00000557722.5	0	16044	16044
ENST00000557724.5	146	420	274
ENST00000557726.1	0	11105	11105
ENST00000557731.1	0	8403	8403
ENST00000557735.1	27759	30900	3141
ENST00000557737.1	290	9078	8788
ENST00000557741.1	0	20483	20483
ENST00000557742.1	2574	47489	44915
ENST00000557746.5	30	25312	25282
ENST00000557751.5	51	8999	8948
ENST00000557752.1	7398	120693	113295
ENST00000557754.1	30	11658	11628
ENST00000557755.5	48	20294	20246
ENST00000557762.1	129	1781	1652
ENST00000557766.1	0	91848	91848
ENST00000557767.5	2251	3823	1572
ENST00000557768.1	0	324	324
ENST00000557769.5	3217	5250	2033
ENST00000557771.5	38	66994	66956
ENST00000557772.5	4042	53476	49434
ENST00000557782.1	0	5856	5856
ENST00000557783.1	37835	51701	13866
ENST00000557785.5	67140	148270	81130
ENST00000557788.2	0	786	786
ENST00000557791.1	0	2364	2364
ENST00000557795.5	0	9359	9359
ENST00000557796.6	3347	207894	204547
ENST00000557797.5	8695	37705	29010
ENST00000557798.1	0	20328	20328
ENST00000557802.5	804	2417	1613
ENST00000557805.1	0	7358	7358
ENST00000557806.5	538	1201	663
ENST00000557807.1	493	5025	4532
ENST00000557810.5	818	2936	2118
ENST00000557818.1	5504	6220	716
ENST00000557821.5	809	23274	22465
ENST00000557826.5	8246	10981	2735
ENST00000557833.1	0	4902	4902
ENST00000557835.5	1203	19753	18550
ENST00000557837.1	18883	19421	538
ENST00000557840.5	0	23379	23379
ENST00000557842.6	36926	37464	538
ENST00000557843.5	1082	365780	364698
ENST00000557844.1	0	180	180
ENST00000557846.5	302	26613	26311
ENST00000557849.1	25695	30099	4404
ENST00000557850.5	3587	36722	33135
ENST00000557852.2	161	26526	26365
ENST00000557854.5	277	7125	6848
ENST00000557856.5	147	381797	381650
ENST00000557858.5	59	21298	21239
ENST00000557864.1	0	254	254
ENST00000557865.5	0	15296	15296
ENST00000557866.1	0	18639	18639
ENST00000557869.2	0	66450	66450
ENST00000557870.1	0	366	366
ENST00000557872.1	44491	47681	3190
ENST00000557875.1	4449	7104	2655
ENST00000557877.5	0	15555	15555
ENST00000557879.1	77	3300	3223
ENST00000557884.5	128	24644	24516
ENST00000557885.1	0	13098	13098
ENST00000557888.5	280	1893	1613
ENST00000557889.1	1750	2064	314
ENST00000557894.6	1819	6030	4211
ENST00000557901.5	28	4151	4123
ENST00000557902.1	0	630	630
ENST00000557904.5	0	21886	21886
ENST00000557905.5	0	13291	13291
ENST00000557906.6	489	39936	39447
ENST00000557907.5	3	48973	48970
ENST00000557912.2	280	1462	1182
ENST00000557913.5	2543	221268	218725
ENST00000557914.5	20422	22113	1691
ENST00000557916.5	0	14821	14821
ENST00000557917.5	609	26203	25594
ENST00000557919.5	6406	49249	42843
ENST00000557920.1	0	7577	7577
ENST00000557921.3	756	3619	2863
ENST00000557924.5	37416	54189	16773
ENST00000557930.1	0	27452	27452
ENST00000557933.5	87	44879	44792
ENST00000557934.5	0	31433	31433
ENST00000557935.1	43867	51959	8092
ENST00000557939.2	3	134609	134606
ENST00000557942.6	67136	148289	81153
ENST00000557943.6	1209	97022	95813
ENST00000557945.5	299	49604	49305
ENST00000557947.5	766	273557	272791
ENST00000557955.5	38603	249458	210855
ENST00000557957.5	83887	159637	75750
ENST00000557960.1	0	2902	2902
ENST00000557963.1	69	679	610
ENST00000557967.5	0	52	52
ENST00000557968.5	4131	6094	1963
ENST00000557972.1	4329	5387	1058
ENST00000557977.5	11483	18382	6899
ENST00000557978.6	8585	57266	48681
ENST00000557984.6	28432	29684	1252
ENST00000557985.2	1895	2727	832
ENST00000557986.5	0	26	26
ENST00000557988.5	4094	10227	6133
ENST00000557990.1	0	7755	7755
ENST00000557991.5	948	2411	1463
ENST00000557997.5	301	49271	48970
ENST00000557998.5	42685	109728	67043
ENST00000557999.5	53514	58511	4997
ENST00000558000.1	10903	12838	1935
ENST00000558001.1	3752	10323	6571
ENST00000558002.5	1687	42206	40519
ENST00000558004.1	0	84695	84695
ENST00000558005.1	0	32790	32790
ENST00000558008.3	7976	15978	8002
ENST00000558011.5	78	59117	59039
ENST00000558012.6	448	43280	42832
ENST00000558013.5	71	44391	44320
ENST00000558014.5	575698	590698	15000
ENST00000558017.5	7101	9409	2308
ENST00000558018.5	715	14618	13903
ENST00000558022.5	565	16066	15501
ENST00000558024.1	393	38393	38000
ENST00000558028.5	4221	17205	12984
ENST00000558029.6	760	15521	14761
ENST00000558030.5	6160	25481	19321
ENST00000558032.5	50	1990	1940
ENST00000558033.5	95	14574	14479
ENST00000558040.5	0	50054	50054
ENST00000558046.5	7268	9017	1749
ENST00000558049.5	67133	79747	12614
ENST00000558054.1	192	2668	2476
ENST00000558055.5	25732	27313	1581
ENST00000558056.1	2997	3231	234
ENST00000558058.5	5404	5692	288
ENST00000558062.5	0	2604	2604
ENST00000558064.1	1925	2901	976
ENST00000558067.5	24568	53442	28874
ENST00000558069.5	3	118981	118978
ENST00000558074.1	0	957	957
ENST00000558078.5	0	334	334
ENST00000558083.2	4	8221	8217
ENST00000558087.5	45184	63083	17899
ENST00000558090.2	12772	12790	18
ENST00000558091.5	12180	32578	20398
ENST00000558094.1	201	4414	4213
ENST00000558096.5	3953	10999	7046
ENST00000558098.4	0	70784	70784
ENST00000558102.1	75	2822	2747
ENST00000558106.5	12596	14183	1587
ENST00000558108.6	168	46496	46328
ENST00000558112.1	0	1291	1291
ENST00000558113.5	9	24302	24293
ENST00000558118.1	7218	9356	2138
ENST00000558119.5	31	61991	61960
ENST00000558126.1	366	28429	28063
ENST00000558127.5	4	476	472
ENST00000558129.5	382	14159	13777
ENST00000558130.1	0	41429	41429
ENST00000558131.1	8	1924	1916
ENST00000558132.5	0	34811	34811
ENST00000558133.1	3445	4391	946
ENST00000558134.5	402	47081	46679
ENST00000558138.2	3	10716	10713
ENST00000558145.5	30921	65875	34954
ENST00000558148.5	1684	2550	866
ENST00000558154.2	388	28282	27894
ENST00000558157.5	105	24621	24516
ENST00000558158.5	1681	8176	6495
ENST00000558161.5	1282	12005	10723
ENST00000558162.1	0	26971	26971
ENST00000558163.1	0	12490	12490
ENST00000558164.5	112	75698	75586
ENST00000558166.2	31266	35421	4155
ENST00000558169.6	7030	39491	32461
ENST00000558170.6	169	131698	131529
ENST00000558171.1	0	2773	2773
ENST00000558172.5	4443	110547	106104
ENST00000558176.1	46276	46430	154
ENST00000558181.5	48477	58580	10103
ENST00000558183.6	24219	24625	406
ENST00000558184.1	8765	19221	10456
ENST00000558196.1	0	11186	11186
ENST00000558197.1	2273	6724	4451
ENST00000558198.5	3842	10413	6571
ENST00000558201.5	298	48816	48518
ENST00000558204.5	33	1973	1940
ENST00000558205.5	78	2947	2869
ENST00000558206.1	63466	63628	162
ENST00000558207.5	32733	48548	15815
ENST00000558215.5	818	2422	1604
ENST00000558217.5	477	46918	46441
ENST00000558220.1	0	16551	16551
ENST00000558222.1	5517	54198	48681
ENST00000558231.5	137	325594	325457
ENST00000558232.5	117	9691	9574
ENST00000558233.1	81	3834	3753
ENST00000558239.5	0	148	148
ENST00000558247.5	996	190510	189514
ENST00000558259.5	132248	197728	65480
ENST00000558263.5	55	15628	15573
ENST00000558265.5	1469	4953	3484
ENST00000558266.5	0	83112	83112
ENST00000558268.5	41774	46689	4915
ENST00000558272.5	47755	49351	1596
ENST00000558273.5	2456	3290	834
ENST00000558279.5	804	3430	2626
ENST00000558280.1	0	388	388
ENST00000558281.5	1450	8841	7391
ENST00000558285.5	101	59812	59711
ENST00000558290.5	1990	3334	1344
ENST00000558291.2	6646	8954	2308
ENST00000558294.1	116	7977	7861
ENST00000558305.5	961	7253	6292
ENST00000558306.1	53875	148282	94407
ENST00000558311.5	200	13356	13156
ENST00000558316.5	1474	3275	1801
ENST00000558319.5	158	96495	96337
ENST00000558320.5	3077	9816	6739
ENST00000558321.5	141	18109	17968
ENST00000558322.5	1949	4043	2094
ENST00000558324.1	1473	8164	6691
ENST00000558325.2	0	11719	11719
ENST00000558326.5	0	2464	2464
ENST00000558328.5	0	28045	28045
ENST00000558329.5	22124	32072	9948
ENST00000558330.5	167863	233308	65445
ENST00000558331.5	41917	53812	11895
ENST00000558332.3	0	9075	9075
ENST00000558335.5	0	6092	6092
ENST00000558336.5	255	15987	15732
ENST00000558340.1	2032	8940	6908
ENST00000558341.5	1114	8433	7319
ENST00000558346.5	117	14224	14107
ENST00000558347.5	75	18934	18859
ENST00000558348.5	85934	119932	33998
ENST00000558349.1	0	132	132
ENST00000558353.1	0	3987	3987
ENST00000558354.5	0	7969	7969
ENST00000558355.1	0	184358	184358
ENST00000558357.6	26722	120668	93946
ENST00000558358.1	9561	11141	1580
ENST00000558360.1	1293	8688	7395
ENST00000558367.1	306	9942	9636
ENST00000558373.5	12	66339	66327
ENST00000558376.5	2188	6817	4629
ENST00000558377.5	0	2020	2020
ENST00000558379.5	3	48982	48979
ENST00000558384.1	1775	1913	138
ENST00000558390.5	710	59120	58410
ENST00000558395.1	0	17467	17467
ENST00000558396.1	0	9615	9615
ENST00000558397.1	0	4240	4240
ENST00000558399.5	0	84292	84292
ENST00000558402.5	167911	233391	65480
ENST00000558407.5	1431	32744	31313
ENST00000558408.1	312	2036	1724
ENST00000558413.1	196	1211	1015
ENST00000558414.1	0	2627	2627
ENST00000558415.5	0	2796	2796
ENST00000558418.6	2447	74017	71570
ENST00000558422.5	388	5182	4794
ENST00000558426.5	76	23348	23272
ENST00000558428.6	331	24716	24385
ENST00000558432.5	462	72032	71570
ENST00000558435.5	218	18574	18356
ENST00000558439.5	106	26911	26805
ENST00000558440.5	22	202067	202045
ENST00000558445.6	760	164793	164033
ENST00000558450.5	2040	3588	1548
ENST00000558453.5	247	12014	11767
ENST00000558455.1	33257	33453	196
ENST00000558456.5	27407	47950	20543
ENST00000558458.1	2114	11207	9093
ENST00000558459.5	179	13058	12879
ENST00000558460.5	487	28193	27706
ENST00000558462.5	0	11025	11025
ENST00000558464.1	119	59938	59819
ENST00000558465.1	0	12796	12796
ENST00000558466.5	37	1957	1920
ENST00000558467.1	222	1925	1703
ENST00000558468.2	151	16217	16066
ENST00000558471.5	4495	82649	78154
ENST00000558472.5	60	11253	11193
ENST00000558474.1	302	8545	8243
ENST00000558476.5	0	1105	1105
ENST00000558479.1	0	6628	6628
ENST00000558480.7	2241	134336	132095
ENST00000558481.5	2301	6374	4073
ENST00000558483.5	0	3101	3101
ENST00000558486.5	0	34431	34431
ENST00000558490.5	0	11218	11218
ENST00000558493.1	90	10545	10455
ENST00000558494.5	60631	78530	17899
ENST00000558502.5	14261	24731	10470
ENST00000558503.6	3054	32312	29258
ENST00000558506.1	912	7383	6471
ENST00000558509.5	27	12385	12358
ENST00000558512.5	0	25273	25273
ENST00000558518.6	86	44412	44326
ENST00000558519.5	4222	17043	12821
ENST00000558521.5	600	9330	8730
ENST00000558525.5	110	24895	24785
ENST00000558529.1	0	15286	15286
ENST00000558530.1	4222	37956	33734
ENST00000558531.1	482	2869	2387
ENST00000558532.1	0	916	916
ENST00000558533.5	45205	55053	9848
ENST00000558537.5	0	190	190
ENST00000558540.5	575	52406	51831
ENST00000558541.5	1577	4488	2911
ENST00000558544.5	76	11222	11146
ENST00000558546.5	51345	58300	6955
ENST00000558554.5	44	20624	20580
ENST00000558555.6	3356	17070	13714
ENST00000558558.6	489	39936	39447
ENST00000558559.1	0	39316	39316
ENST00000558565.2	0	818	818
ENST00000558566.1	1173	3066	1893
ENST00000558567.5	27	59026	58999
ENST00000558569.1	306	40971	40665
ENST00000558570.5	29	34116	34087
ENST00000558571.1	4305	145348	141043
ENST00000558576.5	280	17261	16981
ENST00000558579.5	581	14204	13623
ENST00000558581.5	0	15804	15804
ENST00000558583.3	467	335075	334608
ENST00000558586.1	48	5687	5639
ENST00000558589.5	3	106170	106167
ENST00000558591.1	0	8134	8134
ENST00000558594.5	719	39170	38451
ENST00000558600.1	0	37764	37764
ENST00000558610.5	181	6248	6067
ENST00000558625.5	3071	8369	5298
ENST00000558638.5	370	3324	2954
ENST00000558648.5	0	71222	71222
ENST00000558651.5	46475	46649	174
ENST00000558653.5	4103	23418	19315
ENST00000558656.1	76	4959	4883
ENST00000558658.6	47199	60539	13340
ENST00000558659.5	0	71820	71820
ENST00000558662.5	73473	160193	86720
ENST00000558663.5	460	92490	92030
ENST00000558665.2	0	14067	14067
ENST00000558667.5	172	106393	106221
ENST00000558670.1	58	3142	3084
ENST00000558676.5	2529	331598	329069
ENST00000558677.5	7148	7270	122
ENST00000558678.1	13643	106007	92364
ENST00000558684.5	81012	91207	10195
ENST00000558685.1	160	3856	3696
ENST00000558688.5	47758	59286	11528
ENST00000558689.5	15257	18610	3353
ENST00000558700.5	0	23816	23816
ENST00000558704.1	0	2091	2091
ENST00000558705.1	21047	55651	34604
ENST00000558706.5	407	2256	1849
ENST00000558709.1	10633	10975	342
ENST00000558711.1	404	2403	1999
ENST00000558713.6	3	43986	43983
ENST00000558715.5	154	5685	5531
ENST00000558719.2	0	10246	10246
ENST00000558720.5	294	1112	818
ENST00000558724.1	97	56622	56525
ENST00000558726.5	1205	46141	44936
ENST00000558735.1	0	488	488
ENST00000558739.2	26769	53250	26481
ENST00000558745.5	506	6230	5724
ENST00000558746.5	64	22748	22684
ENST00000558747.5	9609	46197	36588
ENST00000558748.1	0	1168	1168
ENST00000558750.5	32	11416	11384
ENST00000558752.1	1	873	872
ENST00000558753.5	60	15946	15886
ENST00000558756.5	3054	39964	36910
ENST00000558758.5	0	34676	34676
ENST00000558759.1	0	10995	10995
ENST00000558760.5	298	1468	1170
ENST00000558764.1	2517	13180	10663
ENST00000558765.5	0	9415	9415
ENST00000558767.6	261	10042	9781
ENST00000558768.5	3	70824	70821
ENST00000558770.5	3251	10558	7307
ENST00000558772.5	28588	46648	18060
ENST00000558774.5	60	14737	14677
ENST00000558775.5	222	45535	45313
ENST00000558777.5	15616	19239	3623
ENST00000558780.5	7569	8865	1296
ENST00000558783.2	73103	73211	108
ENST00000558786.5	250	21480	21230
ENST00000558788.1	0	687	687
ENST00000558789.5	103	42420	42317
ENST00000558791.5	31393	63674	32281
ENST00000558794.1	0	2434	2434
ENST00000558795.1	1375	2191	816
ENST00000558802.1	1506	13515	12009
ENST00000558804.5	134518	134936	418
ENST00000558806.5	53504	58461	4957
ENST00000558808.5	27359	48008	20649
ENST00000558809.1	57	3221	3164
ENST00000558811.2	8	24121	24113
ENST00000558812.5	67192	148142	80950
ENST00000558813.5	916	11087	10171
ENST00000558815.5	426	6307	5881
ENST00000558816.5	42342	54861	12519
ENST00000558817.1	0	13613	13613
ENST00000558820.5	9	6306	6297
ENST00000558821.5	31	17601	17570
ENST00000558823.1	0	4923	4923
ENST00000558827.2	313	24698	24385
ENST00000558829.1	0	59731	59731
ENST00000558830.5	14316	20994	6678
ENST00000558837.5	19632	35072	15440
ENST00000558843.5	0	22328	22328
ENST00000558844.1	5987	6069	82
ENST00000558845.1	0	1369	1369
ENST00000558847.1	0	76117	76117
ENST00000558850.5	8668	27225	18557
ENST00000558851.1	0	74	74
ENST00000558853.5	1933	3145	1212
ENST00000558854.5	51431	51829	398
ENST00000558855.5	317	4843	4526
ENST00000558857.5	0	2486	2486
ENST00000558859.5	3036	3280	244
ENST00000558861.1	4147	82741	78594
ENST00000558864.5	3639	16486	12847
ENST00000558865.5	3452	6073	2621
ENST00000558870.1	0	5249	5249
ENST00000558871.1	594	6794	6200
ENST00000558877.1	26050	32219	6169
ENST00000558878.6	24264	24572	308
ENST00000558879.5	4596	134857	130261
ENST00000558883.1	0	7646	7646
ENST00000558884.6	0	22876	22876
ENST00000558894.5	36901	59977	23076
ENST00000558895.5	11235	27481	16246
ENST00000558898.1	1253	21689	20436
ENST00000558902.5	48788	66860	18072
ENST00000558904.2	378	53199	52821
ENST00000558906.5	159334	247687	88353
ENST00000558907.6	132	5072	4940
ENST00000558910.3	89	16392	16303
ENST00000558914.5	269	2803	2534
ENST00000558918.1	0	3589	3589
ENST00000558928.1	9318	20258	10940
ENST00000558932.1	0	600	600
ENST00000558933.5	78	12436	12358
ENST00000558934.1	355	41138	40783
ENST00000558937.1	0	5535	5535
ENST00000558939.5	2310	51304	48994
ENST00000558943.5	0	2908	2908
ENST00000558951.5	168	66020	65852
ENST00000558956.5	30964	55252	24288
ENST00000558959.5	72	65771	65699
ENST00000558960.1	68541	79712	11171
ENST00000558961.1	183	1835	1652
ENST00000558964.5	66	254405	254339
ENST00000558966.5	31222	97764	66542
ENST00000558968.1	31201	56775	25574
ENST00000558970.2	0	6090	6090
ENST00000558974.1	0	98	98
ENST00000558978.5	43	10708	10665
ENST00000558984.1	294	3703	3409
ENST00000558985.6	426	14396	13970
ENST00000558986.5	0	29276	29276
ENST00000558987.5	434	4607	4173
ENST00000558990.5	65	33637	33572
ENST00000558993.1	108	21038	20930
ENST00000558996.5	1735	6529	4794
ENST00000558997.5	45184	56608	11424
ENST00000558998.5	0	7025	7025
ENST00000558999.5	39711	56737	17026
ENST00000559000.6	1008	53993	52985
ENST00000559004.5	32448	78179	45731
ENST00000559006.1	19	73728	73709
ENST00000559007.5	64475	133495	69020
ENST00000559013.5	1808	4889	3081
ENST00000559014.5	144	7081	6937
ENST00000559017.5	1400	3432	2032
ENST00000559019.1	372	2060	1688
ENST00000559035.5	37506	46544	9038
ENST00000559043.2	1335	129812	128477
ENST00000559044.5	161955	172811	10856
ENST00000559046.5	103	12921	12818
ENST00000559048.5	301	48801	48500
ENST00000559050.1	0	8885	8885
ENST00000559053.1	0	122263	122263
ENST00000559054.1	0	2107	2107
ENST00000559055.2	130	1238	1108
ENST00000559056.5	0	1321	1321
ENST00000559058.1	0	21394	21394
ENST00000559060.5	9875	41736	31861
ENST00000559061.5	29235	31878	2643
ENST00000559064.1	0	676	676
ENST00000559066.5	3463	23115	19652
ENST00000559069.1	27359	72183	44824
ENST00000559073.1	0	9260	9260
ENST00000559074.5	0	8966	8966
ENST00000559078.5	79	4234	4155
ENST00000559080.1	0	217	217
ENST00000559081.1	196	2769	2573
ENST00000559082.5	1507	9295	7788
ENST00000559083.1	0	6338	6338
ENST00000559085.5	3501	208069	204568
ENST00000559086.5	0	101710	101710
ENST00000559087.5	299	3708	3409
ENST00000559089.6	340	14593	14253
ENST00000559091.1	0	3388	3388
ENST00000559092.1	292	66735	66443
ENST00000559093.1	0	46380	46380
ENST00000559098.5	0	18161	18161
ENST00000559099.5	37397	50384	12987
ENST00000559102.1	282	3117	2835
ENST00000559103.1	0	9505	9505
ENST00000559104.5	253	6818	6565
ENST00000559105.5	40336	45907	5571
ENST00000559106.5	0	7622	7622
ENST00000559107.5	703	20005	19302
ENST00000559113.6	489	14459	13970
ENST00000559114.5	0	12337	12337
ENST00000559115.5	968	10303	9335
ENST00000559116.1	0	4457	4457
ENST00000559123.5	2051	2916	865
ENST00000559127.5	6841	10345	3504
ENST00000559130.5	967	2037	1070
ENST00000559132.3	0	2057	2057
ENST00000559133.6	17508	241888	224380
ENST00000559136.1	0	4928	4928
ENST00000559137.5	9	295	286
ENST00000559138.5	1832	8237	6405
ENST00000559139.5	11898	13401	1503
ENST00000559140.2	732	2749	2017
ENST00000559144.1	0	4789	4789
ENST00000559146.5	1488	6801	5313
ENST00000559152.5	7373	35435	28062
ENST00000559153.5	22643	32236	9593
ENST00000559154.5	270	2486	2216
ENST00000559155.5	0	12110	12110
ENST00000559157.5	60710	78573	17863
ENST00000559158.5	13470	20803	7333
ENST00000559160.1	16448	43844	27396
ENST00000559161.5	155	35772	35617
ENST00000559164.5	4088	14110	10022
ENST00000559167.5	0	214	214
ENST00000559168.1	0	1455	1455
ENST00000559170.1	658	7475	6817
ENST00000559171.1	0	10588	10588
ENST00000559176.5	0	24048	24048
ENST00000559177.6	3	161400	161397
ENST00000559178.5	980	8656	7676
ENST00000559179.2	446	7937	7491
ENST00000559184.5	574136	574266	130
ENST00000559185.5	6747	25304	18557
ENST00000559186.5	8240	12724	4484
ENST00000559188.1	0	47059	47059
ENST00000559189.5	18562	19084	522
ENST00000559191.5	264	8691	8427
ENST00000559192.5	6	29243	29237
ENST00000559193.5	231	43496	43265
ENST00000559196.1	76	3247	3171
ENST00000559197.5	1405	3234	1829
ENST00000559199.5	596	7643	7047
ENST00000559200.1	300	1216	916
ENST00000559201.5	424	2364	1940
ENST00000559204.6	6711	9019	2308
ENST00000559205.1	24	19880	19856
ENST00000559207.1	2977	4331	1354
ENST00000559208.5	99	55316	55217
ENST00000559209.5	42871	109917	67046
ENST00000559215.5	162	27241	27079
ENST00000559218.1	0	13918	13918
ENST00000559222.5	34266	49486	15220
ENST00000559224.5	2423	9046	6623
ENST00000559226.5	0	2430	2430
ENST00000559228.6	94	85159	85065
ENST00000559230.5	89	38219	38130
ENST00000559233.5	147	71626	71479
ENST00000559234.5	3079	25667	22588
ENST00000559236.5	0	76154	76154
ENST00000559237.5	1320	76954	75634
ENST00000559238.5	12247	39872	27625
ENST00000559239.2	669	10614	9945
ENST00000559240.5	0	287860	287860
ENST00000559241.5	0	30580	30580
ENST00000559242.5	48	10639	10591
ENST00000559244.5	9513	13967	4454
ENST00000559247.1	0	2947	2947
ENST00000559250.5	16	11328	11312
ENST00000559253.1	477	1989	1512
ENST00000559255.1	0	3975	3975
ENST00000559257.5	0	55033	55033
ENST00000559260.5	1301	2019	718
ENST00000559261.1	8069	20330	12261
ENST00000559262.5	0	85084	85084
ENST00000559269.5	0	65193	65193
ENST00000559271.1	6	6375	6369
ENST00000559272.1	52	10166	10114
ENST00000559275.5	1549	16427	14878
ENST00000559276.5	1309	9338	8029
ENST00000559279.6	107	35853	35746
ENST00000559281.6	0	18055	18055
ENST00000559287.5	619	3346	2727
ENST00000559288.5	349	2416	2067
ENST00000559291.5	19631	29224	9593
ENST00000559293.2	24266	59696	35430
ENST00000559294.1	483	1057	574
ENST00000559295.5	0	42776	42776
ENST00000559300.5	32596	33063	467
ENST00000559304.5	0	6729	6729
ENST00000559305.5	22517	39290	16773
ENST00000559306.1	0	56896	56896
ENST00000559308.5	2116	2958	842
ENST00000559309.5	4285	14120	9835
ENST00000559310.3	2025	33468	31443
ENST00000559312.5	32	80563	80531
ENST00000559314.5	5062	5262	200
ENST00000559316.2	0	186	186
ENST00000559322.5	40975	57520	16545
ENST00000559324.1	2579	8842	6263
ENST00000559329.5	14669	58727	44058
ENST00000559336.5	41706	53645	11939
ENST00000559338.1	0	9783	9783
ENST00000559340.2	131	32532	32401
ENST00000559343.1	0	81873	81873
ENST00000559345.5	14286	24756	10470
ENST00000559350.5	0	29372	29372
ENST00000559352.1	0	6174	6174
ENST00000559354.5	277	2279	2002
ENST00000559355.5	577	3243	2666
ENST00000559360.1	0	6672	6672
ENST00000559361.6	11502	23755	12253
ENST00000559362.5	105134	309509	204375
ENST00000559365.5	1193	8739	7546
ENST00000559369.5	6751	24455	17704
ENST00000559370.5	0	21792	21792
ENST00000559382.5	783	2934	2151
ENST00000559383.5	28522	97810	69288
ENST00000559386.2	17324	86424	69100
ENST00000559387.5	4922	11038	6116
ENST00000559389.1	0	19962	19962
ENST00000559390.5	7717	40274	32557
ENST00000559396.5	419	599	180
ENST00000559397.6	60	29242	29182
ENST00000559403.1	832	976	144
ENST00000559404.5	0	1556	1556
ENST00000559405.5	4083	11373	7290
ENST00000559406.5	69	1192	1123
ENST00000559409.5	578	3913	3335
ENST00000559411.5	126	17847	17721
ENST00000559412.1	322	17492	17170
ENST00000559415.1	0	8205	8205
ENST00000559416.5	72	11474	11402
ENST00000559417.2	252	126846	126594
ENST00000559418.5	232	218996	218764
ENST00000559419.1	64652	65124	472
ENST00000559420.2	205	15103	14898
ENST00000559421.1	49	4950	4901
ENST00000559423.5	30869	55157	24288
ENST00000559424.1	0	30279	30279
ENST00000559431.1	0	19593	19593
ENST00000559433.5	4498	35992	31494
ENST00000559435.1	0	46367	46367
ENST00000559436.2	109	17955	17846
ENST00000559437.5	1081	6471	5390
ENST00000559445.1	54	3435	3381
ENST00000559447.8	6068	160376	154308
ENST00000559448.5	0	27190	27190
ENST00000559449.5	0	4621	4621
ENST00000559450.5	41721	53922	12201
ENST00000559451.5	267	2116	1849
ENST00000559454.5	30703	158971	128268
ENST00000559459.5	5713	45924	40211
ENST00000559460.6	101241	127722	26481
ENST00000559462.1	0	4526	4526
ENST00000559463.5	397	2775	2378
ENST00000559464.1	0	232	232
ENST00000559467.5	0	25487	25487
ENST00000559471.6	3609	60946	57337
ENST00000559478.1	0	29905	29905
ENST00000559479.1	0	704	704
ENST00000559482.5	255	19304	19049
ENST00000559484.1	0	75704	75704
ENST00000559486.2	0	24730	24730
ENST00000559488.7	35	58723	58688
ENST00000559489.1	0	10043	10043
ENST00000559494.1	754	25357	24603
ENST00000559498.1	1347	14243	12896
ENST00000559501.1	0	2591	2591
ENST00000559502.5	1698	32688	30990
ENST00000559503.1	0	1095	1095
ENST00000559504.5	5941	17609	11668
ENST00000559510.1	729	1609	880
ENST00000559511.6	427	107765	107338
ENST00000559514.5	7458	22380	14922
ENST00000559515.1	0	10891	10891
ENST00000559517.5	33	60020	59987
ENST00000559519.5	427	16014	15587
ENST00000559523.5	3517	106048	102531
ENST00000559524.5	524	14376	13852
ENST00000559525.1	0	983	983
ENST00000559526.5	0	15121	15121
ENST00000559528.1	4840	5912	1072
ENST00000559532.5	965	2277	1312
ENST00000559533.6	2061	16474	14413
ENST00000559537.1	935	37954	37019
ENST00000559538.1	882	5467	4585
ENST00000559540.5	42	9640	9598
ENST00000559547.1	634	720	86
ENST00000559554.5	149	28016	27867
ENST00000559556.5	72	29254	29182
ENST00000559560.1	4901	12444	7543
ENST00000559561.5	5	205884	205879
ENST00000559564.1	0	792	792
ENST00000559566.5	288	7258	6970
ENST00000559568.5	49	89275	89226
ENST00000559575.5	0	3162	3162
ENST00000559576.1	0	2916	2916
ENST00000559577.5	0	6369	6369
ENST00000559578.1	458	237554	237096
ENST00000559580.5	0	75539	75539
ENST00000559581.5	436	8939	8503
ENST00000559584.5	49	1045	996
ENST00000559592.1	0	27497	27497
ENST00000559593.5	269	2782	2513
ENST00000559596.6	77	48614	48537
ENST00000559602.5	79	95583	95504
ENST00000559605.1	0	45904	45904
ENST00000559607.1	4416	22633	18217
ENST00000559609.5	1239	365780	364541
ENST00000559610.1	53	77696	77643
ENST00000559617.5	12238	13761	1523
ENST00000559618.1	809	1603	794
ENST00000559622.5	112	20521	20409
ENST00000559624.5	50	41470	41420
ENST00000559626.1	1805	2123	318
ENST00000559627.1	3336	6421	3085
ENST00000559628.5	20426	22115	1689
ENST00000559629.1	0	71218	71218
ENST00000559632.5	0	15670	15670
ENST00000559639.1	0	90	90
ENST00000559641.5	29165	95290	66125
ENST00000559642.1	0	660	660
ENST00000559644.5	0	92	92
ENST00000559645.1	0	25799	25799
ENST00000559646.1	0	20919	20919
ENST00000559651.1	97	1997	1900
ENST00000559652.5	23168	37846	14678
ENST00000559653.1	46	3375	3329
ENST00000559658.5	3555	29251	25696
ENST00000559661.5	0	685	685
ENST00000559663.2	586	86560	85974
ENST00000559664.5	4987	106119	101132
ENST00000559669.1	28	1314	1286
ENST00000559670.5	99	12049	11950
ENST00000559671.5	258	6671	6413
ENST00000559677.5	0	7401	7401
ENST00000559679.1	1556	2114	558
ENST00000559683.1	0	9400	9400
ENST00000559686.3	199	3381	3182
ENST00000559690.5	13568	20212	6644
ENST00000559701.5	3	14680	14677
ENST00000559703.1	25	35552	35527
ENST00000559704.1	0	1220	1220
ENST00000559705.1	17252	20992	3740
ENST00000559706.1	0	10277	10277
ENST00000559707.5	15655	55776	40121
ENST00000559709.5	167722	167746	24
ENST00000559710.5	50	35509	35459
ENST00000559711.5	87	47478	47391
ENST00000559715.1	0	3738	3738
ENST00000559717.6	906	19910	19004
ENST00000559719.1	0	3539	3539
ENST00000559722.2	237	53081	52844
ENST00000559724.5	29989	43962	13973
ENST00000559725.5	0	5117	5117
ENST00000559726.5	160734	249087	88353
ENST00000559729.5	484	46919	46435
ENST00000559733.5	0	13050	13050
ENST00000559734.1	0	30640	30640
ENST00000559736.5	0	6413	6413
ENST00000559742.5	182	116710	116528
ENST00000559748.5	0	43864	43864
ENST00000559750.5	402	33083	32681
ENST00000559751.1	0	15980	15980
ENST00000559753.1	222	828	606
ENST00000559757.1	165648	166434	786
ENST00000559759.1	0	10984	10984
ENST00000559760.5	277	4236	3959
ENST00000559771.5	13696	41669	27973
ENST00000559775.5	47762	65661	17899
ENST00000559778.5	1920	2945	1025
ENST00000559780.6	489	47054	46565
ENST00000559785.5	110	42394	42284
ENST00000559789.1	0	2150	2150
ENST00000559792.5	9651	26244	16593
ENST00000559793.5	31207	59120	27913
ENST00000559796.5	793	2384	1591
ENST00000559797.1	0	3128	3128
ENST00000559803.5	24	12382	12358
ENST00000559805.1	13757	26758	13001
ENST00000559806.5	27359	72246	44887
ENST00000559809.2	0	2660	2660
ENST00000559811.1	0	12781	12781
ENST00000559815.1	0	3063	3063
ENST00000559817.1	0	11247	11247
ENST00000559818.6	489	39936	39447
ENST00000559828.1	0	11288	11288
ENST00000559829.5	1197	251515	250318
ENST00000559830.5	112	75850	75738
ENST00000559831.6	210	19754	19544
ENST00000559835.5	47767	65666	17899
ENST00000559836.5	812	7368	6556
ENST00000559837.5	4136	5233	1097
ENST00000559838.5	126	27660	27534
ENST00000559844.6	32	43184	43152
ENST00000559847.7	687	59428	58741
ENST00000559848.1	574	7907	7333
ENST00000559849.5	5384	20266	14882
ENST00000559851.1	0	553	553
ENST00000559856.1	0	14681	14681
ENST00000559859.5	176	13215	13039
ENST00000559865.5	27	7659	7632
ENST00000559873.5	66	66139	66073
ENST00000559874.2	457	24569	24112
ENST00000559876.2	414	17055	16641
ENST00000559878.5	297	33898	33601
ENST00000559880.5	0	34635	34635
ENST00000559881.5	8231	13333	5102
ENST00000559883.5	341	45630	45289
ENST00000559885.1	0	88	88
ENST00000559893.5	0	332	332
ENST00000559895.5	2180	15040	12860
ENST00000559898.5	585	1867	1282
ENST00000559903.1	66637	79487	12850
ENST00000559905.5	0	38970	38970
ENST00000559910.5	618	7075	6457
ENST00000559911.5	20	28720	28700
ENST00000559912.2	0	13032	13032
ENST00000559916.1	34	5180	5146
ENST00000559924.1	0	1831	1831
ENST00000559927.1	22	34406	34384
ENST00000559929.5	1009	50033	49024
ENST00000559930.5	14404	19590	5186
ENST00000559931.5	0	5577	5577
ENST00000559932.1	1416	3119	1703
ENST00000559935.5	156	10863	10707
ENST00000559942.5	3146	3252	106
ENST00000559943.1	0	1570	1570
ENST00000559948.5	2082	6797	4715
ENST00000559950.1	82	18749	18667
ENST00000559951.5	7817	26712	18895
ENST00000559956.6	489	39936	39447
ENST00000559963.5	238	45551	45313
ENST00000559965.5	464	1828	1364
ENST00000559971.5	0	112	112
ENST00000559974.5	2189	6818	4629
ENST00000559975.1	0	2579	2579
ENST00000559980.5	0	20963	20963
ENST00000559983.5	0	3836	3836
ENST00000559988.5	0	2592	2592
ENST00000559991.1	128	2306	2178
ENST00000559993.1	28487	30863	2376
ENST00000559995.2	71529	86130	14601
ENST00000559999.5	1831	3461	1630
ENST00000560002.5	14002	56381	42379
ENST00000560005.6	11569	34926	23357
ENST00000560006.1	0	4773	4773
ENST00000560013.5	10354	10604	250
ENST00000560014.5	4479	39419	34940
ENST00000560017.1	0	63640	63640
ENST00000560025.1	4103	17467	13364
ENST00000560027.1	0	4985	4985
ENST00000560028.1	798	1288	490
ENST00000560030.1	5606	6672	1066
ENST00000560031.6	76	159273	159197
ENST00000560035.1	93998	94128	130
ENST00000560036.1	0	119579	119579
ENST00000560038.5	2358	3205	847
ENST00000560039.1	13042	14734	1692
ENST00000560044.6	93430	94982	1552
ENST00000560055.5	422	17698	17276
ENST00000560061.1	18281	18507	226
ENST00000560065.6	1960	33563	31603
ENST00000560070.5	145	53987	53842
ENST00000560071.5	1924	2814	890
ENST00000560072.5	0	11721	11721
ENST00000560074.5	20131	54167	34036
ENST00000560076.2	33887	43562	9675
ENST00000560079.7	34084	57591	23507
ENST00000560081.5	6162	26132	19970
ENST00000560082.1	0	56268	56268
ENST00000560087.5	20107	54240	34133
ENST00000560089.5	158	16207	16049
ENST00000560091.5	128243	131365	3122
ENST00000560096.1	292	1498	1206
ENST00000560098.5	104	68793	68689
ENST00000560104.2	259	905	646
ENST00000560106.5	125	2750	2625
ENST00000560107.6	300	12161	11861
ENST00000560108.5	0	15545	15545
ENST00000560110.1	0	2445	2445
ENST00000560112.1	0	6268	6268
ENST00000560115.5	0	13672	13672
ENST00000560116.1	519	30976	30457
ENST00000560117.1	0	20685	20685
ENST00000560119.5	30921	65563	34642
ENST00000560123.5	14637	16270	1633
ENST00000560124.5	11910	63798	51888
ENST00000560127.1	506	1701	1195
ENST00000560133.5	88	8312	8224
ENST00000560135.5	981	4724	3743
ENST00000560137.2	457	24569	24112
ENST00000560138.5	30898	122760	91862
ENST00000560139.5	618	4853	4235
ENST00000560142.5	117	2077	1960
ENST00000560144.1	0	3803	3803
ENST00000560147.5	0	5905	5905
ENST00000560154.5	0	3457	3457
ENST00000560155.5	1744	11189	9445
ENST00000560156.1	3158	5076	1918
ENST00000560158.6	43588	114196	70608
ENST00000560160.1	1045	4500	3455
ENST00000560164.5	622	28541	27919
ENST00000560165.5	0	30678	30678
ENST00000560167.1	0	19515	19515
ENST00000560168.1	1757	3655	1898
ENST00000560172.5	1113	7902	6789
ENST00000560175.5	66325	72264	5939
ENST00000560177.5	45	48579	48534
ENST00000560202.1	0	2409	2409
ENST00000560215.5	0	42564	42564
ENST00000560217.5	1523	9218	7695
ENST00000560219.2	4300	18035	13735
ENST00000560220.5	0	1711	1711
ENST00000560223.5	452	12914	12462
ENST00000560226.1	0	250	250
ENST00000560228.5	47781	47971	190
ENST00000560232.6	7	111755	111748
ENST00000560235.1	0	318	318
ENST00000560236.1	0	22983	22983
ENST00000560240.5	13073	24867	11794
ENST00000560241.5	42800	108685	65885
ENST00000560243.5	962	3024	2062
ENST00000560245.5	3355	12556	9201
ENST00000560246.1	452	38938	38486
ENST00000560249.6	1746	12451	10705
ENST00000560251.1	11713	28704	16991
ENST00000560256.1	104965	140864	35899
ENST00000560258.6	1197	15826	14629
ENST00000560260.5	10	30442	30432
ENST00000560261.1	11628	11856	228
ENST00000560262.5	66	254279	254213
ENST00000560266.5	1216	47017	45801
ENST00000560270.1	1061	1641	580
ENST00000560272.1	0	772	772
ENST00000560274.1	65	2793	2728
ENST00000560275.6	857	6103	5246
ENST00000560276.1	0	9590	9590
ENST00000560279.5	0	10266	10266
ENST00000560281.6	724	133564	132840
ENST00000560283.5	92581	93251	670
ENST00000560289.5	110	61628	61518
ENST00000560294.5	10918	54517	43599
ENST00000560297.5	14694	25347	10653
ENST00000560302.5	105081	153833	48752
ENST00000560303.1	3972	40858	36886
ENST00000560304.1	0	3649	3649
ENST00000560305.5	62	34776	34714
ENST00000560309.5	23563	25115	1552
ENST00000560310.5	0	6085	6085
ENST00000560313.2	0	10717	10717
ENST00000560316.1	0	118	118
ENST00000560317.5	157	27002	26845
ENST00000560321.5	0	4647	4647
ENST00000560322.5	0	34876	34876
ENST00000560325.1	0	1567	1567
ENST00000560328.1	0	170074	170074
ENST00000560330.1	479	3489	3010
ENST00000560335.5	32	80709	80677
ENST00000560338.5	1669	2933	1264
ENST00000560340.5	2794	63300	60506
ENST00000560346.6	25723	39063	13340
ENST00000560353.1	6	28844	28838
ENST00000560355.1	3616	3944	328
ENST00000560356.5	2089	3697	1608
ENST00000560361.5	367	22955	22588
ENST00000560362.1	0	4764	4764
ENST00000560364.5	2815	23745	20930
ENST00000560367.6	0	34366	34366
ENST00000560369.5	269	159040	158771
ENST00000560370.3	1852	3127	1275
ENST00000560371.5	92726	129999	37273
ENST00000560373.1	0	5886	5886
ENST00000560389.5	0	30678	30678
ENST00000560392.5	47757	49493	1736
ENST00000560394.5	85632	119776	34144
ENST00000560396.5	31	8358	8327
ENST00000560397.5	90	48549	48459
ENST00000560398.5	325	42622	42297
ENST00000560403.5	48	1101	1053
ENST00000560406.5	0	10101	10101
ENST00000560409.5	9376	46705	37329
ENST00000560410.5	47	3890	3843
ENST00000560411.5	243	31782	31539
ENST00000560412.1	41443	41631	188
ENST00000560417.6	638	119746	119108
ENST00000560418.1	45484	52378	6894
ENST00000560422.5	25	18368	18343
ENST00000560423.5	2440	4001	1561
ENST00000560424.2	552	126306	125754
ENST00000560425.1	2351	13434	11083
ENST00000560430.1	0	76	76
ENST00000560436.1	0	8746	8746
ENST00000560438.5	0	13024	13024
ENST00000560440.5	54	36124	36070
ENST00000560441.5	127	49167	49040
ENST00000560442.5	22124	32123	9999
ENST00000560443.1	0	386	386
ENST00000560447.1	0	3376	3376
ENST00000560448.5	60	8929	8869
ENST00000560451.5	1513	13842	12329
ENST00000560457.5	409	2022	1613
ENST00000560459.5	269	2344	2075
ENST00000560460.5	0	17021	17021
ENST00000560462.1	0	870	870
ENST00000560463.5	92584	94615	2031
ENST00000560466.5	0	9625	9625
ENST00000560467.2	85	44292	44207
ENST00000560468.6	489	39936	39447
ENST00000560470.5	59921	60041	120
ENST00000560471.5	1253	18521	17268
ENST00000560472.1	0	1309	1309
ENST00000560473.1	42	32661	32619
ENST00000560474.5	20340	54595	34255
ENST00000560475.1	0	35536	35536
ENST00000560478.1	0	300	300
ENST00000560485.1	0	577	577
ENST00000560490.1	41	1094	1053
ENST00000560491.2	372	2253	1881
ENST00000560493.5	67703	80597	12894
ENST00000560494.1	577	7879	7302
ENST00000560496.5	0	4790	4790
ENST00000560498.5	37996	47044	9048
ENST00000560501.1	574	4549	3975
ENST00000560508.1	6656	97031	90375
ENST00000560509.5	29999	101721	71722
ENST00000560520.1	0	10069	10069
ENST00000560521.5	156	3143	2987
ENST00000560525.6	5672	49417	43745
ENST00000560528.1	0	9335	9335
ENST00000560536.5	14162	99583	85421
ENST00000560537.1	12358	12478	120
ENST00000560540.5	4705	21833	17128
ENST00000560542.2	843	1825	982
ENST00000560549.5	14041	34414	20373
ENST00000560550.1	239	825	586
ENST00000560558.5	2002	44117	42115
ENST00000560561.1	0	16435	16435
ENST00000560562.5	69	3957	3888
ENST00000560566.5	0	8124	8124
ENST00000560567.5	5	31838	31833
ENST00000560568.5	3119	7476	4357
ENST00000560569.5	0	13090	13090
ENST00000560570.5	204310	208501	4191
ENST00000560572.6	1743	6671	4928
ENST00000560579.5	0	113834	113834
ENST00000560581.1	22	117458	117436
ENST00000560582.2	18	34023	34005
ENST00000560583.5	424	2765	2341
ENST00000560585.5	6455	9081	2626
ENST00000560589.5	1009	48637	47628
ENST00000560595.6	247	96277	96030
ENST00000560598.2	330	175046	174716
ENST00000560599.5	73464	160036	86572
ENST00000560600.1	680	2453	1773
ENST00000560601.4	32771	78728	45957
ENST00000560604.1	157	10487	10330
ENST00000560606.5	1291	9483	8192
ENST00000560609.1	69944	74963	5019
ENST00000560610.5	4880	7538	2658
ENST00000560611.5	625	106846	106221
ENST00000560614.5	386	2235	1849
ENST00000560615.6	10754	22824	12070
ENST00000560616.5	0	5805	5805
ENST00000560617.5	0	11117	11117
ENST00000560618.5	161	6241	6080
ENST00000560620.1	0	5244	5244
ENST00000560624.5	0	55657	55657
ENST00000560626.6	13503	86504	73001
ENST00000560629.1	0	76808	76808
ENST00000560632.5	4086	13966	9880
ENST00000560636.5	420732	420738	6
ENST00000560638.1	913	21864	20951
ENST00000560640.1	0	23206	23206
ENST00000560641.5	166538	221635	55097
ENST00000560645.5	5307	34089	28782
ENST00000560648.1	20	12864	12844
ENST00000560649.1	875	9459	8584
ENST00000560653.5	1668	8150	6482
ENST00000560654.5	45410	83950	38540
ENST00000560656.1	140	17068	16928
ENST00000560658.5	2882	17580	14698
ENST00000560661.1	40967	41437	470
ENST00000560665.1	0	502	502
ENST00000560667.5	44	7676	7632
ENST00000560668.5	11329	21432	10103
ENST00000560669.5	11783	14340	2557
ENST00000560670.5	0	8813	8813
ENST00000560674.5	15422	37735	22313
ENST00000560676.5	396	110598	110202
ENST00000560677.5	12687	13057	370
ENST00000560682.5	0	34252	34252
ENST00000560684.6	12235	12623	388
ENST00000560691.5	68355	155238	86883
ENST00000560697.5	0	11053	11053
ENST00000560703.1	5239	8025	2786
ENST00000560708.5	265	9889	9624
ENST00000560713.5	785	3216	2431
ENST00000560717.5	23837	27002	3165
ENST00000560721.6	23	211353	211330
ENST00000560722.5	277	10954	10677
ENST00000560726.5	94	58194	58100
ENST00000560730.5	14659	41064	26405
ENST00000560734.5	860	21566	20706
ENST00000560736.5	4180	5311	1131
ENST00000560737.5	238	7880	7642
ENST00000560738.1	81	115074	114993
ENST00000560741.5	3214	19915	16701
ENST00000560747.5	72	48603	48531
ENST00000560748.5	63	1963	1900
ENST00000560749.1	0	37828	37828
ENST00000560751.1	1107	1921	814
ENST00000560752.5	8250	27557	19307
ENST00000560755.5	47	8451	8404
ENST00000560761.5	1847	3667	1820
ENST00000560763.5	1624	2032	408
ENST00000560769.2	7303	7389	86
ENST00000560770.5	8231	8277	46
ENST00000560772.5	0	7163	7163
ENST00000560773.5	93	911	818
ENST00000560777.5	50	2887	2837
ENST00000560778.3	6292	6644	352
ENST00000560780.1	221	7421	7200
ENST00000560783.1	5883	14675	8792
ENST00000560784.5	161	33326	33165
ENST00000560786.6	15257	18903	3646
ENST00000560787.5	0	15218	15218
ENST00000560792.4	0	39558	39558
ENST00000560793.6	978	3229	2251
ENST00000560796.5	22802	32682	9880
ENST00000560801.5	61295	66953	5658
ENST00000560804.6	415	43161	42746
ENST00000560806.6	24141	24223	82
ENST00000560807.5	419	12675	12256
ENST00000560809.5	77145	103777	26632
ENST00000560817.5	533	13245	12712
ENST00000560825.5	129	24938	24809
ENST00000560827.6	140023	185409	45386
ENST00000560828.5	1405	3521	2116
ENST00000560829.5	33053	44395	11342
ENST00000560830.1	12687	13665	978
ENST00000560836.1	0	282	282
ENST00000560840.5	25556	27946	2390
ENST00000560841.5	14385	15189	804
ENST00000560846.1	0	9987	9987
ENST00000560852.1	828	1810	982
ENST00000560855.5	0	85351	85351
ENST00000560860.5	0	10046	10046
ENST00000560861.1	0	6544	6544
ENST00000560862.1	456	1556	1100
ENST00000560867.1	191	13212	13021
ENST00000560869.6	2997	13847	10850
ENST00000560875.1	1016	1352	336
ENST00000560878.1	0	2718	2718
ENST00000560884.5	1387	3236	1849
ENST00000560890.5	3192	30278	27086
ENST00000560891.6	1196	183884	182688
ENST00000560895.5	1432	22771	21339
ENST00000560897.1	3140	3663	523
ENST00000560898.5	0	15147	15147
ENST00000560899.5	1999	48656	46657
ENST00000560901.5	785	3756	2971
ENST00000560905.1	0	11547	11547
ENST00000560911.5	97	2930	2833
ENST00000560913.1	3187	3359	172
ENST00000560918.2	64485	66143	1658
ENST00000560919.5	7765	8027	262
ENST00000560920.6	2	10225	10223
ENST00000560922.1	0	2657	2657
ENST00000560928.5	15202	18088	2886
ENST00000560929.1	0	33607	33607
ENST00000560934.1	0	952	952
ENST00000560939.5	301	48807	48506
ENST00000560940.5	19	58931	58912
ENST00000560941.5	0	6759	6759
ENST00000560947.1	0	1171	1171
ENST00000560948.1	0	258	258
ENST00000560949.5	783	121260	120477
ENST00000560955.5	1388	131793	130405
ENST00000560959.5	14	15062	15048
ENST00000560961.2	12294	14129	1835
ENST00000560965.1	0	13976	13976
ENST00000560968.6	143	18975	18832
ENST00000560970.6	0	22156	22156
ENST00000560976.5	712	59106	58394
ENST00000560978.2	229	10818	10589
ENST00000560979.1	1212	61564	60352
ENST00000560981.5	115	4132	4017
ENST00000560982.5	14626	17232	2606
ENST00000560985.5	0	57201	57201
ENST00000560995.5	14909	18238	3329
ENST00000561001.5	734	3237	2503
ENST00000561003.5	253	2130	1877
ENST00000561006.5	0	10814	10814
ENST00000561008.5	44341	48141	3800
ENST00000561010.5	3754	23375	19621
ENST00000561011.5	961	32073	31112
ENST00000561012.5	51824	60941	9117
ENST00000561013.3	1522	21174	19652
ENST00000561018.5	2034	33477	31443
ENST00000561019.1	160660	171414	10754
ENST00000561022.5	22837	34492	11655
ENST00000561026.5	0	42959	42959
ENST00000561028.6	2577	4895	2318
ENST00000561029.1	0	158779	158779
ENST00000561030.5	377	4059	3682
ENST00000561031.1	0	14288	14288
ENST00000561034.1	570	924	354
ENST00000561035.5	588	5333	4745
ENST00000561036.1	0	1592	1592
ENST00000561038.5	764	1826	1062
ENST00000561041.5	357	2938	2581
ENST00000561043.5	170	32018	31848
ENST00000561053.5	41751	46804	5053
ENST00000561057.1	0	1642	1642
ENST00000561060.5	60732	78631	17899
ENST00000561064.5	313	193673	193360
ENST00000561067.1	0	54	54
ENST00000561068.5	2592	3546	954
ENST00000561069.5	169402	234882	65480
ENST00000561070.5	0	19094	19094
ENST00000561072.2	12858	13052	194
ENST00000561074.5	203	39538	39335
ENST00000561075.5	0	28456	28456
ENST00000561078.5	7086	20896	13810
ENST00000561080.5	4983	106115	101132
ENST00000561081.5	452	6170	5718
ENST00000561085.1	32594	36496	3902
ENST00000561089.5	141	8333	8192
ENST00000561095.1	0	2321	2321
ENST00000561096.5	3355	15999	12644
ENST00000561100.2	2127	122560	120433
ENST00000561113.1	0	23605	23605
ENST00000561114.5	2484	28023	25539
ENST00000561116.5	11488	38749	27261
ENST00000561117.6	920	70588	69668
ENST00000561120.5	0	78232	78232
ENST00000561127.5	29266	39103	9837
ENST00000561129.2	130	1574	1444
ENST00000561130.5	356	1418	1062
ENST00000561133.5	42801	44869	2068
ENST00000561138.1	0	2194	2194
ENST00000561139.2	0	1050	1050
ENST00000561148.5	0	186	186
ENST00000561150.5	192	6597	6405
ENST00000561151.1	3302	15898	12596
ENST00000561152.1	397	172468	172071
ENST00000561153.5	45678	90399	44721
ENST00000561156.1	0	1817	1817
ENST00000561157.5	1470	4077	2607
ENST00000561160.1	77	1948	1871
ENST00000561162.5	12183	68998	56815
ENST00000561166.1	273	29647	29374
ENST00000561167.5	0	17212	17212
ENST00000561169.5	0	6902	6902
ENST00000561170.1	0	9056	9056
ENST00000561173.5	842	17137	16295
ENST00000561176.5	0	9633	9633
ENST00000561180.5	77	77536	77459
ENST00000561183.5	24897	39095	14198
ENST00000561186.5	0	67070	67070
ENST00000561190.5	0	26291	26291
ENST00000561195.1	0	29935	29935
ENST00000561198.1	60	3697	3637
ENST00000561208.6	2972	211681	208709
ENST00000561211.5	14580	25171	10591
ENST00000561212.5	190720	201504	10784
ENST00000561213.5	15249	28387	13138
ENST00000561216.1	35868	37655	1787
ENST00000561220.6	1929	12293	10364
ENST00000561221.6	5	30249	30244
ENST00000561224.5	216	9516	9300
ENST00000561227.1	0	346	346
ENST00000561230.5	26027	27504	1477
ENST00000561234.5	18744	28737	9993
ENST00000561239.6	122	3927	3805
ENST00000561243.7	32767	78611	45844
ENST00000561245.1	4192	29275	25083
ENST00000561248.1	0	22038	22038
ENST00000561249.5	162	384710	384548
ENST00000561251.5	0	16767	16767
ENST00000561253.5	4472	34513	30041
ENST00000561257.1	300	8197	7897
ENST00000561260.5	14634	18336	3702
ENST00000561263.2	179	3122	2943
ENST00000561266.6	53	23961	23908
ENST00000561267.5	130	23229	23099
ENST00000561270.5	380	11588	11208
ENST00000561272.5	215	18755	18540
ENST00000561276.5	4421	135408	130987
ENST00000561277.5	778	6502	5724
ENST00000561278.1	0	2896	2896
ENST00000561279.5	42	13527	13485
ENST00000561282.5	72	14917	14845
ENST00000561286.5	4019	11160	7141
ENST00000561288.1	296	152482	152186
ENST00000561292.1	263	5116	4853
ENST00000561293.5	3354	17206	13852
ENST00000561294.5	650	6541	5891
ENST00000561302.5	74279	111370	37091
ENST00000561303.5	3622	10488	6866
ENST00000561305.1	0	10422	10422
ENST00000561308.5	150	8731	8581
ENST00000561311.5	85946	286812	200866
ENST00000561312.5	31893	43161	11268
ENST00000561313.5	5575	44486	38911
ENST00000561314.6	63527	119667	56140
ENST00000561317.1	46223	86981	40758
ENST00000561325.5	1058	2370	1312
ENST00000561330.1	31	38643	38612
ENST00000561338.5	137	15702	15565
ENST00000561339.1	0	96223	96223
ENST00000561340.2	158	29106	28948
ENST00000561342.6	894	1876	982
ENST00000561349.6	244	136065	135821
ENST00000561351.5	13714	26310	12596
ENST00000561353.2	0	5337	5337
ENST00000561355.2	595	35604	35009
ENST00000561357.1	0	28284	28284
ENST00000561359.1	2066	3481	1415
ENST00000561360.5	114	14959	14845
ENST00000561361.1	13521	47561	34040
ENST00000561365.5	0	10481	10481
ENST00000561366.1	0	2636	2636
ENST00000561368.1	0	604	604
ENST00000561370.5	0	4121	4121
ENST00000561371.5	224	4872	4648
ENST00000561372.1	90	3194	3104
ENST00000561373.1	631	8826	8195
ENST00000561375.5	818	4201	3383
ENST00000561389.2	111147	131707	20560
ENST00000561393.5	6778	33426	26648
ENST00000561395.6	83	19440	19357
ENST00000561398.1	0	13083	13083
ENST00000561400.1	0	81565	81565
ENST00000561407.1	0	25953	25953
ENST00000561411.1	0	157112	157112
ENST00000561416.5	15138	17981	2843
ENST00000561419.1	9023	10447	1424
ENST00000561421.6	56	34450	34394
ENST00000561424.5	38	5184	5146
ENST00000561425.5	79	841	762
ENST00000561428.1	114	8294	8180
ENST00000561435.5	36	3218	3182
ENST00000561437.1	2852	2924	72
ENST00000561438.5	0	15547	15547
ENST00000561441.5	107	34157	34050
ENST00000561442.5	146	49530	49384
ENST00000561446.5	11424	22521	11097
ENST00000561448.5	0	8671	8671
ENST00000561452.5	1117	35344	34227
ENST00000561453.5	5476	48328	42852
ENST00000561457.2	1903	2735	832
ENST00000561462.5	225	6079	5854
ENST00000561465.1	1271	21243	19972
ENST00000561469.1	337	1351	1014
ENST00000561470.5	32	780	748
ENST00000561474.1	0	17163	17163
ENST00000561482.6	6059	16117	10058
ENST00000561490.5	0	66747	66747
ENST00000561491.1	50	793	743
ENST00000561493.5	13043	24486	11443
ENST00000561494.5	5535	8226	2691
ENST00000561500.5	17	20244	20227
ENST00000561501.5	0	5518	5518
ENST00000561503.5	3780	43403	39623
ENST00000561504.1	55	2314	2259
ENST00000561505.2	288	3155	2867
ENST00000561508.1	0	871	871
ENST00000561509.3	68	1980	1912
ENST00000561514.3	262	40656	40394
ENST00000561516.5	34	19756	19722
ENST00000561517.5	63	8660	8597
ENST00000561518.5	0	11460	11460
ENST00000561522.1	0	98	98
ENST00000561524.6	935	29674	28739
ENST00000561526.5	20603	37496	16893
ENST00000561530.5	246	4845	4599
ENST00000561540.2	3342	7023	3681
ENST00000561543.5	0	66609	66609
ENST00000561546.5	264	2517	2253
ENST00000561551.1	0	17219	17219
ENST00000561553.5	53	31051	30998
ENST00000561555.5	830	3854	3024
ENST00000561556.5	108	2841	2733
ENST00000561561.6	0	750	750
ENST00000561562.5	0	43632	43632
ENST00000561568.6	123	19584	19461
ENST00000561569.5	1509	7677	6168
ENST00000561573.1	1075	9275	8200
ENST00000561574.5	87	1216	1129
ENST00000561578.5	0	21822	21822
ENST00000561579.6	0	6479	6479
ENST00000561584.5	95427	95739	312
ENST00000561590.1	349	2584	2235
ENST00000561593.5	0	1589	1589
ENST00000561594.5	812	8581	7769
ENST00000561603.5	407	23310	22903
ENST00000561607.6	772	8541	7769
ENST00000561609.5	0	20035	20035
ENST00000561610.1	153	9747	9594
ENST00000561614.5	2584	21728	19144
ENST00000561615.1	0	4537	4537
ENST00000561617.1	0	5951	5951
ENST00000561618.5	591	77020	76429
ENST00000561619.5	48	11430	11382
ENST00000561621.5	2423	6225	3802
ENST00000561623.5	740	95492	94752
ENST00000561626.4	78852	83818	4966
ENST00000561627.5	2077	6235	4158
ENST00000561629.1	246	5123	4877
ENST00000561630.1	2157	26811	24654
ENST00000561639.6	261	23221	22960
ENST00000561640.5	46	2207	2161
ENST00000561641.1	62	5011	4949
ENST00000561645.2	2041	5718	3677
ENST00000561646.5	1753	16197	14444
ENST00000561648.5	3754	339005	335251
ENST00000561650.5	2410	7978	5568
ENST00000561654.5	17544	17742	198
ENST00000561656.5	703	6924	6221
ENST00000561659.5	505	4969	4464
ENST00000561660.1	3639	20557	16918
ENST00000561666.5	0	9297	9297
ENST00000561667.2	51677	91840	40163
ENST00000561668.5	962	1419	457
ENST00000561671.5	994	3144	2150
ENST00000561675.1	11727	13305	1578
ENST00000561678.7	316	78146	77830
ENST00000561680.5	713	20334	19621
ENST00000561686.5	0	1070	1070
ENST00000561690.1	27	14106	14079
ENST00000561691.5	0	23762	23762
ENST00000561692.5	0	69104	69104
ENST00000561696.5	22577	26005	3428
ENST00000561697.5	3784	6450	2666
ENST00000561704.1	3766	4384	618
ENST00000561710.1	0	1101	1101
ENST00000561712.1	0	1885	1885
ENST00000561714.5	316	72625	72309
ENST00000561718.5	828	9664	8836
ENST00000561721.6	54848	54930	82
ENST00000561722.5	111	2165	2054
ENST00000561723.5	99	53789	53690
ENST00000561724.5	15592	32892	17300
ENST00000561728.1	11334	47572	36238
ENST00000561731.1	23	11601	11578
ENST00000561734.5	979	3694	2715
ENST00000561735.5	24203	35642	11439
ENST00000561736.2	234	2325	2091
ENST00000561738.5	0	4551	4551
ENST00000561740.5	2509	3335	826
ENST00000561741.5	22	10874	10852
ENST00000561742.5	26278	26338	60
ENST00000561743.5	2988	21332	18344
ENST00000561749.1	0	560	560
ENST00000561751.1	0	10411	10411
ENST00000561754.4	285	4658	4373
ENST00000561755.1	740	1098	358
ENST00000561758.5	3937	25444	21507
ENST00000561768.5	0	1418	1418
ENST00000561769.1	0	5622	5622
ENST00000561770.1	0	372	372
ENST00000561779.5	127	40390	40263
ENST00000561780.5	24683	37266	12583
ENST00000561782.5	19063	20901	1838
ENST00000561784.5	5498	9134	3636
ENST00000561792.7	17	38266	38249
ENST00000561793.2	0	9269	9269
ENST00000561795.5	5352	13206	7854
ENST00000561801.2	49	13788	13739
ENST00000561813.5	86	98713	98627
ENST00000561814.1	0	1471	1471
ENST00000561815.5	40	4795	4755
ENST00000561817.5	4992	7982	2990
ENST00000561820.5	77	50450	50373
ENST00000561821.1	78	2893	2815
ENST00000561825.1	0	17606	17606
ENST00000561831.7	350	76115	75765
ENST00000561833.5	29494	31313	1819
ENST00000561839.5	0	15875	15875
ENST00000561840.1	1536	4171	2635
ENST00000561841.1	2248	8538	6290
ENST00000561844.5	0	8520	8520
ENST00000561851.5	310	56475	56165
ENST00000561852.5	5887	42416	36529
ENST00000561854.1	3427	4801	1374
ENST00000561855.1	54	1891	1837
ENST00000561856.1	0	158	158
ENST00000561858.5	4045	8322	4277
ENST00000561863.1	3808	3958	150
ENST00000561867.1	0	574	574
ENST00000561870.5	22785	35373	12588
ENST00000561871.1	1249	1305	56
ENST00000561877.2	17910	21989	4079
ENST00000561878.2	4507	21975	17468
ENST00000561880.1	49	8096	8047
ENST00000561882.2	1211	18290	17079
ENST00000561885.1	0	20932	20932
ENST00000561886.2	2603	2823	220
ENST00000561888.1	0	8634	8634
ENST00000561889.1	374	8005	7631
ENST00000561890.1	233	29776	29543
ENST00000561894.1	0	56244	56244
ENST00000561896.1	0	4269	4269
ENST00000561899.6	1040	10154	9114
ENST00000561903.6	0	1484	1484
ENST00000561905.2	757	5843	5086
ENST00000561907.5	94	2557	2463
ENST00000561908.1	16041	34792	18751
ENST00000561910.5	21	574	553
ENST00000561911.5	0	7848	7848
ENST00000561914.5	24	36908	36884
ENST00000561922.1	4584	14195	9611
ENST00000561924.6	37584	69856	32272
ENST00000561928.1	12	24248	24236
ENST00000561929.1	0	3347	3347
ENST00000561935.5	0	18323	18323
ENST00000561947.5	1013	23494	22481
ENST00000561948.1	17	37057	37040
ENST00000561955.1	0	1287	1287
ENST00000561958.5	62	20855	20793
ENST00000561959.5	5458	17634	12176
ENST00000561965.1	20	16870	16850
ENST00000561967.1	1001	2534	1533
ENST00000561969.5	21988	23791	1803
ENST00000561970.1	0	478	478
ENST00000561971.1	128	17472	17344
ENST00000561976.5	730	11323	10593
ENST00000561981.5	7165	37719	30554
ENST00000561983.5	95	2634	2539
ENST00000561988.5	30242	34851	4609
ENST00000561989.5	0	6972	6972
ENST00000561992.5	364	124716	124352
ENST00000561996.1	0	3314	3314
ENST00000562001.1	1469	1805	336
ENST00000562003.5	30184	31892	1708
ENST00000562008.5	0	4171	4171
ENST00000562012.2	17485	21335	3850
ENST00000562014.5	1487	8371	6884
ENST00000562015.5	5810	6307	497
ENST00000562023.5	18	7278	7260
ENST00000562030.3	0	89986	89986
ENST00000562034.5	10610	98525	87915
ENST00000562037.1	2930	5007	2077
ENST00000562039.1	26	8137	8111
ENST00000562045.1	1016	1976	960
ENST00000562046.1	0	7272	7272
ENST00000562048.5	2997	11043	8046
ENST00000562050.6	4970	44197	39227
ENST00000562056.1	64	16339	16275
ENST00000562057.6	507	14453	13946
ENST00000562070.1	421	1805	1384
ENST00000562071.5	3080	4321	1241
ENST00000562072.5	677	10500	9823
ENST00000562075.6	5705	10446	4741
ENST00000562076.2	87	457	370
ENST00000562079.5	0	14139	14139
ENST00000562081.2	98	8554	8456
ENST00000562083.1	3921	16864	12943
ENST00000562084.5	8	468	460
ENST00000562086.1	0	9939	9939
ENST00000562090.5	19803	156384	136581
ENST00000562095.1	147	15505	15358
ENST00000562102.6	44560	98221	53661
ENST00000562103.2	580	14790	14210
ENST00000562105.2	13130	18674	5544
ENST00000562106.5	61	2192	2131
ENST00000562109.5	466	421349	420883
ENST00000562111.1	139	2310	2171
ENST00000562114.5	25987	68101	42114
ENST00000562115.1	14918	36753	21835
ENST00000562116.1	20029	20077	48
ENST00000562117.1	0	17341	17341
ENST00000562119.5	111	58393	58282
ENST00000562124.5	0	16842	16842
ENST00000562128.1	8823	9305	482
ENST00000562132.5	21	25707	25686
ENST00000562133.5	1273	15592	14319
ENST00000562135.5	0	67211	67211
ENST00000562141.5	391	2370	1979
ENST00000562142.5	26281	28507	2226
ENST00000562144.5	2225	2681	456
ENST00000562148.2	1199	1833	634
ENST00000562150.5	92	15171	15079
ENST00000562151.2	0	5350	5350
ENST00000562153.5	0	46810	46810
ENST00000562154.5	3804	4571	767
ENST00000562155.5	40963	58343	17380
ENST00000562156.5	502	24114	23612
ENST00000562161.5	1787	2239	452
ENST00000562168.5	3083	5267	2184
ENST00000562169.1	0	18681	18681
ENST00000562170.5	1196	5506	4310
ENST00000562171.1	236	41142	40906
ENST00000562174.5	124	21346	21222
ENST00000562185.5	3259	3415	156
ENST00000562186.1	0	67117	67117
ENST00000562187.1	404	482	78
ENST00000562188.7	4436	22325	17889
ENST00000562190.1	9	3255	3246
ENST00000562193.1	0	6996	6996
ENST00000562196.6	496	44987	44491
ENST00000562197.3	276	2566	2290
ENST00000562199.2	0	1478	1478
ENST00000562201.5	1618	2942	1324
ENST00000562206.1	331	1790	1459
ENST00000562208.5	4905	18188	13283
ENST00000562212.5	16276	24139	7863
ENST00000562220.2	166	5228	5062
ENST00000562221.1	9003	12603	3600
ENST00000562222.5	346	9345	8999
ENST00000562224.1	0	1315	1315
ENST00000562226.5	54420	91840	37420
ENST00000562227.2	4790	6402	1612
ENST00000562230.5	0	30226	30226
ENST00000562233.5	133	17988	17855
ENST00000562234.2	0	7091	7091
ENST00000562235.5	62	1771	1709
ENST00000562237.5	0	38421	38421
ENST00000562238.5	87	12519	12432
ENST00000562240.1	334	10937	10603
ENST00000562246.2	111	32907	32796
ENST00000562249.1	1218	7205	5987
ENST00000562250.1	0	10834	10834
ENST00000562251.5	0	28539	28539
ENST00000562255.5	745	1799	1054
ENST00000562256.5	0	28260	28260
ENST00000562261.1	0	57449	57449
ENST00000562263.5	2949	4726	1777
ENST00000562264.5	0	25468	25468
ENST00000562275.6	5056	30650	25594
ENST00000562281.1	0	8854	8854
ENST00000562283.5	33086	45339	12253
ENST00000562285.1	0	2761	2761
ENST00000562286.1	23040	23380	340
ENST00000562288.1	1712	2543	831
ENST00000562291.2	0	4716	4716
ENST00000562292.5	18180	71470	53290
ENST00000562295.3	62	12278	12216
ENST00000562303.5	3062	23870	20808
ENST00000562305.5	0	31726	31726
ENST00000562308.5	10566	58129	47563
ENST00000562311.5	0	522	522
ENST00000562312.1	7364	10748	3384
ENST00000562316.6	0	28062	28062
ENST00000562318.5	41	8688	8647
ENST00000562319.7	158	24723	24565
ENST00000562320.1	1467	4644	3177
ENST00000562324.5	0	10293	10293
ENST00000562325.5	0	132	132
ENST00000562327.5	16298	22728	6430
ENST00000562332.1	164	41729	41565
ENST00000562333.5	13	2552	2539
ENST00000562334.5	642	2580	1938
ENST00000562336.5	1513	7681	6168
ENST00000562337.5	152	4191	4039
ENST00000562338.1	290	2403	2113
ENST00000562345.1	0	67788	67788
ENST00000562346.2	0	6083	6083
ENST00000562351.2	2671	22056	19385
ENST00000562352.5	632	3922	3290
ENST00000562357.5	706	5762	5056
ENST00000562360.5	3	2246	2243
ENST00000562362.5	2191	2405	214
ENST00000562363.5	0	25150	25150
ENST00000562365.2	252	1306	1054
ENST00000562370.5	19122	20228	1106
ENST00000562373.1	2972	3874	902
ENST00000562374.1	0	60	60
ENST00000562377.1	0	3965	3965
ENST00000562379.1	142	18549	18407
ENST00000562380.5	23259	53541	30282
ENST00000562383.6	5727	6536	809
ENST00000562384.5	15815	19381	3566
ENST00000562385.1	0	2635	2635
ENST00000562387.1	215	2105	1890
ENST00000562389.5	4368	5727	1359
ENST00000562397.5	0	1803	1803
ENST00000562398.5	35	15511	15476
ENST00000562399.1	28	1372	1344
ENST00000562406.5	0	7119	7119
ENST00000562410.5	7933	18388	10455
ENST00000562411.5	3803	7386	3583
ENST00000562414.5	22062	23161	1099
ENST00000562421.5	0	4620	4620
ENST00000562425.1	767	2330	1563
ENST00000562428.6	137	6005	5868
ENST00000562435.6	5521	67475	61954
ENST00000562437.2	12	63430	63418
ENST00000562439.5	18522	23407	4885
ENST00000562441.5	65	5385	5320
ENST00000562442.5	11415	17678	6263
ENST00000562447.5	0	2515	2515
ENST00000562453.1	0	2300	2300
ENST00000562458.2	1417	4189	2772
ENST00000562462.5	1186	3170	1984
ENST00000562463.5	10077	13474	3397
ENST00000562465.5	4110	8236	4126
ENST00000562467.5	10809	12347	1538
ENST00000562469.5	0	888	888
ENST00000562470.3	1846	13073	11227
ENST00000562473.1	16	18669	18653
ENST00000562477.1	0	2096	2096
ENST00000562479.5	630	2291	1661
ENST00000562481.1	0	8228	8228
ENST00000562484.2	0	14528	14528
ENST00000562489.1	69	106752	106683
ENST00000562492.5	4385	7899	3514
ENST00000562496.5	7534	65243	57709
ENST00000562503.5	1002	27186	26184
ENST00000562505.2	424	2429	2005
ENST00000562510.1	0	86986	86986
ENST00000562513.6	3438	6183	2745
ENST00000562519.5	156	16947	16791
ENST00000562520.1	3	243258	243255
ENST00000562522.2	33	30747	30714
ENST00000562523.1	0	1453	1453
ENST00000562526.5	27	6318	6291
ENST00000562527.5	44566	44668	102
ENST00000562530.5	2151	9681	7530
ENST00000562532.3	25	31037	31012
ENST00000562534.5	68	8659	8591
ENST00000562543.5	0	236573	236573
ENST00000562544.1	58	10203	10145
ENST00000562545.5	0	19892	19892
ENST00000562553.5	53	3952	3899
ENST00000562556.5	35299	35639	340
ENST00000562557.5	731	1998	1267
ENST00000562558.6	21683	37022	15339
ENST00000562559.5	234	46556	46322
ENST00000562562.1	14336	18715	4379
ENST00000562563.1	1351	3790	2439
ENST00000562564.1	0	10237	10237
ENST00000562566.5	399	1158	759
ENST00000562569.1	0	17013	17013
ENST00000562576.5	45	9197	9152
ENST00000562578.5	42	12735	12693
ENST00000562579.5	0	2072	2072
ENST00000562581.5	12391	12989	598
ENST00000562583.5	0	3390	3390
ENST00000562588.5	0	8861	8861
ENST00000562589.5	0	9303	9303
ENST00000562592.5	1505	16941	15436
ENST00000562595.5	1595	18165	16570
ENST00000562599.5	56	1123	1067
ENST00000562601.5	125	78448	78323
ENST00000562606.5	518	7397	6879
ENST00000562607.5	0	81596	81596
ENST00000562610.5	36	3614	3578
ENST00000562611.1	21119	239833	218714
ENST00000562619.1	0	9630	9630
ENST00000562631.7	21658	36997	15339
ENST00000562637.1	7183	7355	172
ENST00000562638.5	0	75672	75672
ENST00000562641.1	1000	2128	1128
ENST00000562646.5	1105	6350	5245
ENST00000562649.6	87	9446	9359
ENST00000562652.1	119	1722	1603
ENST00000562663.5	22398	35674	13276
ENST00000562664.5	360	9817	9457
ENST00000562670.5	108	3904	3796
ENST00000562679.5	711	4188	3477
ENST00000562682.5	19113	20422	1309
ENST00000562683.2	0	4267	4267
ENST00000562684.5	36	21366	21330
ENST00000562690.5	0	1887	1887
ENST00000562695.1	19	67743	67724
ENST00000562698.5	0	4590	4590
ENST00000562699.1	138	7279	7141
ENST00000562701.5	0	1196	1196
ENST00000562706.5	275	18622	18347
ENST00000562707.5	649	9018	8369
ENST00000562711.6	258	96121	95863
ENST00000562712.5	0	320	320
ENST00000562713.3	4694	21496	16802
ENST00000562719.5	0	9733	9733
ENST00000562721.1	17657	23666	6009
ENST00000562724.1	0	368	368
ENST00000562727.1	9211	9353	142
ENST00000562729.5	0	10667	10667
ENST00000562731.5	4047	4340	293
ENST00000562733.1	6128	6846	718
ENST00000562737.5	0	4688	4688
ENST00000562740.5	23349	23545	196
ENST00000562744.1	898	1977	1079
ENST00000562746.5	3520	9963	6443
ENST00000562755.5	10159	11019	860
ENST00000562761.1	0	7914	7914
ENST00000562764.5	24148	40194	16046
ENST00000562765.5	16267	17364	1097
ENST00000562767.2	2979	38727	35748
ENST00000562771.1	111	35594	35483
ENST00000562774.1	0	8686	8686
ENST00000562776.5	0	16546	16546
ENST00000562783.2	28	12325	12297
ENST00000562785.1	84	1729	1645
ENST00000562787.6	113	7372	7259
ENST00000562788.2	29	3904	3875
ENST00000562789.5	39	4335	4296
ENST00000562792.1	24	244	220
ENST00000562793.5	0	5787	5787
ENST00000562797.5	0	20086	20086
ENST00000562798.2	56	3117	3061
ENST00000562800.5	32	7987	7955
ENST00000562803.1	387	3439	3052
ENST00000562808.5	5061	20142	15081
ENST00000562809.1	564	1966	1402
ENST00000562810.5	621	4159	3538
ENST00000562812.5	475	201770	201295
ENST00000562819.5	233	8705	8472
ENST00000562823.1	23015	23481	466
ENST00000562824.5	269	2485	2216
ENST00000562830.1	0	5680	5680
ENST00000562831.1	0	21229	21229
ENST00000562832.1	5860	19586	13726
ENST00000562833.2	16	36448	36432
ENST00000562841.1	185	4733	4548
ENST00000562843.5	259	1518	1259
ENST00000562847.5	0	110284	110284
ENST00000562849.6	50261	54033	3772
ENST00000562851.5	632	1277	645
ENST00000562855.7	241	4397	4156
ENST00000562857.5	92	9213	9121
ENST00000562859.5	1187	19947	18760
ENST00000562871.5	673	243928	243255
ENST00000562875.5	4371	16142	11771
ENST00000562877.5	62954	214092	151138
ENST00000562879.5	278	1185	907
ENST00000562880.5	0	49101	49101
ENST00000562882.5	0	206	206
ENST00000562883.6	0	4422	4422
ENST00000562884.1	0	1168	1168
ENST00000562889.5	142	16542	16400
ENST00000562891.2	0	2897	2897
ENST00000562892.2	3945	6915	2970
ENST00000562895.2	947	4419	3472
ENST00000562896.1	0	5628	5628
ENST00000562901.5	26468	46685	20217
ENST00000562903.5	432	14976	14544
ENST00000562905.2	0	798	798
ENST00000562909.1	0	412	412
ENST00000562912.5	120	16964	16844
ENST00000562918.5	81	2922	2841
ENST00000562923.5	957	9533	8576
ENST00000562924.5	1079	73208	72129
ENST00000562926.5	0	131712	131712
ENST00000562930.5	106	3676	3570
ENST00000562932.5	444	2145	1701
ENST00000562933.5	0	68	68
ENST00000562935.5	5121	6293	1172
ENST00000562937.5	6030	10114	4084
ENST00000562939.1	71	940	869
ENST00000562940.6	473	14691	14218
ENST00000562943.1	0	5282	5282
ENST00000562944.5	0	17335	17335
ENST00000562949.1	395	6717	6322
ENST00000562955.2	73	70635	70562
ENST00000562958.6	33	12251	12218
ENST00000562959.1	21796	23029	1233
ENST00000562961.1	713	13430	12717
ENST00000562968.1	0	451	451
ENST00000562971.1	10525	40826	30301
ENST00000562973.1	0	2606	2606
ENST00000562974.1	0	31240	31240
ENST00000562982.5	31	10192	10161
ENST00000562983.3	23375	23949	574
ENST00000562984.5	0	458	458
ENST00000562985.5	3269	18350	15081
ENST00000562986.5	6446	12565	6119
ENST00000562993.5	10621	15092	4471
ENST00000562994.5	0	108	108
ENST00000562997.5	0	9829	9829
ENST00000562998.1	0	418	418
ENST00000562999.5	106	12398	12292
ENST00000563002.5	26212	31386	5174
ENST00000563007.5	21709	23179	1470
ENST00000563009.5	0	20086	20086
ENST00000563011.2	0	213878	213878
ENST00000563012.1	0	2862	2862
ENST00000563024.5	10735	16519	5784
ENST00000563025.1	10	1421	1411
ENST00000563027.2	3374	15617	12243
ENST00000563028.1	0	68300	68300
ENST00000563039.2	474	2872	2398
ENST00000563043.1	1024	2813	1789
ENST00000563047.1	2361	17196	14835
ENST00000563048.5	87	58828	58741
ENST00000563060.6	2981	7019	4038
ENST00000563064.5	18789	42433	23644
ENST00000563065.5	93	3992	3899
ENST00000563066.5	7494	31729	24235
ENST00000563068.1	246	8598	8352
ENST00000563069.5	3174	5418	2244
ENST00000563078.1	0	39866	39866
ENST00000563080.1	8136	21799	13663
ENST00000563081.1	0	9321	9321
ENST00000563085.5	0	30957	30957
ENST00000563091.1	0	18701	18701
ENST00000563093.5	131	26205	26074
ENST00000563094.5	802	34771	33969
ENST00000563100.5	936	16815	15879
ENST00000563102.1	839	2358	1519
ENST00000563104.5	0	16655	16655
ENST00000563107.5	621	2165	1544
ENST00000563109.1	0	37955	37955
ENST00000563110.6	621	10222	9601
ENST00000563111.2	0	23536	23536
ENST00000563117.5	353	7233	6880
ENST00000563118.1	0	12731	12731
ENST00000563119.5	2630	7397	4767
ENST00000563123.1	0	439	439
ENST00000563125.5	0	413	413
ENST00000563126.5	3139	5963	2824
ENST00000563134.5	94	3520	3426
ENST00000563136.5	53	5185	5132
ENST00000563137.7	3754	372118	368364
ENST00000563139.5	1915	2612	697
ENST00000563146.1	8125	8673	548
ENST00000563147.5	0	7589	7589
ENST00000563149.2	64	11425	11361
ENST00000563157.1	0	341	341
ENST00000563158.1	15035	17088	2053
ENST00000563161.1	209	973	764
ENST00000563164.1	403	1785	1382
ENST00000563166.1	0	13916	13916
ENST00000563169.7	502	27308	26806
ENST00000563171.5	0	18267	18267
ENST00000563177.5	1440	5829	4389
ENST00000563179.5	1490	1936	446
ENST00000563180.1	327	6880	6553
ENST00000563185.6	0	13788	13788
ENST00000563186.5	0	1296	1296
ENST00000563188.5	30	17221	17191
ENST00000563189.5	91	39598	39507
ENST00000563193.2	6711	119838	113127
ENST00000563194.1	0	1280	1280
ENST00000563196.5	0	1527	1527
ENST00000563197.6	70	9923	9853
ENST00000563204.5	3190	55564	52374
ENST00000563206.5	69	40242	40173
ENST00000563226.1	75	12981	12906
ENST00000563228.5	9674	10044	370
ENST00000563231.5	11130	21259	10129
ENST00000563232.1	106	33913	33807
ENST00000563233.2	0	15130	15130
ENST00000563234.1	0	7499	7499
ENST00000563235.5	352	21060	20708
ENST00000563236.6	29	51232	51203
ENST00000563237.3	2359	11476	9117
ENST00000563239.1	39361	62769	23408
ENST00000563241.5	116	8109	7993
ENST00000563250.5	3614	20610	16996
ENST00000563253.5	6644	14319	7675
ENST00000563254.1	286	2161	1875
ENST00000563257.5	1882	3849	1967
ENST00000563258.1	0	1456	1456
ENST00000563259.5	0	18876	18876
ENST00000563260.1	0	775	775
ENST00000563262.5	0	6551	6551
ENST00000563270.5	1696	2513	817
ENST00000563273.5	0	31408	31408
ENST00000563276.5	247	3386	3139
ENST00000563277.5	570	6138	5568
ENST00000563279.5	523	2945	2422
ENST00000563281.2	115	5453	5338
ENST00000563290.6	732	540082	539350
ENST00000563291.1	121	16692	16571
ENST00000563292.1	0	3737	3737
ENST00000563296.1	27340	27566	226
ENST00000563297.5	9971	10083	112
ENST00000563299.5	33	9155	9122
ENST00000563301.5	1220	3267	2047
ENST00000563308.1	0	83897	83897
ENST00000563312.5	0	41146	41146
ENST00000563313.5	11373	29186	17813
ENST00000563316.5	0	22	22
ENST00000563318.1	10588	15212	4624
ENST00000563322.5	0	4084	4084
ENST00000563323.1	0	350	350
ENST00000563329.1	0	214	214
ENST00000563332.6	1900	4075	2175
ENST00000563341.1	0	4656	4656
ENST00000563343.5	87	7212	7125
ENST00000563351.5	12	62904	62892
ENST00000563363.5	50	16829	16779
ENST00000563369.6	17	20007	19990
ENST00000563370.1	1241	1620	379
ENST00000563371.5	0	24013	24013
ENST00000563374.5	21664	22977	1313
ENST00000563375.2	0	4479	4479
ENST00000563376.5	2589	50827	48238
ENST00000563378.5	0	3612	3612
ENST00000563383.1	92	11758	11666
ENST00000563386.5	83	33658	33575
ENST00000563387.5	5454	6775	1321
ENST00000563389.1	0	7240	7240
ENST00000563390.5	56	6543	6487
ENST00000563391.1	8805	10853	2048
ENST00000563392.5	27760	44914	17154
ENST00000563393.1	5287	6198	911
ENST00000563402.1	131	4370	4239
ENST00000563404.1	28222	43505	15283
ENST00000563405.1	0	2813	2813
ENST00000563410.1	24956	25272	316
ENST00000563412.1	0	7795	7795
ENST00000563413.5	3307	5097	1790
ENST00000563414.5	9323	10834	1511
ENST00000563415.1	543	4588	4045
ENST00000563418.2	0	6735	6735
ENST00000563422.5	32	7467	7435
ENST00000563425.2	113	14371	14258
ENST00000563428.5	3519	4667	1148
ENST00000563439.5	3673	4658	985
ENST00000563445.5	21980	23503	1523
ENST00000563454.5	1562	6622	5060
ENST00000563462.1	0	4229	4229
ENST00000563468.5	438	26661	26223
ENST00000563474.2	0	17207	17207
ENST00000563478.5	0	18101	18101
ENST00000563479.5	35	12668	12633
ENST00000563480.6	4304	7887	3583
ENST00000563486.1	0	2508	2508
ENST00000563491.5	33309	36263	2954
ENST00000563494.5	4008	18901	14893
ENST00000563496.2	1553	15763	14210
ENST00000563498.1	308	1004	696
ENST00000563499.1	4713	5485	772
ENST00000563500.5	10	40501	40491
ENST00000563504.5	118	15964	15846
ENST00000563507.5	769	2827	2058
ENST00000563510.5	14020	16332	2312
ENST00000563513.1	2688	8642	5954
ENST00000563517.5	282	5663	5381
ENST00000563522.5	22974	31963	8989
ENST00000563523.5	0	15936	15936
ENST00000563525.2	764	8942	8178
ENST00000563531.5	11	5361	5350
ENST00000563541.1	0	6034	6034
ENST00000563544.5	673	10833	10160
ENST00000563545.1	61	933	872
ENST00000563548.5	30192	31776	1584
ENST00000563551.1	3763	8408	4645
ENST00000563556.1	23	7862	7839
ENST00000563558.5	10077	21608	11531
ENST00000563559.5	136	36093	35957
ENST00000563560.1	0	1398	1398
ENST00000563564.1	0	36	36
ENST00000563566.5	168	5736	5568
ENST00000563573.5	0	630	630
ENST00000563577.1	1402	4870	3468
ENST00000563578.5	551	9640	9089
ENST00000563579.1	111	2014	1903
ENST00000563584.5	6276	18495	12219
ENST00000563587.5	160	9141	8981
ENST00000563588.6	396	9878	9482
ENST00000563590.2	4293	25295	21002
ENST00000563591.5	19495	19873	378
ENST00000563594.6	5498	18547	13049
ENST00000563597.5	373	5430	5057
ENST00000563599.5	63	1563	1500
ENST00000563600.5	21	9139	9118
ENST00000563607.1	238	3277	3039
ENST00000563612.1	545	3023	2478
ENST00000563615.5	0	361	361
ENST00000563617.1	7831	19141	11310
ENST00000563622.5	117	15590	15473
ENST00000563628.6	208	5673	5465
ENST00000563633.5	66	8005	7939
ENST00000563634.1	0	21584	21584
ENST00000563637.5	49	2207	2158
ENST00000563638.5	0	1127	1127
ENST00000563640.1	0	84796	84796
ENST00000563641.6	73062	76208	3146
ENST00000563649.1	0	6833	6833
ENST00000563651.5	1583	6319	4736
ENST00000563655.5	229	2882	2653
ENST00000563656.5	378	10597	10219
ENST00000563659.5	24649	36617	11968
ENST00000563661.2	93	84247	84154
ENST00000563662.2	0	32133	32133
ENST00000563663.5	1771	29659	27888
ENST00000563664.1	0	9837	9837
ENST00000563667.5	0	32234	32234
ENST00000563671.5	2630	7383	4753
ENST00000563672.5	932	5952	5020
ENST00000563673.5	726	19168	18442
ENST00000563679.5	139	64076	63937
ENST00000563683.5	224	14654	14430
ENST00000563691.5	3	72479	72476
ENST00000563694.6	874	19991	19117
ENST00000563707.1	22	944	922
ENST00000563710.7	2035	30061	28026
ENST00000563712.6	35	2177	2142
ENST00000563714.5	519	31960	31441
ENST00000563718.5	3924	6115	2191
ENST00000563719.4	7142	50253	43111
ENST00000563726.5	31514	35304	3790
ENST00000563730.1	0	2922	2922
ENST00000563732.5	400	6915	6515
ENST00000563744.1	98	11048	10950
ENST00000563745.1	0	590	590
ENST00000563746.5	298	102760	102462
ENST00000563755.1	0	10477	10477
ENST00000563762.5	16479	30257	13778
ENST00000563764.2	0	82237	82237
ENST00000563765.5	18976	20680	1704
ENST00000563778.5	2383	5411	3028
ENST00000563786.5	529	8887	8358
ENST00000563788.5	136	3144	3008
ENST00000563790.5	53129	68412	15283
ENST00000563792.1	169	981	812
ENST00000563793.1	0	3720	3720
ENST00000563795.1	5450	18448	12998
ENST00000563797.5	0	30239	30239
ENST00000563798.1	1267	9622	8355
ENST00000563799.5	106	12487	12381
ENST00000563804.5	220	23736	23516
ENST00000563819.5	0	4753	4753
ENST00000563824.5	0	235462	235462
ENST00000563827.5	3929	19840	15911
ENST00000563830.2	0	30467	30467
ENST00000563836.1	0	3367	3367
ENST00000563839.1	38	19089	19051
ENST00000563840.1	0	22867	22867
ENST00000563842.5	1696	5414	3718
ENST00000563845.5	3350	4062	712
ENST00000563853.6	218	35369	35151
ENST00000563854.1	610	1139	529
ENST00000563858.5	18130	102917	84787
ENST00000563861.5	1798	8880	7082
ENST00000563862.5	3348	5164	1816
ENST00000563864.5	647	21778	21131
ENST00000563869.1	141	4224	4083
ENST00000563873.5	0	32102	32102
ENST00000563875.1	0	10	10
ENST00000563876.1	0	956	956
ENST00000563877.5	2758	4548	1790
ENST00000563878.5	4450	19531	15081
ENST00000563888.6	0	235389	235389
ENST00000563889.1	0	7337	7337
ENST00000563890.5	475	201770	201295
ENST00000563892.5	96	60708	60612
ENST00000563898.5	37	28198	28161
ENST00000563900.5	0	24910	24910
ENST00000563901.5	158	121358	121200
ENST00000563902.2	1215	6418	5203
ENST00000563905.5	10406	10532	126
ENST00000563907.5	431	31798	31367
ENST00000563909.5	801	2035	1234
ENST00000563910.5	0	55625	55625
ENST00000563911.5	0	7339	7339
ENST00000563914.1	0	7064	7064
ENST00000563915.5	10156	16049	5893
ENST00000563919.1	0	42356	42356
ENST00000563924.6	4404	73448	69044
ENST00000563926.5	26278	27467	1189
ENST00000563928.5	0	6132	6132
ENST00000563930.5	438	11304	10866
ENST00000563934.1	893	4452	3559
ENST00000563939.3	0	7882	7882
ENST00000563940.1	6244	14373	8129
ENST00000563941.5	1919	9818	7899
ENST00000563944.1	0	1125	1125
ENST00000563952.1	304	75301	74997
ENST00000563953.5	1423	2296	873
ENST00000563958.5	3983	7335	3352
ENST00000563961.5	28495	70782	42287
ENST00000563965.5	108	24643	24535
ENST00000563969.5	2535	3691	1156
ENST00000563971.5	11416	35863	24447
ENST00000563972.1	4	17381	17377
ENST00000563975.1	204	4027	3823
ENST00000563978.5	3743	6512	2769
ENST00000563987.5	2516	4629	2113
ENST00000563995.1	136	3563	3427
ENST00000563996.1	0	6566	6566
ENST00000563998.5	72	26000	25928
ENST00000564000.5	178	1618	1440
ENST00000564003.5	1343	7137	5794
ENST00000564006.5	455	2969	2514
ENST00000564008.5	3258	17939	14681
ENST00000564010.5	26	13606	13580
ENST00000564011.5	149	28766	28617
ENST00000564018.1	0	5288	5288
ENST00000564019.1	2317	4479	2162
ENST00000564022.1	0	8654	8654
ENST00000564023.1	0	1583	1583
ENST00000564026.1	513	3135	2622
ENST00000564028.1	0	800	800
ENST00000564034.6	229	53355	53126
ENST00000564039.1	284	2048	1764
ENST00000564043.1	17	8270	8253
ENST00000564044.5	46591	53315	6724
ENST00000564053.5	3630	5132	1502
ENST00000564057.1	1189	24773	23584
ENST00000564060.5	74	8348	8274
ENST00000564062.1	0	89463	89463
ENST00000564065.5	1001	3490	2489
ENST00000564067.5	8092	12407	4315
ENST00000564069.1	0	14153	14153
ENST00000564071.1	584	4813	4229
ENST00000564078.1	0	3412	3412
ENST00000564079.6	254	36090	35836
ENST00000564080.1	71573	89826	18253
ENST00000564082.1	21299	22081	782
ENST00000564084.1	0	14038	14038
ENST00000564085.5	69	19640	19571
ENST00000564086.5	0	11566	11566
ENST00000564087.2	6	608	602
ENST00000564088.5	909	4667	3758
ENST00000564089.5	27898	48712	20814
ENST00000564090.1	8923	9258	335
ENST00000564091.6	240	9730	9490
ENST00000564092.1	0	12569	12569
ENST00000564095.5	21	8283	8262
ENST00000564096.1	88	7470	7382
ENST00000564100.5	937	14809	13872
ENST00000564103.5	10817	12354	1537
ENST00000564104.5	366	1825	1459
ENST00000564105.5	48	5358	5310
ENST00000564108.5	14	20331	20317
ENST00000564112.1	0	396	396
ENST00000564115.5	19	11360	11341
ENST00000564117.1	0	9450	9450
ENST00000564126.5	24066	43338	19272
ENST00000564129.5	0	7277	7277
ENST00000564130.2	168	3229	3061
ENST00000564131.1	66	18703	18637
ENST00000564132.1	0	3374	3374
ENST00000564134.5	4362	20580	16218
ENST00000564136.5	2636	14396	11760
ENST00000564138.6	6699	182467	175768
ENST00000564139.5	20	13585	13565
ENST00000564146.4	420	6353	5933
ENST00000564148.1	0	3532	3532
ENST00000564153.5	16213	36269	20056
ENST00000564155.5	1178	15443	14265
ENST00000564162.1	0	1455	1455
ENST00000564163.5	202	17546	17344
ENST00000564166.1	0	4272	4272
ENST00000564172.1	14740	19903	5163
ENST00000564174.5	36	21497	21461
ENST00000564177.1	0	4529	4529
ENST00000564178.5	0	9865	9865
ENST00000564179.5	13601	15615	2014
ENST00000564182.1	0	764	764
ENST00000564183.1	0	950	950
ENST00000564186.5	27	109739	109712
ENST00000564189.1	1902	2228	326
ENST00000564190.1	0	31153	31153
ENST00000564191.5	6835	42340	35505
ENST00000564192.5	3900	8974	5074
ENST00000564195.1	9	25645	25636
ENST00000564206.2	12625	20165	7540
ENST00000564207.5	24409	41727	17318
ENST00000564209.5	5558	38327	32769
ENST00000564210.2	8559	14674	6115
ENST00000564213.2	4892	16358	11466
ENST00000564218.5	2212	5133	2921
ENST00000564219.1	4696	10198	5502
ENST00000564220.1	0	1176	1176
ENST00000564225.5	0	4047	4047
ENST00000564227.5	0	342	342
ENST00000564228.5	317	177576	177259
ENST00000564230.5	363	8674	8311
ENST00000564231.5	0	14156	14156
ENST00000564236.1	0	6130	6130
ENST00000564238.2	0	560	560
ENST00000564241.5	5100	9779	4679
ENST00000564243.5	213	26725	26512
ENST00000564249.5	243	21775	21532
ENST00000564257.1	1046	1836	790
ENST00000564258.5	2836	8014	5178
ENST00000564274.5	256	45082	44826
ENST00000564275.5	8	23702	23694
ENST00000564277.5	364	5640	5276
ENST00000564279.5	15	12805	12790
ENST00000564288.6	328	303660	303332
ENST00000564296.5	2080	3827	1747
ENST00000564297.5	3133	5542	2409
ENST00000564304.5	165	16860	16695
ENST00000564310.2	0	15778	15778
ENST00000564311.5	7107	9466	2359
ENST00000564314.5	17973	35431	17458
ENST00000564316.1	0	1469	1469
ENST00000564317.5	0	392	392
ENST00000564323.5	502	23995	23493
ENST00000564324.5	2726	5533	2807
ENST00000564326.5	7618	57267	49649
ENST00000564328.5	0	3936	3936
ENST00000564341.1	0	7863	7863
ENST00000564342.5	0	24950	24950
ENST00000564343.5	0	234856	234856
ENST00000564345.5	0	2301	2301
ENST00000564349.5	1387	8267	6880
ENST00000564360.5	10217	11662	1445
ENST00000564364.5	0	8434	8434
ENST00000564365.5	3480	4910	1430
ENST00000564367.5	60655	78311	17656
ENST00000564370.5	172	2136	1964
ENST00000564373.1	1120	2030	910
ENST00000564374.5	24	99063	99039
ENST00000564375.5	0	4333	4333
ENST00000564377.6	5184	107582	102398
ENST00000564378.5	0	4690	4690
ENST00000564382.5	0	943	943
ENST00000564386.6	2235	14165	11930
ENST00000564387.5	63	8864	8801
ENST00000564389.5	0	72837	72837
ENST00000564391.1	112	920	808
ENST00000564392.5	5622	10987	5365
ENST00000564396.5	24646	35508	10862
ENST00000564403.6	292	361193	360901
ENST00000564404.5	7	2443	2436
ENST00000564406.5	471	25529	25058
ENST00000564409.2	0	19150	19150
ENST00000564415.6	35452	43337	7885
ENST00000564416.1	0	3720	3720
ENST00000564418.1	0	2495	2495
ENST00000564420.1	0	2816	2816
ENST00000564424.1	0	146	146
ENST00000564428.5	69	50181	50112
ENST00000564431.5	0	50988	50988
ENST00000564435.5	18378	23265	4887
ENST00000564445.5	13666	27991	14325
ENST00000564448.5	568	87390	86822
ENST00000564449.1	0	152	152
ENST00000564454.1	0	2126	2126
ENST00000564466.5	133	15433	15300
ENST00000564468.5	0	1367	1367
ENST00000564470.1	0	3604	3604
ENST00000564472.5	0	212	212
ENST00000564475.6	254	82459	82205
ENST00000564476.1	0	9606	9606
ENST00000564477.1	6860	12180	5320
ENST00000564480.1	0	472	472
ENST00000564486.5	178	40131	39953
ENST00000564488.5	115	14019	13904
ENST00000564491.5	16242	17339	1097
ENST00000564494.1	0	51908	51908
ENST00000564497.1	0	82	82
ENST00000564499.5	27	6671	6644
ENST00000564500.5	1951	2081	130
ENST00000564501.5	121	33832	33711
ENST00000564502.1	9955	10193	238
ENST00000564503.5	0	3953	3953
ENST00000564514.2	0	56	56
ENST00000564528.1	499	4007	3508
ENST00000564529.1	0	23499	23499
ENST00000564536.2	4281	43151	38870
ENST00000564537.5	404	2317	1913
ENST00000564540.5	3877	6927	3050
ENST00000564542.5	0	18163	18163
ENST00000564543.1	117	24474	24357
ENST00000564544.1	1498	5651	4153
ENST00000564545.1	248	1809	1561
ENST00000564550.1	23	5784	5761
ENST00000564552.1	218	24089	23871
ENST00000564554.1	3956	4050	94
ENST00000564556.1	397	2253	1856
ENST00000564557.1	0	10702	10702
ENST00000564558.5	496	19274	18778
ENST00000564559.6	1128	4888	3760
ENST00000564563.1	398	1929	1531
ENST00000564567.5	18493	61958	43465
ENST00000564568.1	0	13700	13700
ENST00000564571.5	763	227438	226675
ENST00000564573.1	366	769	403
ENST00000564578.5	8712	17027	8315
ENST00000564586.5	219	112413	112194
ENST00000564590.5	0	183135	183135
ENST00000564592.2	108	10277	10169
ENST00000564596.5	246	2060	1814
ENST00000564600.6	0	5670	5670
ENST00000564601.5	0	2393	2393
ENST00000564609.5	161	30243	30082
ENST00000564610.5	1438	26065	24627
ENST00000564615.5	0	15564	15564
ENST00000564617.5	201	10818	10617
ENST00000564620.5	4726	10202	5476
ENST00000564627.2	0	104448	104448
ENST00000564628.1	442	1539	1097
ENST00000564631.5	23645	38404	14759
ENST00000564633.5	529	3704	3175
ENST00000564634.5	7581	7779	198
ENST00000564641.1	0	6659	6659
ENST00000564644.5	272	24034	23762
ENST00000564652.5	24	5078	5054
ENST00000564653.6	4	11826	11822
ENST00000564654.1	0	5884	5884
ENST00000564655.5	24	13503	13479
ENST00000564656.5	1203	2704	1501
ENST00000564657.2	3351	25428	22077
ENST00000564663.1	314	19996	19682
ENST00000564664.5	14292	17745	3453
ENST00000564665.1	0	1631	1631
ENST00000564667.1	117	27207	27090
ENST00000564668.5	16907	22317	5410
ENST00000564669.5	4683	13545	8862
ENST00000564671.2	0	105128	105128
ENST00000564674.5	0	67976	67976
ENST00000564675.5	239	24001	23762
ENST00000564688.1	0	2997	2997
ENST00000564698.5	12331	26169	13838
ENST00000564701.1	20617	20765	148
ENST00000564703.1	9359	9585	226
ENST00000564707.1	163	745	582
ENST00000564708.1	10145	10587	442
ENST00000564710.1	0	852	852
ENST00000564711.2	0	2988	2988
ENST00000564714.5	48234	76142	27908
ENST00000564719.2	97	17533	17436
ENST00000564722.5	3346	4977	1631
ENST00000564727.2	0	19615	19615
ENST00000564729.5	10876	12049	1173
ENST00000564732.1	0	7604	7604
ENST00000564734.5	44089	67182	23093
ENST00000564737.1	1364	16939	15575
ENST00000564750.5	15	6789	6774
ENST00000564751.5	0	14254	14254
ENST00000564752.1	1362	21890	20528
ENST00000564754.7	4484	65163	60679
ENST00000564757.5	133050	231689	98639
ENST00000564763.1	7	68497	68490
ENST00000564764.5	0	2277	2277
ENST00000564765.1	15342	18822	3480
ENST00000564769.2	0	10922	10922
ENST00000564777.5	734	10052	9318
ENST00000564778.6	871	63063	62192
ENST00000564779.5	182	7249	7067
ENST00000564781.1	14695	26357	11662
ENST00000564783.5	10993	11029	36
ENST00000564784.5	1287	8573	7286
ENST00000564786.1	1756	2594	838
ENST00000564787.1	14094	30772	16678
ENST00000564788.1	4034	42314	38280
ENST00000564791.5	0	397750	397750
ENST00000564803.6	190	19723	19533
ENST00000564804.1	39	1315	1276
ENST00000564806.1	1154	5545	4391
ENST00000564807.5	0	4083	4083
ENST00000564811.1	66	14866	14800
ENST00000564812.5	143	6758	6615
ENST00000564815.5	37	4473	4436
ENST00000564817.5	61	7155	7094
ENST00000564819.6	7884	13480	5596
ENST00000564822.1	0	414	414
ENST00000564827.6	54	14521	14467
ENST00000564828.5	1243	2564	1321
ENST00000564831.6	39	7146	7107
ENST00000564836.1	81	1266	1185
ENST00000564844.1	84	490	406
ENST00000564845.5	25169	202576	177407
ENST00000564848.1	3844	4004	160
ENST00000564854.2	147097	182209	35112
ENST00000564859.1	3108	28635	25527
ENST00000564860.1	0	731	731
ENST00000564863.5	22719	23159	440
ENST00000564864.5	2986	6377	3391
ENST00000564866.5	0	16301	16301
ENST00000564867.5	149	23657	23508
ENST00000564870.1	0	4400	4400
ENST00000564873.1	1272	37382	36110
ENST00000564879.2	0	2181	2181
ENST00000564883.5	5539	12371	6832
ENST00000564884.5	6969	27084	20115
ENST00000564887.5	23855	65018	41163
ENST00000564891.1	0	3557	3557
ENST00000564899.1	2107	2131	24
ENST00000564900.1	0	8711	8711
ENST00000564903.1	4	5042	5038
ENST00000564905.1	5390	26813	21423
ENST00000564906.5	3418	5812	2394
ENST00000564907.5	30537	32007	1470
ENST00000564908.1	1688	4510	2822
ENST00000564910.5	130	18814	18684
ENST00000564915.5	18	34020	34002
ENST00000564917.5	265	39191	38926
ENST00000564920.5	3658	18056	14398
ENST00000564921.1	3389	6058	2669
ENST00000564923.5	4732	26029	21297
ENST00000564928.1	0	2433	2433
ENST00000564931.1	0	438	438
ENST00000564944.5	390	5613	5223
ENST00000564948.1	44	9762	9718
ENST00000564955.5	28	15799	15771
ENST00000564959.1	190	43494	43304
ENST00000564965.5	42043	44632	2589
ENST00000564973.1	269	1077	808
ENST00000564974.1	60	929	869
ENST00000564978.5	1389	13469	12080
ENST00000564979.5	317	5540	5223
ENST00000564982.6	1452	5568	4116
ENST00000564991.5	129952	145112	15160
ENST00000564992.2	3632	5134	1502
ENST00000564994.5	1132	1759	627
ENST00000564996.6	2357	15463	13106
ENST00000564997.1	8461	13013	4552
ENST00000564998.1	0	420	420
ENST00000564999.5	1582	362453	360871
ENST00000565003.5	3525	6264	2739
ENST00000565009.5	26666	51156	24490
ENST00000565012.1	1048	2617	1569
ENST00000565013.5	22577	24136	1559
ENST00000565016.5	22139	37153	15014
ENST00000565018.6	317	359175	358858
ENST00000565019.6	0	44926	44926
ENST00000565023.1	80	3547	3467
ENST00000565035.1	0	3788	3788
ENST00000565036.5	0	29535	29535
ENST00000565038.2	26109	38201	12092
ENST00000565039.1	0	1831	1831
ENST00000565043.5	39	66840	66801
ENST00000565051.5	1179	5569	4390
ENST00000565057.5	112	2096	1984
ENST00000565062.5	69	9109	9040
ENST00000565065.5	4906	6421	1515
ENST00000565066.5	27902	63794	35892
ENST00000565067.5	243	17253	17010
ENST00000565074.1	0	4836	4836
ENST00000565075.5	95	18935	18840
ENST00000565076.1	268	1939	1671
ENST00000565078.5	2573	6486	3913
ENST00000565079.5	0	9164	9164
ENST00000565087.5	1487	6819	5332
ENST00000565088.5	159	4953	4794
ENST00000565090.5	34	13798	13764
ENST00000565096.6	44	12166	12122
ENST00000565100.6	789	5069	4280
ENST00000565108.5	46	21507	21461
ENST00000565110.5	0	2912	2912
ENST00000565112.1	5295	28828	23533
ENST00000565114.5	0	1493	1493
ENST00000565116.1	104	16895	16791
ENST00000565123.5	4433	8319	3886
ENST00000565124.4	0	172281	172281
ENST00000565125.5	9268	12676	3408
ENST00000565128.5	3141	15054	11913
ENST00000565130.5	0	10309	10309
ENST00000565134.5	14	5945	5931
ENST00000565140.5	6520	14779	8259
ENST00000565142.1	0	1339	1339
ENST00000565148.5	42	18662	18620
ENST00000565154.6	63	33200	33137
ENST00000565159.5	3096	7564	4468
ENST00000565160.5	34	37034	37000
ENST00000565163.5	0	2005	2005
ENST00000565164.1	9226	9476	250
ENST00000565165.2	2650	103555	100905
ENST00000565169.1	3327	51006	47679
ENST00000565171.5	3424	4203	779
ENST00000565176.5	6899	8996	2097
ENST00000565179.5	0	10396	10396
ENST00000565183.5	0	41278	41278
ENST00000565184.6	621	33642	33021
ENST00000565186.5	362	23803	23441
ENST00000565187.5	9993	18230	8237
ENST00000565188.2	6167	40717	34550
ENST00000565196.5	24	19257	19233
ENST00000565201.1	51	2164	2113
ENST00000565205.5	20	2456	2436
ENST00000565211.1	0	2542	2542
ENST00000565216.5	20	19475	19455
ENST00000565221.5	16	13450	13434
ENST00000565223.1	4974	5782	808
ENST00000565224.5	507	26200	25693
ENST00000565225.1	0	176	176
ENST00000565226.1	0	3686	3686
ENST00000565227.1	27346	27782	436
ENST00000565230.5	5809	7192	1383
ENST00000565232.5	121	29423	29302
ENST00000565235.2	0	1498	1498
ENST00000565237.1	5079	5405	326
ENST00000565239.5	0	13859	13859
ENST00000565240.5	0	3388	3388
ENST00000565248.1	1152	5082	3930
ENST00000565250.1	317	4075	3758
ENST00000565253.1	0	402	402
ENST00000565255.5	3658	20720	17062
ENST00000565258.1	412	1067	655
ENST00000565260.1	0	103811	103811
ENST00000565261.1	46	14658	14612
ENST00000565262.1	50	103577	103527
ENST00000565263.6	14740	57163	42423
ENST00000565264.2	896	63088	62192
ENST00000565267.5	440	26611	26171
ENST00000565270.1	0	5228	5228
ENST00000565273.5	0	3698	3698
ENST00000565274.5	0	4802	4802
ENST00000565276.5	1134	14913	13779
ENST00000565280.5	752	3802	3050
ENST00000565282.5	0	28041	28041
ENST00000565287.5	0	4505	4505
ENST00000565290.5	0	4082	4082
ENST00000565291.5	2448	13471	11023
ENST00000565296.5	60	9564	9504
ENST00000565299.5	142	47074	46932
ENST00000565301.2	0	129701	129701
ENST00000565304.5	24056	41368	17312
ENST00000565308.3	92382	94300	1918
ENST00000565314.5	30551	32240	1689
ENST00000565316.6	55	15544	15489
ENST00000565318.5	0	8359	8359
ENST00000565322.5	170	23778	23608
ENST00000565323.6	110	19447	19337
ENST00000565324.5	1812	99706	97894
ENST00000565325.5	1121	72947	71826
ENST00000565331.5	37	12640	12603
ENST00000565332.1	1674	2356	682
ENST00000565333.5	0	1635	1635
ENST00000565334.5	12648	24132	11484
ENST00000565335.5	116	14020	13904
ENST00000565338.5	21952	23135	1183
ENST00000565340.5	19275	26001	6726
ENST00000565345.5	0	3047	3047
ENST00000565351.5	0	28	28
ENST00000565352.1	0	11991	11991
ENST00000565355.1	0	1017	1017
ENST00000565358.5	1563	16645	15082
ENST00000565360.5	1273	3236	1963
ENST00000565361.3	417	33432	33015
ENST00000565362.5	48	26944	26896
ENST00000565365.1	123	2239	2116
ENST00000565367.5	291	15413	15122
ENST00000565372.5	0	88881	88881
ENST00000565373.5	1823	2231	408
ENST00000565376.2	3943	4241	298
ENST00000565377.1	0	1631	1631
ENST00000565380.5	2186	60482	58296
ENST00000565383.5	8223	12538	4315
ENST00000565389.1	0	69489	69489
ENST00000565391.1	0	8179	8179
ENST00000565393.2	10794	46224	35430
ENST00000565397.1	224	3209	2985
ENST00000565400.5	465	71120	70655
ENST00000565404.1	0	3130	3130
ENST00000565407.2	0	792	792
ENST00000565408.5	0	5586	5586
ENST00000565409.5	15382	18948	3566
ENST00000565412.5	0	15197	15197
ENST00000565413.1	123	10003	9880
ENST00000565417.6	10766	11164	398
ENST00000565419.2	3	18136	18133
ENST00000565420.5	43	6530	6487
ENST00000565422.3	5016	12570	7554
ENST00000565425.5	3615	11734	8119
ENST00000565426.1	0	1168	1168
ENST00000565430.5	23473	40290	16817
ENST00000565432.1	2813	9288	6475
ENST00000565434.5	23005	40253	17248
ENST00000565438.1	167	4723	4556
ENST00000565442.1	1100	14677	13577
ENST00000565443.5	1438	27817	26379
ENST00000565445.5	0	12010	12010
ENST00000565454.5	1894	3495	1601
ENST00000565455.5	35599	42811	7212
ENST00000565457.5	36	10544	10508
ENST00000565458.5	0	7163	7163
ENST00000565459.1	240	1684	1444
ENST00000565464.5	126	6495	6369
ENST00000565465.1	3687	4087	400
ENST00000565466.5	771	8540	7769
ENST00000565468.6	247	397597	397350
ENST00000565469.4	78	2210	2132
ENST00000565470.1	0	915	915
ENST00000565471.6	513	22425	21912
ENST00000565474.1	0	7327	7327
ENST00000565478.1	0	7342	7342
ENST00000565480.1	31	899	868
ENST00000565481.5	0	1482	1482
ENST00000565482.1	0	6483	6483
ENST00000565488.6	2613	67516	64903
ENST00000565494.5	116	3673	3557
ENST00000565497.5	1591	6500	4909
ENST00000565500.5	2184	35707	33523
ENST00000565502.5	0	14327	14327
ENST00000565503.5	326	1199	873
ENST00000565504.5	24	3913	3889
ENST00000565507.5	152881	181072	28191
ENST00000565511.5	50	35306	35256
ENST00000565516.5	0	20314	20314
ENST00000565533.1	0	126	126
ENST00000565535.5	0	8165	8165
ENST00000565539.5	10863	12333	1470
ENST00000565540.1	853	5321	4468
ENST00000565541.5	2316	6137	3821
ENST00000565548.1	0	5118	5118
ENST00000565551.5	0	4906	4906
ENST00000565552.1	3853	4133	280
ENST00000565553.1	378	2634	2256
ENST00000565556.5	947	10209	9262
ENST00000565558.1	0	4129	4129
ENST00000565559.5	3475	6510	3035
ENST00000565560.5	4016	5215	1199
ENST00000565568.1	3554	10253	6699
ENST00000565574.5	24	7294	7270
ENST00000565576.5	12	4167	4155
ENST00000565582.5	640	17610	16970
ENST00000565583.1	0	3958	3958
ENST00000565587.5	39636	40779	1143
ENST00000565588.6	0	7930	7930
ENST00000565589.5	0	508	508
ENST00000565592.5	9141	10600	1459
ENST00000565593.1	4656	54823	50167
ENST00000565601.5	214	21369	21155
ENST00000565602.5	23937	43168	19231
ENST00000565605.5	1751	24904	23153
ENST00000565610.5	2845	5257	2412
ENST00000565611.5	1567	36139	34572
ENST00000565613.5	4701	21503	16802
ENST00000565622.5	2069	2963	894
ENST00000565624.3	44512	68228	23716
ENST00000565627.5	13606	42798	29192
ENST00000565636.5	123	545113	544990
ENST00000565637.5	794	5778	4984
ENST00000565644.5	2950	11138	8188
ENST00000565650.5	168	21700	21532
ENST00000565655.1	0	9293	9293
ENST00000565659.2	47	999	952
ENST00000565661.5	28082	68166	40084
ENST00000565662.6	77	16422	16345
ENST00000565666.5	4079	5747	1668
ENST00000565672.5	0	55029	55029
ENST00000565675.1	314	13910	13596
ENST00000565677.5	985	2949	1964
ENST00000565678.5	837	12421	11584
ENST00000565682.5	90	7340	7250
ENST00000565683.5	117	15936	15819
ENST00000565684.5	0	26965	26965
ENST00000565687.5	605	1609	1004
ENST00000565688.5	0	8266	8266
ENST00000565690.5	105	23242	23137
ENST00000565691.5	722	31790	31068
ENST00000565697.1	0	152	152
ENST00000565698.5	562	86323	85761
ENST00000565712.1	321	6530	6209
ENST00000565713.5	1033	2943	1910
ENST00000565715.1	146	2352	2206
ENST00000565716.1	0	2064	2064
ENST00000565717.5	596	1241	645
ENST00000565718.5	0	4726	4726
ENST00000565726.3	461	15058	14597
ENST00000565733.5	337	4928	4591
ENST00000565740.5	0	19120	19120
ENST00000565743.1	1902	8211	6309
ENST00000565744.5	86	10999	10913
ENST00000565745.6	4970	48159	43189
ENST00000565750.2	0	16224	16224
ENST00000565758.1	202	494	292
ENST00000565760.5	0	1832	1832
ENST00000565765.1	0	270	270
ENST00000565766.1	0	18883	18883
ENST00000565769.5	16669	67360	50691
ENST00000565770.5	21653	22997	1344
ENST00000565772.5	621	4652	4031
ENST00000565773.1	1211	1857	646
ENST00000565774.5	0	29996	29996
ENST00000565778.6	0	9740	9740
ENST00000565784.5	1756	6436	4680
ENST00000565785.5	3221	7169	3948
ENST00000565786.5	0	2319	2319
ENST00000565788.1	94	10191	10097
ENST00000565790.5	1953	2203	250
ENST00000565796.5	266	12289	12023
ENST00000565803.2	329	124137	123808
ENST00000565806.5	360	3818	3458
ENST00000565809.5	1851	3136	1285
ENST00000565813.1	0	140	140
ENST00000565814.1	0	19163	19163
ENST00000565820.5	0	358	358
ENST00000565831.6	0	74261	74261
ENST00000565832.5	56930	125488	68558
ENST00000565835.5	210	43447	43237
ENST00000565838.5	46	2112	2066
ENST00000565843.5	0	15360	15360
ENST00000565849.5	38	1102	1064
ENST00000565850.1	0	792	792
ENST00000565851.5	62	14094	14032
ENST00000565852.1	0	3031	3031
ENST00000565855.5	88	5381	5293
ENST00000565857.1	0	23456	23456
ENST00000565858.5	1118	9100	7982
ENST00000565864.5	92	2705	2613
ENST00000565866.5	0	1169	1169
ENST00000565867.2	0	28250	28250
ENST00000565870.5	0	11568	11568
ENST00000565874.5	192	38733	38541
ENST00000565875.5	9533	13049	3516
ENST00000565876.5	5788	6138	350
ENST00000565880.1	0	14036	14036
ENST00000565886.2	1438	4234	2796
ENST00000565890.1	0	406	406
ENST00000565891.2	0	2678	2678
ENST00000565896.5	41	4447	4406
ENST00000565897.5	270	8757	8487
ENST00000565898.5	84	52770	52686
ENST00000565899.1	1888	2328	440
ENST00000565903.5	1866	7853	5987
ENST00000565905.5	9952	25192	15240
ENST00000565908.6	0	310266	310266
ENST00000565910.6	11531	96036	84505
ENST00000565912.1	2706	7132	4426
ENST00000565914.5	93	21625	21532
ENST00000565918.5	3239	18132	14893
ENST00000565922.1	74	8557	8483
ENST00000565924.5	528	8947	8419
ENST00000565925.5	4761	21563	16802
ENST00000565931.1	223	1655	1432
ENST00000565939.1	0	5129	5129
ENST00000565940.6	2325	11365	9040
ENST00000565942.1	0	17379	17379
ENST00000565948.1	0	7370	7370
ENST00000565956.5	158	20109	19951
ENST00000565961.5	977	13421	12444
ENST00000565964.5	65	12667	12602
ENST00000565966.5	98	3263	3165
ENST00000565970.5	0	180116	180116
ENST00000565971.5	0	5666	5666
ENST00000565972.5	0	11390	11390
ENST00000565973.5	27898	108256	80358
ENST00000565975.5	8	11230	11222
ENST00000565976.6	10875	26232	15357
ENST00000565982.1	8211	19600	11389
ENST00000565987.5	3812	6349	2537
ENST00000565989.5	15817	20846	5029
ENST00000565995.5	1967	4440	2473
ENST00000565997.1	0	7045	7045
ENST00000565999.5	4786	6412	1626
ENST00000566004.5	0	10284	10284
ENST00000566005.5	15	3256	3241
ENST00000566007.5	0	1262	1262
ENST00000566008.1	0	1831	1831
ENST00000566011.5	795	18161	17366
ENST00000566014.2	1119	64454	63335
ENST00000566018.1	24	1310	1286
ENST00000566024.1	0	6740	6740
ENST00000566026.1	29	24728	24699
ENST00000566029.5	101057	278464	177407
ENST00000566035.5	16169	17657	1488
ENST00000566037.6	2816	87105	84289
ENST00000566041.5	23466	30810	7344
ENST00000566044.5	2644	241295	238651
ENST00000566049.5	39	8475	8436
ENST00000566050.5	20046	23461	3415
ENST00000566051.1	646	5280	4634
ENST00000566053.5	67	19891	19824
ENST00000566055.5	1487	6819	5332
ENST00000566057.5	6579	14553	7974
ENST00000566059.5	0	10936	10936
ENST00000566061.5	113	43698	43585
ENST00000566066.5	10077	10843	766
ENST00000566067.5	550	2324	1774
ENST00000566068.1	0	12500	12500
ENST00000566069.6	498	41198	40700
ENST00000566073.1	0	102	102
ENST00000566074.5	26132	46349	20217
ENST00000566077.5	150	18751	18601
ENST00000566079.5	711	10689	9978
ENST00000566081.5	0	858	858
ENST00000566087.5	15085	31047	15962
ENST00000566093.1	307	8232	7925
ENST00000566095.6	2866	5191	2325
ENST00000566096.5	516	5324	4808
ENST00000566102.1	463	14277	13814
ENST00000566110.5	4326	8441	4115
ENST00000566111.5	14713	15209	496
ENST00000566113.5	820	4984	4164
ENST00000566115.5	1568	5078	3510
ENST00000566117.5	26536	31710	5174
ENST00000566118.5	2787	8578	5791
ENST00000566119.5	0	186	186
ENST00000566121.1	2899	7397	4498
ENST00000566123.5	19189	20540	1351
ENST00000566125.5	1473	13518	12045
ENST00000566126.5	3305	10601	7296
ENST00000566128.1	980	22825	21845
ENST00000566132.5	5004	5062	58
ENST00000566134.5	396	3250	2854
ENST00000566147.1	45496	47472	1976
ENST00000566150.5	0	16042	16042
ENST00000566151.1	18511	18621	110
ENST00000566154.1	0	5475	5475
ENST00000566157.6	59	26261	26202
ENST00000566163.5	40	47391	47351
ENST00000566164.5	21653	23196	1543
ENST00000566165.1	0	30527	30527
ENST00000566167.5	96	9386	9290
ENST00000566169.5	4326	6095	1769
ENST00000566173.3	475	201770	201295
ENST00000566175.1	6790	10010	3220
ENST00000566176.5	0	5861	5861
ENST00000566177.5	0	5364	5364
ENST00000566179.1	8667	14636	5969
ENST00000566180.5	0	1963	1963
ENST00000566187.1	2843	4606	1763
ENST00000566188.5	54	14580	14526
ENST00000566189.5	0	3827	3827
ENST00000566192.5	202	12529	12327
ENST00000566194.5	2711	4542	1831
ENST00000566197.1	0	6377	6377
ENST00000566198.1	81	5382	5301
ENST00000566202.5	0	3211	3211
ENST00000566204.2	564	12079	11515
ENST00000566205.1	70	1981	1911
ENST00000566206.5	7613	56228	48615
ENST00000566209.1	3065	3403	338
ENST00000566213.1	151	36200	36049
ENST00000566214.5	49	1659	1610
ENST00000566215.5	34	68902	68868
ENST00000566216.5	25	40454	40429
ENST00000566219.1	0	20928	20928
ENST00000566221.5	0	4723	4723
ENST00000566227.5	4035	11333	7298
ENST00000566228.6	73	594310	594237
ENST00000566229.1	0	7143	7143
ENST00000566233.5	122	18734	18612
ENST00000566234.2	0	170	170
ENST00000566237.1	167	5834	5667
ENST00000566240.1	1057	1772	715
ENST00000566243.5	0	3971	3971
ENST00000566249.5	2241	13619	11378
ENST00000566250.5	327	106169	105842
ENST00000566251.1	0	2794	2794
ENST00000566252.1	938	1782	844
ENST00000566254.1	0	4621	4621
ENST00000566256.5	0	4631	4631
ENST00000566257.5	0	18259	18259
ENST00000566259.1	4692	7544	2852
ENST00000566261.5	12368	15913	3545
ENST00000566264.2	610	22032	21422
ENST00000566266.5	39	8609	8570
ENST00000566269.6	0	3990	3990
ENST00000566271.6	21682	25279	3597
ENST00000566273.5	0	41825	41825
ENST00000566275.2	0	15585	15585
ENST00000566276.5	8436	21266	12830
ENST00000566279.5	317	361022	360705
ENST00000566283.1	0	2593	2593
ENST00000566286.5	317	362598	362281
ENST00000566289.5	5507	11557	6050
ENST00000566290.5	623	38379	37756
ENST00000566295.1	0	454	454
ENST00000566296.1	772	2370	1598
ENST00000566298.1	15929	23409	7480
ENST00000566304.5	154	33652	33498
ENST00000566306.5	21873	40591	18718
ENST00000566309.2	0	40362	40362
ENST00000566310.5	523	3628	3105
ENST00000566313.5	1868	2170	302
ENST00000566315.5	18119	75918	57799
ENST00000566318.5	26266	38980	12714
ENST00000566320.2	0	5914	5914
ENST00000566322.6	19916	20338	422
ENST00000566326.1	50	37802	37752
ENST00000566327.5	17785	34582	16797
ENST00000566328.2	296	2322	2026
ENST00000566332.5	5472	20638	15166
ENST00000566336.5	0	7038	7038
ENST00000566337.5	0	7657	7657
ENST00000566339.6	388	5830	5442
ENST00000566340.5	0	14005	14005
ENST00000566345.6	405	13538	13133
ENST00000566347.5	103	22282	22179
ENST00000566361.1	486	6731	6245
ENST00000566365.5	116	6940	6824
ENST00000566369.2	3843	22618	18775
ENST00000566371.6	24	23097	23073
ENST00000566377.5	35	8343	8308
ENST00000566379.1	0	7607	7607
ENST00000566380.5	107	8668	8561
ENST00000566384.5	0	5926	5926
ENST00000566395.5	2238	4527	2289
ENST00000566397.5	841	9677	8836
ENST00000566400.5	42	23607	23565
ENST00000566401.1	249	675	426
ENST00000566403.5	13506	20357	6851
ENST00000566405.5	5280	7425	2145
ENST00000566407.5	0	7037	7037
ENST00000566408.5	0	1605	1605
ENST00000566409.1	3205	3447	242
ENST00000566413.1	22	4059	4037
ENST00000566416.1	0	57310	57310
ENST00000566417.5	7377	75306	67929
ENST00000566419.1	0	18056	18056
ENST00000566423.5	4892	22180	17288
ENST00000566426.1	22746	23402	656
ENST00000566428.5	3860	26331	22471
ENST00000566433.6	21629	46128	24499
ENST00000566434.5	3389	3736	347
ENST00000566435.4	117	1324	1207
ENST00000566441.2	0	17139	17139
ENST00000566442.5	824	41495	40671
ENST00000566445.5	19528	22005	2477
ENST00000566450.5	141	11180	11039
ENST00000566453.1	50	2056	2006
ENST00000566454.5	10167	34301	24134
ENST00000566458.5	850	15778	14928
ENST00000566462.2	1096	13640	12544
ENST00000566465.1	0	766	766
ENST00000566469.5	126	13905	13779
ENST00000566473.6	0	361183	361183
ENST00000566474.5	0	17213	17213
ENST00000566480.5	1642	11681	10039
ENST00000566481.5	0	1782	1782
ENST00000566482.5	52	8314	8262
ENST00000566488.1	1762	6441	4679
ENST00000566489.1	2234	3310	1076
ENST00000566490.5	179	152723	152544
ENST00000566497.5	683	15757	15074
ENST00000566501.5	23129	49671	26542
ENST00000566503.1	0	2113	2113
ENST00000566508.5	10863	12333	1470
ENST00000566510.5	64	79406	79342
ENST00000566511.5	25626	45843	20217
ENST00000566513.5	41980	101229	59249
ENST00000566514.5	0	316758	316758
ENST00000566515.5	171	9675	9504
ENST00000566518.5	291	15372	15081
ENST00000566524.5	13044	16782	3738
ENST00000566540.5	41	8688	8647
ENST00000566541.5	0	1532	1532
ENST00000566543.1	5696	6604	908
ENST00000566549.5	1914	9813	7899
ENST00000566559.5	369	6460	6091
ENST00000566561.1	1823	2535	712
ENST00000566564.1	0	128	128
ENST00000566566.2	174	12709	12535
ENST00000566571.5	2557	8301	5744
ENST00000566577.1	0	3600	3600
ENST00000566579.5	0	758	758
ENST00000566584.5	0	7055	7055
ENST00000566586.6	8498	115426	106928
ENST00000566587.5	4228	15455	11227
ENST00000566588.5	0	4672	4672
ENST00000566590.5	22750	37646	14896
ENST00000566594.1	0	52099	52099
ENST00000566595.5	76	3084	3008
ENST00000566597.5	3534	26789	23255
ENST00000566598.5	8733	13622	4889
ENST00000566604.5	46	14162	14116
ENST00000566605.5	77	8993	8916
ENST00000566606.1	0	4364	4364
ENST00000566612.5	104	86334	86230
ENST00000566613.1	96	6688	6592
ENST00000566614.5	0	1711	1711
ENST00000566618.5	2689	5409	2720
ENST00000566621.6	235	229656	229421
ENST00000566625.2	425	21419	20994
ENST00000566626.1	0	18984	18984
ENST00000566627.5	0	76559	76559
ENST00000566631.5	5137	6381	1244
ENST00000566632.5	0	1524	1524
ENST00000566634.5	4508	9188	4680
ENST00000566644.5	1709	9519	7810
ENST00000566648.5	0	32330	32330
ENST00000566656.5	2724	3359	635
ENST00000566658.1	3303	3703	400
ENST00000566659.1	28406	43942	15536
ENST00000566662.5	123	10282	10159
ENST00000566663.5	189	7917	7728
ENST00000566672.5	5086	30265	25179
ENST00000566674.5	0	6286	6286
ENST00000566678.1	0	57679	57679
ENST00000566679.6	7589	13224	5635
ENST00000566681.1	0	162	162
ENST00000566682.2	0	23046	23046
ENST00000566686.5	14665	16705	2040
ENST00000566691.5	5106	18824	13718
ENST00000566693.1	114	6203	6089
ENST00000566695.5	1453	7359	5906
ENST00000566705.5	0	4181	4181
ENST00000566706.5	38	9989	9951
ENST00000566709.5	232	14611	14379
ENST00000566710.1	59	6096	6037
ENST00000566711.5	0	430	430
ENST00000566718.6	47761	95510	47749
ENST00000566724.1	0	1263	1263
ENST00000566726.5	1225	16863	15638
ENST00000566732.6	1089	9648	8559
ENST00000566739.1	578	1058	480
ENST00000566740.2	98	12407	12309
ENST00000566741.1	0	228508	228508
ENST00000566742.5	23	22499	22476
ENST00000566749.5	361	7243	6882
ENST00000566750.5	0	19410	19410
ENST00000566752.5	1893	2277	384
ENST00000566755.5	1	26534	26533
ENST00000566756.5	65	5604	5539
ENST00000566758.5	0	4739	4739
ENST00000566761.2	14027	16688	2661
ENST00000566762.1	0	5350	5350
ENST00000566767.1	1006	1445	439
ENST00000566768.5	0	66795	66795
ENST00000566772.1	332	1059	727
ENST00000566774.1	2859	3604	745
ENST00000566775.2	0	1913	1913
ENST00000566776.1	3678	5130	1452
ENST00000566777.5	0	81420	81420
ENST00000566778.5	30243	31693	1450
ENST00000566780.6	125	1113372	1113247
ENST00000566785.5	481	7930	7449
ENST00000566786.5	29	51256	51227
ENST00000566789.1	280	18107	17827
ENST00000566794.5	2545	3711	1166
ENST00000566801.5	15577	17942	2365
ENST00000566807.5	62985	115398	52413
ENST00000566808.2	0	32816	32816
ENST00000566809.1	0	1932	1932
ENST00000566811.5	257	1601	1344
ENST00000566815.5	0	2490	2490
ENST00000566820.5	5498	10673	5175
ENST00000566822.1	0	1064	1064
ENST00000566827.5	59	53159	53100
ENST00000566828.5	0	3925	3925
ENST00000566829.1	127	30879	30752
ENST00000566834.5	10177	23084	12907
ENST00000566835.5	355	3327	2972
ENST00000566836.1	0	20282	20282
ENST00000566838.2	0	23457	23457
ENST00000566842.5	5472	19849	14377
ENST00000566844.1	0	807	807
ENST00000566846.5	1397	3451	2054
ENST00000566848.5	467	9581	9114
ENST00000566849.5	5683	9489	3806
ENST00000566855.4	70	5299	5229
ENST00000566858.5	51	16622	16571
ENST00000566859.5	10098	16588	6490
ENST00000566860.1	287	7399	7112
ENST00000566861.5	54	723	669
ENST00000566863.1	0	1345	1345
ENST00000566866.5	160	26702	26542
ENST00000566868.1	1642	1981	339
ENST00000566871.5	0	1786	1786
ENST00000566872.5	16242	21427	5185
ENST00000566877.5	0	29870	29870
ENST00000566885.5	570	117381	116811
ENST00000566897.6	367	10982	10615
ENST00000566899.6	0	80400	80400
ENST00000566903.5	4423	7732	3309
ENST00000566906.6	131	4364	4233
ENST00000566907.1	476	9353	8877
ENST00000566909.1	0	5880	5880
ENST00000566920.5	8656	9466	810
ENST00000566924.1	14343	20022	5679
ENST00000566925.5	0	7428	7428
ENST00000566926.1	0	2354	2354
ENST00000566928.5	0	4342	4342
ENST00000566931.1	0	48896	48896
ENST00000566934.1	0	15303	15303
ENST00000566936.5	1458	8673	7215
ENST00000566938.5	21	23586	23565
ENST00000566946.5	0	3393	3393
ENST00000566955.1	0	2669	2669
ENST00000566961.2	144	71835	71691
ENST00000566977.1	0	2023	2023
ENST00000566978.1	56	4180	4124
ENST00000566980.1	251	4753	4502
ENST00000566981.1	302	15429	15127
ENST00000566983.5	12991	59649	46658
ENST00000566987.5	5363	20444	15081
ENST00000566993.5	458	8744	8286
ENST00000566995.5	7309	18964	11655
ENST00000566999.5	6	15523	15517
ENST00000567001.5	116	29418	29302
ENST00000567004.1	7	68334	68327
ENST00000567005.1	925	4542	3617
ENST00000567009.5	0	3921	3921
ENST00000567010.1	122	854	732
ENST00000567016.1	723	79752	79029
ENST00000567020.6	21098	27557	6459
ENST00000567024.1	0	62	62
ENST00000567027.6	1085	31808	30723
ENST00000567028.5	0	37222	37222
ENST00000567031.1	0	49336	49336
ENST00000567032.5	336	4471	4135
ENST00000567039.1	1335	2318	983
ENST00000567041.1	0	21223	21223
ENST00000567042.1	11427	11910	483
ENST00000567044.5	0	7239	7239
ENST00000567045.5	111	4745	4634
ENST00000567046.5	438	11828	11390
ENST00000567059.5	0	14907	14907
ENST00000567060.5	1770	21962	20192
ENST00000567063.5	39886	42373	2487
ENST00000567064.5	3051	7573	4522
ENST00000567065.5	65	5385	5320
ENST00000567066.6	159	2047	1888
ENST00000567071.5	0	7720	7720
ENST00000567072.5	12	13968	13956
ENST00000567074.6	471	11698	11227
ENST00000567076.5	0	2355	2355
ENST00000567078.2	0	14107	14107
ENST00000567080.1	0	3735	3735
ENST00000567081.5	22133	22231	98
ENST00000567083.2	1020	34977	33957
ENST00000567085.1	0	37359	37359
ENST00000567087.5	0	9765	9765
ENST00000567094.5	16205	26282	10077
ENST00000567100.5	14740	30592	15852
ENST00000567105.5	18196	24236	6040
ENST00000567107.6	710	10862	10152
ENST00000567109.6	124	1170183	1170059
ENST00000567114.5	939	2630	1691
ENST00000567118.5	11321	20197	8876
ENST00000567119.1	298	1778	1480
ENST00000567123.1	16342	17082	740
ENST00000567126.5	7291	49405	42114
ENST00000567131.5	17038	18532	1494
ENST00000567132.5	32	3699	3667
ENST00000567133.1	0	3644	3644
ENST00000567134.5	278	24040	23762
ENST00000567136.1	0	855	855
ENST00000567137.1	10	1413	1403
ENST00000567138.3	0	1073	1073
ENST00000567140.3	7	30204	30197
ENST00000567142.2	0	4688	4688
ENST00000567147.5	44	14965	14921
ENST00000567154.5	21766	23307	1541
ENST00000567159.5	34	32075	32041
ENST00000567164.6	230	14999	14769
ENST00000567165.5	15145	20191	5046
ENST00000567169.5	327	151345	151018
ENST00000567173.5	102	2404	2302
ENST00000567174.5	427	6895	6468
ENST00000567175.1	0	3803	3803
ENST00000567177.1	0	7612	7612
ENST00000567180.3	161	2287	2126
ENST00000567185.7	0	5930	5930
ENST00000567188.5	7388	85037	77649
ENST00000567189.5	15674	19003	3329
ENST00000567194.5	0	52336	52336
ENST00000567195.5	70	4315	4245
ENST00000567198.1	0	5797	5797
ENST00000567200.1	1827	1887	60
ENST00000567202.5	0	1606	1606
ENST00000567205.2	2694	51952	49258
ENST00000567206.5	3089	3117	28
ENST00000567211.5	117	2932	2815
ENST00000567212.5	231	13760	13529
ENST00000567213.2	626	6368	5742
ENST00000567214.5	0	4614	4614
ENST00000567215.1	0	300	300
ENST00000567225.5	2516	17855	15339
ENST00000567235.6	587	7399	6812
ENST00000567238.1	176	32196	32020
ENST00000567239.5	240	133936	133696
ENST00000567245.5	4	26315	26311
ENST00000567247.6	0	12900	12900
ENST00000567248.1	297	918	621
ENST00000567252.2	2450	118058	115608
ENST00000567254.5	67	5805	5738
ENST00000567263.5	1388	16510	15122
ENST00000567264.1	16	2623	2607
ENST00000567269.5	7172	10456	3284
ENST00000567270.5	3385	18069	14684
ENST00000567274.5	56	102986	102930
ENST00000567276.5	0	4674	4674
ENST00000567277.6	103	19033	18930
ENST00000567279.5	21	23756	23735
ENST00000567281.5	0	8472	8472
ENST00000567282.5	599	1241	642
ENST00000567283.5	776	2007	1231
ENST00000567285.1	0	6017	6017
ENST00000567288.5	283	9888	9605
ENST00000567289.5	3335	11631	8296
ENST00000567291.5	559	4461	3902
ENST00000567295.5	3934	7314	3380
ENST00000567296.6	233	16634	16401
ENST00000567298.5	10205	69290	59085
ENST00000567306.5	21014	41429	20415
ENST00000567312.5	16	4144	4128
ENST00000567316.1	0	887	887
ENST00000567328.6	39278	52106	12828
ENST00000567332.6	0	2270	2270
ENST00000567336.1	70	21495	21425
ENST00000567340.1	0	850	850
ENST00000567346.5	0	3634	3634
ENST00000567348.5	673	21888	21215
ENST00000567357.6	37241	39545	2304
ENST00000567365.2	0	5103	5103
ENST00000567367.1	0	8004	8004
ENST00000567377.5	51	4095	4044
ENST00000567380.5	0	11454	11454
ENST00000567383.6	4375	15602	11227
ENST00000567388.5	2392	3940	1548
ENST00000567389.5	62960	214098	151138
ENST00000567390.7	406	8574	8168
ENST00000567391.5	678	2616	1938
ENST00000567397.5	21598	23018	1420
ENST00000567403.5	0	2443	2443
ENST00000567404.5	34	58826	58792
ENST00000567406.5	0	2408	2408
ENST00000567408.1	177	3340	3163
ENST00000567410.5	2256	8779	6523
ENST00000567411.5	9254	32489	23235
ENST00000567414.5	217	1844	1627
ENST00000567423.1	0	4970	4970
ENST00000567430.2	112	29571	29459
ENST00000567431.5	0	3133	3133
ENST00000567434.5	90	3930	3840
ENST00000567435.5	116	14020	13904
ENST00000567436.2	423	821	398
ENST00000567439.5	93	20410	20317
ENST00000567440.5	16906	26997	10091
ENST00000567441.5	0	1818	1818
ENST00000567442.1	0	3800	3800
ENST00000567444.5	0	1885	1885
ENST00000567445.1	54	231677	231623
ENST00000567454.5	149	40451	40302
ENST00000567458.2	0	799	799
ENST00000567460.5	4173	11139	6966
ENST00000567461.5	15931	19497	3566
ENST00000567462.1	6045	21934	15889
ENST00000567466.1	971	1580	609
ENST00000567468.5	1031	46749	45718
ENST00000567470.1	0	55481	55481
ENST00000567471.1	0	863	863
ENST00000567476.1	1674	388751	387077
ENST00000567481.1	3901	20495	16594
ENST00000567483.5	0	11514	11514
ENST00000567487.1	572	7156	6584
ENST00000567489.5	51	3478	3427
ENST00000567493.1	0	1751	1751
ENST00000567494.5	348	2837	2489
ENST00000567495.6	2410	8141	5731
ENST00000567500.1	0	15139	15139
ENST00000567504.5	125	11483	11358
ENST00000567507.1	1071	3808	2737
ENST00000567509.1	326	2632	2306
ENST00000567510.2	39842	41738	1896
ENST00000567511.1	215	2770	2555
ENST00000567512.1	0	3163	3163
ENST00000567518.5	986	13630	12644
ENST00000567523.5	65	15977	15912
ENST00000567525.5	27296	43294	15998
ENST00000567526.1	0	11047	11047
ENST00000567529.1	33	1130	1097
ENST00000567530.5	930	3449	2519
ENST00000567531.5	0	3641	3641
ENST00000567536.5	22593	22699	106
ENST00000567539.5	9830	23013	13183
ENST00000567543.5	69	41012	40943
ENST00000567551.2	874	2682	1808
ENST00000567553.5	30555	31929	1374
ENST00000567554.5	102	4701	4599
ENST00000567561.1	1527	1792	265
ENST00000567564.1	27098	36538	9440
ENST00000567566.1	69	4050	3981
ENST00000567567.5	24827	50860	26033
ENST00000567570.5	499	3016	2517
ENST00000567571.5	9754	15304	5550
ENST00000567572.6	102	8471	8369
ENST00000567578.1	5483	14875	9392
ENST00000567582.5	14868	17754	2886
ENST00000567583.1	0	15233	15233
ENST00000567587.6	0	5816	5816
ENST00000567593.5	15995	21564	5569
ENST00000567595.1	23092	60372	37280
ENST00000567606.5	0	12288	12288
ENST00000567607.5	53	5469	5416
ENST00000567610.1	0	630	630
ENST00000567612.2	0	5813	5813
ENST00000567617.1	0	5626	5626
ENST00000567621.6	1036	25993	24957
ENST00000567623.6	632	1636	1004
ENST00000567625.1	1162	2601	1439
ENST00000567635.5	0	9187	9187
ENST00000567640.5	45	12142	12097
ENST00000567641.5	23267	47240	23973
ENST00000567645.2	379	8250	7871
ENST00000567646.1	1131	1527	396
ENST00000567648.1	8106	8202	96
ENST00000567649.1	12	11049	11037
ENST00000567651.5	56	3808	3752
ENST00000567653.5	8117	12646	4529
ENST00000567654.1	5105	5449	344
ENST00000567657.5	1471	5347	3876
ENST00000567659.3	864	3624	2760
ENST00000567661.5	953	2924	1971
ENST00000567664.5	2464	6038	3574
ENST00000567667.5	24054	41346	17292
ENST00000567669.5	343	17631	17288
ENST00000567670.5	70	41388	41318
ENST00000567671.1	7870	18020	10150
ENST00000567674.1	0	242	242
ENST00000567676.1	290	907	617
ENST00000567678.1	0	102	102
ENST00000567679.1	18	8575	8557
ENST00000567682.1	0	1522	1522
ENST00000567683.5	5458	61622	56164
ENST00000567685.1	0	5175	5175
ENST00000567686.5	2915	24845	21930
ENST00000567692.1	1451	2057	606
ENST00000567693.1	46191	50395	4204
ENST00000567695.6	1906	4081	2175
ENST00000567702.5	21950	23439	1489
ENST00000567705.5	61	9863	9802
ENST00000567706.1	84	67821	67737
ENST00000567707.1	684	4109	3425
ENST00000567710.5	0	22574	22574
ENST00000567713.5	0	2930	2930
ENST00000567719.2	56	1755	1699
ENST00000567720.5	29	2681	2652
ENST00000567723.5	91	16629	16538
ENST00000567724.5	32	926	894
ENST00000567726.5	0	750	750
ENST00000567730.6	5957	29422	23465
ENST00000567735.1	0	5959	5959
ENST00000567736.6	1949	18520	16571
ENST00000567738.1	0	39881	39881
ENST00000567743.5	9948	14358	4410
ENST00000567744.5	384	33371	32987
ENST00000567751.5	0	2459	2459
ENST00000567756.5	0	1566	1566
ENST00000567758.6	12649	67441	54792
ENST00000567759.5	1089	9727	8638
ENST00000567761.1	0	5149	5149
ENST00000567767.5	218	2227	2009
ENST00000567771.5	931	5553	4622
ENST00000567772.2	327	5426	5099
ENST00000567773.1	2037	2573	536
ENST00000567784.5	238	3907	3669
ENST00000567786.2	389	1695	1306
ENST00000567787.1	4416	8434	4018
ENST00000567794.5	22773	22995	222
ENST00000567795.3	2187	6879	4692
ENST00000567796.1	359	4930	4571
ENST00000567797.1	0	2939	2939
ENST00000567804.1	0	2688	2688
ENST00000567812.5	262	69342	69080
ENST00000567813.1	0	326	326
ENST00000567815.5	279	2986	2707
ENST00000567816.1	0	9798	9798
ENST00000567817.6	0	1403	1403
ENST00000567823.5	79	28085	28006
ENST00000567827.1	0	580	580
ENST00000567830.1	0	5424	5424
ENST00000567831.5	3721	8963	5242
ENST00000567835.5	30211	45568	15357
ENST00000567840.5	88	103122	103034
ENST00000567841.1	0	13416	13416
ENST00000567844.1	92	9309	9217
ENST00000567845.5	18505	88122	69617
ENST00000567847.1	0	4008	4008
ENST00000567848.1	0	4842	4842
ENST00000567849.1	0	408	408
ENST00000567852.5	17565	18397	832
ENST00000567855.1	187	1222	1035
ENST00000567866.5	0	2150	2150
ENST00000567871.2	0	5803	5803
ENST00000567873.2	2431	250528	248097
ENST00000567874.5	6430	18328	11898
ENST00000567879.5	71	7067	6996
ENST00000567880.5	317	361010	360693
ENST00000567884.5	5458	9130	3672
ENST00000567887.5	157	424404	424247
ENST00000567891.5	3673	18339	14666
ENST00000567895.5	1590	4193	2603
ENST00000567896.1	389	8059	7670
ENST00000567897.6	1474	4819	3345
ENST00000567908.5	0	4471	4471
ENST00000567910.1	170	3750	3580
ENST00000567915.5	10846	12384	1538
ENST00000567918.5	131	11175	11044
ENST00000567920.5	16267	22741	6474
ENST00000567921.1	0	28325	28325
ENST00000567923.2	0	7943	7943
ENST00000567927.2	98	12418	12320
ENST00000567933.5	9	13739	13730
ENST00000567934.5	0	13618	13618
ENST00000567936.5	13289	55403	42114
ENST00000567938.1	449	909	460
ENST00000567940.1	11064	11404	340
ENST00000567941.5	32089	32555	466
ENST00000567943.1	5157	6103	946
ENST00000567946.1	0	9480	9480
ENST00000567948.1	309	631	322
ENST00000567949.5	9	10469	10460
ENST00000567951.5	24653	155212	130559
ENST00000567954.6	14785	23705	8920
ENST00000567955.3	10264	12860	2596
ENST00000567958.5	94	9275	9181
ENST00000567962.5	327	107868	107541
ENST00000567963.6	86	13055	12969
ENST00000567964.6	8703	19867	11164
ENST00000567970.2	246	15138	14892
ENST00000567974.5	259	26402	26143
ENST00000567975.1	70	6365	6295
ENST00000567976.1	0	16822	16822
ENST00000567983.1	538	6493	5955
ENST00000567985.5	0	38	38
ENST00000567987.5	60	6792	6732
ENST00000567988.5	6994	22423	15429
ENST00000567990.5	276	80886	80610
ENST00000567991.5	31	17072	17041
ENST00000567994.5	565	19355	18790
ENST00000567996.5	3631	21339	17708
ENST00000567999.5	5556	10840	5284
ENST00000568000.6	536	20675	20139
ENST00000568001.5	4450	8281	3831
ENST00000568004.5	3068	46174	43106
ENST00000568006.1	5091	5665	574
ENST00000568007.5	5219	6909	1690
ENST00000568008.5	129	25548	25419
ENST00000568010.5	99	24012	23913
ENST00000568015.5	1071	16773	15702
ENST00000568016.1	1935	21080	19145
ENST00000568018.5	16284	21483	5199
ENST00000568020.6	4026	88468	84442
ENST00000568022.5	0	6784	6784
ENST00000568023.1	2129	2231	102
ENST00000568024.1	1748	2484	736
ENST00000568027.5	1720	12751	11031
ENST00000568028.1	196	3360	3164
ENST00000568035.5	84	9679	9595
ENST00000568037.5	389	8482	8093
ENST00000568038.1	1663	6815	5152
ENST00000568042.5	534	29742	29208
ENST00000568044.1	0	36	36
ENST00000568046.5	509	8841	8332
ENST00000568053.6	0	13979	13979
ENST00000568059.1	1853	2381	528
ENST00000568061.1	0	30586	30586
ENST00000568062.5	0	1818	1818
ENST00000568064.5	1544	18189	16645
ENST00000568065.5	546	4331	3785
ENST00000568069.5	871	2855	1984
ENST00000568073.5	26177	68291	42114
ENST00000568074.5	10176	11527	1351
ENST00000568075.1	0	140	140
ENST00000568077.5	403	2094	1691
ENST00000568078.5	320	17327	17007
ENST00000568079.5	4458	20909	16451
ENST00000568081.1	125	1828	1703
ENST00000568082.1	35	14748	14713
ENST00000568085.5	8	34007	33999
ENST00000568088.5	10158	10326	168
ENST00000568090.5	11860	42545	30685
ENST00000568094.2	151	59273	59122
ENST00000568098.1	76	8310	8234
ENST00000568099.6	14759	33427	18668
ENST00000568101.5	16002	16236	234
ENST00000568104.6	419	37526	37107
ENST00000568115.5	12132	82982	70850
ENST00000568117.5	0	4391	4391
ENST00000568119.5	15820	16927	1107
ENST00000568126.5	1851	17622	15771
ENST00000568133.5	2235	7687	5452
ENST00000568139.6	3358	10980	7622
ENST00000568141.5	164	1829	1665
ENST00000568146.1	168	1746	1578
ENST00000568147.5	0	236027	236027
ENST00000568148.1	357	5848	5491
ENST00000568153.2	0	1647	1647
ENST00000568155.2	2948	10664	7716
ENST00000568157.5	4245	5878	1633
ENST00000568162.5	0	3942	3942
ENST00000568167.5	22	8579	8557
ENST00000568169.5	0	395665	395665
ENST00000568176.5	73	44100	44027
ENST00000568178.1	0	20143	20143
ENST00000568180.6	13116	15588	2472
ENST00000568181.1	1310	2844	1534
ENST00000568182.5	0	1820	1820
ENST00000568186.5	0	75676	75676
ENST00000568190.1	0	7948	7948
ENST00000568195.5	0	57965	57965
ENST00000568196.1	676	6244	5568
ENST00000568197.1	0	1652	1652
ENST00000568210.5	5446	5857	411
ENST00000568214.1	0	538	538
ENST00000568216.5	0	4065	4065
ENST00000568219.5	294	35155	34861
ENST00000568221.1	252	3472	3220
ENST00000568222.5	0	38902	38902
ENST00000568223.7	172	3141	2969
ENST00000568224.4	10866	23764	12898
ENST00000568225.2	253	30629	30376
ENST00000568228.5	20958	21554	596
ENST00000568230.5	557	5447	4890
ENST00000568233.6	18228	22005	3777
ENST00000568234.5	21656	23354	1698
ENST00000568235.5	159792	165976	6184
ENST00000568237.2	17	38361	38344
ENST00000568245.5	71	6516	6445
ENST00000568252.1	66	45229	45163
ENST00000568254.5	1964	5383	3419
ENST00000568258.5	0	104650	104650
ENST00000568260.2	4789	25239	20450
ENST00000568261.5	118	4465	4347
ENST00000568263.5	7783	10937	3154
ENST00000568265.1	0	3432	3432
ENST00000568266.5	286	7629	7343
ENST00000568269.5	19404	53601	34197
ENST00000568272.1	14	9610	9596
ENST00000568273.5	5517	5928	411
ENST00000568278.1	0	5312	5312
ENST00000568281.5	13538	19818	6280
ENST00000568282.1	514	1873	1359
ENST00000568283.5	23263	23501	238
ENST00000568287.5	26	5812	5786
ENST00000568292.1	0	4643	4643
ENST00000568293.1	71	1302	1231
ENST00000568294.5	2974	45670	42696
ENST00000568295.5	68	8732	8664
ENST00000568301.1	33	4392	4359
ENST00000568305.5	65806	74988	9182
ENST00000568309.5	0	8002	8002
ENST00000568311.1	262	2094	1832
ENST00000568312.2	0	2277	2277
ENST00000568315.1	17998	19741	1743
ENST00000568319.5	678	2616	1938
ENST00000568320.5	0	9343	9343
ENST00000568322.5	0	15360	15360
ENST00000568327.5	15604	40262	24658
ENST00000568328.5	96	48072	47976
ENST00000568330.2	5134	13634	8500
ENST00000568331.5	16203	26280	10077
ENST00000568335.3	276	20193	19917
ENST00000568338.1	6824	10804	3980
ENST00000568343.1	0	8143	8143
ENST00000568344.5	197	106810	106613
ENST00000568351.1	0	3306	3306
ENST00000568358.1	0	4278	4278
ENST00000568360.5	0	2265	2265
ENST00000568364.6	9	6867	6858
ENST00000568365.1	1080	23386	22306
ENST00000568368.1	3621	15833	12212
ENST00000568369.6	1150	83293	82143
ENST00000568373.5	82	12961	12879
ENST00000568374.5	0	5009	5009
ENST00000568375.2	0	18412	18412
ENST00000568377.5	1846	19077	17231
ENST00000568378.5	177	16869	16692
ENST00000568380.1	0	2300	2300
ENST00000568382.5	0	9663	9663
ENST00000568388.5	1050	5557	4507
ENST00000568390.5	18208	22035	3827
ENST00000568396.2	17920	24076	6156
ENST00000568397.1	51	26125	26074
ENST00000568398.1	3754	3916	162
ENST00000568400.5	0	25380	25380
ENST00000568404.1	0	26226	26226
ENST00000568408.5	89	15732	15643
ENST00000568409.5	0	17382	17382
ENST00000568411.5	0	3956	3956
ENST00000568412.5	0	23204	23204
ENST00000568415.1	36	1287	1251
ENST00000568417.6	15	4811	4796
ENST00000568422.6	6515	14774	8259
ENST00000568423.5	54621	55718	1097
ENST00000568424.1	3740	4101	361
ENST00000568426.1	693	2023	1330
ENST00000568431.5	0	16476	16476
ENST00000568432.1	161	2557	2396
ENST00000568433.1	263	56416	56153
ENST00000568434.1	322	614	292
ENST00000568435.6	360	10975	10615
ENST00000568436.1	11530	82883	71353
ENST00000568438.1	17407	35870	18463
ENST00000568439.1	0	22951	22951
ENST00000568443.2	0	5861	5861
ENST00000568445.1	4677	7155	2478
ENST00000568448.1	3902	7222	3320
ENST00000568449.7	418	4554	4136
ENST00000568451.5	19005	29082	10077
ENST00000568454.6	68	45618	45550
ENST00000568455.1	1529	10937	9408
ENST00000568459.5	24	21051	21027
ENST00000568460.5	106	16950	16844
ENST00000568461.5	381	13948	13567
ENST00000568464.5	106	2093	1987
ENST00000568466.6	293	72602	72309
ENST00000568470.6	1165	1511	346
ENST00000568473.5	678	14867	14189
ENST00000568475.1	47	896	849
ENST00000568477.5	3147	7645	4498
ENST00000568479.2	170	75108	74938
ENST00000568481.1	0	24830	24830
ENST00000568484.6	29	3001	2972
ENST00000568488.6	3342	9548	6206
ENST00000568497.6	0	170	170
ENST00000568501.5	8461	15540	7079
ENST00000568505.6	18352	22124	3772
ENST00000568507.5	60	5967	5907
ENST00000568510.1	405	6205	5800
ENST00000568511.1	91319	102748	11429
ENST00000568513.5	4855	8268	3413
ENST00000568517.1	3348	6754	3406
ENST00000568519.5	1523	4393	2870
ENST00000568529.6	609	38909	38300
ENST00000568530.5	6121	45124	39003
ENST00000568531.5	10765	14099	3334
ENST00000568538.2	285	7754	7469
ENST00000568543.1	626	9591	8965
ENST00000568544.5	609	2409	1800
ENST00000568545.5	660	7752	7092
ENST00000568546.6	112	9031	8919
ENST00000568547.5	19687	33436	13749
ENST00000568548.5	98413	113577	15164
ENST00000568549.5	23462	28638	5176
ENST00000568556.2	3744	11154	7410
ENST00000568558.6	0	9646	9646
ENST00000568559.1	4313	21712	17399
ENST00000568561.5	844	1324	480
ENST00000568562.1	128	5591	5463
ENST00000568563.5	1364	5066	3702
ENST00000568565.2	3	370840	370837
ENST00000568566.6	632	17649	17017
ENST00000568568.1	1325	4388	3063
ENST00000568569.1	0	7650	7650
ENST00000568572.5	128	2497	2369
ENST00000568573.1	0	7724	7724
ENST00000568578.5	7444	10464	3020
ENST00000568579.6	12649	67337	54688
ENST00000568580.5	0	13682	13682
ENST00000568581.5	69645	71412	1767
ENST00000568583.5	10	4248	4238
ENST00000568584.6	172	3678	3506
ENST00000568586.5	224	36613	36389
ENST00000568588.5	87	4419	4332
ENST00000568589.5	32	24691	24659
ENST00000568591.5	10079	12052	1973
ENST00000568592.1	95	4684	4589
ENST00000568594.5	0	3815	3815
ENST00000568595.1	2465	2748	283
ENST00000568596.5	0	5532	5532
ENST00000568597.5	68	18340	18272
ENST00000568602.5	41	4783	4742
ENST00000568604.5	21946	53206	31260
ENST00000568606.5	27776	61220	33444
ENST00000568612.5	1959	8566	6607
ENST00000568613.5	28793	42654	13861
ENST00000568615.2	86	8091	8005
ENST00000568617.5	0	4674	4674
ENST00000568618.5	7281	8692	1411
ENST00000568621.1	492	706	214
ENST00000568624.2	2403	12660	10257
ENST00000568625.5	22694	39848	17154
ENST00000568626.1	1557	11030	9473
ENST00000568631.5	139	11723	11584
ENST00000568632.5	272	12122	11850
ENST00000568637.5	0	19638	19638
ENST00000568638.1	126	32745	32619
ENST00000568640.5	142	12523	12381
ENST00000568641.2	1173	1885	712
ENST00000568645.5	21679	23149	1470
ENST00000568647.5	297	15594	15297
ENST00000568649.5	4714	26106	21392
ENST00000568651.1	0	4482	4482
ENST00000568653.7	2002	7783	5781
ENST00000568656.5	337	71328	70991
ENST00000568662.2	1467	4211	2744
ENST00000568663.5	15654	24574	8920
ENST00000568665.1	3033	3227	194
ENST00000568666.5	0	21103	21103
ENST00000568667.5	18	6893	6875
ENST00000568671.5	0	1892	1892
ENST00000568673.5	549	359597	359048
ENST00000568679.1	1160	1732	572
ENST00000568682.5	0	1073	1073
ENST00000568683.5	934	2815	1881
ENST00000568684.1	5141	16228	11087
ENST00000568685.1	64	12850	12786
ENST00000568698.5	4128	10669	6541
ENST00000568701.1	0	772	772
ENST00000568703.5	0	11012	11012
ENST00000568704.2	150	49255	49105
ENST00000568706.1	3756	5087	1331
ENST00000568715.5	4154	6874	2720
ENST00000568717.1	95	2937	2842
ENST00000568733.6	3538	37241	33703
ENST00000568738.1	3531	9401	5870
ENST00000568740.5	382	359415	359033
ENST00000568746.5	26270	27459	1189
ENST00000568749.5	2540	5783	3243
ENST00000568750.1	0	2658	2658
ENST00000568753.1	1752	3930	2178
ENST00000568754.5	917	4690	3773
ENST00000568766.1	144	119946	119802
ENST00000568770.5	124	92567	92443
ENST00000568773.1	14	2052	2038
ENST00000568783.5	43	18189	18146
ENST00000568784.6	29313	29599	286
ENST00000568787.5	67	13839	13772
ENST00000568791.5	30595	31924	1329
ENST00000568793.5	127	46871	46744
ENST00000568794.5	1523	7229	5706
ENST00000568798.5	4536	13387	8851
ENST00000568803.1	0	4722	4722
ENST00000568804.6	23243	36717	13474
ENST00000568805.5	2847	9708	6861
ENST00000568808.5	13190	31036	17846
ENST00000568815.5	0	6269	6269
ENST00000568816.5	15576	19142	3566
ENST00000568820.5	15065	20111	5046
ENST00000568822.1	0	8400	8400
ENST00000568823.5	0	10651	10651
ENST00000568826.1	0	42954	42954
ENST00000568828.5	22	3741	3719
ENST00000568829.1	0	6889	6889
ENST00000568830.1	0	1859	1859
ENST00000568834.5	89	4882	4793
ENST00000568837.1	39	2309	2270
ENST00000568838.2	1467	4211	2744
ENST00000568839.5	21	2942	2921
ENST00000568841.5	0	30364	30364
ENST00000568846.6	39	12737	12698
ENST00000568847.5	22903	33281	10378
ENST00000568849.5	0	28004	28004
ENST00000568857.5	0	1333	1333
ENST00000568859.5	16138	32937	16799
ENST00000568863.1	0	66575	66575
ENST00000568864.1	0	808	808
ENST00000568865.3	31	11775	11744
ENST00000568866.5	107	3503	3396
ENST00000568869.1	3770	4698	928
ENST00000568875.1	1793	4510	2717
ENST00000568876.5	45	18592	18547
ENST00000568879.1	2886	32103	29217
ENST00000568881.1	1837	2073	236
ENST00000568882.1	0	4127	4127
ENST00000568886.5	57140	114057	56917
ENST00000568887.5	4905	18173	13268
ENST00000568890.5	61	8323	8262
ENST00000568894.5	525	15884	15359
ENST00000568896.1	0	3083	3083
ENST00000568897.5	23	57472	57449
ENST00000568898.5	3	10220	10217
ENST00000568907.5	32	3703	3671
ENST00000568908.5	30346	45685	15339
ENST00000568909.5	30290	45647	15357
ENST00000568910.1	0	540	540
ENST00000568915.5	0	3630	3630
ENST00000568916.1	0	1297	1297
ENST00000568917.1	0	9229	9229
ENST00000568923.5	8	34033	34025
ENST00000568924.1	12927	12953	26
ENST00000568926.5	93	34349	34256
ENST00000568929.1	202	2569	2367
ENST00000568934.1	0	1834	1834
ENST00000568940.5	257	12781	12524
ENST00000568943.6	707	48192	47485
ENST00000568945.2	0	667	667
ENST00000568954.5	3969	73822	69853
ENST00000568956.2	7972	14324	6352
ENST00000568959.1	0	1866	1866
ENST00000568961.5	4543	20449	15906
ENST00000568963.5	92	15925	15833
ENST00000568964.5	52820	90043	37223
ENST00000568965.1	0	11261	11261
ENST00000568968.1	0	6710	6710
ENST00000568973.5	257	549	292
ENST00000568975.5	785	40012	39227
ENST00000568977.1	0	7034	7034
ENST00000568979.5	21598	23169	1571
ENST00000568985.5	24	11159	11135
ENST00000568988.5	20050	20722	672
ENST00000568990.5	242	18128	17886
ENST00000568993.5	2486	11352	8866
ENST00000568994.1	0	14038	14038
ENST00000568995.1	181	17299	17118
ENST00000568996.1	0	536	536
ENST00000568999.5	24933	42265	17332
ENST00000569000.5	0	13961	13961
ENST00000569004.5	3218	12105	8887
ENST00000569006.1	0	718	718
ENST00000569008.2	6121	109933	103812
ENST00000569010.5	0	6338	6338
ENST00000569012.5	0	81590	81590
ENST00000569017.1	0	570	570
ENST00000569020.5	0	148	148
ENST00000569021.1	205	6462	6257
ENST00000569022.1	86	360	274
ENST00000569023.5	15106	24026	8920
ENST00000569026.1	0	5507	5507
ENST00000569030.5	2217	14991	12774
ENST00000569031.6	651	1705	1054
ENST00000569035.5	1268	8554	7286
ENST00000569036.2	0	1713	1713
ENST00000569038.5	33047	68856	35809
ENST00000569042.5	6	11542	11536
ENST00000569047.7	4924	28773	23849
ENST00000569050.1	0	308	308
ENST00000569051.1	3642	12864	9222
ENST00000569052.2	98	12387	12289
ENST00000569053.5	10797	25556	14759
ENST00000569054.5	9111	26402	17291
ENST00000569055.2	1528	12191	10663
ENST00000569057.5	0	1838	1838
ENST00000569059.5	161	28154	27993
ENST00000569061.5	5458	10648	5190
ENST00000569063.5	0	9599	9599
ENST00000569066.2	5549	17182	11633
ENST00000569071.2	16663	67079	50416
ENST00000569072.1	0	28	28
ENST00000569075.5	35127	40688	5561
ENST00000569076.5	10570	19470	8900
ENST00000569079.1	0	6263	6263
ENST00000569080.2	0	26984	26984
ENST00000569083.1	716	5389	4673
ENST00000569086.5	14	63028	63014
ENST00000569089.1	263	26790	26527
ENST00000569090.1	18491	26258	7767
ENST00000569098.1	0	9321	9321
ENST00000569101.5	3377	6995	3618
ENST00000569103.2	0	792	792
ENST00000569107.5	0	14205	14205
ENST00000569109.5	9703	28114	18411
ENST00000569110.2	0	4753	4753
ENST00000569112.5	0	464	464
ENST00000569120.1	2839	3021	182
ENST00000569122.1	0	5361	5361
ENST00000569127.1	886	10742	9856
ENST00000569129.5	0	8257	8257
ENST00000569136.6	5057	7498	2441
ENST00000569140.1	0	2140	2140
ENST00000569141.1	0	12279	12279
ENST00000569144.5	127	257394	257267
ENST00000569145.5	4454	4576	122
ENST00000569148.1	73	2830	2757
ENST00000569150.1	12535	18325	5790
ENST00000569152.1	0	8300	8300
ENST00000569154.5	4156	5670	1514
ENST00000569155.1	45	1145	1100
ENST00000569156.5	15021	62224	47203
ENST00000569158.5	3311	4890	1579
ENST00000569163.1	145	6126	5981
ENST00000569166.1	3	93776	93773
ENST00000569167.1	5377	7357	1980
ENST00000569170.5	24423	58959	34536
ENST00000569173.5	277	19678	19401
ENST00000569174.5	10824	133661	122837
ENST00000569177.5	0	8500	8500
ENST00000569179.1	0	1773	1773
ENST00000569184.1	0	1931	1931
ENST00000569185.5	0	16625	16625
ENST00000569188.6	3743	11266	7523
ENST00000569189.2	3916	18809	14893
ENST00000569197.2	0	1810	1810
ENST00000569198.1	0	4228	4228
ENST00000569203.5	1385	3554	2169
ENST00000569204.1	0	7467	7467
ENST00000569205.5	484	32670	32186
ENST00000569207.5	0	5618	5618
ENST00000569210.6	59	1437	1378
ENST00000569222.5	0	3972	3972
ENST00000569227.1	4366	126063	121697
ENST00000569229.5	0	23424	23424
ENST00000569230.5	0	10208	10208
ENST00000569233.5	32	3257	3225
ENST00000569234.1	0	6181	6181
ENST00000569236.5	16821	32783	15962
ENST00000569240.5	266	85707	85441
ENST00000569241.5	0	2542	2542
ENST00000569243.5	188	6091	5903
ENST00000569250.5	0	4726	4726
ENST00000569252.5	68	1502	1434
ENST00000569253.5	106	6948	6842
ENST00000569257.5	0	212	212
ENST00000569260.1	1836	9255	7419
ENST00000569265.1	8653	8753	100
ENST00000569266.5	148	20465	20317
ENST00000569270.5	0	1175	1175
ENST00000569275.2	7213	7751	538
ENST00000569276.1	198	13501	13303
ENST00000569277.1	0	1485	1485
ENST00000569280.1	14877	15376	499
ENST00000569281.6	265	17553	17288
ENST00000569282.2	93	829	736
ENST00000569289.5	14701	14945	244
ENST00000569290.1	0	7617	7617
ENST00000569295.6	689	1230	541
ENST00000569296.5	1013	6568	5555
ENST00000569300.5	0	30426	30426
ENST00000569302.6	216	229655	229439
ENST00000569305.1	147	13576	13429
ENST00000569312.5	4	6820	6816
ENST00000569314.1	0	842	842
ENST00000569315.1	244	1317	1073
ENST00000569316.1	148	7702	7554
ENST00000569317.1	139	14443	14304
ENST00000569318.1	0	1532	1532
ENST00000569319.5	87	14819	14732
ENST00000569320.5	140	7130	6990
ENST00000569322.1	0	5845	5845
ENST00000569323.5	90	18868	18778
ENST00000569327.5	5770	17085	11315
ENST00000569329.1	6321	7297	976
ENST00000569332.5	153	10312	10159
ENST00000569337.1	9265	23495	14230
ENST00000569338.5	0	46206	46206
ENST00000569339.1	0	6255	6255
ENST00000569340.1	0	7745	7745
ENST00000569341.1	19208	22900	3692
ENST00000569344.5	0	5852	5852
ENST00000569347.6	254	13818	13564
ENST00000569348.5	4658	7808	3150
ENST00000569351.2	0	36235	36235
ENST00000569352.6	33	6561	6528
ENST00000569354.1	0	1143	1143
ENST00000569355.5	600	5071	4471
ENST00000569357.4	113128	285264	172136
ENST00000569359.5	1014	6305	5291
ENST00000569360.1	6579	9743	3164
ENST00000569365.6	5178	6290	1112
ENST00000569370.5	641	13165	12524
ENST00000569372.5	30192	31701	1509
ENST00000569374.1	21604	23129	1525
ENST00000569375.5	3157	4415	1258
ENST00000569376.5	0	9008	9008
ENST00000569382.3	19	16589	16570
ENST00000569385.1	0	310	310
ENST00000569386.2	1013	15672	14659
ENST00000569387.5	1487	6819	5332
ENST00000569388.5	2118	9704	7586
ENST00000569398.5	0	1121	1121
ENST00000569403.1	0	27673	27673
ENST00000569404.5	24075	41160	17085
ENST00000569408.1	0	4971	4971
ENST00000569410.5	430	30846	30416
ENST00000569411.5	28869	68322	39453
ENST00000569417.6	632	4390	3758
ENST00000569418.5	7649	57298	49649
ENST00000569419.1	0	16439	16439
ENST00000569420.1	780	2183	1403
ENST00000569423.5	360	57156	56796
ENST00000569429.5	111	7254	7143
ENST00000569430.7	2123	17662	15539
ENST00000569433.1	435	1356	921
ENST00000569435.5	6646	29910	23264
ENST00000569436.7	18017	24173	6156
ENST00000569437.5	1113	8381	7268
ENST00000569438.2	0	3510	3510
ENST00000569440.5	21	11903	11882
ENST00000569443.5	0	9741	9741
ENST00000569444.5	0	55860	55860
ENST00000569445.2	0	5446	5446
ENST00000569446.3	2623	6646	4023
ENST00000569451.1	12	2052	2040
ENST00000569453.5	5462	18511	13049
ENST00000569457.5	1439	4199	2760
ENST00000569462.5	15693	17084	1391
ENST00000569464.5	0	21759	21759
ENST00000569466.1	141	2851	2710
ENST00000569472.5	1946	8577	6631
ENST00000569477.5	82	42528	42446
ENST00000569479.5	1532	15080	13548
ENST00000569481.1	0	8407	8407
ENST00000569482.5	117	15816	15699
ENST00000569485.5	0	3023	3023
ENST00000569489.1	0	6665	6665
ENST00000569491.5	314	29676	29362
ENST00000569493.5	157	30239	30082
ENST00000569494.5	4341	7769	3428
ENST00000569496.5	59	5409	5350
ENST00000569499.6	23374	38758	15384
ENST00000569500.5	147	1373	1226
ENST00000569505.5	806	1585	779
ENST00000569506.1	507	997	490
ENST00000569508.6	8747	8997	250
ENST00000569517.5	30823	31289	466
ENST00000569520.5	12646	24238	11592
ENST00000569523.1	11732	26895	15163
ENST00000569524.5	5235	7025	1790
ENST00000569529.6	129	2108	1979
ENST00000569531.5	28952	30509	1557
ENST00000569532.5	130	77987	77857
ENST00000569534.5	9053	32659	23606
ENST00000569535.5	2466	13546	11080
ENST00000569538.5	0	4594	4594
ENST00000569539.5	40482	43616	3134
ENST00000569540.5	1847	18851	17004
ENST00000569542.6	0	18131	18131
ENST00000569544.5	4	740	736
ENST00000569545.5	3070	7108	4038
ENST00000569547.1	20522	54559	34037
ENST00000569548.5	503	7600	7097
ENST00000569550.5	27906	28238	332
ENST00000569552.5	91	2906	2815
ENST00000569554.5	628	4537	3909
ENST00000569561.5	0	19634	19634
ENST00000569562.5	24972	25783	811
ENST00000569565.1	5758	6098	340
ENST00000569566.2	157	3016	2859
ENST00000569571.5	4940	29109	24169
ENST00000569573.1	20	2892	2872
ENST00000569575.5	935	37134	36199
ENST00000569576.5	1674	3716	2042
ENST00000569577.1	1848	3031	1183
ENST00000569584.6	1770	8042	6272
ENST00000569589.1	0	3758	3758
ENST00000569591.3	118	105452	105334
ENST00000569598.6	127	11430	11303
ENST00000569600.5	213	38415	38202
ENST00000569601.5	0	1670	1670
ENST00000569602.1	0	8665	8665
ENST00000569607.2	4602	8116	3514
ENST00000569609.5	352	2004	1652
ENST00000569610.5	651	4023	3372
ENST00000569616.1	304	2858	2554
ENST00000569619.5	0	28	28
ENST00000569620.5	24683	65917	41234
ENST00000569622.6	192	11669	11477
ENST00000569627.1	271	15033	14762
ENST00000569629.1	953	46387	45434
ENST00000569630.5	1618	2942	1324
ENST00000569631.1	30	1441	1411
ENST00000569636.7	9	8958	8949
ENST00000569637.6	262	1139	877
ENST00000569639.5	30	4842	4812
ENST00000569646.5	0	5249	5249
ENST00000569648.5	137	13453	13316
ENST00000569649.1	68	15206	15138
ENST00000569651.1	0	2014	2014
ENST00000569653.1	256	42454	42198
ENST00000569656.5	93	75828	75735
ENST00000569659.6	98	12289	12191
ENST00000569662.1	0	158	158
ENST00000569669.6	122	31547	31425
ENST00000569673.3	4462	16549	12087
ENST00000569674.1	1439	1851	412
ENST00000569687.1	2097	2283	186
ENST00000569690.5	224	3388	3164
ENST00000569691.2	274	10433	10159
ENST00000569693.5	4733	4973	240
ENST00000569696.5	0	5722	5722
ENST00000569702.1	0	16524	16524
ENST00000569704.2	1561	30284	28723
ENST00000569709.5	0	1720	1720
ENST00000569714.6	26	2797	2771
ENST00000569715.5	77	63410	63333
ENST00000569716.1	0	4676	4676
ENST00000569717.5	4250	7498	3248
ENST00000569718.6	324	38971	38647
ENST00000569719.5	32	926	894
ENST00000569722.5	150	35633	35483
ENST00000569723.5	288	17454	17166
ENST00000569725.1	1541	5294	3753
ENST00000569727.1	0	9686	9686
ENST00000569729.5	1763	10914	9151
ENST00000569735.1	0	2472	2472
ENST00000569741.1	30	1433	1403
ENST00000569745.5	94	3934	3840
ENST00000569747.5	18196	35593	17397
ENST00000569748.5	1178	60040	58862
ENST00000569749.5	88	1030	942
ENST00000569757.1	2091	8225	6134
ENST00000569761.1	2601	4391	1790
ENST00000569765.5	0	19805	19805
ENST00000569767.1	0	2044	2044
ENST00000569769.1	0	3946	3946
ENST00000569771.5	109	15010	14901
ENST00000569772.1	0	22257	22257
ENST00000569773.1	0	9740	9740
ENST00000569774.6	3267	4754	1487
ENST00000569795.6	277	28164	27887
ENST00000569798.5	1483	5417	3934
ENST00000569801.5	70	53199	53129
ENST00000569802.5	1753	3391	1638
ENST00000569812.1	0	5207	5207
ENST00000569816.1	0	3505	3505
ENST00000569817.5	0	16475	16475
ENST00000569818.1	104	318	214
ENST00000569820.6	0	1514	1514
ENST00000569827.5	376	9681	9305
ENST00000569840.7	626	82789	82163
ENST00000569842.5	18118	117159	99041
ENST00000569847.1	95	13643	13548
ENST00000569851.6	0	8691	8691
ENST00000569857.5	4742	17401	12659
ENST00000569863.5	75364	94022	18658
ENST00000569864.5	868	2375	1507
ENST00000569871.5	7053	12529	5476
ENST00000569874.2	21022	27481	6459
ENST00000569875.5	0	1300	1300
ENST00000569876.2	4716	4924	208
ENST00000569878.5	0	21693	21693
ENST00000569879.5	34	9150	9116
ENST00000569882.1	0	20104	20104
ENST00000569885.6	451	13926	13475
ENST00000569886.5	4629	5163	534
ENST00000569887.1	10072	16437	6365
ENST00000569890.1	7407	14974	7567
ENST00000569894.5	6067	26284	20217
ENST00000569896.1	45	18668	18623
ENST00000569898.5	22	4815	4793
ENST00000569899.5	1231	13690	12459
ENST00000569900.5	44560	45004	444
ENST00000569903.1	1351	3820	2469
ENST00000569904.5	358	28749	28391
ENST00000569907.5	0	96	96
ENST00000569914.5	214	30772	30558
ENST00000569915.1	384	1167	783
ENST00000569918.1	0	3703	3703
ENST00000569923.5	4049	12270	8221
ENST00000569925.1	0	10918	10918
ENST00000569926.5	84	1982	1898
ENST00000569929.5	6648	80117	73469
ENST00000569931.5	566	7947	7381
ENST00000569936.5	1407	21238	19831
ENST00000569939.5	44560	44716	156
ENST00000569941.6	0	1361	1361
ENST00000569949.1	0	22841	22841
ENST00000569951.1	0	1251	1251
ENST00000569956.5	807	5105	4298
ENST00000569958.5	16	50415	50399
ENST00000569961.5	22	24648	24626
ENST00000569965.5	80	41432	41352
ENST00000569967.1	0	15727	15727
ENST00000569970.1	462	2827	2365
ENST00000569971.5	13224	16803	3579
ENST00000569975.5	0	318	318
ENST00000569978.1	567	883	316
ENST00000569979.5	111	12598	12487
ENST00000569982.3	2553	16158	13605
ENST00000569985.5	8610	16217	7607
ENST00000569991.1	0	8046	8046
ENST00000570000.5	2160	12388	10228
ENST00000570004.5	110	8821	8711
ENST00000570006.5	2640	16774	14134
ENST00000570010.6	4428	23025	18597
ENST00000570012.1	0	8635	8635
ENST00000570013.5	218	3887	3669
ENST00000570014.5	0	83804	83804
ENST00000570016.5	464	4762	4298
ENST00000570017.1	0	158	158
ENST00000570026.2	17915	24025	6110
ENST00000570029.5	17103	23359	6256
ENST00000570032.2	301	647	346
ENST00000570033.1	0	11571	11571
ENST00000570036.5	17839	18464	625
ENST00000570041.1	0	1860	1860
ENST00000570044.5	30594	31863	1269
ENST00000570045.5	1601	6725	5124
ENST00000570046.1	0	132	132
ENST00000570047.2	0	63211	63211
ENST00000570053.1	51	68681	68630
ENST00000570054.3	0	24292	24292
ENST00000570059.1	19	8481	8462
ENST00000570065.1	0	931	931
ENST00000570066.1	1292	4812	3520
ENST00000570067.1	9874	9898	24
ENST00000570074.1	16	13195	13179
ENST00000570075.5	19	19567	19548
ENST00000570076.5	33	15422	15389
ENST00000570083.5	61	7331	7270
ENST00000570085.5	150	81336	81186
ENST00000570086.5	21142	21738	596
ENST00000570099.5	2475	2657	182
ENST00000570101.5	2279	16393	14114
ENST00000570108.5	203	8469	8266
ENST00000570111.5	7013	21906	14893
ENST00000570115.5	0	8100	8100
ENST00000570117.5	96	4539	4443
ENST00000570121.2	0	804	804
ENST00000570125.5	0	4465	4465
ENST00000570132.1	53	946	893
ENST00000570134.5	45	8692	8647
ENST00000570137.7	6484	207777	201293
ENST00000570138.5	0	3791	3791
ENST00000570142.5	0	516	516
ENST00000570143.5	3127	4917	1790
ENST00000570145.2	7800	147665	139865
ENST00000570146.3	164	16543	16379
ENST00000570156.7	3740	197402	193662
ENST00000570160.1	0	1568	1568
ENST00000570161.6	47403	148404	101001
ENST00000570164.5	1367	20287	18920
ENST00000570172.1	67	2706	2639
ENST00000570173.6	6	6600	6594
ENST00000570174.1	0	33820	33820
ENST00000570176.1	51	848	797
ENST00000570177.6	244	124596	124352
ENST00000570178.1	6	15191	15185
ENST00000570181.2	734	6913	6179
ENST00000570182.5	5458	18477	13019
ENST00000570184.1	0	1236	1236
ENST00000570189.5	111	7463	7352
ENST00000570191.5	4824	81467	76643
ENST00000570195.5	5009	21867	16858
ENST00000570200.5	8	16685	16677
ENST00000570204.1	8822	20404	11582
ENST00000570206.2	3	8497	8494
ENST00000570208.2	2764	4212	1448
ENST00000570212.5	0	143775	143775
ENST00000570214.5	0	1599	1599
ENST00000570215.1	0	9399	9399
ENST00000570216.5	0	110	110
ENST00000570219.1	11184	15615	4431
ENST00000570220.5	64	1100	1036
ENST00000570224.5	861	1506	645
ENST00000570225.5	0	7132	7132
ENST00000570232.2	0	4582	4582
ENST00000570233.1	25	1016	991
ENST00000570234.5	9225	12975	3750
ENST00000570235.2	271	21646	21375
ENST00000570236.1	5	12255	12250
ENST00000570244.5	1589	4941	3352
ENST00000570248.6	106	12471	12365
ENST00000570249.5	118	13506	13388
ENST00000570251.1	0	3917	3917
ENST00000570255.6	1033	10147	9114
ENST00000570257.6	1576	5466	3890
ENST00000570258.5	42	7759	7717
ENST00000570259.1	88	1656	1568
ENST00000570262.5	271	12173	11902
ENST00000570263.5	0	1899	1899
ENST00000570264.5	12421	15882	3461
ENST00000570265.6	227	168289	168062
ENST00000570272.5	0	17944	17944
ENST00000570275.5	0	3649	3649
ENST00000570280.5	47	2155	2108
ENST00000570283.1	0	14976	14976
ENST00000570287.6	1584	96603	95019
ENST00000570289.5	3294	4964	1670
ENST00000570293.5	1429	16774	15345
ENST00000570308.5	93284	117479	24195
ENST00000570318.1	0	16	16
ENST00000570319.5	416	14883	14467
ENST00000570322.6	26	7767	7741
ENST00000570324.1	2204	9000	6796
ENST00000570328.5	799	2518	1719
ENST00000570330.5	67	2290	2223
ENST00000570337.6	668	6052	5384
ENST00000570346.1	0	510	510
ENST00000570353.5	21	2054	2033
ENST00000570364.5	0	3408	3408
ENST00000570368.5	0	27936	27936
ENST00000570369.5	29	3528	3499
ENST00000570371.5	1479	38872	37393
ENST00000570372.5	32551	36163	3612
ENST00000570373.5	51	7546	7495
ENST00000570376.5	514	1452	938
ENST00000570380.5	892	5240	4348
ENST00000570382.2	717	3498	2781
ENST00000570387.5	0	6756	6756
ENST00000570388.5	24	5091	5067
ENST00000570391.5	412	6230	5818
ENST00000570394.1	1004	1795	791
ENST00000570396.1	139	822	683
ENST00000570400.1	44327	72103	27776
ENST00000570401.5	171	18572	18401
ENST00000570403.1	21379	28565	7186
ENST00000570414.1	0	1949	1949
ENST00000570421.5	2940	26128	23188
ENST00000570423.5	19748	19788	40
ENST00000570425.5	17679	17959	280
ENST00000570427.1	0	6581	6581
ENST00000570431.1	506	1719	1213
ENST00000570440.2	5114	5682	568
ENST00000570441.5	0	28477	28477
ENST00000570445.5	29066	32424	3358
ENST00000570446.1	105	1877	1772
ENST00000570450.5	9492	26864	17372
ENST00000570451.5	12838	46188	33350
ENST00000570457.6	5479	7811	2332
ENST00000570458.5	0	3018	3018
ENST00000570460.5	195	17967	17772
ENST00000570466.5	62	10783	10721
ENST00000570475.5	96	86789	86693
ENST00000570477.6	397	9540	9143
ENST00000570486.5	5164	6041	877
ENST00000570487.1	0	4772	4772
ENST00000570490.5	0	2566	2566
ENST00000570495.5	580	27386	26806
ENST00000570499.5	0	15567	15567
ENST00000570500.6	314	2631	2317
ENST00000570507.5	449	1977	1528
ENST00000570511.5	4098	14361	10263
ENST00000570513.5	10673	17726	7053
ENST00000570516.1	50	276	226
ENST00000570525.5	0	33761	33761
ENST00000570527.5	21	361	340
ENST00000570535.5	2708	102264	99556
ENST00000570547.5	16415	19967	3552
ENST00000570550.5	156	24047	23891
ENST00000570557.5	0	11460	11460
ENST00000570561.5	245	1924	1679
ENST00000570564.5	61642	62817	1175
ENST00000570565.5	1274	301482	300208
ENST00000570567.1	0	4910	4910
ENST00000570569.1	981	10180	9199
ENST00000570571.5	0	29618	29618
ENST00000570576.1	0	2544	2544
ENST00000570582.4	21193	22925	1732
ENST00000570584.5	0	41792	41792
ENST00000570587.5	5374	6620	1246
ENST00000570594.5	0	919	919
ENST00000570600.5	4868	13987	9119
ENST00000570606.5	0	50277	50277
ENST00000570616.1	505	721	216
ENST00000570618.5	24766	83985	59219
ENST00000570622.1	0	1862	1862
ENST00000570626.2	144	201709	201565
ENST00000570628.6	1211	19066	17855
ENST00000570629.5	0	923	923
ENST00000570631.5	15478	17594	2116
ENST00000570632.1	640	3734	3094
ENST00000570638.5	0	80728	80728
ENST00000570645.5	0	17086	17086
ENST00000570646.6	29127	34298	5171
ENST00000570650.2	24	56097	56073
ENST00000570652.2	0	220	220
ENST00000570659.5	0	64319	64319
ENST00000570662.2	8525	12091	3566
ENST00000570664.1	0	1411	1411
ENST00000570668.1	0	50253	50253
ENST00000570670.6	189	8324	8135
ENST00000570671.1	0	3307	3307
ENST00000570682.2	3499	46434	42935
ENST00000570687.1	139	3808	3669
ENST00000570689.5	248	19578	19330
ENST00000570699.1	79	755	676
ENST00000570702.5	694	3428	2734
ENST00000570709.6	50252	69016	18764
ENST00000570727.5	14532	28075	13543
ENST00000570731.5	4082	8705	4623
ENST00000570738.1	0	810	810
ENST00000570740.1	1923	3380	1457
ENST00000570757.5	0	1964	1964
ENST00000570760.2	1252	4292	3040
ENST00000570767.5	8686	9931	1245
ENST00000570769.5	43646	44487	841
ENST00000570772.5	360	11069	10709
ENST00000570778.5	4815	15057	10242
ENST00000570779.1	35	3936	3901
ENST00000570780.5	258	4769	4511
ENST00000570782.1	838	918	80
ENST00000570783.5	127	3373	3246
ENST00000570784.1	619	1079	460
ENST00000570788.1	144	1210	1066
ENST00000570790.5	44335	56633	12298
ENST00000570791.5	1974	28450	26476
ENST00000570794.2	186	9796	9610
ENST00000570798.5	0	7428	7428
ENST00000570803.6	3054	20632	17578
ENST00000570805.1	0	5702	5702
ENST00000570807.5	0	1196	1196
ENST00000570817.5	240	5344	5104
ENST00000570818.5	2629	17547	14918
ENST00000570819.5	18098	27364	9266
ENST00000570828.5	600	4364	3764
ENST00000570833.5	0	2754	2754
ENST00000570836.6	117	12137	12020
ENST00000570845.5	145	5533	5388
ENST00000570848.5	5472	11977	6505
ENST00000570852.1	1714	2318	604
ENST00000570854.1	3428	5577	2149
ENST00000570856.1	869	1862	993
ENST00000570857.5	17	11785	11768
ENST00000570879.2	1157	16016	14859
ENST00000570891.5	753	279475	278722
ENST00000570896.5	2393	10518	8125
ENST00000570898.1	1047	1872	825
ENST00000570899.1	0	3804	3804
ENST00000570904.5	533	8103	7570
ENST00000570907.6	598	18640	18042
ENST00000570923.1	699	9594	8895
ENST00000570928.5	2099	21536	19437
ENST00000570932.5	3630	4520	890
ENST00000570935.1	0	5001	5001
ENST00000570937.2	26300	29588	3288
ENST00000570939.2	0	50071	50071
ENST00000570940.1	0	7064	7064
ENST00000570962.1	276	47880	47604
ENST00000570965.5	144	3125	2981
ENST00000570971.2	42	3777	3735
ENST00000570972.2	0	174	174
ENST00000570980.1	0	3664	3664
ENST00000570981.1	0	28669	28669
ENST00000570984.7	712	22309	21597
ENST00000570996.5	4870	11073	6203
ENST00000571004.1	114	2600	2486
ENST00000571007.5	246	5002	4756
ENST00000571011.1	3701	31663	27962
ENST00000571018.5	151	16559	16408
ENST00000571024.6	2755	8589	5834
ENST00000571025.5	50	33042	32992
ENST00000571028.1	0	8263	8263
ENST00000571035.1	0	3421	3421
ENST00000571044.5	0	2466	2466
ENST00000571048.1	6379	9398	3019
ENST00000571052.5	0	17148	17148
ENST00000571058.5	13107	43148	30041
ENST00000571059.5	0	28968	28968
ENST00000571074.5	1034	1419	385
ENST00000571076.1	2060	2937	877
ENST00000571078.5	0	3012	3012
ENST00000571081.6	50278	66170	15892
ENST00000571088.5	1374	29408	28034
ENST00000571092.1	841	1391	550
ENST00000571094.1	0	3829	3829
ENST00000571100.2	3659	6804	3145
ENST00000571105.5	469	8077	7608
ENST00000571106.1	6	10946	10940
ENST00000571115.1	2182	2573	391
ENST00000571125.5	4374	12758	8384
ENST00000571129.5	229	810	581
ENST00000571133.6	3940	19123	15183
ENST00000571134.2	53	20773	20720
ENST00000571135.5	2	3775	3773
ENST00000571139.5	32938	41192	8254
ENST00000571146.2	0	4456	4456
ENST00000571149.5	4799	8175	3376
ENST00000571153.5	0	3606	3606
ENST00000571157.1	0	6081	6081
ENST00000571163.2	0	12348	12348
ENST00000571174.5	0	2186	2186
ENST00000571175.5	0	11650	11650
ENST00000571176.1	215	7133	6918
ENST00000571178.1	1073	11149	10076
ENST00000571186.5	108	25118	25010
ENST00000571198.5	0	28207	28207
ENST00000571206.1	2390	6090	3700
ENST00000571207.5	0	7091	7091
ENST00000571215.1	0	17978	17978
ENST00000571217.5	17	6365	6348
ENST00000571218.1	17790	21191	3401
ENST00000571224.5	152	2638	2486
ENST00000571227.5	61231	62110	879
ENST00000571228.1	366	5990	5624
ENST00000571237.1	0	3987	3987
ENST00000571244.3	367	13601	13234
ENST00000571249.1	0	1002	1002
ENST00000571252.3	87	159031	158944
ENST00000571253.1	3	584	581
ENST00000571254.1	73	52927	52854
ENST00000571263.2	5868	9942	4074
ENST00000571269.1	0	104	104
ENST00000571272.5	1117	13003	11886
ENST00000571274.5	0	4486	4486
ENST00000571277.1	0	236	236
ENST00000571278.1	136	5771	5635
ENST00000571288.6	0	5035	5035
ENST00000571291.5	5873	10510	4637
ENST00000571292.1	0	3162	3162
ENST00000571298.5	13730	18290	4560
ENST00000571299.5	0	6349	6349
ENST00000571303.1	793	16370	15577
ENST00000571307.2	1128	58681	57553
ENST00000571308.5	199	5602	5403
ENST00000571309.1	0	1827	1827
ENST00000571311.5	67772	74817	7045
ENST00000571316.5	0	29903	29903
ENST00000571319.5	13	12044	12031
ENST00000571335.5	14662	45026	30364
ENST00000571341.1	0	5192	5192
ENST00000571358.1	0	152	152
ENST00000571360.5	4882	9522	4640
ENST00000571362.5	600	5253	4653
ENST00000571371.5	504665	527590	22925
ENST00000571373.5	668	6052	5384
ENST00000571376.1	23368	36575	13207
ENST00000571378.5	4802	13461	8659
ENST00000571382.5	9645	28088	18443
ENST00000571386.1	0	5606	5606
ENST00000571405.5	7883	15632	7749
ENST00000571406.1	10203	11891	1688
ENST00000571409.1	0	5310	5310
ENST00000571418.7	11	12964	12953
ENST00000571427.2	11162	41057	29895
ENST00000571428.5	7282	9056	1774
ENST00000571436.5	31746	42768	11022
ENST00000571442.5	0	64329	64329
ENST00000571448.5	1788	5187	3399
ENST00000571450.1	0	19599	19599
ENST00000571451.7	641	74112	73471
ENST00000571456.2	1015	9955	8940
ENST00000571457.1	0	15352	15352
ENST00000571459.5	429	7641	7212
ENST00000571460.5	707	1645	938
ENST00000571464.1	422	2509	2087
ENST00000571467.1	4389	125053	120664
ENST00000571476.5	5840	11653	5813
ENST00000571480.5	4472	51431	46959
ENST00000571494.1	0	10046	10046
ENST00000571503.1	1201	1751	550
ENST00000571514.5	18503	26797	8294
ENST00000571518.6	0	1635	1635
ENST00000571530.5	17671	50985	33314
ENST00000571537.1	0	5402	5402
ENST00000571538.5	0	6416	6416
ENST00000571540.5	0	4008	4008
ENST00000571553.5	0	16671	16671
ENST00000571558.5	570	6919	6349
ENST00000571566.1	0	1309	1309
ENST00000571570.5	3688	9522	5834
ENST00000571572.2	0	2945	2945
ENST00000571578.1	0	20662	20662
ENST00000571580.1	0	4063	4063
ENST00000571584.1	361	6430	6069
ENST00000571587.6	161	658	497
ENST00000571589.6	69288	193404	124116
ENST00000571594.1	0	2453	2453
ENST00000571597.1	0	3402	3402
ENST00000571605.1	0	2380	2380
ENST00000571607.1	0	13967	13967
ENST00000571617.2	852	18696	17844
ENST00000571627.5	0	7526	7526
ENST00000571629.5	19751	37306	17555
ENST00000571632.5	0	521	521
ENST00000571637.1	10682	11131	449
ENST00000571642.5	0	6790	6790
ENST00000571643.5	1655	16916	15261
ENST00000571650.5	1235	55207	53972
ENST00000571664.1	261	4884	4623
ENST00000571673.1	0	14927	14927
ENST00000571674.1	0	2308	2308
ENST00000571679.1	0	774	774
ENST00000571680.1	9	38624	38615
ENST00000571684.5	471	26202	25731
ENST00000571688.5	1918	9488	7570
ENST00000571691.6	3	2712	2709
ENST00000571698.2	0	134301	134301
ENST00000571710.6	0	1952	1952
ENST00000571712.5	47360	63327	15967
ENST00000571714.5	130	13431	13301
ENST00000571721.6	3	2784	2781
ENST00000571723.2	136	645	509
ENST00000571730.1	131	18014	17883
ENST00000571732.5	910	21210	20300
ENST00000571739.5	775	1605	830
ENST00000571740.5	400	9696	9296
ENST00000571744.1	192	24073	23881
ENST00000571750.5	502	40330	39828
ENST00000571756.5	26363	55476	29113
ENST00000571757.1	1161	1711	550
ENST00000571766.2	0	1986	1986
ENST00000571770.1	0	3888	3888
ENST00000571771.5	57	8880	8823
ENST00000571797.5	278	6752	6474
ENST00000571800.5	1718	22107	20389
ENST00000571802.1	0	212	212
ENST00000571804.5	32933	40119	7186
ENST00000571805.6	825	184782	183957
ENST00000571806.1	833	1850	1017
ENST00000571809.5	479	19257	18778
ENST00000571814.1	941	11183	10242
ENST00000571816.5	902	6046	5144
ENST00000571817.5	10554	29527	18973
ENST00000571822.5	42	2323	2281
ENST00000571826.5	85	5074	4989
ENST00000571838.2	259	3971	3712
ENST00000571841.1	60	102254	102194
ENST00000571843.1	8333	12145	3812
ENST00000571845.1	204	2257	2053
ENST00000571846.5	389	2185	1796
ENST00000571854.5	0	27660	27660
ENST00000571858.1	5122	15005	9883
ENST00000571864.6	82	46965	46883
ENST00000571872.1	0	2499	2499
ENST00000571874.6	2732	8566	5834
ENST00000571875.2	2476	2872	396
ENST00000571878.1	1322	1748	426
ENST00000571881.2	15	1806	1791
ENST00000571882.1	29566	42020	12454
ENST00000571886.1	1638	6669	5031
ENST00000571887.5	0	16244	16244
ENST00000571894.1	8504	14434	5930
ENST00000571906.1	0	13400	13400
ENST00000571907.5	7738	9321	1583
ENST00000571916.1	0	2730	2730
ENST00000571932.2	0	1608	1608
ENST00000571936.5	770	8899	8129
ENST00000571941.5	71	3724	3653
ENST00000571945.5	0	12234	12234
ENST00000571947.5	0	1076	1076
ENST00000571953.5	0	14084	14084
ENST00000571955.5	1662	4121	2459
ENST00000571958.1	33	985	952
ENST00000571961.7	494	9360	8866
ENST00000571971.1	0	6683	6683
ENST00000571973.1	2709	3231	522
ENST00000571976.1	109	3683	3574
ENST00000571980.1	17111	94166	77055
ENST00000571981.5	8977	19686	10709
ENST00000571983.5	0	5341	5341
ENST00000571986.5	1238	11163	9925
ENST00000571987.5	0	64091	64091
ENST00000571988.5	0	4919	4919
ENST00000571990.1	2476	3052	576
ENST00000571995.6	2893	44451	41558
ENST00000572002.1	0	53765	53765
ENST00000572006.1	13191	14053	862
ENST00000572008.5	1021	7508	6487
ENST00000572018.5	102	8959	8857
ENST00000572019.2	33534	36980	3446
ENST00000572021.6	20535	23048	2513
ENST00000572022.5	122	11506	11384
ENST00000572033.1	0	5235	5235
ENST00000572037.5	17207	24338	7131
ENST00000572043.5	149	2621	2472
ENST00000572044.1	0	52166	52166
ENST00000572045.5	305	4517	4212
ENST00000572047.5	32397	32821	424
ENST00000572048.1	275	5180	4905
ENST00000572050.1	1223	1910	687
ENST00000572059.1	0	4347	4347
ENST00000572073.5	310	47002	46692
ENST00000572080.2	3004	13140	10136
ENST00000572090.5	2848	5282	2434
ENST00000572094.1	10946	17756	6810
ENST00000572102.5	3594	6944	3350
ENST00000572104.2	0	4425	4425
ENST00000572105.7	1459	2966	1507
ENST00000572110.1	84	4844	4760
ENST00000572111.1	15242	54148	38906
ENST00000572116.1	3	5414	5411
ENST00000572129.1	0	3405	3405
ENST00000572131.5	18149	25668	7519
ENST00000572134.1	85	7987	7902
ENST00000572143.2	2186	88414	86228
ENST00000572147.1	0	728	728
ENST00000572152.5	1757	40128	38371
ENST00000572153.5	2778	11182	8404
ENST00000572154.1	301	1279	978
ENST00000572156.1	7028	8122	1094
ENST00000572157.1	0	834	834
ENST00000572158.5	30	61179	61149
ENST00000572169.6	32522	41867	9345
ENST00000572173.1	67130	101388	34258
ENST00000572182.5	16415	19409	2994
ENST00000572195.3	26	1758	1732
ENST00000572205.5	0	16060	16060
ENST00000572220.1	7193	10910	3717
ENST00000572232.5	89	5209	5120
ENST00000572235.1	3036	7557	4521
ENST00000572237.1	0	1106	1106
ENST00000572244.5	1445	13746	12301
ENST00000572250.1	0	4837	4837
ENST00000572251.1	0	3037	3037
ENST00000572252.6	3305	4563	1258
ENST00000572255.5	38	4230	4192
ENST00000572257.5	0	7642	7642
ENST00000572258.5	2522	21085	18563
ENST00000572259.2	21489	41336	19847
ENST00000572262.5	16415	20149	3734
ENST00000572265.1	0	22	22
ENST00000572272.6	639	74241	73602
ENST00000572288.1	0	122572	122572
ENST00000572290.1	3930	5932	2002
ENST00000572291.1	62	15623	15561
ENST00000572293.7	1668	37710	36042
ENST00000572298.5	11822	14155	2333
ENST00000572303.1	23	12913	12890
ENST00000572316.5	388	14589	14201
ENST00000572329.5	104	51738	51634
ENST00000572333.5	26	10141	10115
ENST00000572334.7	0	130670	130670
ENST00000572337.5	0	146	146
ENST00000572339.5	0	3164	3164
ENST00000572341.5	4480	19449	14969
ENST00000572347.5	0	4073	4073
ENST00000572352.5	0	10757	10757
ENST00000572355.5	237	1167	930
ENST00000572360.5	3	12119	12116
ENST00000572369.5	0	16198	16198
ENST00000572370.5	361	45689	45328
ENST00000572382.5	0	2844	2844
ENST00000572383.1	0	2820	2820
ENST00000572392.2	15	14069	14054
ENST00000572393.1	0	1173	1173
ENST00000572405.5	2921	15757	12836
ENST00000572412.5	49279	96309	47030
ENST00000572415.5	12536	21646	9110
ENST00000572428.5	3599	8765	5166
ENST00000572430.5	790	5934	5144
ENST00000572431.1	0	34	34
ENST00000572441.5	43	27185	27142
ENST00000572447.6	656	6310	5654
ENST00000572449.6	427	9329	8902
ENST00000572457.5	7336	11036	3700
ENST00000572467.5	71	79380	79309
ENST00000572473.1	0	206	206
ENST00000572478.5	0	6482	6482
ENST00000572484.5	10858	25064	14206
ENST00000572485.5	200	5266	5066
ENST00000572490.1	715	27093	26378
ENST00000572493.2	0	1882	1882
ENST00000572497.5	31	5530	5499
ENST00000572498.1	0	12474	12474
ENST00000572514.5	0	6703	6703
ENST00000572515.5	81	8761	8680
ENST00000572519.1	510	43063	42553
ENST00000572525.5	3506	7881	4375
ENST00000572536.1	0	49579	49579
ENST00000572543.5	762	21824	21062
ENST00000572544.1	31	3541	3510
ENST00000572546.5	33	6341	6308
ENST00000572548.1	1039	2715	1676
ENST00000572549.5	0	52840	52840
ENST00000572557.5	9621	27176	17555
ENST00000572558.5	9359	17426	8067
ENST00000572560.1	0	5591	5591
ENST00000572562.1	216	2298	2082
ENST00000572567.5	198	54927	54729
ENST00000572576.5	0	36578	36578
ENST00000572582.5	0	20825	20825
ENST00000572583.5	4513	34337	29824
ENST00000572584.2	18183	27528	9345
ENST00000572591.5	29	17865	17836
ENST00000572595.6	665	6805	6140
ENST00000572599.5	2478	21327	18849
ENST00000572600.5	5617	27108	21491
ENST00000572619.1	0	2917	2917
ENST00000572621.5	174	40903	40729
ENST00000572624.5	0	1447	1447
ENST00000572628.5	726	43567	42841
ENST00000572632.1	0	3284	3284
ENST00000572639.5	2831	8665	5834
ENST00000572645.5	833	4326	3493
ENST00000572647.5	0	3848	3848
ENST00000572656.2	0	956	956
ENST00000572681.6	3247	34173	30926
ENST00000572687.1	117	2982	2865
ENST00000572699.1	659	4841	4182
ENST00000572705.2	1372	29406	28034
ENST00000572709.5	12178	14714	2536
ENST00000572710.5	26	13561	13535
ENST00000572719.5	3	3143	3140
ENST00000572725.5	1092	34046	32954
ENST00000572739.5	18157	25570	7413
ENST00000572748.2	377	8903	8526
ENST00000572756.6	0	60315	60315
ENST00000572757.5	32579	40220	7641
ENST00000572759.1	382	5806	5424
ENST00000572760.5	523	6944	6421
ENST00000572761.1	0	4944	4944
ENST00000572778.5	0	4690	4690
ENST00000572781.5	0	3299	3299
ENST00000572784.5	8596	11967	3371
ENST00000572785.1	0	9881	9881
ENST00000572787.1	2917	4011	1094
ENST00000572789.5	0	1204	1204
ENST00000572793.2	88584	178384	89800
ENST00000572794.1	0	2325	2325
ENST00000572801.5	24159	37208	13049
ENST00000572809.1	0	8305	8305
ENST00000572810.1	689	1749	1060
ENST00000572812.5	29113	31753	2640
ENST00000572814.1	19691	20513	822
ENST00000572815.5	2054	4610	2556
ENST00000572820.2	764	3361	2597
ENST00000572824.1	44	10325	10281
ENST00000572831.1	2334	3321	987
ENST00000572834.5	5630	11928	6298
ENST00000572851.6	2743	8577	5834
ENST00000572857.5	64	2494	2430
ENST00000572862.5	240	7732	7492
ENST00000572863.2	74	2301	2227
ENST00000572870.5	0	6050	6050
ENST00000572875.1	191	24253	24062
ENST00000572879.5	81	795	714
ENST00000572882.3	175	196087	195912
ENST00000572883.2	0	7362	7362
ENST00000572886.1	0	1035	1035
ENST00000572887.5	177	16778	16601
ENST00000572888.5	3	7154	7151
ENST00000572898.1	0	11486	11486
ENST00000572902.5	0	1831	1831
ENST00000572904.6	1563	145528	143965
ENST00000572907.5	1964	3563	1599
ENST00000572914.2	263	20664	20401
ENST00000572918.5	312	47184	46872
ENST00000572919.1	25414	52497	27083
ENST00000572925.1	0	1209	1209
ENST00000572933.6	1991	128982	126991
ENST00000572936.5	197	2478	2281
ENST00000572940.5	604	18434	17830
ENST00000572942.5	18150	27416	9266
ENST00000572944.1	0	28653	28653
ENST00000572945.1	146	180234	180088
ENST00000572949.5	1976	22540	20564
ENST00000572951.1	39	3149	3110
ENST00000572953.5	68	29091	29023
ENST00000572954.1	100	5491	5391
ENST00000572956.5	0	9823	9823
ENST00000572967.1	0	8990	8990
ENST00000572969.6	131	30387	30256
ENST00000572977.5	4751	24104	19353
ENST00000572984.5	14604	26003	11399
ENST00000572990.5	0	902	902
ENST00000572991.6	27861	49414	21553
ENST00000572995.5	185	3754	3569
ENST00000573001.5	2823	3615	792
ENST00000573004.5	1391	7676	6285
ENST00000573008.1	0	648	648
ENST00000573015.6	5339	6216	877
ENST00000573016.2	0	70993	70993
ENST00000573026.1	595	55367	54772
ENST00000573028.5	100834	183381	82547
ENST00000573029.1	3998	13678	9680
ENST00000573034.8	2430	261067	258637
ENST00000573035.6	31411	104078	72667
ENST00000573038.1	0	1921	1921
ENST00000573051.1	158	41617	41459
ENST00000573052.1	0	1882	1882
ENST00000573053.5	175	8981	8806
ENST00000573056.1	0	16931	16931
ENST00000573062.5	183	27551	27368
ENST00000573070.5	3068	4823	1755
ENST00000573078.5	10959	33207	22248
ENST00000573081.1	1533	2467	934
ENST00000573083.1	0	2080	2080
ENST00000573085.1	19709	19989	280
ENST00000573087.5	6539	21759	15220
ENST00000573099.5	160	25868	25708
ENST00000573100.2	168	5393	5225
ENST00000573113.3	0	18178	18178
ENST00000573116.5	41	19738	19697
ENST00000573123.1	0	3748	3748
ENST00000573128.5	131	30387	30256
ENST00000573137.1	103	11671	11568
ENST00000573150.5	2943	11698	8755
ENST00000573158.5	9753	10728	975
ENST00000573161.1	0	15556	15556
ENST00000573165.1	0	114	114
ENST00000573183.1	232	42801	42569
ENST00000573185.5	228	28397	28169
ENST00000573186.5	2927	14896	11969
ENST00000573196.5	9072	55131	46059
ENST00000573203.5	14522	27874	13352
ENST00000573212.5	4230	10112	5882
ENST00000573213.1	0	1577	1577
ENST00000573216.5	63	9281	9218
ENST00000573224.2	65	44357	44292
ENST00000573231.1	0	6907	6907
ENST00000573239.1	0	9618	9618
ENST00000573251.5	0	12546	12546
ENST00000573253.5	9466	11049	1583
ENST00000573267.1	0	5023	5023
ENST00000573275.1	0	6177	6177
ENST00000573283.7	722	3503	2781
ENST00000573314.5	32208	32548	340
ENST00000573315.2	21	14900	14879
ENST00000573320.2	0	887	887
ENST00000573324.1	0	1111	1111
ENST00000573326.1	0	11267	11267
ENST00000573331.5	5351	14550	9199
ENST00000573332.5	4278	7523	3245
ENST00000573345.5	18151	24558	6407
ENST00000573347.5	0	3141	3141
ENST00000573349.5	0	2425	2425
ENST00000573352.5	8464	11771	3307
ENST00000573359.1	0	11200	11200
ENST00000573360.5	8850	51925	43075
ENST00000573366.5	281	1814	1533
ENST00000573368.5	0	2219	2219
ENST00000573370.5	92	7475	7383
ENST00000573377.1	0	208	208
ENST00000573382.3	546	1048	502
ENST00000573391.1	332	5187	4855
ENST00000573392.5	510	1219	709
ENST00000573396.5	337	21785	21448
ENST00000573401.6	4873	5385	512
ENST00000573404.5	827	2932	2105
ENST00000573428.1	3932	6051	2119
ENST00000573429.5	23	21753	21730
ENST00000573434.1	0	29689	29689
ENST00000573448.1	0	6274	6274
ENST00000573449.5	0	2423	2423
ENST00000573474.5	0	8952	8952
ENST00000573476.1	1382	12787	11405
ENST00000573478.5	821	2263	1442
ENST00000573482.5	0	3554	3554
ENST00000573487.5	2806	20916	18110
ENST00000573491.5	0	284	284
ENST00000573493.1	4384	4944	560
ENST00000573500.5	10	72395	72385
ENST00000573502.1	2807	5564	2757
ENST00000573503.1	195	1092	897
ENST00000573514.5	425	3802	3377
ENST00000573517.6	131	18425	18294
ENST00000573519.5	221	10401	10180
ENST00000573520.5	5156	8138	2982
ENST00000573521.2	175	111184	111009
ENST00000573525.1	17662	18122	460
ENST00000573538.5	927	3458	2531
ENST00000573539.5	32938	41192	8254
ENST00000573542.5	2034	4493	2459
ENST00000573550.5	3553	27127	23574
ENST00000573553.5	71	3724	3653
ENST00000573557.5	669	5406	4737
ENST00000573564.5	0	10690	10690
ENST00000573565.1	0	1593	1593
ENST00000573566.1	62	1650	1588
ENST00000573567.5	0	2332	2332
ENST00000573571.1	0	8481	8481
ENST00000573577.5	570	6919	6349
ENST00000573578.1	313	2679	2366
ENST00000573580.5	35850	41673	5823
ENST00000573584.6	1376	37023	35647
ENST00000573588.5	0	8267	8267
ENST00000573591.1	198	2266	2068
ENST00000573593.5	32560	40131	7571
ENST00000573600.5	570	8402	7832
ENST00000573607.5	2652	13105	10453
ENST00000573608.1	0	694	694
ENST00000573616.5	2565	32332	29767
ENST00000573618.5	3853	13695	9842
ENST00000573619.1	307733	307999	266
ENST00000573621.1	4678	4704	26
ENST00000573625.5	8374	51225	42851
ENST00000573634.5	116	52910	52794
ENST00000573636.6	0	6534	6534
ENST00000573637.5	4807	6068	1261
ENST00000573648.5	113	28791	28678
ENST00000573651.5	2742	5849	3107
ENST00000573652.1	0	92	92
ENST00000573657.6	175	2992	2817
ENST00000573659.5	589	42957	42368
ENST00000573677.5	191	46375	46184
ENST00000573684.5	99	1530	1431
ENST00000573685.5	502	24114	23612
ENST00000573688.1	0	6972	6972
ENST00000573692.1	0	738	738
ENST00000573694.5	0	33466	33466
ENST00000573699.6	1135	6188	5053
ENST00000573708.1	59	815	756
ENST00000573710.7	14	306399	306385
ENST00000573714.5	1643	4058	2415
ENST00000573715.2	103	812	709
ENST00000573719.1	0	13386	13386
ENST00000573723.1	0	11724	11724
ENST00000573725.2	153	40703	40550
ENST00000573747.6	81	12762	12681
ENST00000573751.2	30	7705	7675
ENST00000573759.1	2467	3695	1228
ENST00000573763.1	315	5900	5585
ENST00000573765.1	764	12703	11939
ENST00000573770.5	4843	9163	4320
ENST00000573771.1	7504	7810	306
ENST00000573778.7	13340	14620	1280
ENST00000573780.5	0	46207	46207
ENST00000573782.5	0	3472	3472
ENST00000573784.6	5387	8050	2663
ENST00000573790.5	1196	8662	7466
ENST00000573791.1	0	3884	3884
ENST00000573795.5	2915	14410	11495
ENST00000573808.1	0	8997	8997
ENST00000573809.5	2249	3036	787
ENST00000573826.5	0	3123	3123
ENST00000573830.1	93	919	826
ENST00000573842.1	0	1381	1381
ENST00000573851.1	0	1759	1759
ENST00000573852.5	10626	11237	611
ENST00000573853.5	0	2291	2291
ENST00000573854.6	8594	36872	28278
ENST00000573876.1	187	6608	6421
ENST00000573882.5	11427	41322	29895
ENST00000573891.6	6450	25196	18746
ENST00000573901.3	1796	3684	1888
ENST00000573920.1	0	8790	8790
ENST00000573927.5	0	1437	1437
ENST00000573928.1	65	1350	1285
ENST00000573936.5	0	3727	3727
ENST00000573944.5	105	5626	5521
ENST00000573945.5	1669	55281	53612
ENST00000573947.2	0	10779	10779
ENST00000573955.1	0	29812	29812
ENST00000573965.1	13222	13768	546
ENST00000573968.5	1722	23161	21439
ENST00000573984.1	6275	43894	37619
ENST00000573985.5	0	2117	2117
ENST00000574002.1	31	16311	16280
ENST00000574003.1	9	8187	8178
ENST00000574023.1	18429	25008	6579
ENST00000574025.5	197	64048	63851
ENST00000574026.2	0	15936	15936
ENST00000574029.6	2317	6809	4492
ENST00000574031.1	951	118872	117921
ENST00000574033.1	0	3561	3561
ENST00000574034.1	48	1435	1387
ENST00000574045.5	69268	193234	123966
ENST00000574049.1	0	19068	19068
ENST00000574051.5	0	20697	20697
ENST00000574053.1	0	591	591
ENST00000574059.1	0	34	34
ENST00000574070.5	0	793	793
ENST00000574081.6	1884	26265	24381
ENST00000574091.6	33	16313	16280
ENST00000574094.6	81	30152	30071
ENST00000574096.1	0	4281	4281
ENST00000574097.1	0	7913	7913
ENST00000574099.1	1523	3903	2380
ENST00000574107.1	12	6801	6789
ENST00000574109.5	0	12693	12693
ENST00000574110.5	287	43100	42813
ENST00000574128.1	175	515	340
ENST00000574129.5	163	1136	973
ENST00000574135.2	166	5092	4926
ENST00000574139.7	2564	229442	226878
ENST00000574143.1	0	6800	6800
ENST00000574151.5	241	1670	1429
ENST00000574154.5	706	4684	3978
ENST00000574162.5	0	2289	2289
ENST00000574165.1	2293	4565	2272
ENST00000574175.1	1730	5087	3357
ENST00000574190.5	796	2339	1543
ENST00000574194.1	0	1810	1810
ENST00000574195.5	0	2237	2237
ENST00000574196.1	0	178	178
ENST00000574200.1	0	258	258
ENST00000574205.5	538	8370	7832
ENST00000574206.5	0	3807	3807
ENST00000574218.1	18571	19872	1301
ENST00000574226.5	139	23732	23593
ENST00000574229.1	183	2719	2536
ENST00000574232.5	9551	51267	41716
ENST00000574233.5	61608	81957	20349
ENST00000574236.5	0	214	214
ENST00000574239.5	29907	38684	8777
ENST00000574241.6	0	5132	5132
ENST00000574251.5	14116	18267	4151
ENST00000574253.2	536	7076	6540
ENST00000574255.6	495	3312	2817
ENST00000574265.1	0	4486	4486
ENST00000574266.1	0	33747	33747
ENST00000574278.5	81	29751	29670
ENST00000574285.2	0	11524	11524
ENST00000574294.5	183	10004	9821
ENST00000574295.1	690	34557	33867
ENST00000574297.1	74	20484	20410
ENST00000574298.6	7604	13279	5675
ENST00000574304.5	12342	27722	15380
ENST00000574309.5	0	16013	16013
ENST00000574311.5	1499	57329	55830
ENST00000574315.1	10221	10429	208
ENST00000574318.1	0	20761	20761
ENST00000574322.6	597	8429	7832
ENST00000574323.5	0	354	354
ENST00000574324.1	0	25844	25844
ENST00000574327.1	236	1128	892
ENST00000574328.5	19497	27010	7513
ENST00000574330.5	402	3968	3566
ENST00000574334.5	78	14706	14628
ENST00000574340.1	2922	4474	1552
ENST00000574356.5	7	4492	4485
ENST00000574367.5	1508	101152	99644
ENST00000574369.5	87	22846	22759
ENST00000574370.1	2537	2593	56
ENST00000574385.5	137	5658	5521
ENST00000574388.5	3	5653	5650
ENST00000574394.5	514	5413	4899
ENST00000574401.5	655	5255	4600
ENST00000574405.5	0	76	76
ENST00000574407.5	0	34	34
ENST00000574408.5	0	75266	75266
ENST00000574412.6	323	5810	5487
ENST00000574415.5	0	4646	4646
ENST00000574418.5	54349	59667	5318
ENST00000574422.1	146	26619	26473
ENST00000574425.5	88	13329	13241
ENST00000574426.7	1211	26141	24930
ENST00000574427.1	0	3420	3420
ENST00000574428.6	3042	36560	33518
ENST00000574431.5	94	255036	254942
ENST00000574435.1	0	24490	24490
ENST00000574436.5	0	63142	63142
ENST00000574437.5	292	122264	121972
ENST00000574444.5	217	5921	5704
ENST00000574446.1	31	13893	13862
ENST00000574447.1	443	2013	1570
ENST00000574448.5	29805	39867	10062
ENST00000574451.5	0	48878	48878
ENST00000574453.5	171	48083	47912
ENST00000574457.1	0	6728	6728
ENST00000574458.1	305	825	520
ENST00000574464.5	130	4788	4658
ENST00000574466.5	29113	31877	2764
ENST00000574468.1	0	12150	12150
ENST00000574478.1	173	1347	1174
ENST00000574481.6	363	3063	2700
ENST00000574502.5	126	7292	7166
ENST00000574505.5	842	6750	5908
ENST00000574506.5	929	11680	10751
ENST00000574508.7	0	64	64
ENST00000574509.1	12	5941	5929
ENST00000574518.1	0	7990	7990
ENST00000574522.5	9493	21673	12180
ENST00000574538.2	1473	31094	29621
ENST00000574539.5	16415	19865	3450
ENST00000574544.1	0	19989	19989
ENST00000574549.5	1700	4552	2852
ENST00000574551.1	135	15662	15527
ENST00000574554.5	21884	22459	575
ENST00000574558.1	0	2911	2911
ENST00000574561.1	0	20802	20802
ENST00000574563.5	67	45609	45542
ENST00000574568.1	0	7803	7803
ENST00000574571.4	18	1906	1888
ENST00000574575.2	0	4501	4501
ENST00000574576.2	125	1888	1763
ENST00000574581.5	8305	11979	3674
ENST00000574583.5	4098	13729	9631
ENST00000574584.1	0	2690	2690
ENST00000574590.6	1563	145525	143962
ENST00000574592.5	86	7442	7356
ENST00000574600.3	61	3229	3168
ENST00000574606.2	0	6122	6122
ENST00000574617.1	196	6927	6731
ENST00000574633.5	34787	94225	59438
ENST00000574638.1	0	2157	2157
ENST00000574639.1	2364	14687	12323
ENST00000574640.1	269	12172	11903
ENST00000574650.1	0	1443	1443
ENST00000574662.1	1136	11080	9944
ENST00000574666.5	237	29062	28825
ENST00000574668.1	9	1248	1239
ENST00000574674.2	273	17603	17330
ENST00000574676.1	0	124	124
ENST00000574679.1	0	10463	10463
ENST00000574683.1	19206	19774	568
ENST00000574686.1	0	681	681
ENST00000574691.1	0	10182	10182
ENST00000574692.5	8508	19856	11348
ENST00000574699.1	30	1522	1492
ENST00000574701.5	0	5363	5363
ENST00000574703.5	132	760	628
ENST00000574722.5	0	80794	80794
ENST00000574723.5	1839	6305	4466
ENST00000574730.5	107	8090	7983
ENST00000574732.6	9765	10908	1143
ENST00000574733.5	92	13333	13241
ENST00000574734.5	49	1021	972
ENST00000574736.1	0	1523	1523
ENST00000574745.5	32325	68606	36281
ENST00000574752.5	44131	82646	38515
ENST00000574755.5	15184	23810	8626
ENST00000574763.5	14	7584	7570
ENST00000574767.5	811	163323	162512
ENST00000574776.6	18604	24754	6150
ENST00000574784.5	8596	12808	4212
ENST00000574788.6	14336	61132	46796
ENST00000574797.5	0	14349	14349
ENST00000574804.5	181	28875	28694
ENST00000574810.5	300	3561	3261
ENST00000574813.5	0	4723	4723
ENST00000574814.2	698	2779	2081
ENST00000574821.1	9350	11628	2278
ENST00000574832.5	34	1914	1880
ENST00000574838.1	40	2157	2117
ENST00000574840.1	0	274	274
ENST00000574841.2	2051	2309	258
ENST00000574848.5	0	77322	77322
ENST00000574865.1	0	996	996
ENST00000574868.1	0	6803	6803
ENST00000574872.1	236	1487	1251
ENST00000574876.5	57	36099	36042
ENST00000574884.5	0	2070	2070
ENST00000574895.1	3	17065	17062
ENST00000574897.5	43895	72421	28526
ENST00000574902.5	2358	7793	5435
ENST00000574907.5	12	6704	6692
ENST00000574911.5	12544	13602	1058
ENST00000574912.1	675	2701	2026
ENST00000574913.1	0	8865	8865
ENST00000574914.2	849	18710	17861
ENST00000574918.2	441	47792	47351
ENST00000574924.6	2746	8580	5834
ENST00000574937.5	52	21805	21753
ENST00000574938.5	342	1051	709
ENST00000574940.5	711	15132	14421
ENST00000574946.5	11553	53269	41716
ENST00000574950.5	32522	39192	6670
ENST00000574951.5	13835	18707	4872
ENST00000574952.5	5083	6344	1261
ENST00000574953.5	221	66308	66087
ENST00000574954.5	7349	11049	3700
ENST00000574955.1	5056	6229	1173
ENST00000574958.1	0	2200	2200
ENST00000574962.5	0	14983	14983
ENST00000574967.5	1123	1587	464
ENST00000574974.3	83380	228426	145046
ENST00000574980.5	190	1675	1485
ENST00000574982.1	5934	6182	248
ENST00000574987.1	17400	19499	2099
ENST00000574988.1	214	1583	1369
ENST00000574991.5	0	19521	19521
ENST00000574993.6	265	7282	7017
ENST00000574995.1	0	3243	3243
ENST00000574998.5	69286	139185	69899
ENST00000575009.5	4880	9951	5071
ENST00000575011.1	393	1059	666
ENST00000575014.5	1208	18708	17500
ENST00000575019.1	0	3313	3313
ENST00000575022.1	0	8032	8032
ENST00000575023.5	64	44471	44407
ENST00000575032.5	0	7353	7353
ENST00000575033.1	0	1868	1868
ENST00000575038.5	0	28532	28532
ENST00000575040.1	1211	1651	440
ENST00000575041.5	2971	9048	6077
ENST00000575049.1	703	6430	5727
ENST00000575051.5	30835	35451	4616
ENST00000575061.2	124	3617	3493
ENST00000575068.5	211	133981	133770
ENST00000575069.6	16190	17470	1280
ENST00000575070.1	1939	2381	442
ENST00000575071.5	49	1180	1131
ENST00000575073.5	178	21555	21377
ENST00000575076.5	18150	27495	9345
ENST00000575078.6	0	477	477
ENST00000575082.5	1101	2700	1599
ENST00000575086.1	0	3791	3791
ENST00000575087.5	685	3466	2781
ENST00000575097.1	242	86361	86119
ENST00000575100.2	2955	41406	38451
ENST00000575101.1	0	27758	27758
ENST00000575102.5	7671	7803	132
ENST00000575105.1	0	30811	30811
ENST00000575106.5	17	8962	8945
ENST00000575108.5	200	2514	2314
ENST00000575111.5	529	5673	5144
ENST00000575112.5	26	6375	6349
ENST00000575113.1	0	696	696
ENST00000575120.5	30490	34204	3714
ENST00000575124.1	23	2251	2228
ENST00000575125.6	2383	9055	6672
ENST00000575129.5	9667	12439	2772
ENST00000575130.5	0	8429	8429
ENST00000575134.1	61	5509	5448
ENST00000575135.5	9049	57899	48850
ENST00000575142.5	493	9121	8628
ENST00000575147.5	12	3980	3968
ENST00000575151.1	0	34	34
ENST00000575156.5	9	13252	13243
ENST00000575158.5	1543	23140	21597
ENST00000575162.2	0	640	640
ENST00000575165.6	284	2014	1730
ENST00000575172.5	0	9976	9976
ENST00000575176.5	0	16110	16110
ENST00000575181.1	0	524994	524994
ENST00000575186.5	19748	19792	44
ENST00000575194.5	5	14914	14909
ENST00000575195.2	180	6014	5834
ENST00000575197.1	358	7375	7017
ENST00000575201.2	388	3655	3267
ENST00000575203.5	3501	6583	3082
ENST00000575206.1	0	3305	3305
ENST00000575207.6	1685	59264	57579
ENST00000575208.2	49	655	606
ENST00000575211.1	0	80	80
ENST00000575220.5	0	2370	2370
ENST00000575223.5	15	6810	6795
ENST00000575225.5	34	15182	15148
ENST00000575228.5	7703	14672	6969
ENST00000575230.1	2823	9567	6744
ENST00000575235.5	3571	5170	1599
ENST00000575242.1	0	4148	4148
ENST00000575243.5	552	10404	9852
ENST00000575245.5	97	77424	77327
ENST00000575246.6	590	1615	1025
ENST00000575247.5	54	10169	10115
ENST00000575251.5	6766	14321	7555
ENST00000575261.5	9813	23475	13662
ENST00000575265.5	1284	10604	9320
ENST00000575270.5	338	135532	135194
ENST00000575284.5	62	1801	1739
ENST00000575287.1	0	1310	1310
ENST00000575288.5	18735	42636	23901
ENST00000575294.6	241379	325451	84072
ENST00000575298.1	1046	2947	1901
ENST00000575301.5	3382	15420	12038
ENST00000575313.1	0	3263	3263
ENST00000575314.5	16415	20310	3895
ENST00000575316.1	211	2275	2064
ENST00000575318.6	1562	145336	143774
ENST00000575322.1	20373	21489	1116
ENST00000575329.5	11663	33170	21507
ENST00000575332.2	363	17693	17330
ENST00000575333.5	9	37402	37393
ENST00000575334.5	21526	77855	56329
ENST00000575335.5	0	1794	1794
ENST00000575345.5	300	53912	53612
ENST00000575350.2	0	6183	6183
ENST00000575354.6	40	15327	15287
ENST00000575359.5	95	7743	7648
ENST00000575360.5	1685	4032	2347
ENST00000575363.1	0	5213	5213
ENST00000575369.5	631	4404	3773
ENST00000575372.5	145	42340	42195
ENST00000575375.5	131	30387	30256
ENST00000575379.1	1016	1236	220
ENST00000575384.2	0	1750	1750
ENST00000575389.6	0	20724	20724
ENST00000575394.1	115	12900	12785
ENST00000575395.5	9654	17692	8038
ENST00000575396.1	0	13909	13909
ENST00000575398.5	1102	2701	1599
ENST00000575400.5	251	4302	4051
ENST00000575408.5	1399	5056	3657
ENST00000575423.5	31	7469	7438
ENST00000575425.1	5469	7272	1803
ENST00000575426.1	7056	7112	56
ENST00000575432.1	0	14827	14827
ENST00000575434.4	338	3940	3602
ENST00000575449.1	0	2846	2846
ENST00000575454.1	0	104882	104882
ENST00000575458.5	413	10982	10569
ENST00000575465.6	11405	11825	420
ENST00000575467.5	1697	3010	1313
ENST00000575474.1	2881	7718	4837
ENST00000575478.7	0	3756	3756
ENST00000575479.1	0	763	763
ENST00000575483.5	0	32953	32953
ENST00000575500.5	11405	27040	15635
ENST00000575510.5	0	10800	10800
ENST00000575515.1	1421	6725	5304
ENST00000575528.5	10130	11485	1355
ENST00000575538.1	4688	5551	863
ENST00000575561.1	0	15184	15184
ENST00000575576.5	1687	4539	2852
ENST00000575578.1	0	1629	1629
ENST00000575582.5	0	7111	7111
ENST00000575584.5	1951	10523	8572
ENST00000575591.1	0	44750	44750
ENST00000575592.1	16252	30953	14701
ENST00000575595.5	72558	97875	25317
ENST00000575599.5	570	8748	8178
ENST00000575605.5	77	8737	8660
ENST00000575617.1	0	256	256
ENST00000575618.5	0	3311	3311
ENST00000575627.5	367	10827	10460
ENST00000575632.5	0	4481	4481
ENST00000575634.5	0	8297	8297
ENST00000575636.5	1238	10975	9737
ENST00000575639.1	619	1449	830
ENST00000575659.6	3	2784	2781
ENST00000575663.5	0	64315	64315
ENST00000575667.6	0	10695	10695
ENST00000575671.5	94	21008	20914
ENST00000575677.5	43238	72054	28816
ENST00000575679.1	0	10849	10849
ENST00000575686.1	0	370	370
ENST00000575690.5	8513	36791	28278
ENST00000575707.5	6493	10524	4031
ENST00000575709.5	1976	11743	9767
ENST00000575712.5	99	74877	74778
ENST00000575728.1	384	2542	2158
ENST00000575729.5	2510	3568	1058
ENST00000575733.5	32540	39128	6588
ENST00000575734.5	751	1553	802
ENST00000575736.5	0	46089	46089
ENST00000575744.5	223	21685	21462
ENST00000575750.5	105	50784	50679
ENST00000575751.1	3	1873	1870
ENST00000575752.5	770	4449	3679
ENST00000575756.5	0	7365	7365
ENST00000575769.1	0	4441	4441
ENST00000575770.5	7855	8845	990
ENST00000575771.6	49	1150	1101
ENST00000575779.2	2301	7141	4840
ENST00000575780.5	278	6964	6686
ENST00000575783.5	0	7404	7404
ENST00000575784.2	636	8525	7889
ENST00000575785.2	39326	111401	72075
ENST00000575790.5	8614	12386	3772
ENST00000575801.5	1639	65710	64071
ENST00000575813.5	0	284	284
ENST00000575823.2	437	5642	5205
ENST00000575826.5	1029	1414	385
ENST00000575829.6	1057	10016	8959
ENST00000575836.1	19	968	949
ENST00000575840.5	11611	14309	2698
ENST00000575841.5	0	24121	24121
ENST00000575842.5	704	3485	2781
ENST00000575848.5	71	4252	4181
ENST00000575850.5	0	22173	22173
ENST00000575851.5	18695	22263	3568
ENST00000575857.3	697	1826	1129
ENST00000575858.5	254676	325465	70789
ENST00000575870.6	0	2731	2731
ENST00000575877.5	23	10902	10879
ENST00000575878.1	0	16300	16300
ENST00000575882.6	14	61184	61170
ENST00000575885.5	246	4830	4584
ENST00000575895.5	0	13443	13443
ENST00000575898.5	286	7582	7296
ENST00000575903.5	21	4341	4320
ENST00000575907.5	124	33525	33401
ENST00000575909.1	20	15407	15387
ENST00000575934.5	0	42165	42165
ENST00000575938.1	0	15469	15469
ENST00000575948.1	3	11041	11038
ENST00000575949.6	40	9564	9524
ENST00000575958.5	1563	44059	42496
ENST00000575977.1	115	55100	54985
ENST00000575984.1	727	8350	7623
ENST00000575986.1	76	28998	28922
ENST00000575989.5	22774	51588	28814
ENST00000575991.1	222	26863	26641
ENST00000575992.1	1146	1616	470
ENST00000575994.6	3	2784	2781
ENST00000576002.1	0	1773	1773
ENST00000576008.5	1833	6474	4641
ENST00000576009.1	0	10062	10062
ENST00000576010.6	0	13102	13102
ENST00000576017.1	669	1132	463
ENST00000576018.5	0	3343	3343
ENST00000576019.6	2230	64251	62021
ENST00000576024.1	83	4108	4025
ENST00000576027.1	22	5279	5257
ENST00000576033.5	1523	3739	2216
ENST00000576036.5	27	7597	7570
ENST00000576037.1	0	1133	1133
ENST00000576040.6	33226	166996	133770
ENST00000576050.5	12494	13432	938
ENST00000576051.5	0	64	64
ENST00000576052.2	903	14379	13476
ENST00000576053.1	342	1524	1182
ENST00000576056.5	636	6290	5654
ENST00000576060.6	49	1994	1945
ENST00000576066.5	3	2326	2323
ENST00000576112.2	156	4135	3979
ENST00000576117.1	2687	6779	4092
ENST00000576122.1	0	52	52
ENST00000576126.5	1123	5875	4752
ENST00000576135.5	219	1898	1679
ENST00000576145.1	3312	8735	5423
ENST00000576147.1	413	933	520
ENST00000576148.1	217	3239	3022
ENST00000576149.5	112658	157512	44854
ENST00000576151.1	0	6770	6770
ENST00000576152.1	0	3708	3708
ENST00000576153.5	1034	2160	1126
ENST00000576154.5	12	21111	21099
ENST00000576160.6	42169	63408	21239
ENST00000576166.2	0	182	182
ENST00000576168.6	0	3475	3475
ENST00000576176.1	0	6466	6466
ENST00000576178.7	3326	5574	2248
ENST00000576183.5	43	24882	24839
ENST00000576201.5	655	5255	4600
ENST00000576207.2	1836	2433	597
ENST00000576217.1	71	11353	11282
ENST00000576222.2	153	143711	143558
ENST00000576229.5	611	5463	4852
ENST00000576233.1	512	782	270
ENST00000576235.1	0	7880	7880
ENST00000576251.5	1609	17432	15823
ENST00000576263.5	0	336611	336611
ENST00000576268.1	0	2496	2496
ENST00000576272.5	0	2237	2237
ENST00000576274.2	0	4959	4959
ENST00000576281.5	121	17234	17113
ENST00000576295.5	0	6422	6422
ENST00000576305.5	9703	28154	18451
ENST00000576307.5	57	10665	10608
ENST00000576309.5	0	1415	1415
ENST00000576315.5	4098	13729	9631
ENST00000576316.5	38	6812	6774
ENST00000576334.1	0	76992	76992
ENST00000576335.5	0	23630	23630
ENST00000576338.1	0	3588	3588
ENST00000576343.5	0	7388	7388
ENST00000576351.5	5	28009	28004
ENST00000576353.5	6567	14386	7819
ENST00000576355.5	7392	19636	12244
ENST00000576360.1	556	12320	11764
ENST00000576361.5	8578	14434	5856
ENST00000576362.5	634	5162	4528
ENST00000576366.1	0	2069	2069
ENST00000576370.5	10834	17568	6734
ENST00000576377.2	8043	24377	16334
ENST00000576380.6	12920	14200	1280
ENST00000576381.1	2284	4330	2046
ENST00000576383.1	0	1136	1136
ENST00000576384.1	35	671	636
ENST00000576390.6	861	18682	17821
ENST00000576406.5	9926	14779	4853
ENST00000576409.5	3042	36698	33656
ENST00000576416.5	2148	7583	5435
ENST00000576419.1	0	22741	22741
ENST00000576420.5	0	81022	81022
ENST00000576431.5	173	1737	1564
ENST00000576436.5	1833	6474	4641
ENST00000576437.5	964	45430	44466
ENST00000576442.1	14206	36816	22610
ENST00000576444.1	472	976	504
ENST00000576448.1	1158	1528	370
ENST00000576450.1	121	1004	883
ENST00000576452.5	810	2654	1844
ENST00000576453.1	8464	12614	4150
ENST00000576460.5	0	5355	5355
ENST00000576476.1	510	1012	502
ENST00000576478.5	16415	19806	3391
ENST00000576479.4	182	305366	305184
ENST00000576483.1	0	1190	1190
ENST00000576484.1	2993	5758	2765
ENST00000576496.5	0	7150	7150
ENST00000576499.1	14	10508	10494
ENST00000576500.5	2392	15755	13363
ENST00000576502.5	0	9074	9074
ENST00000576505.6	0	2484	2484
ENST00000576510.5	5394	8646	3252
ENST00000576512.1	0	2976	2976
ENST00000576517.1	1340	4868	3528
ENST00000576523.1	9	948	939
ENST00000576529.1	154	6895	6741
ENST00000576532.1	0	7413	7413
ENST00000576536.1	0	2356	2356
ENST00000576538.5	979	3634	2655
ENST00000576541.2	12639	14343	1704
ENST00000576544.6	780	3561	2781
ENST00000576546.1	0	1950	1950
ENST00000576547.2	144	12771	12627
ENST00000576549.6	335	2412	2077
ENST00000576551.5	3233	8502	5269
ENST00000576556.5	44728	83103	38375
ENST00000576562.1	17	2240	2223
ENST00000576565.1	1851	3220	1369
ENST00000576570.5	2478	2622	144
ENST00000576582.5	10665	17361	6696
ENST00000576586.5	45079	74077	28998
ENST00000576589.1	137	3511	3374
ENST00000576591.1	8856	9352	496
ENST00000576599.5	3115	62600	59485
ENST00000576601.1	16333	23717	7384
ENST00000576613.5	0	7653	7653
ENST00000576616.5	564	27249	26685
ENST00000576617.5	762	4779	4017
ENST00000576620.5	11611	19745	8134
ENST00000576625.5	0	35238	35238
ENST00000576629.6	245	48194	47949
ENST00000576630.5	26	7691	7665
ENST00000576633.1	2652	16146	13494
ENST00000576634.6	64	36491	36427
ENST00000576637.1	3399	5011	1612
ENST00000576638.1	0	54082	54082
ENST00000576646.7	6465	7003	538
ENST00000576652.1	0	734	734
ENST00000576655.5	2682	6617	3935
ENST00000576670.1	5111	5513	402
ENST00000576679.1	554	1792	1238
ENST00000576688.2	0	2050	2050
ENST00000576703.5	0	17558	17558
ENST00000576705.1	570	1601	1031
ENST00000576707.5	0	1211	1211
ENST00000576708.5	25249	27360	2111
ENST00000576716.1	0	1815	1815
ENST00000576721.5	11690	13555	1865
ENST00000576722.5	0	13603	13603
ENST00000576724.5	24	6388	6364
ENST00000576728.5	16415	19704	3289
ENST00000576730.5	833	2376	1543
ENST00000576739.2	0	52	52
ENST00000576742.6	3418	46701	43283
ENST00000576743.1	314	5705	5391
ENST00000576756.5	6010	7374	1364
ENST00000576758.1	0	4073	4073
ENST00000576760.5	15887	42434	26547
ENST00000576761.5	0	6355	6355
ENST00000576768.5	5070	16137	11067
ENST00000576772.1	0	610	610
ENST00000576776.5	62	10777	10715
ENST00000576778.1	246	6526	6280
ENST00000576787.5	18152	21744	3592
ENST00000576790.7	4701	139913	135212
ENST00000576792.1	0	807	807
ENST00000576805.5	470	19248	18778
ENST00000576812.5	2090	10230	8140
ENST00000576820.5	196	6927	6731
ENST00000576827.5	29086	31854	2768
ENST00000576830.5	0	3869	3869
ENST00000576848.1	19270	20260	990
ENST00000576856.1	1474	2020	546
ENST00000576861.5	48	10101	10053
ENST00000576863.1	2122	3663	1541
ENST00000576864.1	0	5286	5286
ENST00000576874.5	357	13855	13498
ENST00000576885.5	0	3116	3116
ENST00000576886.5	1116	2935	1819
ENST00000576892.8	443	11887	11444
ENST00000576896.5	0	19647	19647
ENST00000576905.6	602	74073	73471
ENST00000576910.7	65	16253	16188
ENST00000576911.5	17	16706	16689
ENST00000576914.1	851	1473	622
ENST00000576916.5	18150	27173	9023
ENST00000576924.6	3739	26480	22741
ENST00000576930.5	2096	4555	2459
ENST00000576932.5	11841	42502	30661
ENST00000576936.5	54	36250	36196
ENST00000576941.5	2049	8429	6380
ENST00000576947.1	6185	8556	2371
ENST00000576951.1	0	3029	3029
ENST00000576955.5	591	2315	1724
ENST00000576965.1	0	2212	2212
ENST00000576969.5	29602	50970	21368
ENST00000576976.2	0	35011	35011
ENST00000576979.1	60	16848	16788
ENST00000576980.2	1054	2444	1390
ENST00000576983.5	0	2952	2952
ENST00000576984.3	5221	7884	2663
ENST00000576985.6	204	6382	6178
ENST00000576988.1	2578	3326	748
ENST00000576994.5	22105	37911	15806
ENST00000576996.5	40294	60608	20314
ENST00000577001.1	0	13052	13052
ENST00000577008.1	0	7544	7544
ENST00000577009.1	0	14	14
ENST00000577012.1	2898	4931	2033
ENST00000577013.6	21544	27367	5823
ENST00000577016.5	5552	16231	10679
ENST00000577021.1	0	47661	47661
ENST00000577026.5	7219	9636	2417
ENST00000577031.5	130	20067	19937
ENST00000577034.1	3786	4256	470
ENST00000577035.5	449	1030	581
ENST00000577040.2	0	2584	2584
ENST00000577051.1	0	14094	14094
ENST00000577053.1	637	5138	4501
ENST00000577075.6	6809	14364	7555
ENST00000577079.5	0	80974	80974
ENST00000577085.1	2844	5419	2575
ENST00000577092.1	712	2102	1390
ENST00000577101.6	0	60676	60676
ENST00000577103.1	18362	21677	3315
ENST00000577105.1	0	2096	2096
ENST00000577106.6	3011	20589	17578
ENST00000577113.1	0	2292	2292
ENST00000577119.5	3	73385	73382
ENST00000577128.1	2141	10718	8577
ENST00000577138.1	489	15461	14972
ENST00000577155.5	1862	4040	2178
ENST00000577162.1	2473	8309	5836
ENST00000577166.5	0	9297	9297
ENST00000577168.2	0	2094	2094
ENST00000577185.1	39	3413	3374
ENST00000577195.5	25200	25572	372
ENST00000577200.5	10934	45414	34480
ENST00000577210.5	10699	20939	10240
ENST00000577213.1	85	11351	11266
ENST00000577220.1	0	3020	3020
ENST00000577221.1	36911	36931	20
ENST00000577222.5	9326	10748	1422
ENST00000577226.5	4785	48243	43458
ENST00000577245.2	15265	46715	31450
ENST00000577246.5	8958	19198	10240
ENST00000577247.6	15265	46650	31385
ENST00000577248.5	16385	21776	5391
ENST00000577249.1	1514	3574	2060
ENST00000577250.1	0	9261	9261
ENST00000577252.5	24550	34541	9991
ENST00000577253.5	0	1005	1005
ENST00000577256.5	26724	28488	1764
ENST00000577257.5	4229	7126	2897
ENST00000577261.1	0	3025	3025
ENST00000577269.5	5	6561	6556
ENST00000577273.1	1	7242	7241
ENST00000577277.6	0	6790	6790
ENST00000577278.1	0	1628	1628
ENST00000577287.5	202	32386	32184
ENST00000577288.5	16199	18715	2516
ENST00000577290.1	1829	2682	853
ENST00000577322.1	0	82	82
ENST00000577335.2	18185	18729	544
ENST00000577337.5	3551	11653	8102
ENST00000577339.5	1857	2588	731
ENST00000577342.5	0	724	724
ENST00000577353.5	0	51407	51407
ENST00000577355.2	0	8153	8153
ENST00000577363.2	27562	39791	12229
ENST00000577372.5	0	4048	4048
ENST00000577376.6	2293	12371	10078
ENST00000577380.5	30747	45580	14833
ENST00000577390.6	6361	376539	370178
ENST00000577392.5	73	16437	16364
ENST00000577395.5	50	72914	72864
ENST00000577396.5	1002	6431	5429
ENST00000577398.6	305	1843	1538
ENST00000577399.5	3	142059	142056
ENST00000577407.5	222	3958	3736
ENST00000577410.2	5481	22687	17206
ENST00000577411.5	3001	4166	1165
ENST00000577412.6	1500	20482	18982
ENST00000577425.5	2755	3017	262
ENST00000577427.1	768	17957	17189
ENST00000577431.1	99	3867	3768
ENST00000577432.5	80	26954	26874
ENST00000577435.5	5953	18903	12950
ENST00000577436.5	347	6108	5761
ENST00000577445.1	0	22576	22576
ENST00000577446.5	95	8868	8773
ENST00000577447.1	165	5515	5350
ENST00000577450.5	50	12011	11961
ENST00000577454.5	40	8442	8402
ENST00000577457.1	14008	14140	132
ENST00000577461.1	0	28898	28898
ENST00000577466.2	0	432	432
ENST00000577468.2	0	183418	183418
ENST00000577471.5	0	5077	5077
ENST00000577485.1	0	9849	9849
ENST00000577486.1	2398	5636	3238
ENST00000577495.5	0	90	90
ENST00000577498.1	0	1998	1998
ENST00000577501.5	132	29503	29371
ENST00000577509.5	10302	10576	274
ENST00000577511.1	7681	17763	10082
ENST00000577513.6	2293	12371	10078
ENST00000577514.5	304	84723	84419
ENST00000577524.5	152	22813	22661
ENST00000577531.5	28412	81524	53112
ENST00000577532.5	45	2381	2336
ENST00000577535.1	10	2574	2564
ENST00000577538.5	0	295127	295127
ENST00000577541.1	996	1156	160
ENST00000577542.5	479	4714	4235
ENST00000577543.5	278	7442	7164
ENST00000577554.5	91856	108458	16602
ENST00000577563.1	0	76806	76806
ENST00000577565.1	19449	24149	4700
ENST00000577571.5	409	30600	30191
ENST00000577572.5	21369	33071	11702
ENST00000577574.5	18	2665	2647
ENST00000577588.5	22729	22905	176
ENST00000577589.1	0	13085	13085
ENST00000577596.5	61	5134	5073
ENST00000577597.5	50	30015	29965
ENST00000577598.5	987	179731	178744
ENST00000577600.5	3602	9803	6201
ENST00000577605.1	0	3907	3907
ENST00000577612.5	0	11852	11852
ENST00000577615.5	3018	16589	13571
ENST00000577617.5	47	5859	5812
ENST00000577623.5	0	20645	20645
ENST00000577624.5	0	2501	2501
ENST00000577625.5	19	10628	10609
ENST00000577626.1	950	2484	1534
ENST00000577628.5	987	22148	21161
ENST00000577636.5	15812	34996	19184
ENST00000577638.1	1501	1535	34
ENST00000577640.1	977	2213	1236
ENST00000577646.5	22027	39341	17314
ENST00000577647.2	45	25003	24958
ENST00000577650.6	6949	11225	4276
ENST00000577660.1	0	17760	17760
ENST00000577662.1	97872	103064	5192
ENST00000577664.5	25	3628	3603
ENST00000577671.5	0	13446	13446
ENST00000577675.1	176	1958	1782
ENST00000577681.1	0	828	828
ENST00000577682.6	3783	10769	6986
ENST00000577691.5	99	9564	9465
ENST00000577692.5	45724	46292	568
ENST00000577695.5	4375	5347	972
ENST00000577696.6	1349	7151	5802
ENST00000577703.1	114	346	232
ENST00000577705.1	16733	16951	218
ENST00000577712.5	0	1810	1810
ENST00000577713.1	2494	3563	1069
ENST00000577716.5	1270	64241	62971
ENST00000577721.6	0	1911	1911
ENST00000577729.5	0	10829	10829
ENST00000577730.5	5578	376381	370803
ENST00000577732.5	158	5960	5802
ENST00000577734.1	388	53886	53498
ENST00000577735.1	0	1965	1965
ENST00000577745.2	447	5641	5194
ENST00000577747.5	2718	8552	5834
ENST00000577755.5	8277	36941	28664
ENST00000577756.5	438	4538	4100
ENST00000577766.5	0	42308	42308
ENST00000577775.1	0	88620	88620
ENST00000577787.1	340	1732	1392
ENST00000577790.2	3344	12848	9504
ENST00000577801.5	0	124373	124373
ENST00000577809.6	3325	14876	11551
ENST00000577810.1	443	1682	1239
ENST00000577813.1	6453	15809	9356
ENST00000577817.3	0	3528	3528
ENST00000577820.5	1999	3254	1255
ENST00000577821.5	0	27342	27342
ENST00000577823.5	0	5665	5665
ENST00000577824.5	578	7492	6914
ENST00000577830.6	5237	25470	20233
ENST00000577831.5	31455	43634	12179
ENST00000577833.5	0	3186	3186
ENST00000577834.5	0	5065	5065
ENST00000577837.1	0	6553	6553
ENST00000577840.5	3208	17130	13922
ENST00000577856.3	50	1032	982
ENST00000577865.2	0	2969	2969
ENST00000577866.5	1684	9536	7852
ENST00000577875.5	6655	8463	1808
ENST00000577880.5	0	88146	88146
ENST00000577886.5	658	9316	8658
ENST00000577888.5	541	5448	4907
ENST00000577891.1	43167	45890	2723
ENST00000577894.1	32	2718	2686
ENST00000577897.2	488	1603	1115
ENST00000577907.1	0	2629	2629
ENST00000577908.5	106	24692	24586
ENST00000577910.1	6346	9941	3595
ENST00000577913.2	856	17262	16406
ENST00000577917.5	4068	8124	4056
ENST00000577922.6	1668	9690	8022
ENST00000577924.1	0	26295	26295
ENST00000577929.1	441	1624	1183
ENST00000577934.5	0	3587	3587
ENST00000577936.2	17727	33126	15399
ENST00000577940.6	0	12816	12816
ENST00000577944.5	1103	25471	24368
ENST00000577948.5	0	937	937
ENST00000577949.6	62	13257	13195
ENST00000577953.5	14	3456	3442
ENST00000577958.1	1110	1370	260
ENST00000577960.1	0	2310	2310
ENST00000577961.5	2839	55239	52400
ENST00000577982.1	0	9304	9304
ENST00000577985.5	988	8840	7852
ENST00000577990.1	0	416	416
ENST00000577991.1	146	1227	1081
ENST00000577992.1	45637	45711	74
ENST00000577999.1	0	3432	3432
ENST00000578006.5	14	22223	22209
ENST00000578008.6	282	24559	24277
ENST00000578009.5	398	3859	3461
ENST00000578013.1	25	17525	17500
ENST00000578017.5	0	4295	4295
ENST00000578018.5	2486	3514	1028
ENST00000578021.5	8667	13663	4996
ENST00000578026.5	143	37691	37548
ENST00000578044.6	3	9749	9746
ENST00000578046.1	0	3214	3214
ENST00000578049.4	6143	26123	19980
ENST00000578051.1	287	1875	1588
ENST00000578055.5	998	53764	52766
ENST00000578061.5	266	1386	1120
ENST00000578063.5	216	394711	394495
ENST00000578071.1	1510	6692	5182
ENST00000578072.1	0	2260	2260
ENST00000578078.1	5710	8943	3233
ENST00000578080.1	0	7493	7493
ENST00000578085.1	0	1194	1194
ENST00000578090.5	39124	43207	4083
ENST00000578091.5	60791	96841	36050
ENST00000578101.5	12115	13919	1804
ENST00000578103.1	0	1741	1741
ENST00000578105.1	392	43548	43156
ENST00000578107.5	167	21507	21340
ENST00000578112.6	9819	18245	8426
ENST00000578121.5	448	166109	165661
ENST00000578122.5	154	3752	3598
ENST00000578123.5	0	23070	23070
ENST00000578128.5	0	11947	11947
ENST00000578130.5	0	6288	6288
ENST00000578131.5	4205	10017	5812
ENST00000578137.5	12	12957	12945
ENST00000578138.5	4928	20774	15846
ENST00000578158.5	3869	5092	1223
ENST00000578161.2	0	18775	18775
ENST00000578168.1	0	834	834
ENST00000578174.5	2124	3207	1083
ENST00000578176.5	0	4537	4537
ENST00000578181.1	0	3515	3515
ENST00000578186.3	28	644	616
ENST00000578189.1	24602	58478	33876
ENST00000578190.5	0	389	389
ENST00000578193.5	4320	37019	32699
ENST00000578199.5	18888	31157	12269
ENST00000578201.5	0	36533	36533
ENST00000578202.2	1285	7464	6179
ENST00000578205.5	20	30470	30450
ENST00000578209.5	0	26785	26785
ENST00000578213.5	10217	20316	10099
ENST00000578218.5	12296	21923	9627
ENST00000578220.5	0	4646	4646
ENST00000578221.1	15	16925	16910
ENST00000578229.5	23832	25866	2034
ENST00000578230.5	2941	3971	1030
ENST00000578237.5	658	25335	24677
ENST00000578238.2	44	12935	12891
ENST00000578266.1	24	1671	1647
ENST00000578270.5	497	13300	12803
ENST00000578272.1	28026	45476	17450
ENST00000578283.1	11	1183	1172
ENST00000578284.5	3	41921	41918
ENST00000578289.5	3325	17083	13758
ENST00000578295.5	378	48127	47749
ENST00000578305.5	909	3635	2726
ENST00000578306.5	0	1957	1957
ENST00000578310.1	0	5865	5865
ENST00000578313.5	0	3693	3693
ENST00000578317.5	29309	34440	5131
ENST00000578318.1	0	465	465
ENST00000578321.2	86789	224887	138098
ENST00000578323.1	0	1922	1922
ENST00000578327.1	0	1650	1650
ENST00000578328.6	2733	25416	22683
ENST00000578337.1	438	744	306
ENST00000578339.1	0	634	634
ENST00000578345.1	34	14815	14781
ENST00000578348.5	168	7983	7815
ENST00000578351.1	186	1154	968
ENST00000578352.5	0	2359	2359
ENST00000578356.1	0	467	467
ENST00000578363.5	17648	39819	22171
ENST00000578372.2	1807	19549	17742
ENST00000578373.5	159	7374	7215
ENST00000578376.5	5677	17580	11903
ENST00000578377.1	28070	29434	1364
ENST00000578379.5	156	3056	2900
ENST00000578386.5	49033	117012	67979
ENST00000578390.5	14298	85308	71010
ENST00000578392.5	24	1700	1676
ENST00000578396.1	203	42408	42205
ENST00000578399.5	57346	62517	5171
ENST00000578400.5	163	3317	3154
ENST00000578402.5	739	1859	1120
ENST00000578407.5	261	1908	1647
ENST00000578419.6	121	5838	5717
ENST00000578426.5	17	56976	56959
ENST00000578444.1	90	9662	9572
ENST00000578454.5	2738	22993	20255
ENST00000578461.1	714	954	240
ENST00000578469.1	684	2176	1492
ENST00000578472.5	642	3463	2821
ENST00000578476.5	16	1939	1923
ENST00000578479.1	738	7461	6723
ENST00000578481.5	8413	17667	9254
ENST00000578495.5	16	5772	5756
ENST00000578502.1	0	5428	5428
ENST00000578503.5	0	44526	44526
ENST00000578506.1	1513	1593	80
ENST00000578509.1	169	1149	980
ENST00000578519.5	12476	43453	30977
ENST00000578520.5	0	86176	86176
ENST00000578524.5	0	24579	24579
ENST00000578525.5	25	4453	4428
ENST00000578528.1	0	895	895
ENST00000578532.5	0	3517	3517
ENST00000578536.5	792	16249	15457
ENST00000578537.1	1795	3754	1959
ENST00000578542.5	14007	46953	32946
ENST00000578544.1	923	1185	262
ENST00000578549.5	3	6281	6278
ENST00000578550.5	2728	8562	5834
ENST00000578552.6	34	6674	6640
ENST00000578558.5	241	15937	15696
ENST00000578562.6	1030	2173	1143
ENST00000578563.1	0	934	934
ENST00000578575.1	0	6582	6582
ENST00000578576.1	30	1252	1222
ENST00000578577.5	16390	23904	7514
ENST00000578584.5	8797	14083	5286
ENST00000578590.1	0	932	932
ENST00000578599.5	0	73412	73412
ENST00000578611.5	5435	8612	3177
ENST00000578614.1	194	3937	3743
ENST00000578615.6	0	23121	23121
ENST00000578616.5	0	3550	3550
ENST00000578620.1	0	152	152
ENST00000578621.5	2076	3440	1364
ENST00000578626.5	26724	27899	1175
ENST00000578632.1	1141	10673	9532
ENST00000578638.5	0	5260	5260
ENST00000578648.5	29	13568	13539
ENST00000578653.1	0	8924	8924
ENST00000578658.1	0	26518	26518
ENST00000578670.5	781	2364	1583
ENST00000578674.5	50	28780	28730
ENST00000578681.5	13187	47329	34142
ENST00000578684.6	6951	11163	4212
ENST00000578689.2	2282	4044	1762
ENST00000578692.1	12331	41000	28669
ENST00000578694.1	51	349	298
ENST00000578696.1	0	7269	7269
ENST00000578700.5	26245	34887	8642
ENST00000578706.5	443	999	556
ENST00000578709.5	3813	5603	1790
ENST00000578719.1	0	1470	1470
ENST00000578734.5	131	83987	83856
ENST00000578744.5	0	48883	48883
ENST00000578749.5	974	4821	3847
ENST00000578754.5	4247	5204	957
ENST00000578764.5	831	19473	18642
ENST00000578773.1	467	1530	1063
ENST00000578775.2	1113	10264	9151
ENST00000578776.1	0	5457	5457
ENST00000578777.5	14021	38547	24526
ENST00000578778.5	1021	14101	13080
ENST00000578780.2	1083	29453	28370
ENST00000578783.1	0	21262	21262
ENST00000578789.1	2814	5513	2699
ENST00000578794.2	16712	18699	1987
ENST00000578801.6	476	24645	24169
ENST00000578804.5	12	7704	7692
ENST00000578808.5	21349	52374	31025
ENST00000578812.5	630	3493	2863
ENST00000578822.5	32	4648	4616
ENST00000578830.5	0	10569	10569
ENST00000578832.5	3688	5997	2309
ENST00000578839.5	22	501	479
ENST00000578845.2	236	3522	3286
ENST00000578847.5	5903	6221	318
ENST00000578853.2	15265	46679	31414
ENST00000578873.5	0	29107	29107
ENST00000578875.5	3963	30007	26044
ENST00000578882.1	0	33221	33221
ENST00000578892.5	156	4845	4689
ENST00000578898.1	18327	25798	7471
ENST00000578900.6	0	5702	5702
ENST00000578901.1	4598	26528	21930
ENST00000578907.5	0	4746	4746
ENST00000578909.1	0	31683	31683
ENST00000578912.1	356	2830	2474
ENST00000578913.5	57	5304	5247
ENST00000578914.1	19891	22193	2302
ENST00000578916.2	84	123358	123274
ENST00000578918.1	999	7862	6863
ENST00000578919.6	1349	7151	5802
ENST00000578921.6	105	151599	151494
ENST00000578922.1	185	3711	3526
ENST00000578928.1	11236	64760	53524
ENST00000578944.1	0	4215	4215
ENST00000578947.1	0	3119	3119
ENST00000578949.1	128552	222935	94383
ENST00000578954.5	31460	38064	6604
ENST00000578961.5	44	73751	73707
ENST00000578963.5	95	3464	3369
ENST00000578970.5	121529	122081	552
ENST00000578973.1	0	41745	41745
ENST00000578979.5	0	729	729
ENST00000578982.6	1952	18298	16346
ENST00000578984.1	0	13454	13454
ENST00000578985.5	173	3614	3441
ENST00000578987.1	0	598	598
ENST00000578993.5	220	1220	1000
ENST00000578997.1	2141	6134	3993
ENST00000579000.5	193	9170	8977
ENST00000579002.5	415	4817	4402
ENST00000579004.1	84	787	703
ENST00000579016.6	121	13737	13616
ENST00000579018.5	0	4047	4047
ENST00000579020.5	80	51082	51002
ENST00000579022.5	1391	18387	16996
ENST00000579028.2	39457	103921	64464
ENST00000579036.2	0	3685	3685
ENST00000579038.6	668	68896	68228
ENST00000579039.2	168	22918	22750
ENST00000579040.5	10722	256432	245710
ENST00000579047.5	377	22100	21723
ENST00000579055.5	7562	17279	9717
ENST00000579058.5	39353	51991	12638
ENST00000579060.5	8125	9941	1816
ENST00000579061.5	0	35325	35325
ENST00000579070.5	19451	23365	3914
ENST00000579071.1	0	3546	3546
ENST00000579076.1	0	7085	7085
ENST00000579081.5	0	209327	209327
ENST00000579091.5	0	186	186
ENST00000579102.1	3490	16379	12889
ENST00000579103.1	0	638	638
ENST00000579112.1	0	58466	58466
ENST00000579119.5	71	4271	4200
ENST00000579121.5	0	1999	1999
ENST00000579122.1	221	7247	7026
ENST00000579123.1	0	1194	1194
ENST00000579124.5	22731	35727	12996
ENST00000579129.5	3	125587	125584
ENST00000579133.5	2706	2968	262
ENST00000579139.1	15	2006	1991
ENST00000579146.5	1733	17332	15599
ENST00000579152.1	824	1838	1014
ENST00000579155.1	0	1707	1707
ENST00000579157.1	0	1390	1390
ENST00000579158.5	178	104058	103880
ENST00000579169.1	0	8078	8078
ENST00000579175.5	24	6482	6458
ENST00000579180.2	106694	337590	230896
ENST00000579184.5	14	3947	3933
ENST00000579190.1	0	31777	31777
ENST00000579192.5	1856	7923	6067
ENST00000579194.6	465	4700	4235
ENST00000579197.5	39682	46767	7085
ENST00000579198.5	6176	10728	4552
ENST00000579204.1	0	479	479
ENST00000579206.5	13419	14351	932
ENST00000579207.5	0	3797	3797
ENST00000579214.1	3863	9863	6000
ENST00000579218.5	0	4449	4449
ENST00000579219.5	332	8006	7674
ENST00000579221.5	9888	13659	3771
ENST00000579224.5	52	12957	12905
ENST00000579226.5	5767	8944	3177
ENST00000579237.5	299	44726	44427
ENST00000579243.1	2522	5500	2978
ENST00000579248.5	38	3633	3595
ENST00000579260.5	872	4880	4008
ENST00000579261.6	0	8500	8500
ENST00000579263.1	509	2459	1950
ENST00000579271.5	0	22991	22991
ENST00000579279.5	0	30078	30078
ENST00000579281.5	15506	25161	9655
ENST00000579284.5	641	2888	2247
ENST00000579289.1	4295	5059	764
ENST00000579290.1	0	392	392
ENST00000579294.5	82	17161	17079
ENST00000579297.5	496	4731	4235
ENST00000579298.5	42	31771	31729
ENST00000579303.5	45079	65110	20031
ENST00000579310.6	76	12075	11999
ENST00000579314.5	22	4383	4361
ENST00000579315.5	89	39474	39385
ENST00000579319.1	105055	137154	32099
ENST00000579324.5	6331	31585	25254
ENST00000579336.1	0	5004	5004
ENST00000579340.5	368	10362	9994
ENST00000579341.5	2060	3696	1636
ENST00000579344.1	415	5718	5303
ENST00000579349.1	0	57361	57361
ENST00000579361.1	0	5505	5505
ENST00000579365.5	10957	16332	5375
ENST00000579366.5	0	1447	1447
ENST00000579371.5	518	9904	9386
ENST00000579372.1	0	8593	8593
ENST00000579374.5	29	4902	4873
ENST00000579376.1	0	585	585
ENST00000579380.1	0	8475	8475
ENST00000579381.1	2227	6977	4750
ENST00000579387.5	2311	12196	9885
ENST00000579390.1	118	4485	4367
ENST00000579392.5	17638	33083	15445
ENST00000579408.5	38	3633	3595
ENST00000579419.5	307	3997	3690
ENST00000579432.1	469	973	504
ENST00000579434.5	4427	26800	22373
ENST00000579436.7	72	80692	80620
ENST00000579439.5	1218	2742	1524
ENST00000579445.5	1	3956	3955
ENST00000579446.1	202	1481	1279
ENST00000579450.5	10184	51541	41357
ENST00000579451.1	19	20619	20600
ENST00000579454.2	141260	286425	145165
ENST00000579455.2	2027	40714	38687
ENST00000579456.5	200	75739	75539
ENST00000579459.1	325	5021	4696
ENST00000579469.2	1126	1496	370
ENST00000579479.5	16385	20993	4608
ENST00000579482.5	10306	10580	274
ENST00000579490.5	135	34675	34540
ENST00000579494.1	1283	34570	33287
ENST00000579496.5	0	75088	75088
ENST00000579502.1	0	10835	10835
ENST00000579512.3	59	675	616
ENST00000579517.2	765	3870	3105
ENST00000579520.5	506	5597	5091
ENST00000579534.6	30	27157	27127
ENST00000579537.5	691	2305	1614
ENST00000579542.1	9	6455	6446
ENST00000579543.1	6626	6900	274
ENST00000579546.1	0	2330	2330
ENST00000579549.6	0	18420	18420
ENST00000579557.5	0	8659	8659
ENST00000579559.1	3674	7392	3718
ENST00000579562.5	3796	6105	2309
ENST00000579565.5	3590	12797	9207
ENST00000579569.5	954	1757	803
ENST00000579573.2	0	15106	15106
ENST00000579578.6	353	25536	25183
ENST00000579583.5	3600	16494	12894
ENST00000579584.5	345	285530	285185
ENST00000579585.5	345	73313	72968
ENST00000579586.1	0	14053	14053
ENST00000579589.1	125	21226	21101
ENST00000579590.5	30	176012	175982
ENST00000579592.5	12313	12407	94
ENST00000579593.1	0	8074	8074
ENST00000579594.1	0	4096	4096
ENST00000579601.5	75	12182	12107
ENST00000579602.1	0	2407	2407
ENST00000579605.5	69	3870	3801
ENST00000579606.1	0	17832	17832
ENST00000579611.1	0	436	436
ENST00000579612.5	0	3766	3766
ENST00000579618.1	116	11730	11614
ENST00000579624.1	0	9703	9703
ENST00000579632.5	2833	8109	5276
ENST00000579634.5	1743	10731	8988
ENST00000579640.5	64616	72855	8239
ENST00000579645.5	18246	41367	23121
ENST00000579649.5	15561	16983	1422
ENST00000579658.5	4360	69005	64645
ENST00000579662.5	3376	41442	38066
ENST00000579663.1	248	4316	4068
ENST00000579665.1	143	30017	29874
ENST00000579671.5	8156	9964	1808
ENST00000579677.5	12530	30557	18027
ENST00000579681.5	301	6046	5745
ENST00000579684.5	0	18000	18000
ENST00000579685.1	0	13818	13818
ENST00000579687.5	118	4880	4762
ENST00000579689.1	0	17185	17185
ENST00000579690.5	778	38617	37839
ENST00000579694.5	16321	17033	712
ENST00000579695.5	1512	3618	2106
ENST00000579698.5	0	2334	2334
ENST00000579703.1	0	26996	26996
ENST00000579707.1	0	11115	11115
ENST00000579708.5	339	4191	3852
ENST00000579716.2	266	2343	2077
ENST00000579719.1	0	932	932
ENST00000579724.5	2113	6978	4865
ENST00000579726.5	0	1137	1137
ENST00000579728.5	7331	14151	6820
ENST00000579732.5	241	251639	251398
ENST00000579733.5	293	13951	13658
ENST00000579734.6	0	20	20
ENST00000579741.1	0	4887	4887
ENST00000579742.5	356	2497	2141
ENST00000579743.2	0	1321	1321
ENST00000579750.1	0	5980	5980
ENST00000579751.6	212	1396	1184
ENST00000579754.2	139	11176	11037
ENST00000579755.2	3254	26973	23719
ENST00000579760.6	19800	24756	4956
ENST00000579761.5	227	2420	2193
ENST00000579773.5	71	9318	9247
ENST00000579774.3	1966	4112	2146
ENST00000579788.6	155	4917	4762
ENST00000579793.6	1171	43502	42331
ENST00000579794.1	278	5047	4769
ENST00000579795.6	17622	33021	15399
ENST00000579813.1	0	1017	1017
ENST00000579821.5	281	1199	918
ENST00000579823.1	0	37879	37879
ENST00000579827.6	2586	4909	2323
ENST00000579828.5	29	14316	14287
ENST00000579831.1	403	2547	2144
ENST00000579832.1	0	30609	30609
ENST00000579838.1	0	1261	1261
ENST00000579847.5	3667	25172	21505
ENST00000579848.6	0	19817	19817
ENST00000579849.6	3376	13509	10133
ENST00000579850.5	12492	36849	24357
ENST00000579851.5	60791	96836	36045
ENST00000579852.1	29	1229	1200
ENST00000579855.5	221	28263	28042
ENST00000579856.5	1214	2819	1605
ENST00000579860.5	233	13025	12792
ENST00000579861.1	0	392	392
ENST00000579872.1	0	18453	18453
ENST00000579877.5	11	4567	4556
ENST00000579886.2	37	2467	2430
ENST00000579889.1	2790	2844	54
ENST00000579891.5	0	30753	30753
ENST00000579893.1	0	4155	4155
ENST00000579900.5	0	2688	2688
ENST00000579912.5	21013	22544	1531
ENST00000579916.5	350	474979	474629
ENST00000579921.1	0	3840	3840
ENST00000579925.5	2137	30450	28313
ENST00000579937.5	502	16989	16487
ENST00000579941.1	0	25147	25147
ENST00000579947.5	195	456611	456416
ENST00000579949.2	3225	11290	8065
ENST00000579951.2	266	1876	1610
ENST00000579953.5	50623	144343	93720
ENST00000579954.1	240	1842	1602
ENST00000579955.1	8773	21747	12974
ENST00000579956.5	4053	11711	7658
ENST00000579960.1	0	348	348
ENST00000579963.5	59948	118513	58565
ENST00000579971.5	299	3485	3186
ENST00000579973.5	836	47092	46256
ENST00000579977.1	4637	15303	10666
ENST00000579978.5	2758	8592	5834
ENST00000579984.1	707	7182	6475
ENST00000579986.6	56077	106693	50616
ENST00000579991.3	3672	6122	2450
ENST00000579996.5	362	1819	1457
ENST00000579997.5	0	26674	26674
ENST00000580002.5	19045	27892	8847
ENST00000580008.5	681	20665	19984
ENST00000580012.1	8178	9882	1704
ENST00000580018.4	136	31446	31310
ENST00000580025.1	13589	66628	53039
ENST00000580030.1	49	10540	10491
ENST00000580033.5	313	1281	968
ENST00000580035.1	0	102	102
ENST00000580036.5	222	20652	20430
ENST00000580037.1	1530	2605	1075
ENST00000580038.5	31919	54240	22321
ENST00000580039.6	9810	19671	9861
ENST00000580043.1	0	60987	60987
ENST00000580050.1	432	2334	1902
ENST00000580054.1	1504	2458	954
ENST00000580055.5	58	14682	14624
ENST00000580059.7	836	96216	95380
ENST00000580062.5	45	13240	13195
ENST00000580068.5	0	120589	120589
ENST00000580070.5	217	8582	8365
ENST00000580074.1	0	8522	8522
ENST00000580075.1	0	152	152
ENST00000580078.1	7255	12456	5201
ENST00000580081.2	227	78949	78722
ENST00000580083.6	4427	6372	1945
ENST00000580087.5	286	8279	7993
ENST00000580088.1	189	50367	50178
ENST00000580091.2	0	4244	4244
ENST00000580095.5	0	42809	42809
ENST00000580096.5	0	786	786
ENST00000580098.6	18075	22209	4134
ENST00000580103.6	55418	67924	12506
ENST00000580104.5	27750	115584	87834
ENST00000580110.5	0	7407	7407
ENST00000580114.5	0	864	864
ENST00000580115.1	0	1381	1381
ENST00000580118.2	19405	23439	4034
ENST00000580122.5	1364	26993	25629
ENST00000580123.5	5910	19813	13903
ENST00000580127.6	146	12950	12804
ENST00000580141.5	31	1561	1530
ENST00000580147.5	3924	86271	82347
ENST00000580151.5	0	3785	3785
ENST00000580153.5	59060	59116	56
ENST00000580155.5	3635	25825	22190
ENST00000580157.2	0	388	388
ENST00000580168.5	283	146631	146348
ENST00000580170.6	503	843205	842702
ENST00000580174.1	0	56	56
ENST00000580177.5	13996	46942	32946
ENST00000580179.2	0	11037	11037
ENST00000580182.5	5671	26532	20861
ENST00000580183.6	994	4783	3789
ENST00000580188.1	12365	14667	2302
ENST00000580189.6	956	5311	4355
ENST00000580191.5	0	202384	202384
ENST00000580206.1	85	49879	49794
ENST00000580209.1	0	8605	8605
ENST00000580210.5	4	3633	3629
ENST00000580212.6	970	7943	6973
ENST00000580218.5	114	7880	7766
ENST00000580219.5	4545	14736	10191
ENST00000580222.5	366	918	552
ENST00000580223.2	1683	11207	9524
ENST00000580224.5	74	6755	6681
ENST00000580231.5	0	7340	7340
ENST00000580235.5	9967	17547	7580
ENST00000580237.5	31077	32763	1686
ENST00000580238.5	26765	27936	1171
ENST00000580243.3	1080	81070	79990
ENST00000580248.5	720	27232	26512
ENST00000580256.3	2765	3585	820
ENST00000580259.5	611	8666	8055
ENST00000580261.6	41	3636	3595
ENST00000580262.2	0	922	922
ENST00000580272.5	0	1965	1965
ENST00000580273.1	0	5592	5592
ENST00000580275.5	36	1959	1923
ENST00000580279.2	455	14023	13568
ENST00000580288.2	0	661	661
ENST00000580296.5	5997	14511	8514
ENST00000580299.2	357	23576	23219
ENST00000580301.5	1160	5743	4583
ENST00000580302.1	0	411	411
ENST00000580306.7	521	17031	16510
ENST00000580308.5	0	11321	11321
ENST00000580315.1	0	762	762
ENST00000580316.5	0	25852	25852
ENST00000580322.5	0	39053	39053
ENST00000580331.5	1043	4825	3782
ENST00000580335.1	0	1052	1052
ENST00000580338.5	0	3515	3515
ENST00000580340.5	758	6825	6067
ENST00000580356.5	4652	6916	2264
ENST00000580380.1	0	12718	12718
ENST00000580382.1	1055	1804	749
ENST00000580384.1	0	7399	7399
ENST00000580387.5	0	2478	2478
ENST00000580391.5	2452	3440	988
ENST00000580392.5	0	49583	49583
ENST00000580393.5	27	16873	16846
ENST00000580398.1	180	64066	63886
ENST00000580402.5	3	125738	125735
ENST00000580410.5	4813	4935	122
ENST00000580414.5	0	1622	1622
ENST00000580419.6	1260	18983	17723
ENST00000580423.5	191	1182	991
ENST00000580430.1	0	13674	13674
ENST00000580434.5	118	1494	1376
ENST00000580435.5	505	4328	3823
ENST00000580437.5	468	5796	5328
ENST00000580441.5	0	3168	3168
ENST00000580444.2	0	26579	26579
ENST00000580445.5	16964	26418	9454
ENST00000580446.1	0	21442	21442
ENST00000580449.5	57	80302	80245
ENST00000580454.5	20998	25954	4956
ENST00000580461.5	16	1939	1923
ENST00000580462.1	48	8571	8523
ENST00000580464.1	0	27141	27141
ENST00000580465.5	0	20757	20757
ENST00000580466.1	0	120451	120451
ENST00000580474.1	376	5332	4956
ENST00000580477.1	181	2175	1994
ENST00000580483.5	198	304	106
ENST00000580488.1	0	123889	123889
ENST00000580492.5	672	7083	6411
ENST00000580499.1	75	32491	32416
ENST00000580504.5	0	11748	11748
ENST00000580508.1	0	67824	67824
ENST00000580513.1	0	1152	1152
ENST00000580517.5	0	18789	18789
ENST00000580518.1	0	1384	1384
ENST00000580520.5	298	45273	44975
ENST00000580525.5	83	37084	37001
ENST00000580526.1	67	10216	10149
ENST00000580534.5	5993	41174	35181
ENST00000580535.1	0	2225	2225
ENST00000580541.1	450	43333	42883
ENST00000580548.5	2258	3831	1573
ENST00000580550.5	798	4862	4064
ENST00000580552.1	16509	17386	877
ENST00000580553.1	25566	49411	23845
ENST00000580554.1	0	18851	18851
ENST00000580557.5	0	239726	239726
ENST00000580558.5	0	4842	4842
ENST00000580560.5	105	802	697
ENST00000580561.1	2	32705	32703
ENST00000580567.6	738	7464	6726
ENST00000580571.5	308	4266	3958
ENST00000580578.5	18347	34699	16352
ENST00000580579.5	74678	75851	1173
ENST00000580584.3	1141	10080	8939
ENST00000580592.1	0	2116	2116
ENST00000580596.5	3102	3588	486
ENST00000580599.5	25206	27833	2627
ENST00000580606.5	0	13878	13878
ENST00000580611.5	16379	27309	10930
ENST00000580613.5	515	17025	16510
ENST00000580627.1	30	2176	2146
ENST00000580632.5	169	4756	4587
ENST00000580638.5	0	45964	45964
ENST00000580640.5	3	485338	485335
ENST00000580642.2	4398	12637	8239
ENST00000580646.5	542	2484	1942
ENST00000580647.5	0	22959	22959
ENST00000580650.1	280	52429	52149
ENST00000580652.5	57	14216	14159
ENST00000580654.6	0	12418	12418
ENST00000580666.6	2073	12858	10785
ENST00000580669.6	3125	13893	10768
ENST00000580670.6	0	3368	3368
ENST00000580672.5	48	16831	16783
ENST00000580674.5	55	9520	9465
ENST00000580685.5	513	2171	1658
ENST00000580691.5	213	4886	4673
ENST00000580705.5	3060	82491	79431
ENST00000580707.1	0	2411	2411
ENST00000580708.5	11	2527	2516
ENST00000580709.1	0	1826	1826
ENST00000580716.5	1812	3765	1953
ENST00000580717.5	0	4009	4009
ENST00000580718.1	87	57378	57291
ENST00000580719.1	4768	5114	346
ENST00000580723.5	5	1535	1530
ENST00000580729.3	817	6112	5295
ENST00000580731.1	1646	3921	2275
ENST00000580732.6	19926	164963	145037
ENST00000580745.5	0	7341	7341
ENST00000580747.5	0	10393	10393
ENST00000580748.1	50	1802	1752
ENST00000580751.5	6066	12670	6604
ENST00000580752.1	10	3271	3261
ENST00000580753.5	2153	10005	7852
ENST00000580758.5	778	1827	1049
ENST00000580759.5	1742	10842	9100
ENST00000580768.5	299	154574	154275
ENST00000580774.2	1552	227248	225696
ENST00000580779.5	99	9791	9692
ENST00000580784.5	5513	6825	1312
ENST00000580787.5	180	26373	26193
ENST00000580788.6	0	3158	3158
ENST00000580798.1	0	186	186
ENST00000580799.2	0	2239	2239
ENST00000580800.1	0	6094	6094
ENST00000580805.5	3852	18584	14732
ENST00000580809.5	336	10934	10598
ENST00000580814.1	11518	12887	1369
ENST00000580824.5	1519	4197	2678
ENST00000580825.5	653	9727	9074
ENST00000580833.1	0	17047	17047
ENST00000580834.5	11	3151	3140
ENST00000580837.5	2086	6893	4807
ENST00000580840.1	1394	7887	6493
ENST00000580843.6	0	1365	1365
ENST00000580844.5	130	10001	9871
ENST00000580864.5	678	5689	5011
ENST00000580865.5	1253	44326	43073
ENST00000580866.2	43801	44013	212
ENST00000580868.5	24	1964	1940
ENST00000580876.6	43277	48528	5251
ENST00000580879.5	0	2951	2951
ENST00000580880.1	1824	9115	7291
ENST00000580885.5	0	14763	14763
ENST00000580887.5	48	4167	4119
ENST00000580890.5	0	3482	3482
ENST00000580900.5	100	129541	129441
ENST00000580903.1	0	578	578
ENST00000580904.1	8929	8959	30
ENST00000580907.6	76	1259	1183
ENST00000580917.2	0	4910	4910
ENST00000580918.2	15265	46739	31474
ENST00000580925.1	273	13052	12779
ENST00000580929.5	48	13878	13830
ENST00000580934.2	959	139057	138098
ENST00000580947.1	37	6269	6232
ENST00000580965.5	675	2133	1458
ENST00000580973.5	4184	30947	26763
ENST00000580974.6	874	316087	315213
ENST00000580977.1	5440	20461	15021
ENST00000580981.5	666	54798	54132
ENST00000580982.5	268	39635	39367
ENST00000580986.1	0	112	112
ENST00000580989.5	0	11309	11309
ENST00000580994.5	424	14688	14264
ENST00000580998.5	1625	5686	4061
ENST00000580999.1	134	2271	2137
ENST00000581003.5	0	6049	6049
ENST00000581006.5	18	131952	131934
ENST00000581008.1	8776	11319	2543
ENST00000581012.6	2231	10399	8168
ENST00000581014.1	283	1557	1274
ENST00000581021.5	0	30089	30089
ENST00000581024.5	45701	45927	226
ENST00000581031.5	125	80348	80223
ENST00000581037.5	0	17426	17426
ENST00000581039.1	0	9829	9829
ENST00000581041.5	5	126882	126877
ENST00000581055.1	0	3838	3838
ENST00000581056.5	87	7912	7825
ENST00000581057.2	338	9141	8803
ENST00000581058.5	3641	4646	1005
ENST00000581066.2	447	14564	14117
ENST00000581068.5	324	43390	43066
ENST00000581073.1	29	100516	100487
ENST00000581075.1	8278	15386	7108
ENST00000581078.1	337	19168	18831
ENST00000581082.5	594	14008	13414
ENST00000581093.1	0	1368	1368
ENST00000581094.5	63	67402	67339
ENST00000581099.5	2874	34089	31215
ENST00000581104.5	42	19914	19872
ENST00000581106.5	17	5258	5241
ENST00000581109.1	99	137513	137414
ENST00000581110.1	115	23047	22932
ENST00000581113.7	0	3982	3982
ENST00000581116.1	1578	9092	7514
ENST00000581135.5	13447	19213	5766
ENST00000581136.5	338	4909	4571
ENST00000581138.4	50	1032	982
ENST00000581140.5	88	55530	55442
ENST00000581147.1	2152	7948	5796
ENST00000581148.1	0	4815	4815
ENST00000581159.5	0	15732	15732
ENST00000581161.5	164981	203177	38196
ENST00000581164.2	218	1200	982
ENST00000581180.2	578	4223	3645
ENST00000581185.5	282	13534	13252
ENST00000581193.5	10482	16030	5548
ENST00000581196.6	1331	2028	697
ENST00000581200.1	0	47154	47154
ENST00000581202.5	140	25163	25023
ENST00000581208.2	2924	18116	15192
ENST00000581209.5	0	1651	1651
ENST00000581214.5	73703	73789	86
ENST00000581216.6	186	8288	8102
ENST00000581219.1	0	7264	7264
ENST00000581227.1	0	2590	2590
ENST00000581229.6	2293	12371	10078
ENST00000581231.5	0	67295	67295
ENST00000581236.1	250	648	398
ENST00000581242.3	4596	6023	1427
ENST00000581243.6	10481	21838	11357
ENST00000581250.5	0	7389	7389
ENST00000581252.5	33674	34991	1317
ENST00000581258.5	0	34936	34936
ENST00000581260.5	374	1311	937
ENST00000581264.5	4726	15568	10842
ENST00000581265.1	4752	5110	358
ENST00000581267.1	1293	2675	1382
ENST00000581269.5	4989	14095	9106
ENST00000581271.5	0	2036	2036
ENST00000581272.5	4158	13456	9298
ENST00000581273.5	9740	39222	29482
ENST00000581276.5	48	53183	53135
ENST00000581278.1	0	5426	5426
ENST00000581284.5	455	2251	1796
ENST00000581285.5	80	35498	35418
ENST00000581287.5	2322	6677	4355
ENST00000581289.1	556	8156	7600
ENST00000581292.5	0	23190	23190
ENST00000581298.5	8687	16319	7632
ENST00000581310.5	337	30869	30532
ENST00000581312.6	6048	42216	36168
ENST00000581315.1	17	8540	8523
ENST00000581319.1	0	1488	1488
ENST00000581322.6	874	316591	315717
ENST00000581327.1	0	3163	3163
ENST00000581334.1	1915	7746	5831
ENST00000581347.2	8129	11853	3724
ENST00000581348.5	533	17426	16893
ENST00000581349.5	0	2779	2779
ENST00000581355.1	199	15381	15182
ENST00000581356.1	0	4831	4831
ENST00000581368.5	0	59300	59300
ENST00000581373.5	38	2844	2806
ENST00000581374.5	397	7644	7247
ENST00000581375.5	3	6651	6648
ENST00000581378.5	0	1003	1003
ENST00000581380.1	0	3816	3816
ENST00000581384.5	563	3986	3423
ENST00000581387.5	0	22999	22999
ENST00000581395.5	2623	8353	5730
ENST00000581396.5	4127	130159	126032
ENST00000581397.5	4018	21060	17042
ENST00000581399.6	71536	159281	87745
ENST00000581400.2	45218	209046	163828
ENST00000581401.1	742	1255	513
ENST00000581407.6	2293	12371	10078
ENST00000581411.6	430	4047	3617
ENST00000581416.5	26756	28031	1275
ENST00000581418.5	1388	3183	1795
ENST00000581419.1	68869	165969	97100
ENST00000581428.1	13	1783	1770
ENST00000581434.1	669	1378	709
ENST00000581437.1	0	5384	5384
ENST00000581438.5	26735	26813	78
ENST00000581440.5	320	11446	11126
ENST00000581441.1	1987	2007	20
ENST00000581444.5	187282	240321	53039
ENST00000581447.1	46	32302	32256
ENST00000581448.5	20887	46014	25127
ENST00000581451.1	0	2271	2271
ENST00000581463.1	0	8790	8790
ENST00000581466.1	0	1644	1644
ENST00000581468.1	0	20649	20649
ENST00000581475.5	16643	39279	22636
ENST00000581478.5	123	13158	13035
ENST00000581482.5	1087	5895	4808
ENST00000581484.5	80	20950	20870
ENST00000581486.6	1507	13425	11918
ENST00000581492.3	215	4612	4397
ENST00000581499.6	0	5812	5812
ENST00000581500.1	3	10214	10211
ENST00000581503.6	8	78197	78189
ENST00000581505.6	6103	15964	9861
ENST00000581511.5	0	4413	4413
ENST00000581513.5	3615	12851	9236
ENST00000581516.1	0	611	611
ENST00000581518.6	836	28878	28042
ENST00000581519.5	12199	27056	14857
ENST00000581520.1	38349	39171	822
ENST00000581521.5	3772	7732	3960
ENST00000581524.5	608	330642	330034
ENST00000581527.5	211	380627	380416
ENST00000581529.5	31	8615	8584
ENST00000581530.5	319	11922	11603
ENST00000581531.5	0	10018	10018
ENST00000581536.5	5470	17415	11945
ENST00000581540.5	233	5854	5621
ENST00000581544.5	14	4056	4042
ENST00000581545.5	118	18288	18170
ENST00000581548.5	10021	27760	17739
ENST00000581552.5	546	34020	33474
ENST00000581558.1	0	6280	6280
ENST00000581559.1	0	140450	140450
ENST00000581560.5	0	5187	5187
ENST00000581564.1	7717	8063	346
ENST00000581570.5	26410	33014	6604
ENST00000581573.5	1189	5079	3890
ENST00000581578.5	1392	2947	1555
ENST00000581580.5	128583	598999	470416
ENST00000581581.1	200	137150	136950
ENST00000581584.5	93	2374	2281
ENST00000581585.5	153	29485	29332
ENST00000581589.5	26955	30621	3666
ENST00000581590.1	0	12327	12327
ENST00000581593.1	0	23734	23734
ENST00000581598.1	0	70	70
ENST00000581607.1	0	4932	4932
ENST00000581615.5	4235	7315	3080
ENST00000581619.5	20327	48815	28488
ENST00000581620.1	0	604	604
ENST00000581625.2	6998	10173	3175
ENST00000581635.5	45594	63928	18334
ENST00000581637.5	6543	10898	4355
ENST00000581641.1	2380	62307	59927
ENST00000581645.5	971	3943	2972
ENST00000581647.5	16	17902	17886
ENST00000581660.5	13626	20292	6666
ENST00000581672.5	95	1775	1680
ENST00000581675.5	1040	5633	4593
ENST00000581676.1	0	10023	10023
ENST00000581679.1	0	40208	40208
ENST00000581680.1	6172	8756	2584
ENST00000581687.1	5345	9664	4319
ENST00000581691.5	0	4894	4894
ENST00000581693.5	4633	6615	1982
ENST00000581694.1	212	31666	31454
ENST00000581697.5	0	733	733
ENST00000581698.1	296	6580	6284
ENST00000581699.5	184	377263	377079
ENST00000581703.1	0	2978	2978
ENST00000581705.5	4468	11271	6803
ENST00000581710.5	0	8580	8580
ENST00000581713.5	166	16452	16286
ENST00000581714.5	485	228356	227871
ENST00000581721.5	7	45648	45641
ENST00000581729.2	337	23589	23252
ENST00000581732.1	0	827	827
ENST00000581733.1	1958	16947	14989
ENST00000581734.5	25982	107459	81477
ENST00000581738.5	0	77122	77122
ENST00000581739.5	158	115218	115060
ENST00000581747.5	0	3631	3631
ENST00000581756.5	264	11154	10890
ENST00000581761.6	235	11593	11358
ENST00000581773.5	3808	7768	3960
ENST00000581774.5	9784	14740	4956
ENST00000581776.5	3	3555	3552
ENST00000581777.2	515	5376	4861
ENST00000581781.1	284	7275	6991
ENST00000581784.5	80	25266	25186
ENST00000581790.5	0	19268	19268
ENST00000581795.5	93	20327	20234
ENST00000581797.5	0	11885	11885
ENST00000581800.5	0	1680	1680
ENST00000581806.5	0	423	423
ENST00000581807.5	0	1017	1017
ENST00000581809.1	0	789	789
ENST00000581819.5	22713	54920	32207
ENST00000581825.1	177	2797	2620
ENST00000581829.2	0	21261	21261
ENST00000581833.5	0	11259	11259
ENST00000581835.1	0	6635	6635
ENST00000581842.5	692	4118	3426
ENST00000581851.2	8819	9291	472
ENST00000581852.5	612	198840	198228
ENST00000581858.5	792	1198	406
ENST00000581864.5	2634	5252	2618
ENST00000581868.1	186	8831	8645
ENST00000581870.1	199	9445	9246
ENST00000581872.5	4053	11711	7658
ENST00000581874.1	11340	18505	7165
ENST00000581876.5	268	1704	1436
ENST00000581878.5	0	88806	88806
ENST00000581882.5	260	5271	5011
ENST00000581884.1	8697	13709	5012
ENST00000581888.1	0	2608	2608
ENST00000581893.5	5977	7385	1408
ENST00000581894.5	16390	21044	4654
ENST00000581895.1	0	2482	2482
ENST00000581897.7	1626	20608	18982
ENST00000581898.5	3517	9861	6344
ENST00000581912.1	616	2238	1622
ENST00000581931.5	2	90777	90775
ENST00000581945.1	282	5279	4997
ENST00000581949.1	26	10035	10009
ENST00000581950.5	0	1413	1413
ENST00000581954.1	0	2517	2517
ENST00000581959.1	691	3800	3109
ENST00000581973.7	960	139058	138098
ENST00000581977.7	2752	27794	25042
ENST00000581979.5	1943	3930	1987
ENST00000581982.5	1361	33545	32184
ENST00000581983.1	4512	4680	168
ENST00000581988.5	0	3513	3513
ENST00000581993.5	0	3804	3804
ENST00000582004.1	0	400	400
ENST00000582005.5	24	2162	2138
ENST00000582006.5	0	10349	10349
ENST00000582009.5	107	90148	90041
ENST00000582012.3	0	1545	1545
ENST00000582015.5	67505	67699	194
ENST00000582019.5	5714	5740	26
ENST00000582022.5	2	37015	37013
ENST00000582023.5	0	21865	21865
ENST00000582026.2	984	1602	618
ENST00000582030.5	0	777	777
ENST00000582034.5	441	4157	3716
ENST00000582036.5	7571	41733	34162
ENST00000582037.2	35	5703	5668
ENST00000582043.5	3651	25890	22239
ENST00000582050.1	0	727	727
ENST00000582055.1	77	629	552
ENST00000582059.6	3783	10769	6986
ENST00000582070.3	130	4761	4631
ENST00000582076.1	166	2372	2206
ENST00000582081.5	51806	119747	67941
ENST00000582084.1	258	4925	4667
ENST00000582097.5	0	25794	25794
ENST00000582104.5	4306	14497	10191
ENST00000582113.1	34	6720	6686
ENST00000582117.1	0	3218	3218
ENST00000582119.6	10293	24493	14200
ENST00000582122.1	2454	8520	6066
ENST00000582126.1	0	128	128
ENST00000582130.5	38	4533	4495
ENST00000582135.5	0	2028	2028
ENST00000582136.5	311	4444	4133
ENST00000582137.6	370	25644	25274
ENST00000582139.1	0	24	24
ENST00000582151.1	334	644	310
ENST00000582155.5	51	6711	6660
ENST00000582160.5	266	1313	1047
ENST00000582161.5	3608	60674	57066
ENST00000582163.3	112	13262	13150
ENST00000582165.1	1721	10837	9116
ENST00000582169.5	1756	4265	2509
ENST00000582170.1	70	1775	1705
ENST00000582171.6	80	3293	3213
ENST00000582183.5	58	74898	74840
ENST00000582186.5	29302	29802	500
ENST00000582193.5	869	4877	4008
ENST00000582198.5	0	3536	3536
ENST00000582204.1	0	1646	1646
ENST00000582208.1	207	10822	10615
ENST00000582222.5	2755	3017	262
ENST00000582226.5	0	31700	31700
ENST00000582229.1	0	1752	1752
ENST00000582240.5	0	27536	27536
ENST00000582252.1	101	15834	15733
ENST00000582260.5	3655	5343	1688
ENST00000582266.6	3783	10769	6986
ENST00000582274.2	168	2090	1922
ENST00000582277.5	0	13198	13198
ENST00000582281.1	1889	1903	14
ENST00000582290.5	0	2765	2765
ENST00000582297.5	204	5027	4823
ENST00000582302.2	3055	4384	1329
ENST00000582308.1	0	10471	10471
ENST00000582314.5	83	10645	10562
ENST00000582315.5	1110	9535	8425
ENST00000582322.1	10479	13687	3208
ENST00000582323.1	0	2141	2141
ENST00000582327.5	2341	4102	1761
ENST00000582328.5	24432	51320	26888
ENST00000582330.2	811	61643	60832
ENST00000582333.5	90	16292	16202
ENST00000582335.1	0	8212	8212
ENST00000582336.5	0	72771	72771
ENST00000582337.5	33150	211172	178022
ENST00000582346.5	3816	5605	1789
ENST00000582354.5	22729	71383	48654
ENST00000582355.6	984	22644	21660
ENST00000582357.5	0	70086	70086
ENST00000582365.1	66	51338	51272
ENST00000582368.5	0	1738	1738
ENST00000582371.5	121489	122231	742
ENST00000582376.1	1338	18765	17427
ENST00000582384.1	0	7873	7873
ENST00000582388.5	0	2362	2362
ENST00000582390.5	831	4142	3311
ENST00000582391.1	2754	3832	1078
ENST00000582392.2	282	1908	1626
ENST00000582401.6	1419	4996	3577
ENST00000582408.6	221	83398	83177
ENST00000582410.5	291	12424	12133
ENST00000582415.2	0	4331	4331
ENST00000582416.5	4786	11293	6507
ENST00000582419.5	59	4018	3959
ENST00000582429.5	0	7514	7514
ENST00000582437.1	0	926	926
ENST00000582438.2	633	1780	1147
ENST00000582441.1	38	84361	84323
ENST00000582444.1	14926	15796	870
ENST00000582448.5	24782	29961	5179
ENST00000582455.5	15256	29417	14161
ENST00000582459.5	2114	3501	1387
ENST00000582463.5	213	838	625
ENST00000582464.5	19151	29845	10694
ENST00000582467.2	222	166224	166002
ENST00000582469.1	0	4255	4255
ENST00000582471.1	7455	13990	6535
ENST00000582472.3	163	14127	13964
ENST00000582473.2	7644	7964	320
ENST00000582475.1	11458	17027	5569
ENST00000582480.1	0	1587	1587
ENST00000582481.1	95	7757	7662
ENST00000582485.5	39	5166	5127
ENST00000582486.5	167	9157	8990
ENST00000582490.5	8350	10132	1782
ENST00000582512.5	0	2472	2472
ENST00000582513.5	865	71179	70314
ENST00000582524.5	45	4349	4304
ENST00000582526.1	0	17722	17722
ENST00000582529.5	0	5101	5101
ENST00000582539.5	168	105043	104875
ENST00000582540.5	634	3817	3183
ENST00000582545.2	0	3643	3643
ENST00000582547.5	26707	27910	1203
ENST00000582548.1	0	1751	1751
ENST00000582556.5	18	5193	5175
ENST00000582563.5	0	4781	4781
ENST00000582567.1	24912	25236	324
ENST00000582568.1	226	10505	10279
ENST00000582575.2	0	8024	8024
ENST00000582579.6	2035	6210	4175
ENST00000582582.1	0	72161	72161
ENST00000582585.1	106	1858	1752
ENST00000582587.2	0	3839	3839
ENST00000582589.5	553	9817	9264
ENST00000582592.1	0	99271	99271
ENST00000582593.1	102	7650	7548
ENST00000582602.5	0	8936	8936
ENST00000582607.1	0	13405	13405
ENST00000582611.5	17539	37227	19688
ENST00000582621.6	11043	95134	84091
ENST00000582627.1	60	4639	4579
ENST00000582629.1	0	30239	30239
ENST00000582645.5	48185	58927	10742
ENST00000582648.5	165	12201	12036
ENST00000582653.1	0	8964	8964
ENST00000582663.5	396	8703	8307
ENST00000582665.5	8420	13254	4834
ENST00000582666.5	308	8036	7728
ENST00000582672.1	0	1858	1858
ENST00000582677.5	8714	11606	2892
ENST00000582678.5	34	3295	3261
ENST00000582679.1	0	5279	5279
ENST00000582680.5	441	7561	7120
ENST00000582693.5	8001	85908	77907
ENST00000582703.5	0	11103	11103
ENST00000582707.5	316	54260	53944
ENST00000582710.5	8531	8801	270
ENST00000582715.1	6916	10625	3709
ENST00000582717.5	44	8403	8359
ENST00000582719.5	2025	12360	10335
ENST00000582721.5	7443	8410	967
ENST00000582723.1	98	16717	16619
ENST00000582724.1	0	5749	5749
ENST00000582725.6	3164	5872	2708
ENST00000582730.6	2390	4377	1987
ENST00000582735.1	204	5843	5639
ENST00000582740.1	91371	95517	4146
ENST00000582743.6	6967	11322	4355
ENST00000582744.5	735	1041	306
ENST00000582746.5	0	6539	6539
ENST00000582747.1	502	939	437
ENST00000582761.1	0	8243	8243
ENST00000582769.5	0	344551	344551
ENST00000582770.6	1621	3607	1986
ENST00000582773.5	831	63531	62700
ENST00000582778.1	0	684	684
ENST00000582781.5	37134	43513	6379
ENST00000582783.5	2349	30235	27886
ENST00000582789.5	0	1451	1451
ENST00000582792.5	23618	33236	9618
ENST00000582793.1	9098	14343	5245
ENST00000582809.5	77596	155691	78095
ENST00000582811.6	2472	3727	1255
ENST00000582812.5	31141	35899	4758
ENST00000582818.5	0	7922	7922
ENST00000582822.1	249	13927	13678
ENST00000582829.6	965	4694	3729
ENST00000582832.1	0	12884	12884
ENST00000582843.1	0	769	769
ENST00000582853.5	0	3237	3237
ENST00000582857.2	169	9893	9724
ENST00000582867.1	0	4525	4525
ENST00000582870.5	67	4680	4613
ENST00000582875.1	0	64784	64784
ENST00000582880.6	653	4966	4313
ENST00000582882.5	0	78175	78175
ENST00000582884.5	0	5302	5302
ENST00000582888.8	65	4243	4178
ENST00000582894.5	220	5731	5511
ENST00000582900.5	0	2327	2327
ENST00000582907.5	78	20446	20368
ENST00000582913.5	72676	481450	408774
ENST00000582920.1	177	5028	4851
ENST00000582925.5	2144	2350	206
ENST00000582934.1	0	507	507
ENST00000582937.1	113	6538	6425
ENST00000582944.5	276	11837	11561
ENST00000582955.6	0	10136	10136
ENST00000582961.1	315	3088	2773
ENST00000582970.6	2830	148197	145367
ENST00000582973.1	0	154	154
ENST00000582981.5	32216	40318	8102
ENST00000582989.1	4378	5397	1019
ENST00000582991.6	191	24182	23991
ENST00000582992.1	0	61851	61851
ENST00000582995.5	5055	30197	25142
ENST00000582997.5	91	6653	6562
ENST00000583009.4	74	2832	2758
ENST00000583011.6	44	5219	5175
ENST00000583013.1	0	5932	5932
ENST00000583016.1	0	3699	3699
ENST00000583020.1	8495	25292	16797
ENST00000583021.1	0	4712	4712
ENST00000583023.1	11	25464	25453
ENST00000583024.1	76	23025	22949
ENST00000583025.1	0	24838	24838
ENST00000583031.5	577	16481	15904
ENST00000583036.5	0	2528	2528
ENST00000583037.5	426	3598	3172
ENST00000583043.5	135857	195874	60017
ENST00000583046.1	218	22781	22563
ENST00000583053.1	55	511	456
ENST00000583054.5	0	72445	72445
ENST00000583057.1	0	33724	33724
ENST00000583059.1	0	1692	1692
ENST00000583063.1	7263	12590	5327
ENST00000583070.5	0	10659	10659
ENST00000583076.1	0	472	472
ENST00000583083.1	4288	6374	2086
ENST00000583087.6	73	6718	6645
ENST00000583088.6	38986	41582	2596
ENST00000583090.1	568	2173	1605
ENST00000583092.1	25400	25706	306
ENST00000583093.5	0	4397	4397
ENST00000583097.5	1298	69913	68615
ENST00000583104.5	163	11082	10919
ENST00000583114.5	179	6962	6783
ENST00000583119.5	0	15638	15638
ENST00000583121.5	61085	85474	24389
ENST00000583130.5	36670	59745	23075
ENST00000583136.5	1864	13988	12124
ENST00000583137.1	83	15424	15341
ENST00000583140.5	0	1262	1262
ENST00000583146.5	0	239443	239443
ENST00000583147.5	2463	53496	51033
ENST00000583153.2	0	9087	9087
ENST00000583160.5	0	9371	9371
ENST00000583166.1	0	6171	6171
ENST00000583169.5	6717	126566	119849
ENST00000583170.5	122	905	783
ENST00000583171.5	0	460	460
ENST00000583173.5	0	6048	6048
ENST00000583193.5	284	13811	13527
ENST00000583195.2	526	674	148
ENST00000583197.5	45724	45854	130
ENST00000583203.5	3657	10037	6380
ENST00000583205.5	0	14354	14354
ENST00000583210.5	3154	4081	927
ENST00000583211.5	722	1274	552
ENST00000583212.2	1667	7366	5699
ENST00000583216.5	632	10022	9390
ENST00000583218.5	114	2017	1903
ENST00000583221.5	5132	7572	2440
ENST00000583225.5	0	77121	77121
ENST00000583227.5	8	1583	1575
ENST00000583239.6	0	2140	2140
ENST00000583249.5	26735	27872	1137
ENST00000583263.1	0	2773	2773
ENST00000583268.1	54557	58015	3458
ENST00000583269.5	1425	1844	419
ENST00000583280.5	0	77106	77106
ENST00000583282.5	220	1882	1662
ENST00000583289.5	0	58862	58862
ENST00000583291.1	0	7556	7556
ENST00000583307.6	2293	12371	10078
ENST00000583312.5	125	2794	2669
ENST00000583313.7	4329	6386	2057
ENST00000583320.5	4441	5357	916
ENST00000583322.5	59	18527	18468
ENST00000583332.5	0	13757	13757
ENST00000583334.5	0	2677	2677
ENST00000583337.4	2368	4304	1936
ENST00000583342.1	13521	14447	926
ENST00000583352.5	2875	4866	1991
ENST00000583353.1	0	52060	52060
ENST00000583354.5	0	474	474
ENST00000583355.1	17	19679	19662
ENST00000583356.5	0	229804	229804
ENST00000583358.1	0	179251	179251
ENST00000583363.5	12	298	286
ENST00000583366.5	0	3683	3683
ENST00000583368.1	297	13023	12726
ENST00000583369.5	195	20573	20378
ENST00000583370.5	105526	111461	5935
ENST00000583371.5	0	5752	5752
ENST00000583376.1	450	2306	1856
ENST00000583378.5	34	6661	6627
ENST00000583380.5	245	43395	43150
ENST00000583381.5	7382	7794	412
ENST00000583382.1	0	205195	205195
ENST00000583388.1	0	7786	7786
ENST00000583389.5	0	2517	2517
ENST00000583403.5	3565	5624	2059
ENST00000583407.1	0	644	644
ENST00000583410.1	24853	95236	70383
ENST00000583413.4	0	12480	12480
ENST00000583414.5	2995	7217	4222
ENST00000583419.5	754	6162	5408
ENST00000583437.2	495	3552	3057
ENST00000583443.5	74316	74548	232
ENST00000583445.5	0	10539	10539
ENST00000583448.2	1758	23832	22074
ENST00000583449.1	5375	5447	72
ENST00000583457.1	0	6198	6198
ENST00000583458.5	5106	27434	22328
ENST00000583463.6	79507	217605	138098
ENST00000583465.1	55	6944	6889
ENST00000583474.5	9634	36838	27204
ENST00000583476.5	199	4330	4131
ENST00000583477.5	0	7077	7077
ENST00000583480.5	0	424	424
ENST00000583482.7	87288	225386	138098
ENST00000583487.1	0	1858	1858
ENST00000583501.1	89	65702	65613
ENST00000583503.5	6	31976	31970
ENST00000583509.7	5196	29092	23896
ENST00000583510.1	231	5532	5301
ENST00000583514.5	0	818	818
ENST00000583522.6	3783	10769	6986
ENST00000583524.5	8630	38230	29600
ENST00000583527.1	25	13979	13954
ENST00000583528.6	87305	306423	219118
ENST00000583529.1	1799	2495	696
ENST00000583534.1	0	1574	1574
ENST00000583535.6	124	32313	32189
ENST00000583536.5	0	40053	40053
ENST00000583538.5	0	3953	3953
ENST00000583539.5	71	41013	40942
ENST00000583540.1	0	5611	5611
ENST00000583559.1	19	2469	2450
ENST00000583564.5	0	1722	1722
ENST00000583565.5	300	12218	11918
ENST00000583566.6	578	19093	18515
ENST00000583569.5	2901	10472	7571
ENST00000583590.5	13166	47308	34142
ENST00000583593.2	7168	26226	19058
ENST00000583599.6	1902	5718	3816
ENST00000583600.5	391	102947	102556
ENST00000583608.1	155	19116	18961
ENST00000583610.5	2332	143564	141232
ENST00000583617.5	240	6362	6122
ENST00000583621.1	303	118357	118054
ENST00000583637.5	0	3535	3535
ENST00000583641.5	35	3615	3580
ENST00000583648.6	750	33779	33029
ENST00000583658.1	98	13660	13562
ENST00000583666.3	156	2194	2038
ENST00000583676.1	0	5861	5861
ENST00000583684.5	1304	4253	2949
ENST00000583690.6	1883	29317	27434
ENST00000583694.2	74198	140653	66455
ENST00000583696.1	11542	162323	150781
ENST00000583697.1	0	5817	5817
ENST00000583700.5	138591	138653	62
ENST00000583715.5	218	28568	28350
ENST00000583718.5	16162	20810	4648
ENST00000583725.5	0	11393	11393
ENST00000583728.5	18447	19556	1109
ENST00000583737.5	7	790	783
ENST00000583738.1	0	254	254
ENST00000583741.1	2094	2482	388
ENST00000583742.1	309	9567	9258
ENST00000583744.1	0	7124	7124
ENST00000583747.1	0	23702	23702
ENST00000583753.5	1270	64119	62849
ENST00000583755.1	33829	37383	3554
ENST00000583757.5	81	4382	4301
ENST00000583766.5	0	16254	16254
ENST00000583771.1	0	22227	22227
ENST00000583774.5	0	8441	8441
ENST00000583777.5	9635	11634	1999
ENST00000583780.1	0	4	4
ENST00000583785.5	386	14719	14333
ENST00000583789.1	106	33368	33262
ENST00000583798.1	0	39072	39072
ENST00000583802.5	1754	4797	3043
ENST00000583803.1	0	13409	13409
ENST00000583809.5	0	68602	68602
ENST00000583811.5	139	9237	9098
ENST00000583813.1	4340	5166	826
ENST00000583818.2	0	5327	5327
ENST00000583836.1	0	1168	1168
ENST00000583839.1	2415	8249	5834
ENST00000583843.5	65321	81526	16205
ENST00000583844.5	3793	3983	190
ENST00000583848.5	0	469	469
ENST00000583858.5	0	2484	2484
ENST00000583859.5	0	22884	22884
ENST00000583866.9	1610	91353	89743
ENST00000583868.5	0	2041	2041
ENST00000583874.5	857	16759	15902
ENST00000583877.5	0	8519	8519
ENST00000583881.5	4306	10672	6366
ENST00000583882.5	163	42731	42568
ENST00000583884.5	0	1324	1324
ENST00000583885.5	35	3216	3181
ENST00000583891.5	10	3861	3851
ENST00000583897.5	175	24004	23829
ENST00000583904.5	2243	7199	4956
ENST00000583911.5	854	16722	15868
ENST00000583915.1	0	729	729
ENST00000583917.5	302	11804	11502
ENST00000583922.1	0	312	312
ENST00000583928.5	5949	7357	1408
ENST00000583930.5	342	477067	476725
ENST00000583931.6	2277	18166	15889
ENST00000583932.1	0	96	96
ENST00000583937.5	285	18960	18675
ENST00000583940.5	1841	4739	2898
ENST00000583945.5	270	29913	29643
ENST00000583951.1	0	22859	22859
ENST00000583953.6	3783	10769	6986
ENST00000583955.5	0	51767	51767
ENST00000583958.1	89	20549	20460
ENST00000583961.5	807	3587	2780
ENST00000583965.5	296	9915	9619
ENST00000583974.1	13505	16504	2999
ENST00000583976.1	7215	43052	35837
ENST00000583990.1	0	18168	18168
ENST00000583994.5	218	30668	30450
ENST00000584000.1	0	1962	1962
ENST00000584008.5	22101	25869	3768
ENST00000584015.5	0	11321	11321
ENST00000584022.5	662	4470	3808
ENST00000584024.5	1932	6846	4914
ENST00000584026.6	1398	12435	11037
ENST00000584031.5	2809	5820	3011
ENST00000584040.2	17128	17671	543
ENST00000584044.5	4652	6641	1989
ENST00000584050.6	0	2241	2241
ENST00000584059.1	0	6968	6968
ENST00000584061.6	0	5780	5780
ENST00000584067.5	0	55739	55739
ENST00000584068.4	218	1200	982
ENST00000584074.5	0	7435	7435
ENST00000584080.6	6692	17933	11241
ENST00000584083.5	0	35193	35193
ENST00000584084.1	0	3395	3395
ENST00000584086.5	0	1344	1344
ENST00000584089.1	0	32580	32580
ENST00000584103.5	82	1585	1503
ENST00000584110.1	0	60	60
ENST00000584114.1	50	15334	15284
ENST00000584118.1	281	7720	7439
ENST00000584119.1	55819	78717	22898
ENST00000584123.5	140	4452	4312
ENST00000584129.1	123968	169466	45498
ENST00000584130.1	0	9289	9289
ENST00000584137.5	2760	3254	494
ENST00000584146.6	0	77300	77300
ENST00000584150.5	34726	34846	120
ENST00000584154.5	25	52129	52104
ENST00000584155.1	0	429	429
ENST00000584156.5	0	175798	175798
ENST00000584164.6	46	5221	5175
ENST00000584166.5	4710	35913	31203
ENST00000584180.1	0	955	955
ENST00000584193.5	1303	1677	374
ENST00000584196.1	8579	11199	2620
ENST00000584197.5	2467	8142	5675
ENST00000584202.1	0	785	785
ENST00000584205.5	47251	61921	14670
ENST00000584206.1	0	8034	8034
ENST00000584207.5	129	10625	10496
ENST00000584208.5	17	8839	8822
ENST00000584216.5	7557	21105	13548
ENST00000584220.5	3	2061	2058
ENST00000584221.2	0	23041	23041
ENST00000584230.1	160	2893	2733
ENST00000584234.5	87	89082	88995
ENST00000584235.5	0	28497	28497
ENST00000584236.1	0	2865	2865
ENST00000584240.5	7765	13000	5235
ENST00000584243.5	343	19149	18806
ENST00000584250.1	452	5726	5274
ENST00000584255.1	903	1401	498
ENST00000584261.5	0	8257	8257
ENST00000584272.5	0	6343	6343
ENST00000584284.5	1276	3287	2011
ENST00000584287.5	152	22813	22661
ENST00000584288.5	8771	21652	12881
ENST00000584291.5	0	3894	3894
ENST00000584296.1	36608	43093	6485
ENST00000584301.5	3102	3194	92
ENST00000584306.6	472	48017	47545
ENST00000584307.5	2839	36857	34018
ENST00000584312.1	0	316	316
ENST00000584313.5	189	28625	28436
ENST00000584314.5	2737	2999	262
ENST00000584316.5	0	1256	1256
ENST00000584317.5	14	40036	40022
ENST00000584320.5	683	4368	3685
ENST00000584322.2	177	125022	124845
ENST00000584332.6	317	7995	7678
ENST00000584335.5	4150	14321	10171
ENST00000584337.5	1868	297825	295957
ENST00000584340.1	0	5140	5140
ENST00000584341.1	552	1974	1422
ENST00000584343.6	0	4951	4951
ENST00000584347.1	388	4448	4060
ENST00000584350.1	0	704	704
ENST00000584368.5	50	34906	34856
ENST00000584378.5	11	9101	9090
ENST00000584379.6	1745	70360	68615
ENST00000584385.5	59	8786	8727
ENST00000584387.1	30	121473	121443
ENST00000584389.5	0	73334	73334
ENST00000584394.5	321	5094	4773
ENST00000584396.5	717	13030	12313
ENST00000584400.5	3302	9000	5698
ENST00000584408.6	3248	6808	3560
ENST00000584411.5	5645	14167	8522
ENST00000584420.1	0	842	842
ENST00000584423.5	63	11512	11449
ENST00000584426.1	0	768	768
ENST00000584436.7	4265	76228	71963
ENST00000584437.5	1270	64241	62971
ENST00000584438.1	0	234	234
ENST00000584441.5	139	2585	2446
ENST00000584442.2	0	10375	10375
ENST00000584450.5	215	30809	30594
ENST00000584453.5	16186	38746	22560
ENST00000584454.5	5441	40195	34754
ENST00000584460.5	3	1533	1530
ENST00000584461.5	122	2369	2247
ENST00000584464.1	1020	21119	20099
ENST00000584471.5	153857	199520	45663
ENST00000584479.5	3	3143	3140
ENST00000584486.6	1103	16297	15194
ENST00000584494.5	2111	7226	5115
ENST00000584501.1	3930	14700	10770
ENST00000584502.1	40	1380	1340
ENST00000584503.5	70	767	697
ENST00000584506.1	0	486	486
ENST00000584508.1	2174	11803	9629
ENST00000584513.1	0	7477	7477
ENST00000584516.5	0	4558	4558
ENST00000584517.1	240	7158	6918
ENST00000584519.5	9684	21987	12303
ENST00000584526.1	5330	6779	1449
ENST00000584527.1	0	27212	27212
ENST00000584536.5	19	4076	4057
ENST00000584538.1	0	3537	3537
ENST00000584539.1	9943	15491	5548
ENST00000584550.1	820	1555	735
ENST00000584554.1	75285	121010	45725
ENST00000584567.1	127	2675	2548
ENST00000584573.5	335	73291	72956
ENST00000584574.5	0	362	362
ENST00000584577.5	263	6330	6067
ENST00000584580.1	267	2408	2141
ENST00000584582.5	32712	40755	8043
ENST00000584588.5	139	9378	9239
ENST00000584596.2	0	5180	5180
ENST00000584600.5	505	4375	3870
ENST00000584601.5	19093	43776	24683
ENST00000584602.1	0	989	989
ENST00000584603.2	0	19806	19806
ENST00000584605.5	0	556	556
ENST00000584613.5	3591	9992	6401
ENST00000584617.5	0	4181	4181
ENST00000584619.5	12444	30471	18027
ENST00000584620.5	2851	14571	11720
ENST00000584632.5	561	68243	67682
ENST00000584633.1	46044	46496	452
ENST00000584634.5	2932	3837	905
ENST00000584642.1	253	6789	6536
ENST00000584645.1	0	1012	1012
ENST00000584650.5	210	22486	22276
ENST00000584651.5	0	44526	44526
ENST00000584655.5	2859	18418	15559
ENST00000584661.5	9516	15044	5528
ENST00000584667.6	35	40093	40058
ENST00000584668.5	1607	3028	1421
ENST00000584670.1	0	120296	120296
ENST00000584672.1	956	10145	9189
ENST00000584678.1	0	3710	3710
ENST00000584682.1	0	2690	2690
ENST00000584685.1	0	28198	28198
ENST00000584689.6	7612	11967	4355
ENST00000584692.1	0	719	719
ENST00000584694.1	0	2429	2429
ENST00000584701.2	122	12828	12706
ENST00000584703.1	928	1850	922
ENST00000584709.5	98429	296979	198550
ENST00000584716.1	0	845	845
ENST00000584723.5	0	898	898
ENST00000584751.1	21	7594	7573
ENST00000584752.5	4053	11711	7658
ENST00000584764.5	159	5795	5636
ENST00000584768.5	33	9469	9436
ENST00000584773.5	434	3303	2869
ENST00000584775.5	121489	160407	38918
ENST00000584778.5	155	22423	22268
ENST00000584784.5	4	5672	5668
ENST00000584787.5	290	168100	167810
ENST00000584788.5	0	32710	32710
ENST00000584792.5	0	845	845
ENST00000584793.7	0	17768	17768
ENST00000584797.5	17	100182	100165
ENST00000584803.1	3	33474	33471
ENST00000584804.1	0	24636	24636
ENST00000584811.5	1150	17170	16020
ENST00000584822.1	4247	10903	6656
ENST00000584828.5	0	13266	13266
ENST00000584836.5	0	762	762
ENST00000584837.5	7	7167	7160
ENST00000584848.5	430	4360	3930
ENST00000584852.1	0	44990	44990
ENST00000584856.1	0	1591	1591
ENST00000584866.1	8358	9908	1550
ENST00000584868.1	185	1655	1470
ENST00000584880.6	614	4417	3803
ENST00000584889.3	37	18540	18503
ENST00000584891.5	0	104	104
ENST00000584895.5	1914	10568	8654
ENST00000584897.5	0	18924	18924
ENST00000584904.5	3796	4072	276
ENST00000584906.6	3162	4976	1814
ENST00000584915.2	0	32197	32197
ENST00000584924.5	301	294247	293946
ENST00000584929.7	7616	31344	23728
ENST00000584939.1	0	2983	2983
ENST00000584941.5	57	18192	18135
ENST00000584943.1	182	6402	6220
ENST00000584944.5	1328	1696	368
ENST00000584946.5	8558	11450	2892
ENST00000584947.1	108	4915	4807
ENST00000584948.1	258	13632	13374
ENST00000584950.5	3252	42998	39746
ENST00000584955.5	1565	7450	5885
ENST00000584968.5	19519	21567	2048
ENST00000584969.5	3	7092	7089
ENST00000584970.1	0	1115	1115
ENST00000584972.5	15	3227	3212
ENST00000584980.1	347	13428	13081
ENST00000584982.7	225	16383	16158
ENST00000584983.5	0	81505	81505
ENST00000584985.5	11679	31913	20234
ENST00000584989.1	0	11612	11612
ENST00000584991.5	98	3686	3588
ENST00000584995.5	0	1917	1917
ENST00000584997.1	344	21218	20874
ENST00000584998.5	4397	27522	23125
ENST00000584999.1	281	17492	17211
ENST00000585015.6	37592	42260	4668
ENST00000585023.5	0	310	310
ENST00000585024.5	14	4839	4825
ENST00000585026.1	11412	18108	6696
ENST00000585031.2	604	8125	7521
ENST00000585034.5	7	83036	83029
ENST00000585037.5	16734	17010	276
ENST00000585038.1	42	45394	45352
ENST00000585042.5	194	10932	10738
ENST00000585043.5	37111	60186	23075
ENST00000585045.1	0	1148	1148
ENST00000585047.5	12585	15915	3330
ENST00000585056.5	422	10558	10136
ENST00000585057.5	4135	33107	28972
ENST00000585059.5	3700	25067	21367
ENST00000585060.5	0	96	96
ENST00000585062.1	2335	2929	594
ENST00000585064.5	184	5986	5802
ENST00000585067.5	1238	16987	15749
ENST00000585073.1	0	12330	12330
ENST00000585080.5	10	5812	5802
ENST00000585084.5	2114	4421	2307
ENST00000585089.5	326	4361	4035
ENST00000585096.1	213	2531	2318
ENST00000585098.5	8378	31592	23214
ENST00000585101.5	8453	23123	14670
ENST00000585108.5	4681	15565	10884
ENST00000585109.5	2954	3608	654
ENST00000585111.2	1668	9690	8022
ENST00000585115.2	1331	7092	5761
ENST00000585121.5	62198	72698	10500
ENST00000585123.5	678	4455	3777
ENST00000585124.6	140	6514	6374
ENST00000585128.6	17072	38644	21572
ENST00000585130.5	335	12819	12484
ENST00000585132.5	1507	13425	11918
ENST00000585134.2	191	13060	12869
ENST00000585142.5	0	11237	11237
ENST00000585145.1	0	114	114
ENST00000585148.1	0	5679	5679
ENST00000585153.1	594	1490	896
ENST00000585155.1	0	8553	8553
ENST00000585156.5	20	230896	230876
ENST00000585159.5	1499	6149	4650
ENST00000585162.1	97	8898	8801
ENST00000585166.1	8254	52384	44130
ENST00000585168.1	500	4546	4046
ENST00000585169.6	1225	19508	18283
ENST00000585174.5	11189	18421	7232
ENST00000585177.1	0	2833	2833
ENST00000585183.5	6320	6929	609
ENST00000585194.5	585	16611	16026
ENST00000585201.5	9258	11724	2466
ENST00000585202.5	2041	3698	1657
ENST00000585206.1	32	24725	24693
ENST00000585208.5	16042	21952	5910
ENST00000585215.5	0	3039	3039
ENST00000585217.5	0	4565	4565
ENST00000585229.1	0	288	288
ENST00000585234.5	46205	59501	13296
ENST00000585242.5	12	2585	2573
ENST00000585244.1	0	1660	1660
ENST00000585245.3	50	1032	982
ENST00000585246.5	525	2100	1575
ENST00000585259.1	12	5910	5898
ENST00000585260.5	440	1681	1241
ENST00000585266.5	1976	122415	120439
ENST00000585281.6	857	16909	16052
ENST00000585287.5	283	33325	33042
ENST00000585291.5	2756	13497	10741
ENST00000585294.5	3504	4561	1057
ENST00000585301.1	0	108669	108669
ENST00000585302.1	0	1266	1266
ENST00000585306.5	0	18873	18873
ENST00000585308.6	2083	4744	2661
ENST00000585311.5	1057	6814	5757
ENST00000585313.5	318	4040	3722
ENST00000585315.5	66703	375581	308878
ENST00000585316.3	2314	4352	2038
ENST00000585318.6	242	8963	8721
ENST00000585320.5	58	3271	3213
ENST00000585321.6	53	8988	8935
ENST00000585322.2	0	64	64
ENST00000585331.6	47848	67483	19635
ENST00000585332.3	0	3094	3094
ENST00000585333.1	47	1274	1227
ENST00000585334.1	81	1267	1186
ENST00000585338.1	4887	14740	9853
ENST00000585339.5	44031	45742	1711
ENST00000585340.2	2064	9932	7868
ENST00000585342.5	0	71827	71827
ENST00000585343.5	10506	12970	2464
ENST00000585344.6	0	16215	16215
ENST00000585350.1	0	1309	1309
ENST00000585352.5	14371	17694	3323
ENST00000585355.5	18	8502	8484
ENST00000585359.1	213	1095	882
ENST00000585361.6	236	672	436
ENST00000585362.7	85	2614	2529
ENST00000585368.1	0	31825	31825
ENST00000585370.1	0	583	583
ENST00000585371.1	0	5357	5357
ENST00000585374.5	200	30472	30272
ENST00000585377.5	13759	14466	707
ENST00000585379.5	38	1674	1636
ENST00000585380.1	0	1627	1627
ENST00000585382.5	12928	61520	48592
ENST00000585383.2	439	106711	106272
ENST00000585384.5	0	3707	3707
ENST00000585385.5	7599	18365	10766
ENST00000585388.2	765	31129	30364
ENST00000585390.1	2765	4637	1872
ENST00000585392.2	96	418	322
ENST00000585393.1	334	5846	5512
ENST00000585395.6	4530	7134	2604
ENST00000585396.1	4133	5239	1106
ENST00000585404.5	0	148	148
ENST00000585407.5	171	5019	4848
ENST00000585409.2	2664	7147	4483
ENST00000585418.1	22	19466	19444
ENST00000585421.5	2693	18455	15762
ENST00000585427.6	2988	19167	16179
ENST00000585429.1	117	9155	9038
ENST00000585434.5	4781	12090	7309
ENST00000585436.5	10674	13238	2564
ENST00000585437.1	0	1422	1422
ENST00000585438.1	0	37067	37067
ENST00000585439.1	3617	4643	1026
ENST00000585444.1	10378	14658	4280
ENST00000585446.1	84818	102958	18140
ENST00000585452.1	342	1262	920
ENST00000585458.2	931	8374	7443
ENST00000585461.1	770	3899	3129
ENST00000585462.5	1028	6670	5642
ENST00000585465.3	1136	19166	18030
ENST00000585468.1	0	4250	4250
ENST00000585469.5	99666	117223	17557
ENST00000585474.5	813	4977	4164
ENST00000585477.2	226	1256	1030
ENST00000585479.5	133	23624	23491
ENST00000585480.1	0	1815	1815
ENST00000585482.6	339	26752	26413
ENST00000585486.1	196	8669	8473
ENST00000585489.1	77	10642	10565
ENST00000585491.1	379	2680	2301
ENST00000585493.5	55172	55444	272
ENST00000585494.5	21331	36695	15364
ENST00000585500.5	3849	16338	12489
ENST00000585507.5	27956	29470	1514
ENST00000585509.5	2046	29555	27509
ENST00000585510.1	167	6774	6607
ENST00000585512.5	3863	4083	220
ENST00000585513.1	451	5343	4892
ENST00000585517.5	1976	35806	33830
ENST00000585518.5	10	21731	21721
ENST00000585519.5	336	4615	4279
ENST00000585522.1	0	786	786
ENST00000585523.1	0	1247	1247
ENST00000585524.5	8561	22037	13476
ENST00000585525.5	2007	64591	62584
ENST00000585527.1	217	3767	3550
ENST00000585528.5	0	15610	15610
ENST00000585530.1	0	239	239
ENST00000585531.1	0	5306	5306
ENST00000585535.2	0	5464	5464
ENST00000585547.5	1710	18274	16564
ENST00000585548.1	4412	5853	1441
ENST00000585552.5	3136	9096	5960
ENST00000585557.1	1685	8318	6633
ENST00000585560.5	4980	8009	3029
ENST00000585561.5	0	22610	22610
ENST00000585562.5	6112	6272	160
ENST00000585565.1	0	876	876
ENST00000585567.5	0	24877	24877
ENST00000585568.5	4103	6120	2017
ENST00000585574.6	489	3757	3268
ENST00000585575.5	0	72085	72085
ENST00000585579.2	0	49871	49871
ENST00000585580.4	390	2026	1636
ENST00000585583.5	12653	16781	4128
ENST00000585584.5	0	12218	12218
ENST00000585587.1	1008	1710	702
ENST00000585591.5	23	4007	3984
ENST00000585595.5	1770	12132	10362
ENST00000585598.1	33	8352	8319
ENST00000585600.5	86	108266	108180
ENST00000585601.1	0	4243	4243
ENST00000585603.6	36	9747	9711
ENST00000585607.1	0	19546	19546
ENST00000585608.5	2974	11722	8748
ENST00000585611.5	112903	113321	418
ENST00000585614.1	0	102691	102691
ENST00000585618.5	2665	75218	72553
ENST00000585619.5	10536	13425	2889
ENST00000585623.5	12627	27781	15154
ENST00000585628.5	215049	322800	107751
ENST00000585630.5	1668	3684	2016
ENST00000585632.5	4101	6482	2381
ENST00000585633.1	782	1439	657
ENST00000585635.5	22601	30445	7844
ENST00000585636.5	0	2509	2509
ENST00000585642.5	85	116308	116223
ENST00000585644.1	0	338	338
ENST00000585649.1	23	1529	1506
ENST00000585650.1	3287	9612	6325
ENST00000585655.1	0	1878	1878
ENST00000585656.1	496	40017	39521
ENST00000585661.1	0	36515	36515
ENST00000585662.5	0	6488	6488
ENST00000585663.1	0	1404	1404
ENST00000585664.5	535	6328	5793
ENST00000585665.2	1607	2371	764
ENST00000585666.5	2581	29246	26665
ENST00000585669.1	0	47543	47543
ENST00000585671.2	521	6653	6132
ENST00000585672.5	709	14797	14088
ENST00000585675.6	1834	6054	4220
ENST00000585678.5	7074	10944	3870
ENST00000585679.1	467	5871	5404
ENST00000585680.2	0	9326	9326
ENST00000585682.6	2936	48454	45518
ENST00000585683.6	213	21927	21714
ENST00000585685.5	40	3442	3402
ENST00000585688.5	3818	8049	4231
ENST00000585696.5	1230	11270	10040
ENST00000585698.1	0	2375	2375
ENST00000585701.5	0	282	282
ENST00000585708.5	3	123317	123314
ENST00000585711.5	34597	34803	206
ENST00000585714.1	0	2075	2075
ENST00000585715.1	0	264	264
ENST00000585724.5	30089	33913	3824
ENST00000585726.5	1003	24446	23443
ENST00000585728.5	1821	2354	533
ENST00000585730.5	108	23708	23600
ENST00000585731.5	745	5307	4562
ENST00000585732.1	153	111408	111255
ENST00000585734.5	7733	8345	612
ENST00000585736.1	5460	12685	7225
ENST00000585737.1	1143	4028	2885
ENST00000585740.5	9029	12600	3571
ENST00000585744.5	2671	507153	504482
ENST00000585746.1	242	10515	10273
ENST00000585748.3	40941	50005	9064
ENST00000585751.1	111	8459	8348
ENST00000585752.5	173	8483	8310
ENST00000585755.1	0	11785	11785
ENST00000585769.5	13208	15018	1810
ENST00000585773.5	174	32006	31832
ENST00000585778.5	211	8665	8454
ENST00000585786.1	193	789	596
ENST00000585800.1	1414	2920	1506
ENST00000585802.6	50	48370	48320
ENST00000585804.2	0	1916	1916
ENST00000585805.5	1406	5673	4267
ENST00000585807.6	11	2990	2979
ENST00000585809.6	9	11282	11273
ENST00000585811.1	489	1031	542
ENST00000585814.1	3720	26504	22784
ENST00000585815.5	2479	10047	7568
ENST00000585831.5	10	4377	4367
ENST00000585835.1	0	10104	10104
ENST00000585836.5	592	5800	5208
ENST00000585838.2	844	7011	6167
ENST00000585841.5	159	28639	28480
ENST00000585842.5	533	1277	744
ENST00000585844.1	0	3635	3635
ENST00000585845.1	7520	11943	4423
ENST00000585846.1	107	19621	19514
ENST00000585847.6	23949	31573	7624
ENST00000585851.2	45	20893	20848
ENST00000585854.1	46	7037	6991
ENST00000585855.2	4132	8079	3947
ENST00000585858.1	0	5128	5128
ENST00000585860.2	4520	42168	37648
ENST00000585862.1	0	2268	2268
ENST00000585865.1	0	14408	14408
ENST00000585866.6	26987	41000	14013
ENST00000585867.2	72	360031	359959
ENST00000585868.1	0	234	234
ENST00000585869.1	190	1294	1104
ENST00000585873.5	0	56187	56187
ENST00000585879.1	8765	8783	18
ENST00000585881.5	55598	62342	6744
ENST00000585886.5	0	20430	20430
ENST00000585887.3	0	2516	2516
ENST00000585889.1	1264	10437	9173
ENST00000585892.5	164	115551	115387
ENST00000585893.5	150	28659	28509
ENST00000585894.5	487	11880	11393
ENST00000585900.1	0	2826	2826
ENST00000585901.6	169	4252	4083
ENST00000585903.1	2186	3584	1398
ENST00000585904.1	0	7302	7302
ENST00000585908.2	474	14647	14173
ENST00000585909.1	275	986	711
ENST00000585913.5	3522	7394	3872
ENST00000585914.5	1582	4845	3263
ENST00000585916.6	9218	115976	106758
ENST00000585918.5	0	7935	7935
ENST00000585922.5	340	6025	5685
ENST00000585923.6	0	4609	4609
ENST00000585925.7	0	4979	4979
ENST00000585926.5	0	3821	3821
ENST00000585927.1	0	17533	17533
ENST00000585928.1	0	13835	13835
ENST00000585929.5	28104	35271	7167
ENST00000585930.5	15	94654	94639
ENST00000585931.5	9403	34574	25171
ENST00000585932.5	0	3626	3626
ENST00000585933.2	4928	5826	898
ENST00000585934.1	262	15756	15494
ENST00000585937.1	21104	27236	6132
ENST00000585938.1	0	1317	1317
ENST00000585941.5	63	15544	15481
ENST00000585942.5	1279	18379	17100
ENST00000585948.5	0	7178	7178
ENST00000585950.5	0	1780	1780
ENST00000585953.5	1990	6325	4335
ENST00000585955.5	10196	11200	1004
ENST00000585956.5	0	4783	4783
ENST00000585957.2	0	795	795
ENST00000585959.2	0	1650	1650
ENST00000585960.5	0	8202	8202
ENST00000585961.1	17650	18985	1335
ENST00000585966.5	9243	11391	2148
ENST00000585967.5	0	4435	4435
ENST00000585973.1	91	10856	10765
ENST00000585976.5	74	38611	38537
ENST00000585977.1	0	152	152
ENST00000585978.1	0	26605	26605
ENST00000585981.6	2309	39031	36722
ENST00000585983.5	0	24446	24446
ENST00000585987.1	0	2853	2853
ENST00000585989.5	0	2647	2647
ENST00000585993.3	3575	5403	1828
ENST00000585994.1	0	7855	7855
ENST00000585995.1	3541	4377	836
ENST00000586005.6	366	1120	754
ENST00000586009.5	10767	28214	17447
ENST00000586012.1	350	1842	1492
ENST00000586014.5	266	15553	15287
ENST00000586016.5	331	2556	2225
ENST00000586017.5	0	18972	18972
ENST00000586018.5	102	11243	11141
ENST00000586019.1	0	16243	16243
ENST00000586020.1	3257	11835	8578
ENST00000586021.5	143	25428	25285
ENST00000586024.1	0	2400	2400
ENST00000586027.5	173	5723	5550
ENST00000586029.1	0	5300	5300
ENST00000586032.5	0	1384	1384
ENST00000586035.1	3434	6028	2594
ENST00000586037.5	37235	66998	29763
ENST00000586040.5	605	56833	56228
ENST00000586042.6	31	4206	4175
ENST00000586043.5	0	27957	27957
ENST00000586044.5	7062	19374	12312
ENST00000586046.5	1725	4866	3141
ENST00000586047.5	0	110	110
ENST00000586048.1	5170	17413	12243
ENST00000586055.2	556	7109	6553
ENST00000586056.5	5430	9854	4424
ENST00000586057.5	2689	18451	15762
ENST00000586059.5	1269	8358	7089
ENST00000586060.5	27	18437	18410
ENST00000586063.5	84	10888	10804
ENST00000586066.3	0	11080	11080
ENST00000586073.1	148	1059	911
ENST00000586075.1	0	5098	5098
ENST00000586078.5	109	19601	19492
ENST00000586084.1	2203	7083	4880
ENST00000586085.5	54684	55092	408
ENST00000586087.1	0	33303	33303
ENST00000586089.5	0	9138	9138
ENST00000586092.1	0	1599	1599
ENST00000586093.1	0	27342	27342
ENST00000586096.3	5	2279	2274
ENST00000586098.1	2708	72633	69925
ENST00000586100.1	0	7108	7108
ENST00000586102.7	1259	4238	2979
ENST00000586108.1	0	2347	2347
ENST00000586114.5	1418	5913	4495
ENST00000586115.5	0	6856	6856
ENST00000586120.5	185	1029	844
ENST00000586121.1	0	552	552
ENST00000586123.5	5609	6031	422
ENST00000586125.2	2170	5952	3782
ENST00000586126.1	776	1199	423
ENST00000586128.5	31600	38065	6465
ENST00000586131.6	0	7047	7047
ENST00000586133.1	652	998	346
ENST00000586134.5	3539	19679	16140
ENST00000586135.1	143226	270540	127314
ENST00000586138.5	16311	26355	10044
ENST00000586140.1	0	94	94
ENST00000586142.5	1292	22078	20786
ENST00000586146.5	5910	11864	5954
ENST00000586147.1	0	9478	9478
ENST00000586148.1	52	2640	2588
ENST00000586149.1	0	146	146
ENST00000586150.5	48	6926	6878
ENST00000586153.1	94	3215	3121
ENST00000586155.5	32186	35736	3550
ENST00000586157.2	0	48156	48156
ENST00000586159.5	21647	25209	3562
ENST00000586164.1	3691	4194	503
ENST00000586165.1	3	3299	3296
ENST00000586166.5	0	13536	13536
ENST00000586171.3	18346	23117	4771
ENST00000586174.1	0	20	20
ENST00000586178.6	3154	49605	46451
ENST00000586182.6	519	20033	19514
ENST00000586183.5	0	62909	62909
ENST00000586184.5	37	126789	126752
ENST00000586186.3	2359	21856	19497
ENST00000586187.2	0	13029	13029
ENST00000586188.5	1956	9266	7310
ENST00000586192.5	0	1918	1918
ENST00000586195.5	17331	30405	13074
ENST00000586198.5	0	8619	8619
ENST00000586200.1	6363	6929	566
ENST00000586201.6	2004	64565	62561
ENST00000586203.5	4972	7125	2153
ENST00000586210.5	6298	19163	12865
ENST00000586217.1	0	408	408
ENST00000586218.5	42	2938	2896
ENST00000586221.5	0	49067	49067
ENST00000586222.2	5169	239050	233881
ENST00000586224.5	235	1271	1036
ENST00000586228.5	5255	22421	17166
ENST00000586230.1	0	18525	18525
ENST00000586233.5	61	11329	11268
ENST00000586237.1	0	8359	8359
ENST00000586241.1	1566	31457	29891
ENST00000586242.1	0	890	890
ENST00000586244.1	905	2735	1830
ENST00000586245.6	23797	29988	6191
ENST00000586250.1	0	2605	2605
ENST00000586252.1	24	1983	1959
ENST00000586255.5	13811	27186	13375
ENST00000586257.5	62	3433	3371
ENST00000586260.5	5059	35447	30388
ENST00000586261.2	163	2286	2123
ENST00000586262.5	2699	30983	28284
ENST00000586263.5	199	249740	249541
ENST00000586267.1	0	418	418
ENST00000586268.5	100872	108005	7133
ENST00000586270.5	0	957	957
ENST00000586272.5	0	4306	4306
ENST00000586277.5	0	4535	4535
ENST00000586283.6	0	9782	9782
ENST00000586285.2	0	1917	1917
ENST00000586286.5	4984	8051	3067
ENST00000586293.5	1261	7729	6468
ENST00000586295.1	1934	11046	9112
ENST00000586296.5	107	31420	31313
ENST00000586298.1	0	2347	2347
ENST00000586301.6	691	7755	7064
ENST00000586302.5	0	21836	21836
ENST00000586305.5	988	18996	18008
ENST00000586309.1	78472	117006	38534
ENST00000586312.5	83	752	669
ENST00000586313.1	74	6812	6738
ENST00000586314.5	276425	369815	93390
ENST00000586318.1	0	18478	18478
ENST00000586320.2	9411	9509	98
ENST00000586323.5	0	6111	6111
ENST00000586329.5	178	17223	17045
ENST00000586332.5	51	8752	8701
ENST00000586334.1	73	5046	4973
ENST00000586335.2	11207	41990	30783
ENST00000586337.5	1307	5037	3730
ENST00000586341.5	20	8736	8716
ENST00000586342.1	0	294	294
ENST00000586343.2	1614	3196	1582
ENST00000586346.5	498	9005	8507
ENST00000586347.1	681	1353	672
ENST00000586349.5	0	36590	36590
ENST00000586352.5	0	3263	3263
ENST00000586353.6	1245	6013	4768
ENST00000586354.1	0	16	16
ENST00000586355.1	0	16060	16060
ENST00000586359.1	6491	7741	1250
ENST00000586360.1	0	14683	14683
ENST00000586366.5	19	138410	138391
ENST00000586370.6	7582	10732	3150
ENST00000586375.1	0	828	828
ENST00000586379.5	4008	20939	16931
ENST00000586380.5	2208	4567	2359
ENST00000586382.5	0	16447	16447
ENST00000586385.5	118	80133	80015
ENST00000586396.2	5625	9408	3783
ENST00000586397.5	579	16758	16179
ENST00000586400.5	714	8926	8212
ENST00000586405.1	5213	6999	1786
ENST00000586410.2	0	5519	5519
ENST00000586417.5	196	1625	1429
ENST00000586420.5	36	9519	9483
ENST00000586422.5	15	31043	31028
ENST00000586425.2	0	35978	35978
ENST00000586426.5	87	12352	12265
ENST00000586427.1	2065	30680	28615
ENST00000586429.5	15724	63290	47566
ENST00000586433.5	28149	35234	7085
ENST00000586434.1	0	129273	129273
ENST00000586438.5	2590	16289	13699
ENST00000586439.1	523	1299	776
ENST00000586440.1	22	776	754
ENST00000586443.1	0	3266	3266
ENST00000586448.5	411670	472262	60592
ENST00000586449.1	8436	18807	10371
ENST00000586451.5	3419	5857	2438
ENST00000586454.1	4323	12324	8001
ENST00000586463.5	0	268	268
ENST00000586469.1	47	7468	7421
ENST00000586470.5	87	9042	8955
ENST00000586472.5	4281	6297	2016
ENST00000586475.5	119	19228	19109
ENST00000586477.1	0	3417	3417
ENST00000586480.1	39	7528	7489
ENST00000586481.5	6185	7651	1466
ENST00000586484.1	2442	103255	100813
ENST00000586485.5	0	8752	8752
ENST00000586486.1	0	2437	2437
ENST00000586489.5	30	12377	12347
ENST00000586494.1	13237	13715	478
ENST00000586495.1	0	452	452
ENST00000586499.6	0	442	442
ENST00000586501.1	300	8277	7977
ENST00000586504.5	0	4542	4542
ENST00000586510.6	17	14458	14441
ENST00000586514.5	0	29076	29076
ENST00000586516.5	0	5076	5076
ENST00000586517.5	108	16965	16857
ENST00000586519.1	899	2682	1783
ENST00000586521.5	55220	61637	6417
ENST00000586525.5	0	148	148
ENST00000586527.1	26	7032	7006
ENST00000586529.1	1986	5673	3687
ENST00000586531.5	0	7951	7951
ENST00000586532.6	480	82504	82024
ENST00000586534.6	87	8264	8177
ENST00000586536.1	20	1915	1895
ENST00000586539.6	799	79570	78771
ENST00000586541.5	0	2859	2859
ENST00000586542.5	7	18274	18267
ENST00000586543.1	0	8147	8147
ENST00000586545.5	36	15871	15835
ENST00000586546.5	19365	21283	1918
ENST00000586548.5	3595	5163	1568
ENST00000586549.1	0	5707	5707
ENST00000586553.1	0	140745	140745
ENST00000586557.5	1179	25584	24405
ENST00000586559.5	7185	12595	5410
ENST00000586562.6	7720	14512	6792
ENST00000586564.5	867	5087	4220
ENST00000586566.2	2501	26774	24273
ENST00000586569.3	43	61559	61516
ENST00000586570.5	159726	166754	7028
ENST00000586572.1	0	19803	19803
ENST00000586575.5	0	860	860
ENST00000586576.5	18270	50198	31928
ENST00000586577.1	0	3361	3361
ENST00000586578.1	3676	17338	13662
ENST00000586581.5	34597	36934	2337
ENST00000586582.6	1011	18512	17501
ENST00000586587.1	82	21768	21686
ENST00000586589.5	45	8472	8427
ENST00000586590.5	40	3405	3365
ENST00000586592.5	13812	14350	538
ENST00000586599.1	0	490	490
ENST00000586600.5	20049	32484	12435
ENST00000586602.5	5590	8465	2875
ENST00000586604.5	51	113443	113392
ENST00000586605.5	0	24592	24592
ENST00000586606.6	1692	22120	20428
ENST00000586607.5	22	1003	981
ENST00000586608.3	435	3286	2851
ENST00000586609.5	7304	8420	1116
ENST00000586613.1	0	12622	12622
ENST00000586615.5	737	3960	3223
ENST00000586617.1	4081	12576	8495
ENST00000586618.5	86	9030	8944
ENST00000586622.5	2488	43818	41330
ENST00000586624.1	0	3703	3703
ENST00000586631.2	288	586	298
ENST00000586633.5	0	1433	1433
ENST00000586636.5	1587	5459	3872
ENST00000586638.5	23	4624	4601
ENST00000586643.5	0	4930	4930
ENST00000586646.1	25172	25736	564
ENST00000586649.2	622	4533	3911
ENST00000586650.5	5306	7591	2285
ENST00000586651.5	8292	8800	508
ENST00000586652.1	0	3883	3883
ENST00000586653.5	52	16862	16810
ENST00000586656.5	1624	2032	408
ENST00000586659.6	2291	32783	30492
ENST00000586663.2	0	3302	3302
ENST00000586666.5	9528	15545	6017
ENST00000586672.5	5	85695	85690
ENST00000586676.5	0	228	228
ENST00000586677.5	59	18960	18901
ENST00000586680.1	3322	3746	424
ENST00000586681.6	1700	9568	7868
ENST00000586682.1	5	21037	21032
ENST00000586683.5	1754	3539	1785
ENST00000586686.6	1644	2408	764
ENST00000586687.5	558	2090	1532
ENST00000586689.5	674	3494	2820
ENST00000586691.1	0	33176	33176
ENST00000586693.7	0	15064	15064
ENST00000586696.5	5870	56965	51095
ENST00000586699.1	0	461	461
ENST00000586701.1	0	2848	2848
ENST00000586703.1	591	4649	4058
ENST00000586705.5	3338	61300	57962
ENST00000586708.1	0	9002	9002
ENST00000586713.6	102	15864	15762
ENST00000586716.1	0	5013	5013
ENST00000586717.5	1152	31946	30794
ENST00000586719.5	956	2027	1071
ENST00000586720.5	1839	5958	4119
ENST00000586722.5	3	46150	46147
ENST00000586724.5	2171	6467	4296
ENST00000586728.5	0	677	677
ENST00000586731.1	21	9849	9828
ENST00000586738.5	2868	7090	4222
ENST00000586740.1	25	26260	26235
ENST00000586742.5	876	10684	9808
ENST00000586743.5	0	148	148
ENST00000586746.5	2910	9359	6449
ENST00000586748.6	1101	7157	6056
ENST00000586751.5	0	50144	50144
ENST00000586752.5	6244	7198	954
ENST00000586760.2	71	6493	6422
ENST00000586764.1	0	416	416
ENST00000586765.1	86	33785	33699
ENST00000586770.5	0	12581	12581
ENST00000586771.1	481	1797	1316
ENST00000586773.5	1607	5479	3872
ENST00000586775.5	805	6396	5591
ENST00000586782.5	3851	5814	1963
ENST00000586783.6	457	24540	24083
ENST00000586786.1	0	5067	5067
ENST00000586787.1	0	14281	14281
ENST00000586790.6	835	5366	4531
ENST00000586792.5	3475	16702	13227
ENST00000586793.6	0	5836	5836
ENST00000586797.5	60	749	689
ENST00000586799.1	4693	5190	497
ENST00000586800.5	0	152	152
ENST00000586802.5	85	42561	42476
ENST00000586806.1	0	16486	16486
ENST00000586807.5	5968	20768	14800
ENST00000586810.5	52	12859	12807
ENST00000586811.1	0	21429	21429
ENST00000586813.5	77	3354	3277
ENST00000586814.5	0	6442	6442
ENST00000586823.5	21	4264	4243
ENST00000586825.1	9144	10954	1810
ENST00000586826.1	23	2278	2255
ENST00000586827.6	2041	17197	15156
ENST00000586828.5	4166	11681	7515
ENST00000586829.1	0	11869	11869
ENST00000586833.7	3937	25054	21117
ENST00000586834.1	191	39620	39429
ENST00000586835.1	519	2509	1990
ENST00000586836.5	233	7508	7275
ENST00000586837.1	0	2890	2890
ENST00000586838.1	1280	3645	2365
ENST00000586839.1	231	4526	4295
ENST00000586840.1	28	6196	6168
ENST00000586844.5	0	410	410
ENST00000586851.5	0	9233	9233
ENST00000586855.7	144	4847	4703
ENST00000586856.1	0	5446	5446
ENST00000586858.1	0	571	571
ENST00000586861.5	65	11881	11816
ENST00000586863.5	0	8234	8234
ENST00000586866.5	75	21902	21827
ENST00000586867.5	2471	11330	8859
ENST00000586868.1	8	9774	9766
ENST00000586869.5	3687	8269	4582
ENST00000586870.5	5226	28107	22881
ENST00000586872.5	5066	9171	4105
ENST00000586873.1	508	1258	750
ENST00000586876.1	93	8482	8389
ENST00000586888.1	6966	7732	766
ENST00000586889.1	0	2561	2561
ENST00000586890.5	4229	6719	2490
ENST00000586891.1	5640	12597	6957
ENST00000586895.6	420	2302	1882
ENST00000586896.2	0	7835	7835
ENST00000586897.1	93	15209	15116
ENST00000586898.1	644	1176	532
ENST00000586899.1	0	1102	1102
ENST00000586904.1	0	2160	2160
ENST00000586911.1	0	1088	1088
ENST00000586914.5	4980	10693	5713
ENST00000586915.1	0	1403	1403
ENST00000586916.6	0	364	364
ENST00000586919.5	0	98124	98124
ENST00000586926.1	0	1971	1971
ENST00000586927.2	0	5695	5695
ENST00000586929.6	1115	10548	9433
ENST00000586933.5	25955	42211	16256
ENST00000586935.5	929	10901	9972
ENST00000586939.5	57231	58743	1512
ENST00000586945.5	0	252	252
ENST00000586946.1	3117	3884	767
ENST00000586951.6	6137	26923	20786
ENST00000586953.1	0	26299	26299
ENST00000586955.5	0	11291	11291
ENST00000586956.5	40	3405	3365
ENST00000586958.1	4	4453	4449
ENST00000586963.1	86	5162	5076
ENST00000586965.1	3	17557	17554
ENST00000586967.2	71	6543	6472
ENST00000586969.5	0	4862	4862
ENST00000586984.6	36505	94136	57631
ENST00000586985.2	0	32111	32111
ENST00000586987.5	2374	78266	75892
ENST00000586988.5	12504	26686	14182
ENST00000586993.5	0	2032	2032
ENST00000586995.5	38067	56785	18718
ENST00000586997.1	0	61463	61463
ENST00000586998.3	134	6049	5915
ENST00000587001.6	22	11227	11205
ENST00000587002.1	0	290514	290514
ENST00000587003.5	23870	36582	12712
ENST00000587005.5	1976	5732	3756
ENST00000587006.2	116	1151	1035
ENST00000587010.5	11042	11819	777
ENST00000587013.6	78	9078	9000
ENST00000587016.5	0	5943	5943
ENST00000587021.1	212	2612	2400
ENST00000587024.5	582	50672	50090
ENST00000587026.1	0	3865	3865
ENST00000587027.1	0	637	637
ENST00000587029.5	81260	119657	38397
ENST00000587032.2	0	1434	1434
ENST00000587039.1	0	691	691
ENST00000587047.1	6274	22328	16054
ENST00000587048.1	0	598	598
ENST00000587052.1	0	120	120
ENST00000587062.1	0	4009	4009
ENST00000587064.5	1514	14487	12973
ENST00000587065.2	16801	21456	4655
ENST00000587067.1	0	1461	1461
ENST00000587069.5	160	5023	4863
ENST00000587070.5	127	1102	975
ENST00000587072.1	128	2703	2575
ENST00000587077.6	2711	6202	3491
ENST00000587079.5	94	28435	28341
ENST00000587082.5	10686	17740	7054
ENST00000587086.3	524	2588	2064
ENST00000587087.5	0	8943	8943
ENST00000587089.6	9025	13775	4750
ENST00000587090.5	19095	28027	8932
ENST00000587091.6	145	111668	111523
ENST00000587093.1	0	348	348
ENST00000587096.5	0	14692	14692
ENST00000587097.6	2461	7294	4833
ENST00000587103.5	0	418	418
ENST00000587105.1	690	5021	4331
ENST00000587107.5	0	148	148
ENST00000587109.5	3900	4394	494
ENST00000587112.1	0	19578	19578
ENST00000587113.1	6182	7740	1558
ENST00000587119.5	29382	44366	14984
ENST00000587127.1	1149	12230	11081
ENST00000587129.5	60	46519	46459
ENST00000587130.6	20462	36481	16019
ENST00000587133.1	63	12968	12905
ENST00000587135.1	0	17133	17133
ENST00000587137.5	0	14720	14720
ENST00000587139.5	0	394777	394777
ENST00000587142.5	4	2127	2123
ENST00000587143.5	16458	32108	15650
ENST00000587146.5	0	4796	4796
ENST00000587147.1	207	2350	2143
ENST00000587149.6	804	1823	1019
ENST00000587152.6	266	38572	38306
ENST00000587157.1	261	1283	1022
ENST00000587160.2	0	5178	5178
ENST00000587161.5	10148	12547	2399
ENST00000587166.5	23	18456	18433
ENST00000587169.5	1599	2362	763
ENST00000587171.1	0	988	988
ENST00000587172.1	114	1876	1762
ENST00000587173.5	165	7392	7227
ENST00000587178.1	0	3879	3879
ENST00000587180.1	0	4728	4728
ENST00000587181.1	0	7588	7588
ENST00000587183.1	0	26	26
ENST00000587184.5	0	86567	86567
ENST00000587186.5	28	7222	7194
ENST00000587190.5	100869	100961	92
ENST00000587191.3	10935	11515	580
ENST00000587194.1	0	12820	12820
ENST00000587196.2	0	4009	4009
ENST00000587199.5	0	18	18
ENST00000587200.1	9777	12341	2564
ENST00000587205.1	0	1992	1992
ENST00000587207.1	9865	21142	11277
ENST00000587209.5	628	5361	4733
ENST00000587210.1	0	1837	1837
ENST00000587212.5	21761	35427	13666
ENST00000587213.5	989	1347	358
ENST00000587214.1	472	1354	882
ENST00000587226.5	0	2028	2028
ENST00000587227.1	0	19205	19205
ENST00000587228.5	69690	106080	36390
ENST00000587230.6	355	6854	6499
ENST00000587235.6	0	25075	25075
ENST00000587238.5	123	16498	16375
ENST00000587239.5	0	434	434
ENST00000587244.5	1543	43594	42051
ENST00000587247.1	0	973	973
ENST00000587250.4	117	4122	4005
ENST00000587251.5	3359	6196	2837
ENST00000587252.5	9113	10293	1180
ENST00000587256.1	0	7602	7602
ENST00000587258.1	0	5245	5245
ENST00000587259.6	23793	133461	109668
ENST00000587260.1	58	66740	66682
ENST00000587262.1	133	3799	3666
ENST00000587263.5	17357	44928	27571
ENST00000587265.1	0	742	742
ENST00000587269.5	0	29078	29078
ENST00000587274.1	0	5788	5788
ENST00000587279.1	1190	1944	754
ENST00000587283.5	41	19233	19192
ENST00000587295.5	186	4310	4124
ENST00000587296.1	6563	9042	2479
ENST00000587297.1	175	11525	11350
ENST00000587303.5	409	85579	85170
ENST00000587304.3	1476	7167	5691
ENST00000587307.1	0	2027	2027
ENST00000587308.5	0	2513	2513
ENST00000587309.5	1694	14120	12426
ENST00000587310.5	3144	4311	1167
ENST00000587311.5	1903	6076	4173
ENST00000587314.1	2418	4799	2381
ENST00000587318.5	22	6498	6476
ENST00000587321.1	0	3179	3179
ENST00000587323.5	1604	3996	2392
ENST00000587326.1	196	899	703
ENST00000587327.5	373	15223	14850
ENST00000587330.1	0	3159	3159
ENST00000587331.7	2306	12621	10315
ENST00000587334.1	0	2129	2129
ENST00000587337.1	2335	4189	1854
ENST00000587339.2	2631	4395	1764
ENST00000587340.5	266	5218	4952
ENST00000587345.1	211	1787	1576
ENST00000587349.1	3005	14611	11606
ENST00000587351.1	0	1282	1282
ENST00000587352.5	2005	22871	20866
ENST00000587354.6	2803	10327	7524
ENST00000587356.1	0	22962	22962
ENST00000587359.5	93147	120735	27588
ENST00000587360.1	122	6031	5909
ENST00000587363.1	306	568	262
ENST00000587365.1	0	19849	19849
ENST00000587367.5	94	1398	1304
ENST00000587372.5	72	14562	14490
ENST00000587374.5	0	2457	2457
ENST00000587376.6	1699	11505	9806
ENST00000587377.5	969	6265	5296
ENST00000587379.1	6560	6698	138
ENST00000587382.5	1456	40653	39197
ENST00000587384.6	5323	9429	4106
ENST00000587387.5	3863	5778	1915
ENST00000587388.5	0	6587	6587
ENST00000587391.6	9	28346	28337
ENST00000587392.5	142	7305	7163
ENST00000587394.6	82	6989	6907
ENST00000587396.1	0	1540	1540
ENST00000587400.1	475	2251	1776
ENST00000587401.5	0	4419	4419
ENST00000587402.2	40	12403	12363
ENST00000587405.6	532	7307	6775
ENST00000587414.1	0	262	262
ENST00000587418.2	0	3615	3615
ENST00000587419.5	9063	56430	47367
ENST00000587421.5	0	27812	27812
ENST00000587422.1	0	236	236
ENST00000587424.3	308	1998	1690
ENST00000587425.5	2238	6824	4586
ENST00000587427.6	619	6076	5457
ENST00000587435.1	0	2964	2964
ENST00000587437.5	554	12427	11873
ENST00000587439.5	51	6732	6681
ENST00000587450.1	0	29496	29496
ENST00000587452.5	192	23637	23445
ENST00000587458.1	0	1515	1515
ENST00000587459.1	0	5663	5663
ENST00000587460.6	29	2473	2444
ENST00000587461.5	370	35536	35166
ENST00000587462.1	0	1515	1515
ENST00000587463.5	10147	46763	36616
ENST00000587464.1	15186	21430	6244
ENST00000587465.6	83	9018	8935
ENST00000587467.5	14313	14851	538
ENST00000587468.1	163	3532	3369
ENST00000587469.1	69	33117	33048
ENST00000587479.2	0	4142	4142
ENST00000587484.5	0	3446	3446
ENST00000587487.5	0	3933	3933
ENST00000587488.5	39	6364	6325
ENST00000587489.6	316	28444	28128
ENST00000587490.5	0	1399	1399
ENST00000587492.5	91	3340	3249
ENST00000587501.1	32	7579	7547
ENST00000587502.2	163	2756	2593
ENST00000587504.6	3114	7869	4755
ENST00000587505.5	94	6888	6794
ENST00000587508.1	0	8263	8263
ENST00000587509.5	491	6101	5610
ENST00000587510.5	0	9684	9684
ENST00000587515.5	84	1956	1872
ENST00000587516.5	225	26418	26193
ENST00000587518.5	3900	5427	1527
ENST00000587519.4	0	15941	15941
ENST00000587521.7	5430	7668	2238
ENST00000587522.3	2191	3827	1636
ENST00000587525.5	822	53830	53008
ENST00000587529.1	452	2953	2501
ENST00000587531.5	3396	4749	1353
ENST00000587532.5	0	40556	40556
ENST00000587539.2	193	13252	13059
ENST00000587541.5	854	16272	15418
ENST00000587543.1	0	1957	1957
ENST00000587544.5	148	4564	4416
ENST00000587549.1	0	6482	6482
ENST00000587551.1	0	188	188
ENST00000587555.5	0	20321	20321
ENST00000587556.1	4929	9431	4502
ENST00000587557.5	407	21093	20686
ENST00000587559.5	4039	10973	6934
ENST00000587560.5	31	1012	981
ENST00000587563.5	8767	9059	292
ENST00000587566.5	184052	187141	3089
ENST00000587567.1	923	4665	3742
ENST00000587574.1	0	4351	4351
ENST00000587578.1	0	92	92
ENST00000587583.6	273	20118	19845
ENST00000587589.1	311	1831	1520
ENST00000587591.5	42328	43202	874
ENST00000587597.5	3221	12906	9685
ENST00000587599.5	0	6482	6482
ENST00000587601.5	7029	10265	3236
ENST00000587602.5	89	6099	6010
ENST00000587603.5	5681	10800	5119
ENST00000587605.5	122	12027	11905
ENST00000587606.5	108	10241	10133
ENST00000587607.5	0	8397	8397
ENST00000587613.1	0	33446	33446
ENST00000587615.1	268	5882	5614
ENST00000587617.1	5843	25927	20084
ENST00000587625.5	22	13302	13280
ENST00000587627.1	0	3526	3526
ENST00000587630.1	0	2069	2069
ENST00000587632.1	579	6365	5786
ENST00000587633.1	2821	6140	3319
ENST00000587635.5	94	73270	73176
ENST00000587636.1	0	8669	8669
ENST00000587648.5	70	1872	1802
ENST00000587649.1	774	5440	4666
ENST00000587652.5	21	124942	124921
ENST00000587654.5	268	5859	5591
ENST00000587655.2	0	26897	26897
ENST00000587656.6	3	69140	69137
ENST00000587657.1	0	14244	14244
ENST00000587658.5	4522	11360	6838
ENST00000587666.1	0	17518	17518
ENST00000587670.2	24	25332	25308
ENST00000587671.2	12528	17981	5453
ENST00000587675.5	0	8587	8587
ENST00000587676.1	0	356	356
ENST00000587678.1	200	4806	4606
ENST00000587679.1	87	2363	2276
ENST00000587682.6	11499	17972	6473
ENST00000587686.1	0	25099	25099
ENST00000587690.5	99	6147	6048
ENST00000587698.5	27090	27474	384
ENST00000587703.5	141	51570	51429
ENST00000587707.2	4626	7139	2513
ENST00000587708.7	280	1493	1213
ENST00000587710.5	80	3699	3619
ENST00000587711.5	0	5372	5372
ENST00000587718.5	904	10671	9767
ENST00000587721.1	9356	15722	6366
ENST00000587722.1	74	1284	1210
ENST00000587724.5	139	4999	4860
ENST00000587725.5	215	91311	91096
ENST00000587727.6	279	6026	5747
ENST00000587734.1	18	2952	2934
ENST00000587735.1	323	8356	8033
ENST00000587738.2	203	18253	18050
ENST00000587739.1	0	20288	20288
ENST00000587740.5	0	9883	9883
ENST00000587742.5	0	4374	4374
ENST00000587745.1	0	2212	2212
ENST00000587746.5	0	8819	8819
ENST00000587747.5	115	65762	65647
ENST00000587751.1	3399	3511	112
ENST00000587752.5	79578	172285	92707
ENST00000587753.5	985	18828	17843
ENST00000587755.1	30999	53460	22461
ENST00000587757.5	1241	34993	33752
ENST00000587758.5	124	15104	14980
ENST00000587760.5	41	67666	67625
ENST00000587761.1	74	31594	31520
ENST00000587763.1	8231	29246	21015
ENST00000587772.1	3	39363	39360
ENST00000587773.1	0	9105	9105
ENST00000587775.1	1115	1716	601
ENST00000587778.5	0	7419	7419
ENST00000587780.5	1497	10194	8697
ENST00000587782.1	0	1074	1074
ENST00000587783.5	0	398	398
ENST00000587785.1	0	11480	11480
ENST00000587786.5	1770	8695	6925
ENST00000587787.1	0	52	52
ENST00000587788.1	296	6738	6442
ENST00000587798.1	1029	1785	756
ENST00000587805.1	0	9863	9863
ENST00000587806.5	702	1546	844
ENST00000587807.5	23431	35820	12389
ENST00000587809.5	0	12026	12026
ENST00000587810.1	0	15635	15635
ENST00000587816.2	112903	113673	770
ENST00000587817.5	8430	63510	55080
ENST00000587819.5	0	49237	49237
ENST00000587820.1	2211	49713	47502
ENST00000587824.5	1826	11506	9680
ENST00000587825.1	0	11170	11170
ENST00000587830.2	0	30142	30142
ENST00000587834.6	65	19368	19303
ENST00000587837.5	3162	3929	767
ENST00000587840.5	0	8237	8237
ENST00000587843.5	3606	5802	2196
ENST00000587844.1	0	1006	1006
ENST00000587845.5	0	6618	6618
ENST00000587846.5	95	3138	3043
ENST00000587847.1	338	4117	3779
ENST00000587848.3	175	36830	36655
ENST00000587853.1	307	1988	1681
ENST00000587857.6	20471	36490	16019
ENST00000587858.5	261	1150	889
ENST00000587862.5	37	9884	9847
ENST00000587866.1	0	1689	1689
ENST00000587867.1	2063	5801	3738
ENST00000587869.5	6700	9449	2749
ENST00000587871.1	2939	6423	3484
ENST00000587873.5	2378	6454	4076
ENST00000587878.1	0	46471	46471
ENST00000587880.1	1518	3436	1918
ENST00000587881.1	0	74843	74843
ENST00000587884.2	59627	123988	64361
ENST00000587885.1	2772	4108	1336
ENST00000587886.2	0	58	58
ENST00000587887.5	174	967	793
ENST00000587888.5	5737	6838	1101
ENST00000587891.5	174	26888	26714
ENST00000587892.1	27088	27300	212
ENST00000587896.6	1602	3994	2392
ENST00000587905.6	169697	403578	233881
ENST00000587909.1	0	7589	7589
ENST00000587911.5	8810	19954	11144
ENST00000587913.1	596	5203	4607
ENST00000587915.1	0	5004	5004
ENST00000587919.1	0	2491	2491
ENST00000587922.5	124	18191	18067
ENST00000587924.1	0	47214	47214
ENST00000587925.5	0	11986	11986
ENST00000587927.5	3873	6873	3000
ENST00000587929.1	1813	5568	3755
ENST00000587934.1	0	240	240
ENST00000587936.5	10684	11484	800
ENST00000587939.5	17158	19482	2324
ENST00000587941.1	165	1052	887
ENST00000587943.5	0	660	660
ENST00000587945.1	57469	66349	8880
ENST00000587947.5	248	5248	5000
ENST00000587948.5	39	3404	3365
ENST00000587950.5	132	2143	2011
ENST00000587954.1	668	2160	1492
ENST00000587955.1	3	8789	8786
ENST00000587959.1	0	11710	11710
ENST00000587962.6	711	3616	2905
ENST00000587965.1	299	2034	1735
ENST00000587969.1	0	830	830
ENST00000587975.2	936	17386	16450
ENST00000587977.5	16417	19433	3016
ENST00000587981.1	0	3892	3892
ENST00000587985.6	1456	19753	18297
ENST00000587986.5	16222	26730	10508
ENST00000587987.5	2198	2974	776
ENST00000587989.1	660	4772	4112
ENST00000587993.5	2260	3033	773
ENST00000587994.5	345	31490	31145
ENST00000587995.5	489	128603	128114
ENST00000588001.2	0	2026	2026
ENST00000588002.5	0	2785	2785
ENST00000588003.5	0	2470	2470
ENST00000588004.1	0	5148	5148
ENST00000588010.5	2127	46783	44656
ENST00000588012.5	240	85301	85061
ENST00000588014.5	1885	4908	3023
ENST00000588018.5	776	2316	1540
ENST00000588019.1	196	5826	5630
ENST00000588025.5	272	13047	12775
ENST00000588028.1	0	88	88
ENST00000588030.5	11550	13566	2016
ENST00000588031.5	257	4444	4187
ENST00000588032.6	0	13607	13607
ENST00000588033.1	350	1729	1379
ENST00000588037.1	0	2252	2252
ENST00000588048.2	0	98	98
ENST00000588049.5	0	2615	2615
ENST00000588052.5	0	2012	2012
ENST00000588053.5	0	110	110
ENST00000588057.1	0	37742	37742
ENST00000588059.5	10346	29144	18798
ENST00000588061.6	0	61131	61131
ENST00000588062.5	1029	15625	14596
ENST00000588067.1	2800	7881	5081
ENST00000588072.6	1826	15821	13995
ENST00000588075.5	0	458	458
ENST00000588076.1	271	2513	2242
ENST00000588077.5	92	124842	124750
ENST00000588078.5	0	66878	66878
ENST00000588081.5	58	2987	2929
ENST00000588086.6	2873	35113	32240
ENST00000588090.5	3846	5862	2016
ENST00000588103.5	0	550	550
ENST00000588107.5	16848	25001	8153
ENST00000588109.5	0	2610	2610
ENST00000588110.5	2289	18390	16101
ENST00000588114.5	253	4532	4279
ENST00000588115.5	457	6290	5833
ENST00000588116.1	0	26515	26515
ENST00000588118.5	0	26101	26101
ENST00000588119.1	0	1411	1411
ENST00000588120.5	3834	15479	11645
ENST00000588123.2	0	2419	2419
ENST00000588124.1	13683	15251	1568
ENST00000588125.5	162642	172816	10174
ENST00000588127.5	4965	10976	6011
ENST00000588128.1	0	814	814
ENST00000588130.5	11042	12639	1597
ENST00000588136.7	2418	42891	40473
ENST00000588138.2	2001	64787	62786
ENST00000588140.1	0	5049	5049
ENST00000588143.5	3883	5672	1789
ENST00000588146.1	15676	32923	17247
ENST00000588147.5	0	9563	9563
ENST00000588149.5	0	110	110
ENST00000588161.5	124	9862	9738
ENST00000588162.1	432	15154	14722
ENST00000588164.2	0	2857	2857
ENST00000588168.5	2005	70230	68225
ENST00000588169.5	4	14210	14206
ENST00000588171.5	3878	5466	1588
ENST00000588172.1	0	1107	1107
ENST00000588173.1	1212	2548	1336
ENST00000588174.1	145	19429	19284
ENST00000588176.5	0	23631	23631
ENST00000588178.6	2518	18697	16179
ENST00000588179.6	3076	15607	12531
ENST00000588183.5	27273	29191	1918
ENST00000588184.2	213	5313	5100
ENST00000588186.5	0	9090	9090
ENST00000588188.7	2970	39692	36722
ENST00000588191.5	0	8368	8368
ENST00000588198.5	857	5110	4253
ENST00000588199.5	9	18430	18421
ENST00000588201.5	3918	5677	1759
ENST00000588202.5	6952	21130	14178
ENST00000588203.1	3575	3841	266
ENST00000588205.5	3818	4188	370
ENST00000588208.6	3799	9370	5571
ENST00000588210.1	1376	12946	11570
ENST00000588212.1	0	67991	67991
ENST00000588213.1	706	4409	3703
ENST00000588216.5	22	22288	22266
ENST00000588218.1	0	3992	3992
ENST00000588219.5	16001	22703	6702
ENST00000588221.5	680	7583	6903
ENST00000588228.5	554	71420	70866
ENST00000588229.1	0	962	962
ENST00000588230.5	1602	3994	2392
ENST00000588231.1	0	12169	12169
ENST00000588232.5	0	3226	3226
ENST00000588233.1	0	428	428
ENST00000588234.6	22	4033	4011
ENST00000588237.5	3863	6255	2392
ENST00000588239.5	10049	12449	2400
ENST00000588241.5	2096	8217	6121
ENST00000588248.6	0	8380	8380
ENST00000588250.1	42	5830	5788
ENST00000588258.6	955	5078	4123
ENST00000588259.5	2104	3436	1332
ENST00000588261.1	0	5579	5579
ENST00000588262.5	19	6209	6190
ENST00000588263.5	29524	31038	1514
ENST00000588265.1	55	10980	10925
ENST00000588266.6	211	7092	6881
ENST00000588267.5	5920	7178	1258
ENST00000588268.6	2038	29772	27734
ENST00000588269.1	494	2655	2161
ENST00000588270.1	53	8584	8531
ENST00000588272.1	0	12712	12712
ENST00000588276.5	453	4677	4224
ENST00000588282.5	6	4208	4202
ENST00000588283.1	2100	5830	3730
ENST00000588289.1	13	2222	2209
ENST00000588295.2	0	1012	1012
ENST00000588297.5	0	30161	30161
ENST00000588301.5	93	4776	4683
ENST00000588302.5	6244	6882	638
ENST00000588304.5	11894	56855	44961
ENST00000588308.5	7427	31244	23817
ENST00000588311.5	8789	21311	12522
ENST00000588312.2	378	11939	11561
ENST00000588316.1	0	4570	4570
ENST00000588328.7	395	136337	135942
ENST00000588337.5	63777	72426	8649
ENST00000588344.2	0	2321	2321
ENST00000588345.1	79471	124027	44556
ENST00000588347.5	0	5222	5222
ENST00000588349.6	91776	124011	32235
ENST00000588350.1	1974	20302	18328
ENST00000588352.5	0	1230	1230
ENST00000588354.1	309	4598	4289
ENST00000588358.5	5961	6393	432
ENST00000588359.5	102	8437	8335
ENST00000588361.1	0	59736	59736
ENST00000588365.1	0	314	314
ENST00000588367.5	20	5808	5788
ENST00000588371.1	2904	15368	12464
ENST00000588372.5	6398	7594	1196
ENST00000588373.5	6452	9077	2625
ENST00000588374.1	9228	18505	9277
ENST00000588381.1	0	1198	1198
ENST00000588385.5	267	10400	10133
ENST00000588388.5	33016	85593	52577
ENST00000588394.5	5222	23230	18008
ENST00000588395.1	0	148	148
ENST00000588401.1	0	612	612
ENST00000588408.6	207	11654	11447
ENST00000588409.1	40	9481	9441
ENST00000588411.5	9778	10589	811
ENST00000588412.5	0	221363	221363
ENST00000588413.5	1813	2414	601
ENST00000588421.1	0	2545	2545
ENST00000588423.1	0	23117	23117
ENST00000588426.5	124	14806	14682
ENST00000588427.5	599	17971	17372
ENST00000588428.5	95	21216	21121
ENST00000588430.3	2920	12059	9139
ENST00000588431.1	1172	5223	4051
ENST00000588433.6	112002	156037	44035
ENST00000588437.5	4753	4781	28
ENST00000588442.5	0	252	252
ENST00000588444.5	202	10845	10643
ENST00000588446.1	0	14718	14718
ENST00000588447.5	29102	30616	1514
ENST00000588448.1	191	1021	830
ENST00000588451.1	4604	31325	26721
ENST00000588454.6	35	6304	6269
ENST00000588456.5	53411	54157	746
ENST00000588457.5	7914	34194	26280
ENST00000588460.6	674	42004	41330
ENST00000588461.1	0	102	102
ENST00000588462.5	0	715489	715489
ENST00000588470.5	46294	65695	19401
ENST00000588477.5	400	3879	3479
ENST00000588479.6	165	8410	8245
ENST00000588482.5	0	3057	3057
ENST00000588485.6	5877	56972	51095
ENST00000588488.1	0	7544	7544
ENST00000588489.5	180	7339	7159
ENST00000588491.1	1995	3268	1273
ENST00000588494.5	126787	127739	952
ENST00000588496.5	0	12567	12567
ENST00000588499.6	791	11929	11138
ENST00000588502.5	67	6901	6834
ENST00000588512.5	3022	9294	6272
ENST00000588513.1	0	8737	8737
ENST00000588515.5	0	20980	20980
ENST00000588522.5	10138	12866	2728
ENST00000588525.1	778	3020	2242
ENST00000588527.5	5342	11381	6039
ENST00000588532.5	1579	10317	8738
ENST00000588537.1	762	1942	1180
ENST00000588540.1	103317	145025	41708
ENST00000588541.5	5003	9874	4871
ENST00000588543.5	54195	54633	438
ENST00000588544.5	4221	4976	755
ENST00000588549.1	8016	8588	572
ENST00000588558.6	236	666	430
ENST00000588560.5	33	3398	3365
ENST00000588563.5	2861	7319	4458
ENST00000588566.5	0	88	88
ENST00000588571.6	285	49997	49712
ENST00000588572.6	4418	5476	1058
ENST00000588575.1	176	168917	168741
ENST00000588576.1	4	1844	1840
ENST00000588577.5	6414	18918	12504
ENST00000588578.5	16300	29640	13340
ENST00000588579.1	0	478	478
ENST00000588591.5	10767	30444	19677
ENST00000588592.5	3412	5784	2372
ENST00000588594.5	7062	19374	12312
ENST00000588596.1	18249	23068	4819
ENST00000588597.5	72	307948	307876
ENST00000588599.5	93	1397	1304
ENST00000588600.1	126	27494	27368
ENST00000588601.5	54805	55365	560
ENST00000588602.1	0	724	724
ENST00000588605.5	98	769	671
ENST00000588606.5	357	1096	739
ENST00000588607.5	342	3271	2929
ENST00000588611.5	0	870	870
ENST00000588614.1	54552	61536	6984
ENST00000588616.6	9805	14121	4316
ENST00000588619.5	16886	28925	12039
ENST00000588623.5	39240	51966	12726
ENST00000588625.2	512	1275	763
ENST00000588626.1	21904	22753	849
ENST00000588637.5	4001	10659	6658
ENST00000588641.6	4021	29163	25142
ENST00000588642.1	819	5479	4660
ENST00000588644.5	6618	7210	592
ENST00000588645.1	40	13170	13130
ENST00000588648.7	0	29183	29183
ENST00000588649.7	56	19960	19904
ENST00000588653.5	0	7321	7321
ENST00000588657.6	16260	37638	21378
ENST00000588659.5	1167	6702	5535
ENST00000588661.5	0	8797	8797
ENST00000588665.5	0	1242	1242
ENST00000588666.1	0	7301	7301
ENST00000588667.5	120	5737	5617
ENST00000588668.5	15427	47050	31623
ENST00000588670.5	69	4263	4194
ENST00000588671.2	0	3811	3811
ENST00000588673.3	154	3140	2986
ENST00000588674.5	146	5297	5151
ENST00000588676.1	0	2262	2262
ENST00000588679.1	51	457	406
ENST00000588682.5	3874	5567	1693
ENST00000588684.5	162619	162729	110
ENST00000588687.5	392	16982	16590
ENST00000588688.5	114	6634	6520
ENST00000588690.6	79865	177301	97436
ENST00000588691.1	0	6113	6113
ENST00000588692.5	1063	5165	4102
ENST00000588693.5	1207	6618	5411
ENST00000588695.5	4	14340	14336
ENST00000588699.5	764	12208	11444
ENST00000588700.5	1320	16131	14811
ENST00000588703.5	0	17367	17367
ENST00000588705.1	21524	41864	20340
ENST00000588709.5	0	4896	4896
ENST00000588715.5	354	3283	2929
ENST00000588722.5	5897	21247	15350
ENST00000588724.5	0	697	697
ENST00000588729.5	31	19654	19623
ENST00000588730.1	42781	66807	24026
ENST00000588731.6	27403	44644	17241
ENST00000588732.5	40399	44214	3815
ENST00000588734.5	641	13668	13027
ENST00000588735.3	4191	13614	9423
ENST00000588737.5	114	48630	48516
ENST00000588740.5	814	5345	4531
ENST00000588742.5	4977	10204	5227
ENST00000588745.5	0	32777	32777
ENST00000588746.5	687	1195	508
ENST00000588749.1	0	6046	6046
ENST00000588750.5	645	5226	4581
ENST00000588751.5	400	43708	43308
ENST00000588756.5	228	21297	21069
ENST00000588759.1	364	1816	1452
ENST00000588760.1	343	6116	5773
ENST00000588762.5	486	1370	884
ENST00000588764.5	0	3361	3361
ENST00000588767.5	9	3240	3231
ENST00000588768.5	0	6293	6293
ENST00000588773.5	782	1108	326
ENST00000588776.8	153	1628	1475
ENST00000588780.5	44	9692	9648
ENST00000588783.5	2868	7090	4222
ENST00000588787.5	2291	12333	10042
ENST00000588790.5	1306	10453	9147
ENST00000588791.1	2785	5595	2810
ENST00000588795.5	4965	8132	3167
ENST00000588797.6	3994	19783	15789
ENST00000588800.5	9	18934	18925
ENST00000588802.5	567	5148	4581
ENST00000588807.1	0	156	156
ENST00000588808.5	0	6184	6184
ENST00000588809.1	0	3707	3707
ENST00000588810.6	76	2520	2444
ENST00000588814.5	18437	41281	22844
ENST00000588815.5	885	10503	9618
ENST00000588822.1	6225	7179	954
ENST00000588830.1	315	4393	4078
ENST00000588831.5	3876	11348	7472
ENST00000588833.1	8339	8829	490
ENST00000588841.1	0	28	28
ENST00000588844.1	12709	21090	8381
ENST00000588848.5	0	5277	5277
ENST00000588849.1	1201	4973	3772
ENST00000588852.2	123	47935	47812
ENST00000588853.1	0	14707	14707
ENST00000588857.5	174	9122	8948
ENST00000588858.5	0	1128	1128
ENST00000588859.5	4237	6694	2457
ENST00000588860.6	18519	51581	33062
ENST00000588865.2	134	1208	1074
ENST00000588866.5	1699	7730	6031
ENST00000588868.5	869	24395	23526
ENST00000588869.1	5593	8634	3041
ENST00000588871.5	1614	6176	4562
ENST00000588872.3	553	8706	8153
ENST00000588873.1	30	114410	114380
ENST00000588874.5	2671	507109	504438
ENST00000588875.2	50	19226	19176
ENST00000588877.5	589	72352	71763
ENST00000588880.5	2861	2951	90
ENST00000588881.5	3553	16887	13334
ENST00000588882.1	66	5456	5390
ENST00000588883.5	4980	8147	3167
ENST00000588884.1	64	2259	2195
ENST00000588885.1	0	11001	11001
ENST00000588891.1	50	9594	9544
ENST00000588895.1	0	5897	5897
ENST00000588897.5	18066	26806	8740
ENST00000588898.1	0	128123	128123
ENST00000588899.1	2374	2744	370
ENST00000588901.6	2017	11420	9403
ENST00000588905.5	137	5335	5198
ENST00000588907.2	9538	9973	435
ENST00000588909.1	0	10000	10000
ENST00000588910.5	109	86455	86346
ENST00000588911.5	3038	17927	14889
ENST00000588913.5	2255	7922	5667
ENST00000588918.5	514	14607	14093
ENST00000588919.5	52	3409	3357
ENST00000588920.1	0	7848	7848
ENST00000588921.1	0	26442	26442
ENST00000588922.5	1439	8680	7241
ENST00000588926.5	2413	5227	2814
ENST00000588927.5	46450	49079	2629
ENST00000588928.1	1612	2040	428
ENST00000588933.5	680	7583	6903
ENST00000588934.5	83	18165	18082
ENST00000588935.1	0	3143	3143
ENST00000588936.5	1139	14036	12897
ENST00000588937.5	3	12108	12105
ENST00000588940.5	0	6589	6589
ENST00000588942.1	59	4601	4542
ENST00000588947.5	107	37898	37791
ENST00000588949.6	45680	47025	1345
ENST00000588952.5	0	7693	7693
ENST00000588954.5	14567	15756	1189
ENST00000588955.5	0	506	506
ENST00000588957.5	0	1812	1812
ENST00000588958.6	31609	40914	9305
ENST00000588964.1	439	853	414
ENST00000588967.1	7385	9114	1729
ENST00000588968.5	248	7390	7142
ENST00000588969.5	257	35312	35055
ENST00000588970.5	0	148	148
ENST00000588971.1	0	2369	2369
ENST00000588972.1	0	4562	4562
ENST00000588978.1	0	141123	141123
ENST00000588979.5	0	4659	4659
ENST00000588981.6	220	15280	15060
ENST00000588982.5	2590	16289	13699
ENST00000588983.5	0	5233	5233
ENST00000588985.1	0	1448	1448
ENST00000588990.5	1513	2680	1167
ENST00000588991.7	117	36929	36812
ENST00000588992.5	68	2523	2455
ENST00000588993.1	2224	4694	2470
ENST00000588994.5	0	65590	65590
ENST00000588998.5	1542	13484	11942
ENST00000589003.5	5205	26737	21532
ENST00000589005.5	15964	26493	10529
ENST00000589006.1	0	7267	7267
ENST00000589011.1	32	23497	23465
ENST00000589017.6	3620	19799	16179
ENST00000589018.5	73	34345	34272
ENST00000589020.1	0	6433	6433
ENST00000589028.6	36307	501960	465653
ENST00000589029.1	0	448	448
ENST00000589032.1	3109	4751	1642
ENST00000589034.5	0	8473	8473
ENST00000589037.5	478	5048	4570
ENST00000589039.5	145	5276	5131
ENST00000589042.5	1026	386264	385238
ENST00000589046.1	26470	29396	2926
ENST00000589048.2	241	5272	5031
ENST00000589049.5	407	31424	31017
ENST00000589050.1	0	42667	42667
ENST00000589051.1	366	3601	3235
ENST00000589052.5	90	6884	6794
ENST00000589054.5	277	352196	351919
ENST00000589056.5	62	12170	12108
ENST00000589057.5	22	7519	7497
ENST00000589063.5	50	3191	3141
ENST00000589065.5	0	25301	25301
ENST00000589070.1	207	122206	121999
ENST00000589073.1	307	8880	8573
ENST00000589076.6	16947	50009	33062
ENST00000589077.5	0	148	148
ENST00000589078.1	52	1611	1559
ENST00000589080.1	0	2004	2004
ENST00000589082.1	3120	4393	1273
ENST00000589083.5	450	6842	6392
ENST00000589093.6	229	35865	35636
ENST00000589096.1	0	358	358
ENST00000589097.6	689	3535	2846
ENST00000589102.1	0	7140	7140
ENST00000589106.1	0	1675	1675
ENST00000589107.5	9	5477	5468
ENST00000589109.5	177501	372746	195245
ENST00000589113.1	0	6964	6964
ENST00000589115.6	36	3069	3033
ENST00000589117.5	3618	20311	16693
ENST00000589121.1	0	2972	2972
ENST00000589123.5	120	104689	104569
ENST00000589126.5	499	7302	6803
ENST00000589130.5	105	33557	33452
ENST00000589132.1	36282	37152	870
ENST00000589140.1	96	22814	22718
ENST00000589143.5	198	16212	16014
ENST00000589144.5	26400	28039	1639
ENST00000589145.1	47	3477	3430
ENST00000589146.5	1059	10160	9101
ENST00000589149.5	295	2137	1842
ENST00000589154.1	0	1572	1572
ENST00000589155.5	3647	19163	15516
ENST00000589156.1	0	11705	11705
ENST00000589159.5	468	1698	1230
ENST00000589160.5	4997	8164	3167
ENST00000589163.5	824	22135	21311
ENST00000589165.5	10	14588	14578
ENST00000589166.1	0	4205	4205
ENST00000589168.1	0	3589	3589
ENST00000589170.5	0	88	88
ENST00000589171.5	318	1115	797
ENST00000589172.5	0	3716	3716
ENST00000589174.1	0	5831	5831
ENST00000589176.1	1564	11537	9973
ENST00000589178.5	2488	4369	1881
ENST00000589180.5	93203	150370	57167
ENST00000589181.5	254	5510	5256
ENST00000589183.1	15	2586	2571
ENST00000589184.5	1772	3628	1856
ENST00000589185.2	284	1630	1346
ENST00000589188.5	29366	29959	593
ENST00000589189.5	27234	64919	37685
ENST00000589191.1	0	1917	1917
ENST00000589194.5	0	148	148
ENST00000589200.3	20819	22810	1991
ENST00000589202.1	0	2060	2060
ENST00000589208.1	16960	18353	1393
ENST00000589209.5	962	3891	2929
ENST00000589210.6	2635	24709	22074
ENST00000589213.1	712	8187	7475
ENST00000589214.1	0	3472	3472
ENST00000589215.5	106	5949	5843
ENST00000589216.1	19654	67084	47430
ENST00000589222.5	1606	716917	715311
ENST00000589225.5	10956	52247	41291
ENST00000589226.5	0	9626	9626
ENST00000589228.6	2970	19149	16179
ENST00000589229.5	0	49254	49254
ENST00000589230.6	919	8787	7868
ENST00000589231.1	2604	3274	670
ENST00000589235.5	1584	5456	3872
ENST00000589238.5	47083	49712	2629
ENST00000589240.1	264	5109	4845
ENST00000589245.5	10673	49522	38849
ENST00000589247.1	0	8946	8946
ENST00000589248.5	147	28909	28762
ENST00000589251.5	0	5887	5887
ENST00000589252.5	0	11396	11396
ENST00000589253.1	847	1065	218
ENST00000589256.5	9	9968	9959
ENST00000589258.1	20	54369	54349
ENST00000589262.5	1901	6801	4900
ENST00000589264.5	0	10969	10969
ENST00000589265.5	3860	8790	4930
ENST00000589266.5	4136	4801	665
ENST00000589267.5	0	8230	8230
ENST00000589271.6	218	16295	16077
ENST00000589272.5	1131	10227	9096
ENST00000589273.1	0	174	174
ENST00000589280.1	318	8020	7702
ENST00000589283.5	15668	16781	1113
ENST00000589284.1	0	3996	3996
ENST00000589288.5	54675	124745	70070
ENST00000589289.1	311	7284	6973
ENST00000589295.5	15382	18420	3038
ENST00000589296.5	1893	108363	106470
ENST00000589297.5	2046	29555	27509
ENST00000589301.1	21346	21770	424
ENST00000589309.5	2913	3185	272
ENST00000589316.5	5914	37207	31293
ENST00000589319.5	15176	34357	19181
ENST00000589321.5	2828	8041	5213
ENST00000589322.7	10145	26529	16384
ENST00000589326.5	0	26203	26203
ENST00000589327.5	7279	8033	754
ENST00000589328.5	1895	89574	87679
ENST00000589329.5	0	162	162
ENST00000589331.1	226	946	720
ENST00000589332.7	2524	8600	6076
ENST00000589334.5	743	4531	3788
ENST00000589335.5	0	166151	166151
ENST00000589337.5	0	2132	2132
ENST00000589339.6	287	49999	49712
ENST00000589340.1	0	6038	6038
ENST00000589341.5	46827	78366	31539
ENST00000589342.1	27	9935	9908
ENST00000589346.1	458	5906	5448
ENST00000589347.1	0	5334	5334
ENST00000589348.1	380	4669	4289
ENST00000589350.2	15140	20367	5227
ENST00000589353.5	10152	43158	33006
ENST00000589358.5	985	19035	18050
ENST00000589359.5	3	30519	30516
ENST00000589363.5	0	4375	4375
ENST00000589364.5	0	20423	20423
ENST00000589367.5	3481	6286	2805
ENST00000589369.2	6458	9141	2683
ENST00000589371.1	85	3222	3137
ENST00000589373.5	12108	18135	6027
ENST00000589377.1	56767	59273	2506
ENST00000589378.5	156	31707	31551
ENST00000589381.5	0	10317	10317
ENST00000589385.5	0	10467	10467
ENST00000589386.5	0	19714	19714
ENST00000589389.5	2036	44563	42527
ENST00000589390.5	101	48471	48370
ENST00000589392.5	554	31020	30466
ENST00000589399.6	71	14863	14792
ENST00000589400.5	0	3875	3875
ENST00000589401.5	5861	12149	6288
ENST00000589407.5	3139	8220	5081
ENST00000589408.1	0	2366	2366
ENST00000589410.2	1617	3565	1948
ENST00000589412.5	0	6925	6925
ENST00000589413.5	12174	26802	14628
ENST00000589416.5	0	9130	9130
ENST00000589422.1	10731	14431	3700
ENST00000589424.5	49	13938	13889
ENST00000589425.5	17	17813	17796
ENST00000589426.5	9	37687	37678
ENST00000589428.5	4385	16942	12557
ENST00000589429.5	1844	2261	417
ENST00000589432.5	347	20218	19871
ENST00000589437.1	0	24391	24391
ENST00000589438.1	7403	7911	508
ENST00000589441.5	3616	4502	886
ENST00000589446.5	86	23780	23694
ENST00000589452.1	16757	17157	400
ENST00000589453.5	6743	13211	6468
ENST00000589454.5	0	5183	5183
ENST00000589461.5	10701	33348	22647
ENST00000589467.1	127	1185	1058
ENST00000589468.1	1176	16100	14924
ENST00000589469.5	195	6395	6200
ENST00000589473.1	0	3342	3342
ENST00000589474.5	985	18993	18008
ENST00000589480.6	2500	18679	16179
ENST00000589481.1	53400	54126	726
ENST00000589485.5	0	2843	2843
ENST00000589486.5	13871	19229	5358
ENST00000589494.1	0	15217	15217
ENST00000589497.5	1266	2703	1437
ENST00000589498.5	1726	32576	30850
ENST00000589507.6	0	22911	22911
ENST00000589509.5	0	4616	4616
ENST00000589516.1	106	2198	2092
ENST00000589517.1	12	3999	3987
ENST00000589520.1	0	5885	5885
ENST00000589521.1	2091	2871	780
ENST00000589522.1	48	3322	3274
ENST00000589526.5	0	2055	2055
ENST00000589527.5	0	5406	5406
ENST00000589528.1	0	82590	82590
ENST00000589533.5	0	37161	37161
ENST00000589534.2	0	4548	4548
ENST00000589536.5	3903	4805	902
ENST00000589539.1	0	610	610
ENST00000589541.5	1766	6130	4364
ENST00000589542.1	0	4541	4541
ENST00000589544.5	395	372402	372007
ENST00000589548.6	324	7023	6699
ENST00000589552.1	2846	6854	4008
ENST00000589554.5	6	18416	18410
ENST00000589555.5	39	3404	3365
ENST00000589559.5	77	9624	9547
ENST00000589565.1	13661	19256	5595
ENST00000589567.2	0	3520	3520
ENST00000589571.1	3227	5597	2370
ENST00000589572.5	2287	2676	389
ENST00000589575.5	36	8260	8224
ENST00000589576.6	201	21894	21693
ENST00000589577.1	7	802	795
ENST00000589578.5	812	65893	65081
ENST00000589583.5	45893	46079	186
ENST00000589586.6	0	2676	2676
ENST00000589593.1	385	2696	2311
ENST00000589596.5	8063	71648	63585
ENST00000589599.5	24	1005	981
ENST00000589600.5	16224	23335	7111
ENST00000589606.5	0	26771	26771
ENST00000589608.1	0	38767	38767
ENST00000589614.5	12	19475	19463
ENST00000589616.1	0	3031	3031
ENST00000589618.1	66	7746	7680
ENST00000589619.5	0	148	148
ENST00000589620.6	869	3033	2164
ENST00000589624.5	258	2868	2610
ENST00000589625.5	36	4296	4260
ENST00000589626.5	3002	8708	5706
ENST00000589627.1	1193	11430	10237
ENST00000589629.5	0	11068	11068
ENST00000589631.5	415	2233	1818
ENST00000589632.5	20818	35812	14994
ENST00000589634.1	3	30323	30320
ENST00000589636.5	0	3259	3259
ENST00000589638.1	0	3710	3710
ENST00000589640.5	71	13131	13060
ENST00000589642.5	0	2675	2675
ENST00000589646.5	1881	4816	2935
ENST00000589647.5	15107	40146	25039
ENST00000589648.1	0	2481	2481
ENST00000589649.1	179	3469	3290
ENST00000589654.2	279	7619	7340
ENST00000589655.1	62	12713	12651
ENST00000589656.6	21	2473	2452
ENST00000589663.5	93	8301	8208
ENST00000589666.6	75	42022	41947
ENST00000589670.5	743	3355	2612
ENST00000589675.5	0	3764	3764
ENST00000589677.5	23047	105523	82476
ENST00000589681.5	0	4756	4756
ENST00000589683.5	1642	2372	730
ENST00000589684.5	0	5010	5010
ENST00000589686.5	1603	3105	1502
ENST00000589688.2	49	3663	3614
ENST00000589689.5	15	26414	26399
ENST00000589691.1	3066	11820	8754
ENST00000589693.1	0	36941	36941
ENST00000589699.1	28552	99562	71010
ENST00000589700.5	0	20413	20413
ENST00000589703.5	261	11098	10837
ENST00000589704.1	0	17193	17193
ENST00000589705.1	0	11068	11068
ENST00000589707.5	15974	22261	6287
ENST00000589709.1	0	1392	1392
ENST00000589710.5	1668	4060	2392
ENST00000589711.1	13	3194	3181
ENST00000589714.1	0	640	640
ENST00000589717.2	115	28355	28240
ENST00000589718.5	29462	50117	20655
ENST00000589720.6	1055	8498	7443
ENST00000589721.5	7338	8077	739
ENST00000589722.2	0	1310	1310
ENST00000589725.1	784	14937	14153
ENST00000589727.5	1954	24739	22785
ENST00000589732.1	0	26199	26199
ENST00000589733.1	0	3891	3891
ENST00000589737.5	3664	7318	3654
ENST00000589738.5	4413	9456	5043
ENST00000589742.5	0	8637	8637
ENST00000589743.5	712	2327	1615
ENST00000589745.5	90	8527	8437
ENST00000589753.1	0	7233	7233
ENST00000589759.2	1998	22563	20565
ENST00000589762.5	0	15831	15831
ENST00000589767.1	0	5367	5367
ENST00000589768.6	2030	63839	61809
ENST00000589769.1	1219	3802	2583
ENST00000589772.1	792	1514	722
ENST00000589773.5	0	2666	2666
ENST00000589774.5	15985	30718	14733
ENST00000589775.6	0	4846	4846
ENST00000589776.1	38	3696	3658
ENST00000589780.5	0	7571	7571
ENST00000589781.1	182	4576	4394
ENST00000589782.2	0	5978	5978
ENST00000589785.1	1785	4500	2715
ENST00000589786.5	3593	16927	13334
ENST00000589792.6	353	3628	3275
ENST00000589797.5	29572	30050	478
ENST00000589798.5	37	721	684
ENST00000589799.5	609	67539	66930
ENST00000589801.1	26646	26870	224
ENST00000589804.1	6	4340	4334
ENST00000589805.1	0	1521	1521
ENST00000589807.1	5124	6426	1302
ENST00000589808.5	0	4696	4696
ENST00000589810.5	220	10312	10092
ENST00000589811.5	0	600	600
ENST00000589813.5	12500	14382	1882
ENST00000589822.5	5524	10485	4961
ENST00000589823.7	23930	133517	109587
ENST00000589824.6	231	35706	35475
ENST00000589827.5	54848	118972	64124
ENST00000589828.1	0	938	938
ENST00000589833.5	237	29541	29304
ENST00000589835.1	393	4869	4476
ENST00000589836.1	0	9706	9706
ENST00000589837.5	4768	9004	4236
ENST00000589838.5	0	14859	14859
ENST00000589852.5	230	5845	5615
ENST00000589856.1	1393	2477	1084
ENST00000589859.1	0	416	416
ENST00000589860.5	88	5875	5787
ENST00000589863.5	171	22660	22489
ENST00000589866.5	1080	30956	29876
ENST00000589869.5	0	4322	4322
ENST00000589870.5	1828	5261	3433
ENST00000589871.1	23	9785	9762
ENST00000589872.1	4557	41188	36631
ENST00000589876.5	18	34682	34664
ENST00000589877.5	0	26609	26609
ENST00000589878.5	139	23038	22899
ENST00000589880.1	1394	7526	6132
ENST00000589881.5	6836	8999	2163
ENST00000589890.1	0	1786	1786
ENST00000589894.1	180	27348	27168
ENST00000589895.2	0	15864	15864
ENST00000589897.1	604	9327	8723
ENST00000589898.2	63	55984	55921
ENST00000589902.5	0	326	326
ENST00000589906.5	0	4645	4645
ENST00000589911.1	0	1220	1220
ENST00000589913.6	280	4850	4570
ENST00000589917.1	0	730	730
ENST00000589918.5	866	3030	2164
ENST00000589928.1	0	1330	1330
ENST00000589931.1	158	11896	11738
ENST00000589935.1	375661	376061	400
ENST00000589938.5	0	1628	1628
ENST00000589940.5	341	7066	6725
ENST00000589941.2	16838	49900	33062
ENST00000589946.1	0	4465	4465
ENST00000589952.5	464	7827	7363
ENST00000589955.2	4250	5478	1228
ENST00000589966.1	1002	6857	5855
ENST00000589970.5	415	8577	8162
ENST00000589971.1	262	1924	1662
ENST00000589972.1	0	5502	5502
ENST00000589975.5	521	5796	5275
ENST00000589977.5	2881	7013	4132
ENST00000589978.1	2602	6109	3507
ENST00000589979.1	900	3652	2752
ENST00000589992.1	208	6354	6146
ENST00000589993.5	0	59878	59878
ENST00000589994.6	65	22124	22059
ENST00000589995.1	0	6981	6981
ENST00000589996.5	42	10717	10675
ENST00000589998.6	16260	32205	15945
ENST00000590002.1	0	5267	5267
ENST00000590009.5	15582	25563	9981
ENST00000590016.6	8735	28426	19691
ENST00000590017.1	0	2574	2574
ENST00000590018.1	0	5801	5801
ENST00000590027.1	12947	13717	770
ENST00000590028.5	0	1782	1782
ENST00000590030.5	228	21127	20899
ENST00000590036.5	665	18041	17376
ENST00000590039.5	0	37055	37055
ENST00000590041.5	72334	102097	29763
ENST00000590043.5	0	5877	5877
ENST00000590048.6	60	22770	22710
ENST00000590049.5	0	9777	9777
ENST00000590059.5	192	114674	114482
ENST00000590060.5	3529	5996	2467
ENST00000590061.2	16834	49896	33062
ENST00000590063.1	673	2358	1685
ENST00000590068.1	444	2326	1882
ENST00000590071.7	217	19790	19573
ENST00000590074.5	52687	63357	10670
ENST00000590078.5	150	27298	27148
ENST00000590083.5	2609	9164	6555
ENST00000590088.5	8739	24793	16054
ENST00000590089.5	4926	14921	9995
ENST00000590090.1	0	1260	1260
ENST00000590097.5	1105	17753	16648
ENST00000590099.6	629	15082	14453
ENST00000590103.5	61	18693	18632
ENST00000590104.1	0	407	407
ENST00000590107.5	205	31343	31138
ENST00000590110.2	1230	3765	2535
ENST00000590112.5	29696	78014	48318
ENST00000590114.6	0	35542	35542
ENST00000590116.5	153	6609	6456
ENST00000590121.2	0	1245	1245
ENST00000590123.1	2348	8231	5883
ENST00000590124.5	230	6736	6506
ENST00000590128.5	2482	60642	58160
ENST00000590129.1	43	12523	12480
ENST00000590131.5	34574	36088	1514
ENST00000590132.1	0	473	473
ENST00000590133.5	0	185490	185490
ENST00000590138.1	59	33010	32951
ENST00000590140.1	0	830	830
ENST00000590143.5	38065	40934	2869
ENST00000590146.1	0	866	866
ENST00000590147.5	0	5818	5818
ENST00000590148.1	0	874	874
ENST00000590150.5	256	6721	6465
ENST00000590151.5	896	50231	49335
ENST00000590153.1	198	4865	4667
ENST00000590155.5	239	9301	9062
ENST00000590156.5	10868	14253	3385
ENST00000590157.5	0	11713	11713
ENST00000590161.2	25	12369	12344
ENST00000590166.1	511	1098	587
ENST00000590169.5	0	1567	1567
ENST00000590170.3	5092	19477	14385
ENST00000590171.1	1578	2019	441
ENST00000590173.5	0	3043	3043
ENST00000590175.5	213	3643	3430
ENST00000590176.5	0	26995	26995
ENST00000590178.5	0	110	110
ENST00000590179.1	1842	4777	2935
ENST00000590190.1	1524	1654	130
ENST00000590191.1	2035	14745	12710
ENST00000590193.5	28269	34054	5785
ENST00000590194.5	362	4962	4600
ENST00000590196.1	0	362	362
ENST00000590200.1	0	29890	29890
ENST00000590201.1	1728	3276	1548
ENST00000590202.3	4982	33956	28974
ENST00000590203.1	0	2237	2237
ENST00000590204.1	0	4747	4747
ENST00000590206.1	0	11844	11844
ENST00000590208.5	601	12911	12310
ENST00000590211.5	0	9074	9074
ENST00000590212.1	191	4608	4417
ENST00000590214.5	79	22142	22063
ENST00000590215.1	461	3408	2947
ENST00000590216.6	11637	16888	5251
ENST00000590217.5	85	22328	22243
ENST00000590221.5	965	10288	9323
ENST00000590222.5	8660	30032	21372
ENST00000590228.1	293	115467	115174
ENST00000590230.5	1315	5943	4628
ENST00000590235.5	1997	3759	1762
ENST00000590239.5	0	2066	2066
ENST00000590245.5	42628	50946	8318
ENST00000590246.6	3805	12140	8335
ENST00000590247.7	72	6476	6404
ENST00000590249.5	0	1324	1324
ENST00000590253.3	236	5556	5320
ENST00000590258.2	2503	21112	18609
ENST00000590261.5	0	21366	21366
ENST00000590262.1	0	4326	4326
ENST00000590263.5	173	11592	11419
ENST00000590264.5	1145	4472	3327
ENST00000590266.5	1930	5239	3309
ENST00000590267.6	0	1538	1538
ENST00000590277.1	0	526	526
ENST00000590281.1	893	5016	4123
ENST00000590282.5	54	91322	91268
ENST00000590285.5	54726	55212	486
ENST00000590287.5	53879	54519	640
ENST00000590288.1	0	156	156
ENST00000590296.5	25	4050	4025
ENST00000590297.1	177	1386	1209
ENST00000590299.5	11	1926	1915
ENST00000590300.1	0	1181	1181
ENST00000590305.1	170	2175	2005
ENST00000590306.5	674	7577	6903
ENST00000590308.1	676	866	190
ENST00000590310.2	29	39569	39540
ENST00000590313.5	61	33583	33522
ENST00000590315.5	0	3435	3435
ENST00000590317.4	199	12372	12173
ENST00000590319.1	0	890	890
ENST00000590322.1	0	170	170
ENST00000590323.5	29081	30595	1514
ENST00000590324.5	0	2639	2639
ENST00000590327.6	138	20400	20262
ENST00000590329.5	22	5962	5940
ENST00000590330.1	247	1928	1681
ENST00000590331.1	0	524	524
ENST00000590332.1	119348	119822	474
ENST00000590333.5	127	32354	32227
ENST00000590334.5	23	4272	4249
ENST00000590335.1	591	3566	2975
ENST00000590336.2	0	1959	1959
ENST00000590337.5	0	23129	23129
ENST00000590339.5	344	5845	5501
ENST00000590341.5	114	39474	39360
ENST00000590342.1	9418	10671	1253
ENST00000590343.1	328	1426	1098
ENST00000590347.5	1601	2695	1094
ENST00000590348.6	0	33345	33345
ENST00000590354.3	0	1004	1004
ENST00000590358.1	389	1669	1280
ENST00000590360.2	1276	2343	1067
ENST00000590361.5	17726	24818	7092
ENST00000590370.5	0	390	390
ENST00000590374.5	0	88	88
ENST00000590375.5	245	13029	12784
ENST00000590377.1	0	21631	21631
ENST00000590378.5	2416	3415	999
ENST00000590379.5	1726	2881	1155
ENST00000590381.5	679	47873	47194
ENST00000590382.5	74	29966	29892
ENST00000590385.2	0	5214	5214
ENST00000590388.5	52	12766	12714
ENST00000590389.5	394	1643	1249
ENST00000590390.1	0	18180	18180
ENST00000590393.1	966	1210	244
ENST00000590397.5	9	6004	5995
ENST00000590404.6	0	4686	4686
ENST00000590406.5	0	9244	9244
ENST00000590408.1	30374	48309	17935
ENST00000590409.5	10835	26865	16030
ENST00000590411.5	20682	28535	7853
ENST00000590412.5	262074	300700	38626
ENST00000590425.1	0	2702	2702
ENST00000590430.5	737	12421	11684
ENST00000590432.5	6615	18622	12007
ENST00000590436.5	542	9621	9079
ENST00000590437.5	0	398	398
ENST00000590439.2	0	18860	18860
ENST00000590445.5	141	745	604
ENST00000590447.1	0	10968	10968
ENST00000590449.1	37	730	693
ENST00000590454.2	2486	13212	10726
ENST00000590460.1	0	2005	2005
ENST00000590465.5	33794	38134	4340
ENST00000590466.2	1028	1727	699
ENST00000590467.5	4969	7966	2997
ENST00000590469.6	2881	26984	24103
ENST00000590472.5	0	1218	1218
ENST00000590473.5	0	2870	2870
ENST00000590474.7	288	128043	127755
ENST00000590477.5	0	30202	30202
ENST00000590480.1	0	6739	6739
ENST00000590481.5	0	6591	6591
ENST00000590482.5	0	3255	3255
ENST00000590483.1	0	2889	2889
ENST00000590488.1	1624	29012	27388
ENST00000590493.5	0	5812	5812
ENST00000590496.1	0	508	508
ENST00000590498.5	0	5553	5553
ENST00000590500.5	0	11492	11492
ENST00000590501.5	0	562	562
ENST00000590503.5	12264	26892	14628
ENST00000590508.6	206	38908	38702
ENST00000590509.5	261	13459	13198
ENST00000590510.5	39636	44025	4389
ENST00000590514.5	282	41612	41330
ENST00000590515.1	416	33775	33359
ENST00000590519.2	0	12633	12633
ENST00000590524.1	4325	10420	6095
ENST00000590526.5	417	8882	8465
ENST00000590530.5	139	5483	5344
ENST00000590532.2	30681	42339	11658
ENST00000590536.5	3	33268	33265
ENST00000590537.5	0	782	782
ENST00000590538.5	6709	13846	7137
ENST00000590541.1	13156	17433	4277
ENST00000590542.1	0	43084	43084
ENST00000590545.5	20071	22439	2368
ENST00000590546.6	606	10741	10135
ENST00000590550.6	1703	9216	7513
ENST00000590558.5	20058	28587	8529
ENST00000590559.2	0	5802	5802
ENST00000590561.5	74	3035	2961
ENST00000590562.5	0	3560	3560
ENST00000590573.4	0	7741	7741
ENST00000590574.6	22831	105301	82470
ENST00000590575.5	0	8801	8801
ENST00000590577.2	280	10816	10536
ENST00000590578.5	5008	10947	5939
ENST00000590582.2	497	23515	23018
ENST00000590587.1	4336	6445	2109
ENST00000590588.5	3543	16968	13425
ENST00000590592.6	123	486651	486528
ENST00000590593.1	2608	5507	2899
ENST00000590595.1	166	83502	83336
ENST00000590597.6	183	41726	41543
ENST00000590598.5	197998	248671	50673
ENST00000590601.1	0	2460	2460
ENST00000590602.6	5754	21831	16077
ENST00000590603.1	281	15004	14723
ENST00000590612.1	283	19301	19018
ENST00000590615.5	4327	14864	10537
ENST00000590616.2	43	4530	4487
ENST00000590617.5	8	56670	56662
ENST00000590618.1	0	7479	7479
ENST00000590619.1	0	3289	3289
ENST00000590621.1	759	4542	3783
ENST00000590623.5	0	1031	1031
ENST00000590625.5	451	3310	2859
ENST00000590635.5	14419	17344	2925
ENST00000590636.1	35	2598	2563
ENST00000590641.6	425	7193	6768
ENST00000590644.5	0	13570	13570
ENST00000590645.1	767	6025	5258
ENST00000590646.5	0	4482	4482
ENST00000590648.5	0	32580	32580
ENST00000590652.5	1878	20482	18604
ENST00000590654.1	7	5360	5353
ENST00000590656.1	203	4128	3925
ENST00000590658.1	0	3413	3413
ENST00000590659.1	0	320	320
ENST00000590661.1	385	5258	4873
ENST00000590664.5	936	7272	6336
ENST00000590665.5	135	15662	15527
ENST00000590668.5	4475	13746	9271
ENST00000590669.5	244	7506	7262
ENST00000590670.1	0	674	674
ENST00000590671.5	6945	23575	16630
ENST00000590673.5	112903	113113	210
ENST00000590676.1	6925	12437	5512
ENST00000590680.5	0	12333	12333
ENST00000590683.2	186	10029	9843
ENST00000590684.5	654	8945	8291
ENST00000590685.5	0	1315	1315
ENST00000590686.5	798	15385	14587
ENST00000590687.5	0	11277	11277
ENST00000590688.1	75	6245	6170
ENST00000590692.5	23642	28630	4988
ENST00000590693.5	624	17900	17276
ENST00000590696.1	0	885	885
ENST00000590699.5	30	37385	37355
ENST00000590700.5	158	1002	844
ENST00000590701.5	73	9838	9765
ENST00000590702.1	0	4256	4256
ENST00000590711.5	4779	7657	2878
ENST00000590712.5	256	372280	372024
ENST00000590714.1	0	5084	5084
ENST00000590720.6	235	8929	8694
ENST00000590722.2	6386	79257	72871
ENST00000590723.5	578	11377	10799
ENST00000590726.7	7183	24156	16973
ENST00000590729.5	80	30304	30224
ENST00000590730.5	14363	30633	16270
ENST00000590738.1	0	1957	1957
ENST00000590741.5	3544	3884	340
ENST00000590751.5	1090	32317	31227
ENST00000590752.5	335	8489	8154
ENST00000590753.1	3481	8969	5488
ENST00000590755.6	14344	30552	16208
ENST00000590756.5	173	37621	37448
ENST00000590757.1	280	29823	29543
ENST00000590758.3	6182	8556	2374
ENST00000590760.5	9	895	886
ENST00000590762.5	0	4288	4288
ENST00000590764.1	528	4628	4100
ENST00000590765.5	0	9398	9398
ENST00000590766.5	0	30948	30948
ENST00000590769.5	4538	35045	30507
ENST00000590770.5	0	8139	8139
ENST00000590771.5	3609	4622	1013
ENST00000590772.1	0	1585	1585
ENST00000590774.6	191	21994	21803
ENST00000590779.5	0	71749	71749
ENST00000590781.1	0	1877	1877
ENST00000590782.6	564	59462	58898
ENST00000590784.1	0	1770	1770
ENST00000590785.1	160	16648	16488
ENST00000590788.1	0	629	629
ENST00000590790.5	0	30663	30663
ENST00000590794.1	0	1809	1809
ENST00000590795.1	2991	8301	5310
ENST00000590798.1	136	55269	55133
ENST00000590800.6	2591	16290	13699
ENST00000590808.1	7237	7662	425
ENST00000590810.5	0	51705	51705
ENST00000590811.1	0	18920	18920
ENST00000590815.5	0	21917	21917
ENST00000590819.5	4832	10406	5574
ENST00000590828.5	3041	8797	5756
ENST00000590832.2	353	3628	3275
ENST00000590835.5	1212	16248	15036
ENST00000590839.5	0	2266	2266
ENST00000590841.5	444	5219	4775
ENST00000590842.5	252	43099	42847
ENST00000590849.1	0	1060	1060
ENST00000590850.2	23930	76102	52172
ENST00000590851.5	2288	9145	6857
ENST00000590852.1	355	2016	1661
ENST00000590853.5	544	25880	25336
ENST00000590855.5	0	148	148
ENST00000590857.5	6153	6215	62
ENST00000590859.1	373	989	616
ENST00000590862.5	60	12825	12765
ENST00000590864.2	61	640	579
ENST00000590867.5	8629	13139	4510
ENST00000590868.5	100	29991	29891
ENST00000590869.1	0	5897	5897
ENST00000590870.5	86	21872	21786
ENST00000590873.5	2824	6609	3785
ENST00000590874.5	889	10418	9529
ENST00000590877.5	2853	5872	3019
ENST00000590881.1	0	4408	4408
ENST00000590884.6	34781	124945	90164
ENST00000590886.7	0	22925	22925
ENST00000590891.1	753	2023	1270
ENST00000590893.5	116	3424	3308
ENST00000590898.5	3330	51846	48516
ENST00000590900.5	3311	4369	1058
ENST00000590905.1	0	1506	1506
ENST00000590906.5	2118	3225	1107
ENST00000590909.1	4447	7606	3159
ENST00000590910.1	233	372551	372318
ENST00000590917.5	28096	33528	5432
ENST00000590918.6	1300	15096	13796
ENST00000590919.5	102	3583	3481
ENST00000590923.5	398	15823	15425
ENST00000590924.5	0	1412	1412
ENST00000590925.6	54	8941	8887
ENST00000590931.1	1126	5068	3942
ENST00000590935.1	3272	8817	5545
ENST00000590936.5	1477	4469	2992
ENST00000590938.5	28351	35340	6989
ENST00000590941.5	250	10107	9857
ENST00000590943.6	90	2436	2346
ENST00000590945.5	5352	8458	3106
ENST00000590947.5	10948	11396	448
ENST00000590948.5	970	7569	6599
ENST00000590949.6	914	24532	23618
ENST00000590954.5	208	36477	36269
ENST00000590956.5	13713	21746	8033
ENST00000590958.5	261	5583	5322
ENST00000590959.5	1024	4151	3127
ENST00000590964.5	6241	7195	954
ENST00000590965.1	1612	6194	4582
ENST00000590967.5	40	29268	29228
ENST00000590970.5	0	5803	5803
ENST00000590974.1	0	429	429
ENST00000590980.1	0	4213	4213
ENST00000590986.5	448	20115	19667
ENST00000590988.1	6698	9492	2794
ENST00000590990.1	0	290	290
ENST00000590991.1	584	6094	5510
ENST00000590994.1	0	3671	3671
ENST00000590996.6	4586	41735	37149
ENST00000590998.5	0	26997	26997
ENST00000591002.5	0	1563	1563
ENST00000591009.1	3	1639	1636
ENST00000591011.1	0	27642	27642
ENST00000591016.1	0	14475	14475
ENST00000591020.5	62374	69491	7117
ENST00000591022.6	216	11015	10799
ENST00000591024.1	51	3843	3792
ENST00000591025.1	2308	3704	1396
ENST00000591027.2	287	3231	2944
ENST00000591028.1	32	1430	1398
ENST00000591032.1	492	2461	1969
ENST00000591033.3	0	8539	8539
ENST00000591034.5	111	6354	6243
ENST00000591035.1	0	25666	25666
ENST00000591039.1	0	1270	1270
ENST00000591040.2	0	1296	1296
ENST00000591041.5	404	5717	5313
ENST00000591042.1	0	462	462
ENST00000591046.1	234	1816	1582
ENST00000591047.1	3840	5428	1588
ENST00000591048.2	0	40825	40825
ENST00000591049.1	53394	54354	960
ENST00000591050.1	0	17011	17011
ENST00000591051.1	259	31290	31031
ENST00000591052.5	10957	11021	64
ENST00000591054.5	310	6707	6397
ENST00000591055.5	1586	2680	1094
ENST00000591057.5	1912	3077	1165
ENST00000591058.5	516	20030	19514
ENST00000591059.1	0	76	76
ENST00000591061.5	36	5960	5924
ENST00000591064.1	0	20032	20032
ENST00000591070.6	898	8766	7868
ENST00000591081.1	91	9544	9453
ENST00000591083.5	55340	125410	70070
ENST00000591084.5	1849	2290	441
ENST00000591085.1	2136	5452	3316
ENST00000591088.5	30932	48407	17475
ENST00000591090.5	367	11999	11632
ENST00000591092.5	290	62225	61935
ENST00000591096.5	1353	5696	4343
ENST00000591097.5	1602	2043	441
ENST00000591099.6	856	3373	2517
ENST00000591100.6	0	14081	14081
ENST00000591104.5	1315	13868	12553
ENST00000591107.6	355	29969	29614
ENST00000591111.5	1026	381391	380365
ENST00000591113.1	0	818	818
ENST00000591114.1	1691	10088	8397
ENST00000591115.5	345	99879	99534
ENST00000591120.1	4389	11181	6792
ENST00000591123.5	11834	17703	5869
ENST00000591127.1	4328	5406	1078
ENST00000591134.5	927	22965	22038
ENST00000591135.1	0	1048	1048
ENST00000591139.1	0	19162	19162
ENST00000591142.5	277	5021	4744
ENST00000591145.1	0	1594	1594
ENST00000591147.5	1610	11278	9668
ENST00000591152.5	1398	5941	4543
ENST00000591154.1	0	636	636
ENST00000591157.1	2094	3488	1394
ENST00000591163.1	0	2041	2041
ENST00000591164.1	4560	5168	608
ENST00000591168.5	11504	15057	3553
ENST00000591169.2	0	1557	1557
ENST00000591179.5	233	16005	15772
ENST00000591182.5	2478	67512	65034
ENST00000591192.1	0	280	280
ENST00000591194.5	0	6019	6019
ENST00000591196.5	1581	10752	9171
ENST00000591197.1	0	4384	4384
ENST00000591198.5	85	218894	218809
ENST00000591200.5	2633	4476	1843
ENST00000591201.5	2624	9851	7227
ENST00000591204.5	71	13143	13072
ENST00000591206.5	1434	2940	1506
ENST00000591208.1	31	17420	17389
ENST00000591214.5	325	53129	52804
ENST00000591220.5	0	975	975
ENST00000591228.4	126	1131	1005
ENST00000591230.5	54197	124267	70070
ENST00000591231.5	67307	150900	83593
ENST00000591234.5	38268	39302	1034
ENST00000591236.1	0	372	372
ENST00000591238.6	367	25793	25426
ENST00000591240.5	0	10676	10676
ENST00000591241.1	128	4555	4427
ENST00000591243.1	0	5911	5911
ENST00000591245.1	0	238	238
ENST00000591247.6	1883	32839	30956
ENST00000591249.5	0	2208	2208
ENST00000591250.1	1363	4547	3184
ENST00000591254.1	864	4414	3550
ENST00000591255.5	0	78	78
ENST00000591256.5	13	18305	18292
ENST00000591259.5	513	25479	24966
ENST00000591260.5	0	5591	5591
ENST00000591265.1	122	13848	13726
ENST00000591268.1	4437	6355	1918
ENST00000591269.1	0	10698	10698
ENST00000591272.1	6394	8640	2246
ENST00000591273.5	6178	17555	11377
ENST00000591274.1	0	2656	2656
ENST00000591275.5	0	981	981
ENST00000591277.1	0	1574	1574
ENST00000591278.5	15602	17761	2159
ENST00000591279.5	0	148	148
ENST00000591281.5	9329	12891	3562
ENST00000591282.5	3	313276	313273
ENST00000591284.2	2936	7459	4523
ENST00000591286.5	8858	12355	3497
ENST00000591287.5	10767	324034	313267
ENST00000591290.5	6	11382	11376
ENST00000591291.5	31	5468	5437
ENST00000591295.5	2461	4797	2336
ENST00000591296.1	0	5546	5546
ENST00000591304.1	15	30430	30415
ENST00000591305.5	34846	82276	47430
ENST00000591306.5	0	682	682
ENST00000591308.1	0	10885	10885
ENST00000591309.5	274	6878	6604
ENST00000591315.6	23729	133397	109668
ENST00000591319.2	353	3628	3275
ENST00000591322.1	1055	1157	102
ENST00000591326.5	0	376	376
ENST00000591329.5	2250	4547	2297
ENST00000591333.5	0	24560	24560
ENST00000591337.7	1434	23731	22297
ENST00000591340.6	3256	30418	27162
ENST00000591344.2	4290	22392	18102
ENST00000591345.5	10583	14754	4171
ENST00000591349.5	173	3232	3059
ENST00000591350.5	6776	17251	10475
ENST00000591353.5	0	1575	1575
ENST00000591355.1	1993	11452	9459
ENST00000591363.5	0	6489	6489
ENST00000591366.5	161	26666	26505
ENST00000591369.5	1724	53738	52014
ENST00000591370.5	0	17253	17253
ENST00000591375.1	15725	70376	54651
ENST00000591376.5	1586	2349	763
ENST00000591382.5	361	46494	46133
ENST00000591386.1	0	56161	56161
ENST00000591387.5	80151	125529	45378
ENST00000591391.5	567	27993	27426
ENST00000591392.5	0	5620	5620
ENST00000591396.5	319	10349	10030
ENST00000591397.1	356	58461	58105
ENST00000591399.5	1017	10352	9335
ENST00000591401.5	753	6380	5627
ENST00000591403.5	5875	56970	51095
ENST00000591405.5	0	110	110
ENST00000591409.5	73	16410	16337
ENST00000591410.5	1163	18998	17835
ENST00000591412.5	80356	124957	44601
ENST00000591415.1	0	1087	1087
ENST00000591416.5	2658	12946	10288
ENST00000591417.5	12643	27759	15116
ENST00000591419.2	0	1276	1276
ENST00000591424.5	0	620	620
ENST00000591429.1	6357	17226	10869
ENST00000591433.6	103	2547	2444
ENST00000591437.5	46196	71403	25207
ENST00000591441.1	91	52131	52040
ENST00000591444.1	0	12	12
ENST00000591446.7	427	8796	8369
ENST00000591447.1	0	1441	1441
ENST00000591448.5	18	8017	7999
ENST00000591449.1	0	2944	2944
ENST00000591451.5	190	43841	43651
ENST00000591455.5	2046	109353	107307
ENST00000591456.1	116500	136434	19934
ENST00000591457.5	0	32325	32325
ENST00000591461.1	0	3638	3638
ENST00000591462.6	483	15333	14850
ENST00000591463.1	2730	17436	14706
ENST00000591470.5	145	9681	9536
ENST00000591471.5	49778	52092	2314
ENST00000591472.6	25810	32749	6939
ENST00000591473.1	0	12054	12054
ENST00000591474.5	0	3944	3944
ENST00000591479.1	1428	3479	2051
ENST00000591480.5	0	21594	21594
ENST00000591488.1	215009	215839	830
ENST00000591492.5	0	12293	12293
ENST00000591495.6	17	26271	26254
ENST00000591497.5	1979	49634	47655
ENST00000591499.5	94	3262	3168
ENST00000591504.6	2852	42277	39425
ENST00000591508.1	0	5156	5156
ENST00000591509.5	52	5012	4960
ENST00000591511.1	165	9193	9028
ENST00000591512.2	0	1296	1296
ENST00000591513.5	1800	4334	2534
ENST00000591514.1	0	32630	32630
ENST00000591516.6	19021	33971	14950
ENST00000591517.5	172	32721	32549
ENST00000591519.1	36	15263	15227
ENST00000591520.6	4	6018	6014
ENST00000591522.2	140634	181828	41194
ENST00000591526.5	0	88	88
ENST00000591529.5	281	50241	49960
ENST00000591532.5	4353	12562	8209
ENST00000591534.5	118	29967	29849
ENST00000591535.5	3	10086	10083
ENST00000591537.5	3722	18116	14394
ENST00000591539.1	129	14382	14253
ENST00000591545.6	0	50159	50159
ENST00000591546.5	34597	36111	1514
ENST00000591547.5	0	7264	7264
ENST00000591548.5	24380	31052	6672
ENST00000591560.5	1021	3228	2207
ENST00000591562.1	399	3126	2727
ENST00000591564.1	824	1284	460
ENST00000591568.1	0	498	498
ENST00000591570.5	0	4546	4546
ENST00000591571.5	6256	6804	548
ENST00000591572.2	0	9092	9092
ENST00000591573.1	746	1294	548
ENST00000591574.5	32431	106434	74003
ENST00000591576.5	899	8767	7868
ENST00000591578.5	814	5345	4531
ENST00000591580.1	312	8318	8006
ENST00000591581.1	0	7389	7389
ENST00000591585.1	393	4834	4441
ENST00000591586.5	416	23225	22809
ENST00000591587.1	0	6866	6866
ENST00000591588.1	178	2445	2267
ENST00000591589.3	15	9190	9175
ENST00000591590.1	514	824	310
ENST00000591597.5	2423	3448	1025
ENST00000591598.5	0	75905	75905
ENST00000591599.5	0	14557	14557
ENST00000591600.1	4	2834	2830
ENST00000591606.1	0	3300	3300
ENST00000591607.1	10920	11704	784
ENST00000591608.2	2176	10462	8286
ENST00000591609.1	0	16982	16982
ENST00000591610.5	6709	13846	7137
ENST00000591613.2	253	1007	754
ENST00000591615.1	1978	4559	2581
ENST00000591619.5	1600	391260	389660
ENST00000591620.1	1346	7788	6442
ENST00000591624.1	0	1759	1759
ENST00000591625.5	0	90	90
ENST00000591633.2	147	4373	4226
ENST00000591635.5	80979	236869	155890
ENST00000591636.5	70	14388	14318
ENST00000591638.1	0	458	458
ENST00000591639.5	8716	37092	28376
ENST00000591643.1	0	5315	5315
ENST00000591651.5	9061	9422	361
ENST00000591652.1	0	4206	4206
ENST00000591656.1	0	1010	1010
ENST00000591658.5	79	15716	15637
ENST00000591659.5	1583	2806	1223
ENST00000591660.5	31	3114	3083
ENST00000591662.1	131	10909	10778
ENST00000591664.1	0	12007	12007
ENST00000591668.5	235	12372	12137
ENST00000591674.5	218	1062	844
ENST00000591676.1	0	6841	6841
ENST00000591677.5	0	2873	2873
ENST00000591679.5	546	13071	12525
ENST00000591680.6	2290	112587	110297
ENST00000591682.5	0	736	736
ENST00000591683.1	988	8590	7602
ENST00000591686.1	0	78	78
ENST00000591690.5	0	2590	2590
ENST00000591691.1	0	3246	3246
ENST00000591695.5	127	3930	3803
ENST00000591696.1	74	5674	5600
ENST00000591697.5	0	1961	1961
ENST00000591698.5	58014	81462	23448
ENST00000591700.1	595	1973	1378
ENST00000591703.5	471	1085	614
ENST00000591704.5	31328	40551	9223
ENST00000591708.1	439	4218	3779
ENST00000591710.5	0	28821	28821
ENST00000591711.5	215	11368	11153
ENST00000591712.1	18	3210	3192
ENST00000591713.5	185	18720	18535
ENST00000591714.5	0	17301	17301
ENST00000591715.5	16	1245	1229
ENST00000591717.5	2405	3711	1306
ENST00000591721.5	0	6196	6196
ENST00000591723.5	0	90240	90240
ENST00000591725.1	7487	7713	226
ENST00000591726.1	1281	1981	700
ENST00000591728.1	3578	30899	27321
ENST00000591734.5	93274	150698	57424
ENST00000591736.5	0	52939	52939
ENST00000591738.5	6297	16935	10638
ENST00000591740.5	3863	5382	1519
ENST00000591744.1	127	8251	8124
ENST00000591746.1	4749	5355	606
ENST00000591747.5	10857	11641	784
ENST00000591748.1	191	1240	1049
ENST00000591752.5	27314	36112	8798
ENST00000591755.5	192	10094	9902
ENST00000591759.1	950	8156	7206
ENST00000591765.1	136	974	838
ENST00000591767.5	5609	7369	1760
ENST00000591768.1	0	13215	13215
ENST00000591773.5	66	5335	5269
ENST00000591774.5	689	2398	1709
ENST00000591775.5	5338	11300	5962
ENST00000591776.5	152	2401	2249
ENST00000591777.1	0	10862	10862
ENST00000591778.5	1228	6564	5336
ENST00000591779.5	1998	3089	1091
ENST00000591783.5	995	7145	6150
ENST00000591784.5	3	5098	5095
ENST00000591786.5	0	47872	47872
ENST00000591787.1	0	1131	1131
ENST00000591788.3	79	1519	1440
ENST00000591790.5	4829	23422	18593
ENST00000591792.1	9039	28735	19696
ENST00000591793.1	83	52772	52689
ENST00000591800.1	0	557	557
ENST00000591802.1	0	706	706
ENST00000591804.6	1623	2387	764
ENST00000591805.5	382	28042	27660
ENST00000591806.6	79	22376	22297
ENST00000591808.6	53411	123481	70070
ENST00000591811.1	0	230	230
ENST00000591812.2	1277	10599	9322
ENST00000591813.5	88	6716	6628
ENST00000591814.5	295	73848	73553
ENST00000591816.6	162659	172841	10182
ENST00000591818.1	0	3624	3624
ENST00000591822.5	1	503	502
ENST00000591823.5	25489	30477	4988
ENST00000591831.5	1003	10236	9233
ENST00000591833.5	99	13579	13480
ENST00000591834.1	170	95686	95516
ENST00000591841.1	796	10025	9229
ENST00000591843.1	802	6450	5648
ENST00000591844.5	66	12841	12775
ENST00000591849.5	118	4813	4695
ENST00000591850.1	184	6901	6717
ENST00000591856.1	3477	7668	4191
ENST00000591858.5	592	5907	5315
ENST00000591859.5	3514	12021	8507
ENST00000591860.1	324	1516	1192
ENST00000591863.1	2546	3203	657
ENST00000591864.1	1500	1744	244
ENST00000591870.1	55	794	739
ENST00000591871.1	386	1205	819
ENST00000591872.1	193	751	558
ENST00000591877.2	23930	133636	109706
ENST00000591879.1	0	1955	1955
ENST00000591880.2	2822	4195	1373
ENST00000591885.5	567	12919	12352
ENST00000591889.2	0	15966	15966
ENST00000591890.5	394	1122	728
ENST00000591891.5	78659	78869	210
ENST00000591894.5	0	1527	1527
ENST00000591895.5	33898	41313	7415
ENST00000591897.5	753	1961	1208
ENST00000591899.8	2274	8406	6132
ENST00000591901.5	8045	17004	8959
ENST00000591902.6	402	36620	36218
ENST00000591903.1	2632	13203	10571
ENST00000591904.1	0	2809	2809
ENST00000591906.5	374	32910	32536
ENST00000591909.5	59	21254	21195
ENST00000591910.5	6256	8721	2465
ENST00000591911.1	143261	143331	70
ENST00000591912.1	210	1077	867
ENST00000591916.7	1048	12411	11363
ENST00000591917.5	17250	118213	100963
ENST00000591919.5	502	10196	9694
ENST00000591921.1	51	23490	23439
ENST00000591924.5	72923	82378	9455
ENST00000591934.1	2539	82554	80015
ENST00000591935.5	3705	7577	3872
ENST00000591937.1	27890	29404	1514
ENST00000591938.5	561	4574	4013
ENST00000591942.6	6429	7552	1123
ENST00000591944.1	100	53353	53253
ENST00000591946.5	717	1278	561
ENST00000591949.1	331	1337	1006
ENST00000591951.1	0	10989	10989
ENST00000591952.5	9	19895	19886
ENST00000591954.3	3002	8628	5626
ENST00000591958.5	3310	7163	3853
ENST00000591960.1	17658	24024	6366
ENST00000591964.5	30365	31935	1570
ENST00000591969.2	5530	10301	4771
ENST00000591971.5	0	11927	11927
ENST00000591977.5	116	8464	8348
ENST00000591979.1	9654	10596	942
ENST00000591981.5	5254	8539	3285
ENST00000591985.6	0	7672	7672
ENST00000591986.1	562	6064	5502
ENST00000591995.1	0	18015	18015
ENST00000591997.2	0	5947	5947
ENST00000591998.6	4338	15900	11562
ENST00000592003.1	84	2406	2322
ENST00000592005.5	29381	167211	137830
ENST00000592007.1	18333	22782	4449
ENST00000592012.5	1849	9066	7217
ENST00000592014.6	98	2686	2588
ENST00000592017.5	0	5802	5802
ENST00000592018.1	0	6062	6062
ENST00000592019.1	154	3456	3302
ENST00000592023.5	0	9209	9209
ENST00000592026.1	0	5421	5421
ENST00000592031.5	76240	110598	34358
ENST00000592033.5	0	230	230
ENST00000592035.5	1411	7833	6422
ENST00000592040.5	1041	34185	33144
ENST00000592041.1	0	8020	8020
ENST00000592042.5	12918	19064	6146
ENST00000592043.5	0	25990	25990
ENST00000592048.5	37094	125797	88703
ENST00000592051.1	9552	9742	190
ENST00000592054.5	0	5079	5079
ENST00000592055.2	0	8805	8805
ENST00000592057.1	2029	4013	1984
ENST00000592059.5	0	5403	5403
ENST00000592060.5	705	11347	10642
ENST00000592061.1	0	132	132
ENST00000592062.5	31	13453	13422
ENST00000592063.6	233	16310	16077
ENST00000592067.1	1961	7693	5732
ENST00000592068.5	1092	29735	28643
ENST00000592077.5	30256	33818	3562
ENST00000592079.5	0	2763	2763
ENST00000592082.5	0	3527	3527
ENST00000592083.5	0	10178	10178
ENST00000592091.5	4403	37896	33493
ENST00000592095.5	20928	21843	915
ENST00000592099.5	240	84078	83838
ENST00000592106.5	23741	29999	6258
ENST00000592108.1	975	1379	404
ENST00000592120.5	6253	12997	6744
ENST00000592122.1	0	290	290
ENST00000592123.5	0	2994	2994
ENST00000592127.5	0	1730	1730
ENST00000592128.5	0	62544	62544
ENST00000592133.5	18076	41255	23179
ENST00000592134.1	0	473	473
ENST00000592139.1	284	15230	14946
ENST00000592141.6	2604	10259	7655
ENST00000592144.5	0	56	56
ENST00000592145.1	0	1091	1091
ENST00000592148.1	1299	9712	8413
ENST00000592149.5	423	9915	9492
ENST00000592151.1	6975	13707	6732
ENST00000592153.5	1073	7042	5969
ENST00000592155.5	28	12503	12475
ENST00000592156.5	4712	57211	52499
ENST00000592158.2	0	24616	24616
ENST00000592160.5	118	31544	31426
ENST00000592162.5	455	8709	8254
ENST00000592164.1	0	2428	2428
ENST00000592165.1	295	15717	15422
ENST00000592166.5	214	5553	5339
ENST00000592167.5	6465	13602	7137
ENST00000592168.5	12626	23495	10869
ENST00000592169.2	136	8664	8528
ENST00000592170.5	1067	8706	7639
ENST00000592173.5	2595	46230	43635
ENST00000592176.1	23	402	379
ENST00000592179.6	2303	64697	62394
ENST00000592181.1	0	81220	81220
ENST00000592186.5	0	30547	30547
ENST00000592189.5	10308	23309	13001
ENST00000592190.1	0	3978	3978
ENST00000592199.6	363	100666	100303
ENST00000592202.5	87	9754	9667
ENST00000592204.5	231	9733	9502
ENST00000592205.5	3261	6333	3072
ENST00000592206.5	12	2522	2510
ENST00000592207.5	0	6649	6649
ENST00000592211.1	0	284	284
ENST00000592212.5	1182	81062	79880
ENST00000592221.5	0	13474	13474
ENST00000592223.5	59	69406	69347
ENST00000592224.5	88	47897	47809
ENST00000592227.1	0	13430	13430
ENST00000592228.1	897	6692	5795
ENST00000592231.6	2771	44062	41291
ENST00000592232.5	33721	38061	4340
ENST00000592234.5	0	2840	2840
ENST00000592235.1	0	1474	1474
ENST00000592239.1	0	90	90
ENST00000592241.5	378	20912	20534
ENST00000592242.1	0	2229	2229
ENST00000592246.5	157	5148	4991
ENST00000592248.5	655	11307	10652
ENST00000592254.1	0	6626	6626
ENST00000592257.5	2444	2952	508
ENST00000592258.5	173	6693	6520
ENST00000592261.6	80	16267	16187
ENST00000592264.1	81	16106	16025
ENST00000592268.5	57	8070	8013
ENST00000592271.1	478	28577	28099
ENST00000592272.6	23133	125538	102405
ENST00000592273.5	324	4465	4141
ENST00000592275.5	0	478	478
ENST00000592277.5	5176	9320	4144
ENST00000592278.1	102	1200	1098
ENST00000592280.1	261	6071	5810
ENST00000592281.5	0	7622	7622
ENST00000592282.1	2975	5445	2470
ENST00000592285.1	27	3220	3193
ENST00000592287.5	196	22492	22296
ENST00000592288.6	25	112650	112625
ENST00000592290.5	804	6380	5576
ENST00000592291.5	24	1157	1133
ENST00000592292.5	650	7553	6903
ENST00000592293.5	40	2488	2448
ENST00000592298.5	14324	17120	2796
ENST00000592299.6	1036	4121	3085
ENST00000592306.5	1387	2546	1159
ENST00000592308.1	0	10267	10267
ENST00000592312.5	1198	8465	7267
ENST00000592313.1	144	8864	8720
ENST00000592315.5	33	3922	3889
ENST00000592316.1	442	5041	4599
ENST00000592320.6	0	5608	5608
ENST00000592324.2	2023	64857	62834
ENST00000592325.1	15602	17628	2026
ENST00000592327.1	0	16564	16564
ENST00000592331.5	0	9043	9043
ENST00000592334.1	0	9299	9299
ENST00000592338.5	0	3604	3604
ENST00000592339.5	153	79950	79797
ENST00000592342.5	0	5168	5168
ENST00000592350.5	2451	8924	6473
ENST00000592354.5	1609	5221	3612
ENST00000592355.5	266	5215	4949
ENST00000592361.2	0	4333	4333
ENST00000592364.5	933	12331	11398
ENST00000592367.5	4779	5167	388
ENST00000592369.1	0	2409	2409
ENST00000592373.1	4549	5529	980
ENST00000592374.6	1682	2524	842
ENST00000592375.6	997	7559	6562
ENST00000592376.1	0	1108	1108
ENST00000592383.5	80	10683	10603
ENST00000592386.6	0	5241	5241
ENST00000592387.5	0	148	148
ENST00000592388.1	1457	1792	335
ENST00000592395.5	6155	6658	503
ENST00000592397.1	0	161565	161565
ENST00000592398.1	96	3288	3192
ENST00000592409.5	533	11907	11374
ENST00000592412.5	1603	2366	763
ENST00000592416.1	3505	4193	688
ENST00000592417.2	0	3411	3411
ENST00000592421.5	0	30117	30117
ENST00000592424.1	0	442	442
ENST00000592425.1	0	550	550
ENST00000592426.5	100	32128	32028
ENST00000592434.5	185	11099	10914
ENST00000592436.5	152	4978	4826
ENST00000592437.5	3076	18655	15579
ENST00000592444.5	115	3754	3639
ENST00000592448.1	2351	3520	1169
ENST00000592452.5	53467	54177	710
ENST00000592453.2	39	25927	25888
ENST00000592454.1	0	2260	2260
ENST00000592455.1	9	10125	10116
ENST00000592461.5	412	1036	624
ENST00000592464.1	0	1751	1751
ENST00000592468.5	1353	2989	1636
ENST00000592470.1	0	3700	3700
ENST00000592471.1	34	15902	15868
ENST00000592473.5	0	4531	4531
ENST00000592478.5	530	6106	5576
ENST00000592481.6	30932	45881	14949
ENST00000592483.5	902	2412	1510
ENST00000592484.5	25370	27960	2590
ENST00000592490.5	187	30797	30610
ENST00000592491.1	575	1360	785
ENST00000592492.5	0	4907	4907
ENST00000592501.5	3308	6404	3096
ENST00000592502.2	125	12762	12637
ENST00000592504.5	14371	17809	3438
ENST00000592506.2	476	6768	6292
ENST00000592507.1	86	10192	10106
ENST00000592509.5	0	630	630
ENST00000592510.1	0	3744	3744
ENST00000592513.1	0	52472	52472
ENST00000592514.5	353	8769	8416
ENST00000592515.1	0	7412	7412
ENST00000592519.1	0	642	642
ENST00000592521.5	10	57068	57058
ENST00000592522.5	161	28502	28341
ENST00000592524.6	6182	8556	2374
ENST00000592528.5	826	24284	23458
ENST00000592529.6	1962	24882	22920
ENST00000592533.5	47042	63830	16788
ENST00000592535.6	284	4865	4581
ENST00000592537.5	29	2987	2958
ENST00000592539.6	0	5280	5280
ENST00000592540.6	1693	10869	9176
ENST00000592541.6	11	48621	48610
ENST00000592546.5	336	55072	54736
ENST00000592554.2	2364	67162	64798
ENST00000592558.1	58	18275	18217
ENST00000592559.1	3224	8909	5685
ENST00000592561.5	19	8228	8209
ENST00000592563.1	3	2279	2276
ENST00000592567.1	1240	18100	16860
ENST00000592568.1	0	5445	5445
ENST00000592571.1	2036	7419	5383
ENST00000592573.1	3401	18831	15430
ENST00000592574.1	0	11667	11667
ENST00000592576.5	411	46514	46103
ENST00000592577.6	1078	7853	6775
ENST00000592581.5	4481	7680	3199
ENST00000592584.1	0	10131	10131
ENST00000592585.1	92	4657	4565
ENST00000592586.1	0	28413	28413
ENST00000592587.1	0	5372	5372
ENST00000592588.7	30	2494	2464
ENST00000592590.6	1239	9016	7777
ENST00000592591.1	0	6556	6556
ENST00000592595.5	103817	169719	65902
ENST00000592596.1	1402	14375	12973
ENST00000592598.1	0	412	412
ENST00000592603.5	7305	8421	1116
ENST00000592610.1	1529	1875	346
ENST00000592611.5	33	56695	56662
ENST00000592619.5	0	73665	73665
ENST00000592621.5	0	2875	2875
ENST00000592623.5	484	2409	1925
ENST00000592625.5	172	13221	13049
ENST00000592628.5	2417	10375	7958
ENST00000592629.1	19	24225	24206
ENST00000592631.5	96	2197	2101
ENST00000592634.5	1731	9390	7659
ENST00000592641.5	253	5629	5376
ENST00000592642.1	126	11972	11846
ENST00000592643.5	344	1260	916
ENST00000592645.5	828	6525	5697
ENST00000592646.5	524	1849	1325
ENST00000592647.1	816	15454	14638
ENST00000592648.1	216	2538	2322
ENST00000592652.1	0	26693	26693
ENST00000592654.3	24829	45195	20366
ENST00000592656.5	0	148	148
ENST00000592659.2	353	3628	3275
ENST00000592664.1	299	5407	5108
ENST00000592665.1	0	1135	1135
ENST00000592674.1	29256	33869	4613
ENST00000592675.1	0	734	734
ENST00000592677.5	5863	25947	20084
ENST00000592679.5	0	228	228
ENST00000592683.5	46	17062	17016
ENST00000592685.5	170	53421	53251
ENST00000592688.1	184	24546	24362
ENST00000592690.1	2709	9718	7009
ENST00000592691.1	13851	13997	146
ENST00000592693.1	497	1745	1248
ENST00000592694.5	251	5346	5095
ENST00000592695.1	877	8745	7868
ENST00000592698.5	0	12297	12297
ENST00000592699.6	0	33330	33330
ENST00000592701.2	0	9550	9550
ENST00000592704.5	27765	33100	5335
ENST00000592705.5	47142	61816	14674
ENST00000592711.5	3302	16332	13030
ENST00000592721.5	1281	3761	2480
ENST00000592723.5	67	3548	3481
ENST00000592725.1	14227	26839	12612
ENST00000592726.1	3592	7864	4272
ENST00000592731.5	3938	8311	4373
ENST00000592732.5	3527	7778	4251
ENST00000592734.5	0	8754	8754
ENST00000592737.5	0	4724	4724
ENST00000592740.5	0	13669	13669
ENST00000592741.5	483	15363	14880
ENST00000592743.5	210	28838	28628
ENST00000592745.5	4776	5222	446
ENST00000592746.5	38673	68436	29763
ENST00000592756.1	29	3784	3755
ENST00000592757.1	1682	2927	1245
ENST00000592760.1	0	1024	1024
ENST00000592762.5	202	29277	29075
ENST00000592763.5	0	15465	15465
ENST00000592764.5	4814	36955	32141
ENST00000592765.5	80	16059	15979
ENST00000592767.2	2090	4129	2039
ENST00000592768.5	12659	27993	15334
ENST00000592771.5	18504	60983	42479
ENST00000592772.1	0	30623	30623
ENST00000592773.3	215610	487178	271568
ENST00000592776.1	11485	70306	58821
ENST00000592780.5	2411	15931	13520
ENST00000592782.5	9720	55502	45782
ENST00000592783.5	3863	5424	1561
ENST00000592784.6	228	21297	21069
ENST00000592786.5	30	5845	5815
ENST00000592789.5	9654	10596	942
ENST00000592791.1	1777	10998	9221
ENST00000592796.2	367	1010	643
ENST00000592798.5	243	16663	16420
ENST00000592800.6	3415	19128	15713
ENST00000592803.2	8655	15551	6896
ENST00000592810.1	8381	10053	1672
ENST00000592811.5	774	3391	2617
ENST00000592813.5	507	8042	7535
ENST00000592814.5	0	7128	7128
ENST00000592815.5	3780	4110	330
ENST00000592819.1	901	1560	659
ENST00000592825.1	1775	3537	1762
ENST00000592828.7	360	3635	3275
ENST00000592829.5	0	2180	2180
ENST00000592832.2	0	19516	19516
ENST00000592837.1	122	4286	4164
ENST00000592844.5	6136	74914	68778
ENST00000592846.5	276733	276795	62
ENST00000592848.5	1571	10309	8738
ENST00000592849.5	2871	7171	4300
ENST00000592850.5	10506	12970	2464
ENST00000592852.1	1841	2073	232
ENST00000592853.5	4010	8521	4511
ENST00000592854.5	11934	33472	21538
ENST00000592857.5	0	1399	1399
ENST00000592859.1	5675	6933	1258
ENST00000592860.3	26	4346	4320
ENST00000592863.2	3709	4043	334
ENST00000592864.3	634	81414	80780
ENST00000592872.5	861	5081	4220
ENST00000592874.2	951	7516	6565
ENST00000592875.6	50	6979	6929
ENST00000592881.1	7493	8111	618
ENST00000592883.5	0	7846	7846
ENST00000592885.5	189	4901	4712
ENST00000592889.1	126	2522	2396
ENST00000592896.5	13793	17759	3966
ENST00000592902.6	2023	3338	1315
ENST00000592903.5	0	14	14
ENST00000592904.7	849	9502	8653
ENST00000592910.1	0	466	466
ENST00000592912.5	15281	15997	716
ENST00000592922.6	895	9245	8350
ENST00000592923.5	2396	11760	9364
ENST00000592927.5	1059	2347	1288
ENST00000592930.5	0	188321	188321
ENST00000592943.5	0	19197	19197
ENST00000592947.5	790	1116	326
ENST00000592949.5	5591	19852	14261
ENST00000592951.5	28183	45658	17475
ENST00000592952.5	0	3138	3138
ENST00000592953.5	224	27702	27478
ENST00000592954.2	41	3443	3402
ENST00000592955.5	138	20326	20188
ENST00000592957.1	175	4339	4164
ENST00000592960.1	0	1754	1754
ENST00000592962.5	460	1400	940
ENST00000592965.2	0	202	202
ENST00000592966.5	0	9897	9897
ENST00000592967.5	319	10252	9933
ENST00000592970.1	0	3959	3959
ENST00000592976.5	0	16385	16385
ENST00000592977.5	0	12420	12420
ENST00000592984.6	0	1732	1732
ENST00000592989.1	0	2350	2350
ENST00000592993.1	59	28185	28126
ENST00000592996.5	7985	10939	2954
ENST00000592997.6	165	8320	8155
ENST00000592999.5	1200	3519	2319
ENST00000593001.5	0	156	156
ENST00000593002.1	0	4590	4590
ENST00000593003.5	376	9746	9370
ENST00000593005.5	0	2395	2395
ENST00000593007.1	0	16221	16221
ENST00000593014.3	6293	20916	14623
ENST00000593021.1	0	10654	10654
ENST00000593027.6	312	1063	751
ENST00000593030.6	5420	26431	21011
ENST00000593031.1	5015	14107	9092
ENST00000593032.6	58	3454	3396
ENST00000593035.5	736	33483	32747
ENST00000593039.5	622	110753	110131
ENST00000593043.1	174	967	793
ENST00000593046.5	0	10655	10655
ENST00000593048.5	1598	2361	763
ENST00000593052.5	138	2492	2354
ENST00000593054.5	99	2158	2059
ENST00000593058.1	20841	31668	10827
ENST00000593061.5	0	1840	1840
ENST00000593064.5	2417	10523	8106
ENST00000593066.5	2247	3176	929
ENST00000593067.1	0	1476	1476
ENST00000593068.7	1447	12556	11109
ENST00000593069.1	1033	1429	396
ENST00000593071.1	147	3081	2934
ENST00000593072.5	0	11821	11821
ENST00000593074.5	125	17949	17824
ENST00000593087.1	423	2172	1749
ENST00000593088.5	3115	11515	8400
ENST00000593091.2	471	61327	60856
ENST00000593092.1	301	10771	10470
ENST00000593094.2	0	1012	1012
ENST00000593095.5	224	3363	3139
ENST00000593096.1	0	1638	1638
ENST00000593097.5	0	6314	6314
ENST00000593100.5	5185	5779	594
ENST00000593101.5	378	6008	5630
ENST00000593105.5	194	19238	19044
ENST00000593106.5	0	2289	2289
ENST00000593110.5	2963	22539	19576
ENST00000593114.5	55	3033	2978
ENST00000593115.2	221	657	436
ENST00000593116.5	66	12348	12282
ENST00000593119.5	200	30963	30763
ENST00000593124.1	0	11274	11274
ENST00000593126.5	110	6164	6054
ENST00000593130.1	0	574	574
ENST00000593131.1	0	2956	2956
ENST00000593133.5	348	24247	23899
ENST00000593135.6	1372	14174	12802
ENST00000593138.6	1716	9584	7868
ENST00000593142.5	2224	4694	2470
ENST00000593145.5	0	7401	7401
ENST00000593147.5	0	71836	71836
ENST00000593149.5	5085	18209	13124
ENST00000593152.6	141	9195	9054
ENST00000593153.5	0	43177	43177
ENST00000593159.5	0	88	88
ENST00000593164.6	3166	9243	6077
ENST00000593165.5	0	5588	5588
ENST00000593166.1	1522	1886	364
ENST00000593167.5	3867	5470	1603
ENST00000593168.6	23799	57551	33752
ENST00000593179.1	0	50	50
ENST00000593181.5	658	41834	41176
ENST00000593184.5	4016	5074	1058
ENST00000593186.1	0	3994	3994
ENST00000593189.6	15773	25078	9305
ENST00000593194.5	92	9686	9594
ENST00000593195.6	0	48455	48455
ENST00000593199.5	15110	15938	828
ENST00000593205.5	0	9803	9803
ENST00000593208.1	0	152	152
ENST00000593209.5	226	6211	5985
ENST00000593214.5	0	8997	8997
ENST00000593219.5	98	9765	9667
ENST00000593223.2	16828	48058	31230
ENST00000593224.1	0	23646	23646
ENST00000593226.5	0	1828	1828
ENST00000593228.5	0	7237	7237
ENST00000593230.5	106521	124004	17483
ENST00000593231.1	5577	6443	866
ENST00000593236.1	156152	156358	206
ENST00000593239.5	89	5096	5007
ENST00000593241.5	0	4429	4429
ENST00000593242.7	0	52311	52311
ENST00000593244.5	8725	28052	19327
ENST00000593250.5	15602	18471	2869
ENST00000593251.5	917	24496	23579
ENST00000593253.5	0	8397	8397
ENST00000593255.5	0	6106	6106
ENST00000593256.6	42	3407	3365
ENST00000593260.1	0	40163	40163
ENST00000593263.5	0	5851	5851
ENST00000593271.5	0	19602	19602
ENST00000593273.5	1673	5778	4105
ENST00000593274.1	56	3537	3481
ENST00000593276.2	33	29532	29499
ENST00000593280.2	1483	5355	3872
ENST00000593296.1	0	6193	6193
ENST00000593308.1	1532	1962	430
ENST00000593322.1	0	3370	3370
ENST00000593323.2	2239	9156	6917
ENST00000593325.5	3582	4765	1183
ENST00000593337.5	0	2993	2993
ENST00000593342.5	1227	4603	3376
ENST00000593349.5	0	1172	1172
ENST00000593353.5	756	6130	5374
ENST00000593360.1	110	14016	13906
ENST00000593361.5	14	1051	1037
ENST00000593363.1	0	410	410
ENST00000593380.1	4354	22642	18288
ENST00000593381.5	0	11289	11289
ENST00000593383.1	0	1816	1816
ENST00000593397.1	863	1295	432
ENST00000593404.5	1101	14182	13081
ENST00000593407.5	0	4419	4419
ENST00000593409.5	6334	19415	13081
ENST00000593413.1	0	2745	2745
ENST00000593417.5	44	7879	7835
ENST00000593418.1	0	9743	9743
ENST00000593423.5	253	1723	1470
ENST00000593424.5	1293	2723	1430
ENST00000593428.5	331	10228	9897
ENST00000593437.1	1237	5396	4159
ENST00000593442.5	292	12880	12588
ENST00000593447.5	317	8434	8117
ENST00000593459.5	688	82635	81947
ENST00000593463.5	0	10294	10294
ENST00000593466.5	137	10436	10299
ENST00000593468.5	155	32547	32392
ENST00000593475.6	473	30911	30438
ENST00000593480.5	43755	47700	3945
ENST00000593483.1	0	778	778
ENST00000593484.1	24579	27632	3053
ENST00000593489.1	0	9589	9589
ENST00000593490.1	171	5243	5072
ENST00000593493.5	15004	15138	134
ENST00000593495.4	6801	79921	73120
ENST00000593500.1	109	3235	3126
ENST00000593502.5	0	11143	11143
ENST00000593511.1	2008	5496	3488
ENST00000593513.1	11210	35010	23800
ENST00000593515.5	329	13298	12969
ENST00000593525.1	848	1308	460
ENST00000593532.5	47914	49536	1622
ENST00000593537.2	240	1498	1258
ENST00000593545.5	26	10711	10685
ENST00000593547.1	304	12568	12264
ENST00000593551.1	0	1467	1467
ENST00000593560.6	143	2824	2681
ENST00000593562.6	550	70367	69817
ENST00000593570.5	2	7602	7600
ENST00000593572.5	160	996	836
ENST00000593574.1	0	7480	7480
ENST00000593582.5	45	4018	3973
ENST00000593587.5	3149	43737	40588
ENST00000593591.5	0	3524	3524
ENST00000593593.5	193	1108	915
ENST00000593594.1	298	1162	864
ENST00000593596.1	0	5855	5855
ENST00000593597.1	103	4397	4294
ENST00000593600.5	0	13891	13891
ENST00000593605.1	0	3178	3178
ENST00000593606.3	74	1755	1681
ENST00000593612.1	3017	19129	16112
ENST00000593618.5	0	8866	8866
ENST00000593624.5	5149	5667	518
ENST00000593625.1	2356	3040	684
ENST00000593635.1	58963	60971	2008
ENST00000593639.5	5442	9058	3616
ENST00000593641.3	0	2685	2685
ENST00000593646.6	60	1950	1890
ENST00000593647.1	0	6544	6544
ENST00000593649.5	86	17023	16937
ENST00000593650.5	0	13157	13157
ENST00000593652.5	0	824	824
ENST00000593657.5	0	11086	11086
ENST00000593659.5	0	130	130
ENST00000593660.5	395	5761	5366
ENST00000593661.5	0	1928	1928
ENST00000593662.1	100	889	789
ENST00000593677.2	0	31575	31575
ENST00000593678.5	406	13363	12957
ENST00000593681.5	312	2393	2081
ENST00000593682.1	54768	55742	974
ENST00000593685.5	368	10051	9683
ENST00000593686.1	3443	5634	2191
ENST00000593690.5	43740	54527	10787
ENST00000593695.5	3	14981	14978
ENST00000593698.5	5095	10489	5394
ENST00000593703.1	13730	21333	7603
ENST00000593711.6	144	51302	51158
ENST00000593713.1	0	8343	8343
ENST00000593714.5	0	16017	16017
ENST00000593720.1	0	3090	3090
ENST00000593726.5	1028	9532	8504
ENST00000593727.1	0	9503	9503
ENST00000593729.5	2740	12925	10185
ENST00000593731.1	2722	18302	15580
ENST00000593751.7	9826	11102	1276
ENST00000593754.1	6336	8992	2656
ENST00000593756.6	713	3317	2604
ENST00000593760.5	9308	47098	37790
ENST00000593761.5	0	26013	26013
ENST00000593764.5	0	8376	8376
ENST00000593767.3	53	22902	22849
ENST00000593771.2	265	11721	11456
ENST00000593772.1	0	2603	2603
ENST00000593781.5	775	6790	6015
ENST00000593782.1	0	6889	6889
ENST00000593795.5	4359	10941	6582
ENST00000593796.5	0	9140	9140
ENST00000593799.2	0	1702	1702
ENST00000593800.5	9393	9997	604
ENST00000593802.1	0	129343	129343
ENST00000593807.1	9967	28640	18673
ENST00000593809.1	0	487	487
ENST00000593810.3	586	3362	2776
ENST00000593818.5	0	727	727
ENST00000593821.5	3	5271	5268
ENST00000593826.1	2924	5880	2956
ENST00000593827.1	3385	19891	16506
ENST00000593829.6	1231	17196	15965
ENST00000593831.1	112	13638	13526
ENST00000593833.5	16644	23494	6850
ENST00000593841.1	92	1199	1107
ENST00000593844.1	0	5525	5525
ENST00000593847.1	0	1340	1340
ENST00000593851.5	1992	13366	11374
ENST00000593863.5	329	11358	11029
ENST00000593867.5	2854	7787	4933
ENST00000593870.5	3684	11463	7779
ENST00000593873.6	187	39264	39077
ENST00000593875.5	9394	9910	516
ENST00000593877.1	7792	7816	24
ENST00000593880.1	231	7380	7149
ENST00000593885.1	1565	2075	510
ENST00000593887.2	14479	36866	22387
ENST00000593890.1	0	5020	5020
ENST00000593892.5	109	2946	2837
ENST00000593901.5	716	17196	16480
ENST00000593902.1	6693	7513	820
ENST00000593904.1	0	1690	1690
ENST00000593912.5	200	6958	6758
ENST00000593913.5	16578	25884	9306
ENST00000593916.5	166	13449	13283
ENST00000593918.1	6553	26305	19752
ENST00000593919.5	670	29669	28999
ENST00000593920.5	1370	10218	8848
ENST00000593922.5	72	3847	3775
ENST00000593924.5	526	5297	4771
ENST00000593925.1	0	2466	2466
ENST00000593926.5	361	6726	6365
ENST00000593931.1	248	1975	1727
ENST00000593939.5	0	11790	11790
ENST00000593941.5	1578	12469	10891
ENST00000593942.5	329	9509	9180
ENST00000593944.5	0	1060	1060
ENST00000593945.6	732	20821	20089
ENST00000593946.5	5323	6151	828
ENST00000593948.5	333	17146	16813
ENST00000593949.1	65	9361	9296
ENST00000593956.5	0	2332	2332
ENST00000593972.1	1148	1984	836
ENST00000593973.2	1343	41652	40309
ENST00000593979.6	0	8390	8390
ENST00000593981.1	0	4922	4922
ENST00000593983.5	11999	17730	5731
ENST00000593991.5	69599	82668	13069
ENST00000593993.7	616	29797	29181
ENST00000593997.5	21	4388	4367
ENST00000593998.5	153	10925	10772
ENST00000593999.1	418	6929	6511
ENST00000594001.5	7910	27363	19453
ENST00000594009.5	79	6733	6654
ENST00000594011.5	7345	15119	7774
ENST00000594012.5	2660	16662	14002
ENST00000594013.5	635	3430	2795
ENST00000594018.5	20	2296	2276
ENST00000594021.5	27	2347	2320
ENST00000594024.5	8428	14794	6366
ENST00000594030.2	2843	28103	25260
ENST00000594033.5	1661	12833	11172
ENST00000594034.5	247	2793	2546
ENST00000594035.5	4399	22773	18374
ENST00000594038.5	1355	5848	4493
ENST00000594042.1	0	1236	1236
ENST00000594043.5	2504	10286	7782
ENST00000594045.2	48	436	388
ENST00000594047.2	120	31729	31609
ENST00000594049.5	0	1689	1689
ENST00000594051.6	527	5674	5147
ENST00000594059.1	0	4880	4880
ENST00000594064.5	0	11106	11106
ENST00000594068.6	3662	19512	15850
ENST00000594072.6	222	6608	6386
ENST00000594075.5	0	6884	6884
ENST00000594076.5	3	42692	42689
ENST00000594083.5	1549	14598	13049
ENST00000594084.5	0	9758	9758
ENST00000594087.1	13	16365	16352
ENST00000594090.5	21080	28084	7004
ENST00000594092.5	470	35687	35217
ENST00000594099.6	1174	2906	1732
ENST00000594100.2	200	32751	32551
ENST00000594107.1	0	22904	22904
ENST00000594108.1	67	2957	2890
ENST00000594110.5	151	29297	29146
ENST00000594117.4	11	4663	4652
ENST00000594124.1	0	854	854
ENST00000594125.1	0	3316	3316
ENST00000594126.1	413	2572	2159
ENST00000594127.5	320	2970	2650
ENST00000594136.2	105	9321	9216
ENST00000594140.5	3418	5092	1674
ENST00000594141.1	0	2655	2655
ENST00000594144.5	30314	57045	26731
ENST00000594151.5	146	7889	7743
ENST00000594154.5	2344	17441	15097
ENST00000594155.5	0	10372	10372
ENST00000594157.5	732	3417	2685
ENST00000594161.1	0	1023	1023
ENST00000594162.1	0	5373	5373
ENST00000594164.5	15013	15411	398
ENST00000594171.5	340	7113	6773
ENST00000594174.5	41	1653	1612
ENST00000594176.1	0	4741	4741
ENST00000594180.1	354	3292	2938
ENST00000594182.1	0	1869	1869
ENST00000594190.5	0	1832	1832
ENST00000594194.1	0	2345	2345
ENST00000594195.2	10863	22649	11786
ENST00000594198.1	3834	4979	1145
ENST00000594199.3	5123	6963	1840
ENST00000594202.6	7447	43224	35777
ENST00000594208.5	7967	9413	1446
ENST00000594209.1	0	3669	3669
ENST00000594211.2	606	7784	7178
ENST00000594212.5	23	4964	4941
ENST00000594214.1	2055	3237	1182
ENST00000594216.1	24	12731	12707
ENST00000594217.5	649	4647	3998
ENST00000594220.1	89	763	674
ENST00000594229.1	34	25821	25787
ENST00000594234.5	1231	10322	9091
ENST00000594239.6	4383	18086	13703
ENST00000594245.1	111	13242	13131
ENST00000594247.5	1431	6888	5457
ENST00000594250.5	25	16677	16652
ENST00000594257.1	620	5927	5307
ENST00000594258.1	0	5999	5999
ENST00000594268.1	12943	13541	598
ENST00000594270.5	0	1381	1381
ENST00000594275.1	116	2756	2640
ENST00000594276.5	0	6952	6952
ENST00000594279.5	760	5645	4885
ENST00000594287.6	0	6564	6564
ENST00000594290.5	4541	6347	1806
ENST00000594293.5	0	6006	6006
ENST00000594294.5	3	42823	42820
ENST00000594295.5	644	23103	22459
ENST00000594297.1	8116	8724	608
ENST00000594298.5	0	4951	4951
ENST00000594306.1	0	302	302
ENST00000594309.5	0	7806	7806
ENST00000594310.1	70	2144	2074
ENST00000594321.5	186	1436	1250
ENST00000594328.1	19396	23671	4275
ENST00000594332.1	1692	3571	1879
ENST00000594335.5	0	18683	18683
ENST00000594339.1	790	6719	5929
ENST00000594342.5	4716	20667	15951
ENST00000594349.1	0	4211	4211
ENST00000594350.1	0	4653	4653
ENST00000594353.1	0	9087	9087
ENST00000594363.5	149	22473	22324
ENST00000594365.5	196	1049	853
ENST00000594368.5	30	6945	6915
ENST00000594369.6	867	5715	4848
ENST00000594371.1	0	34550	34550
ENST00000594374.1	0	38734	38734
ENST00000594375.1	0	10537	10537
ENST00000594378.1	12033	17573	5540
ENST00000594380.1	866	1390	524
ENST00000594383.2	165	24560	24395
ENST00000594384.5	15110	32173	17063
ENST00000594385.1	0	13576	13576
ENST00000594389.1	0	218	218
ENST00000594390.5	105	16639	16534
ENST00000594395.5	3	12159	12156
ENST00000594396.1	117	12137	12020
ENST00000594401.1	0	17229	17229
ENST00000594408.3	2953	29523	26570
ENST00000594416.1	3273	9075	5802
ENST00000594417.1	0	7025	7025
ENST00000594419.1	0	7897	7897
ENST00000594424.5	98	6342	6244
ENST00000594425.5	147	47968	47821
ENST00000594432.1	14	1926	1912
ENST00000594436.5	366	2629	2263
ENST00000594438.1	0	978	978
ENST00000594439.5	7	10510	10503
ENST00000594440.6	645	23104	22459
ENST00000594442.2	40	2843	2803
ENST00000594443.5	4695	11914	7219
ENST00000594445.1	0	5389	5389
ENST00000594456.1	235	885	650
ENST00000594465.7	372	24752	24380
ENST00000594466.6	109	20922	20813
ENST00000594467.5	9822	10030	208
ENST00000594473.1	150	9746	9596
ENST00000594480.1	43	2750	2707
ENST00000594490.6	524	24659	24135
ENST00000594493.1	1497	3433	1936
ENST00000594496.5	570	1653	1083
ENST00000594500.5	22	2496	2474
ENST00000594509.5	69598	82667	13069
ENST00000594517.5	0	13694	13694
ENST00000594521.5	0	8556	8556
ENST00000594523.5	6905	8119	1214
ENST00000594526.5	30147	39851	9704
ENST00000594527.1	0	2188	2188
ENST00000594528.1	42109	44766	2657
ENST00000594530.1	20	5011	4991
ENST00000594534.5	138	23690	23552
ENST00000594536.5	68	342	274
ENST00000594537.2	4	1159	1155
ENST00000594551.1	0	2162	2162
ENST00000594552.5	3587	5327	1740
ENST00000594565.6	5302	9954	4652
ENST00000594577.5	0	4018	4018
ENST00000594582.1	273	3116	2843
ENST00000594583.2	0	5942	5942
ENST00000594587.5	689	10361	9672
ENST00000594594.6	23492	39066	15574
ENST00000594599.1	0	3204	3204
ENST00000594602.5	195	16960	16765
ENST00000594605.6	93	15906	15813
ENST00000594617.7	2280	26660	24380
ENST00000594621.1	118	6216	6098
ENST00000594625.5	16	7275	7259
ENST00000594635.6	28332	79609	51277
ENST00000594637.1	0	3333	3333
ENST00000594641.1	18	9682	9664
ENST00000594658.5	32	43535	43503
ENST00000594660.5	134	5133	4999
ENST00000594662.5	16206	29132	12926
ENST00000594663.1	0	24653	24653
ENST00000594664.1	0	20912	20912
ENST00000594665.2	45247	78153	32906
ENST00000594668.5	336	8206	7870
ENST00000594669.1	3968	5124	1156
ENST00000594670.1	622	6414	5792
ENST00000594671.5	1343	41571	40228
ENST00000594672.5	7548	8259	711
ENST00000594673.5	0	214	214
ENST00000594681.5	336	9863	9527
ENST00000594682.6	6678	48631	41953
ENST00000594684.1	167	71972	71805
ENST00000594685.1	9	4451	4442
ENST00000594691.6	145	82327	82182
ENST00000594693.5	3917	7006	3089
ENST00000594700.5	115	7826	7711
ENST00000594704.5	3118	16206	13088
ENST00000594709.1	0	2877	2877
ENST00000594710.2	588	30009	29421
ENST00000594716.5	28	15651	15623
ENST00000594720.6	524	24736	24212
ENST00000594724.5	8	717	709
ENST00000594729.5	298	12451	12153
ENST00000594741.5	0	8642	8642
ENST00000594743.1	0	3524	3524
ENST00000594744.1	0	582	582
ENST00000594745.5	38	2622	2584
ENST00000594748.5	0	1876	1876
ENST00000594759.5	5702	52493	46791
ENST00000594761.5	37	6221	6184
ENST00000594765.5	25	7607	7582
ENST00000594768.5	315	6124	5809
ENST00000594769.5	0	23662	23662
ENST00000594773.5	4106	43292	39186
ENST00000594784.1	0	2905	2905
ENST00000594786.1	185	845	660
ENST00000594787.1	23060	23162	102
ENST00000594792.5	2096	2723	627
ENST00000594794.5	240	10227	9987
ENST00000594797.6	41	1975	1934
ENST00000594800.5	160	9376	9216
ENST00000594806.5	1030	3960	2930
ENST00000594808.1	0	2281	2281
ENST00000594813.1	4330	4996	666
ENST00000594814.6	95	24712	24617
ENST00000594824.5	25932	142953	117021
ENST00000594828.7	0	14440	14440
ENST00000594839.5	22858	23478	620
ENST00000594841.5	0	18708	18708
ENST00000594844.5	0	3051	3051
ENST00000594845.5	784	1921	1137
ENST00000594846.1	0	4519	4519
ENST00000594851.5	469	6924	6455
ENST00000594854.1	789	3424	2635
ENST00000594862.1	0	2528	2528
ENST00000594866.3	64441	97945	33504
ENST00000594875.1	0	10210	10210
ENST00000594886.5	132	18933	18801
ENST00000594894.1	342	1793	1451
ENST00000594900.2	172	2270	2098
ENST00000594901.2	230	14170	13940
ENST00000594905.5	6213	7189	976
ENST00000594907.5	7	41792	41785
ENST00000594908.5	17780	22131	4351
ENST00000594917.1	3	4729	4726
ENST00000594929.5	0	5945	5945
ENST00000594932.5	2358	4274	1916
ENST00000594938.2	302	1560	1258
ENST00000594943.1	153	25006	24853
ENST00000594947.6	149	38640	38491
ENST00000594948.5	337	38812	38475
ENST00000594951.1	0	6960	6960
ENST00000594953.1	0	8087	8087
ENST00000594968.1	13130	14757	1627
ENST00000594971.5	0	12979	12979
ENST00000594975.5	81	112302	112221
ENST00000594984.1	0	6948	6948
ENST00000594989.5	45	5855	5810
ENST00000594990.5	9735	17446	7711
ENST00000594991.5	628	10800	10172
ENST00000594996.5	22	1871	1849
ENST00000594999.1	3026	3783	757
ENST00000595000.5	7742	16127	8385
ENST00000595001.5	8490	13270	4780
ENST00000595018.5	5709	46297	40588
ENST00000595022.5	162612	293408	130796
ENST00000595023.5	3666	23526	19860
ENST00000595026.1	0	18277	18277
ENST00000595031.1	0	8523	8523
ENST00000595033.5	12900	39290	26390
ENST00000595034.5	0	811	811
ENST00000595038.5	147	5205	5058
ENST00000595042.5	773	2871	2098
ENST00000595047.5	0	12609	12609
ENST00000595048.5	108	24292	24184
ENST00000595050.1	0	2550	2550
ENST00000595051.1	0	768	768
ENST00000595065.6	582	2470	1888
ENST00000595066.5	83	17451	17368
ENST00000595067.1	0	17862	17862
ENST00000595068.5	37	11192	11155
ENST00000595073.5	4169	11264	7095
ENST00000595079.5	166	2450	2284
ENST00000595090.6	25	23326	23301
ENST00000595091.6	7559	22743	15184
ENST00000595100.1	216	2465	2249
ENST00000595101.5	18	2485	2467
ENST00000595113.1	0	8294	8294
ENST00000595124.5	591	14082	13491
ENST00000595125.5	2149	5231	3082
ENST00000595132.5	0	6660	6660
ENST00000595139.2	1657	4384	2727
ENST00000595140.5	206	20100	19894
ENST00000595142.5	8551	13612	5061
ENST00000595143.5	0	7342	7342
ENST00000595149.5	7742	15939	8197
ENST00000595157.1	82	973	891
ENST00000595158.5	1419	3645	2226
ENST00000595161.5	50	13860	13810
ENST00000595162.5	218	522	304
ENST00000595168.1	412	23996	23584
ENST00000595170.1	42860	49798	6938
ENST00000595171.5	1764	43717	41953
ENST00000595174.5	0	20444	20444
ENST00000595177.1	177	5050	4873
ENST00000595182.5	30	30718	30688
ENST00000595185.5	0	19373	19373
ENST00000595187.1	55	16795	16740
ENST00000595189.5	695	8980	8285
ENST00000595193.5	7346	15120	7774
ENST00000595196.5	93	7985	7892
ENST00000595200.5	0	1977	1977
ENST00000595207.5	1238	7793	6555
ENST00000595208.5	8671	29590	20919
ENST00000595213.1	8419	8755	336
ENST00000595217.1	224	1352	1128
ENST00000595223.5	150	3645	3495
ENST00000595224.6	132	4634	4502
ENST00000595225.1	1091	11679	10588
ENST00000595227.5	612	28019	27407
ENST00000595228.4	22	1652	1630
ENST00000595231.5	920	17132	16212
ENST00000595235.6	1377	9848	8471
ENST00000595238.1	0	1257	1257
ENST00000595242.3	104	2051	1947
ENST00000595254.5	0	10299	10299
ENST00000595258.1	0	2108	2108
ENST00000595264.5	0	3480	3480
ENST00000595290.6	82	14527	14445
ENST00000595291.5	1933	4948	3015
ENST00000595295.1	773	30787	30014
ENST00000595316.5	35	3278	3243
ENST00000595322.1	463	3234	2771
ENST00000595324.5	5332	6631	1299
ENST00000595329.5	333	8870	8537
ENST00000595335.5	5079	7739	2660
ENST00000595336.1	150	4369	4219
ENST00000595337.5	828	19368	18540
ENST00000595343.5	471	928	457
ENST00000595355.5	0	9103	9103
ENST00000595356.5	586	14355	13769
ENST00000595358.5	7552	24440	16888
ENST00000595379.1	0	680	680
ENST00000595384.1	0	6945	6945
ENST00000595387.1	12651	18076	5425
ENST00000595392.5	21	3893	3872
ENST00000595396.3	1107	66624	65517
ENST00000595400.5	5041	5553	512
ENST00000595401.1	84	13792	13708
ENST00000595403.1	0	10733	10733
ENST00000595405.1	0	808	808
ENST00000595408.5	8418	14890	6472
ENST00000595412.5	334	4143	3809
ENST00000595418.5	0	3395	3395
ENST00000595423.1	0	31360	31360
ENST00000595425.5	47	7187	7140
ENST00000595437.5	70681	308953	238272
ENST00000595444.1	32	14316	14284
ENST00000595455.1	118	4037	3919
ENST00000595461.5	329	14331	14002
ENST00000595464.3	8625	10645	2020
ENST00000595465.6	75	40614	40539
ENST00000595470.1	0	15014	15014
ENST00000595472.1	87	6319	6232
ENST00000595483.5	103	18384	18281
ENST00000595487.5	9079	10877	1798
ENST00000595490.1	0	2677	2677
ENST00000595505.5	69586	82603	13017
ENST00000595510.1	1869	6449	4580
ENST00000595514.1	3769	8872	5103
ENST00000595515.5	18	44508	44490
ENST00000595517.5	4345	5153	808
ENST00000595519.5	75	10834	10759
ENST00000595523.5	252	1051	799
ENST00000595530.5	0	5518	5518
ENST00000595531.5	2995	46479	43484
ENST00000595533.1	0	1112	1112
ENST00000595534.1	8685	32413	23728
ENST00000595535.5	6381	100233	93852
ENST00000595538.5	0	13905	13905
ENST00000595541.1	370	17600	17230
ENST00000595545.5	209	6664	6455
ENST00000595547.5	3	9087	9084
ENST00000595548.5	0	2945	2945
ENST00000595549.5	67	18298	18231
ENST00000595550.1	0	637	637
ENST00000595552.2	0	12543	12543
ENST00000595554.1	0	8098	8098
ENST00000595557.1	3747	4219	472
ENST00000595558.1	3	26622	26619
ENST00000595559.1	73	9650	9577
ENST00000595562.1	0	49410	49410
ENST00000595564.5	65	6453	6388
ENST00000595565.5	469	6420	5951
ENST00000595567.1	0	243	243
ENST00000595568.5	661	6081	5420
ENST00000595569.1	0	4735	4735
ENST00000595570.5	9397	9763	366
ENST00000595571.5	2686	7033	4347
ENST00000595573.1	0	1150	1150
ENST00000595581.1	0	1095	1095
ENST00000595583.5	546	2428	1882
ENST00000595588.5	1683	6216	4533
ENST00000595590.1	960	9914	8954
ENST00000595591.1	0	66	66
ENST00000595607.6	9719	18042	8323
ENST00000595615.1	85	2922	2837
ENST00000595618.5	25937	142029	116092
ENST00000595621.1	0	780	780
ENST00000595625.1	10	5971	5961
ENST00000595631.5	270	3857	3587
ENST00000595632.5	1305	12300	10995
ENST00000595635.5	4419	15599	11180
ENST00000595636.1	653	7824	7171
ENST00000595637.1	0	2961	2961
ENST00000595639.1	0	5046	5046
ENST00000595641.5	0	116558	116558
ENST00000595645.6	375	10987	10612
ENST00000595646.6	2718	17825	15107
ENST00000595652.5	88	9401	9313
ENST00000595654.6	0	564	564
ENST00000595659.5	861	3009	2148
ENST00000595660.1	77	2230	2153
ENST00000595661.5	5361	23943	18582
ENST00000595669.5	174	4864	4690
ENST00000595671.5	7869	50254	42385
ENST00000595676.1	4545	6884	2339
ENST00000595683.5	1426	3652	2226
ENST00000595684.5	138	28364	28226
ENST00000595687.6	1339	13492	12153
ENST00000595689.3	515	8985	8470
ENST00000595708.5	792	7002	6210
ENST00000595712.6	2690	6317	3627
ENST00000595721.1	0	28559	28559
ENST00000595723.5	0	4626	4626
ENST00000595725.5	141	2907	2766
ENST00000595726.1	0	2952	2952
ENST00000595736.1	341	2871	2530
ENST00000595740.1	4662	5756	1094
ENST00000595741.5	0	3898	3898
ENST00000595750.2	2632	4850	2218
ENST00000595753.6	3845	23751	19906
ENST00000595761.1	0	802	802
ENST00000595763.1	0	951	951
ENST00000595764.1	146	23235	23089
ENST00000595765.2	0	3329	3329
ENST00000595766.1	501	9201	8700
ENST00000595773.5	0	9243	9243
ENST00000595780.5	2854	4123	1269
ENST00000595782.1	0	9650	9650
ENST00000595790.5	840	10289	9449
ENST00000595791.5	3253	7929	4676
ENST00000595793.6	964	10267	9303
ENST00000595796.5	399	10788	10389
ENST00000595798.5	208	4022	3814
ENST00000595803.5	47	1125	1078
ENST00000595810.5	342	18318	17976
ENST00000595811.5	23	536	513
ENST00000595812.2	6328	24181	17853
ENST00000595813.5	5419	12828	7409
ENST00000595816.1	115	14855	14740
ENST00000595820.6	1071	6685	5614
ENST00000595828.5	5083	10363	5280
ENST00000595830.5	4269	13963	9694
ENST00000595831.5	8329	17272	8943
ENST00000595838.5	654	13677	13023
ENST00000595839.5	3	42546	42543
ENST00000595840.1	841	6727	5886
ENST00000595851.5	19006	19666	660
ENST00000595854.5	116	22860	22744
ENST00000595856.5	7735	12704	4969
ENST00000595857.6	302	1560	1258
ENST00000595858.5	15	2705	2690
ENST00000595863.1	0	1488	1488
ENST00000595866.2	19	9056	9037
ENST00000595867.1	2404	14116	11712
ENST00000595868.5	9393	9811	418
ENST00000595870.5	277	7134	6857
ENST00000595876.5	7026	15941	8915
ENST00000595883.6	25	10175	10150
ENST00000595891.2	10302	11464	1162
ENST00000595894.5	16304	36906	20602
ENST00000595904.6	14505	36970	22465
ENST00000595908.5	5536	7728	2192
ENST00000595912.5	2675	5012	2337
ENST00000595920.1	937	1227	290
ENST00000595923.5	108	19696	19588
ENST00000595928.1	0	9366	9366
ENST00000595930.1	0	6788	6788
ENST00000595937.5	1356	5527	4171
ENST00000595939.5	4131	20618	16487
ENST00000595944.1	1620	10895	9275
ENST00000595945.5	35	3883	3848
ENST00000595946.1	0	6558	6558
ENST00000595948.5	19	13823	13804
ENST00000595949.1	3883	10655	6772
ENST00000595950.5	45	5514	5469
ENST00000595952.5	7	5824	5817
ENST00000595957.5	0	807	807
ENST00000595962.6	3244	27287	24043
ENST00000595967.1	0	7163	7163
ENST00000595969.5	664	10300	9636
ENST00000595973.3	4020	7684	3664
ENST00000595977.5	33	14977	14944
ENST00000595980.5	7953	9797	1844
ENST00000595981.5	14556	48192	33636
ENST00000595985.1	11	935	924
ENST00000595991.1	6065	8181	2116
ENST00000595992.6	165	1897	1732
ENST00000596002.5	3578	6404	2826
ENST00000596011.1	0	285	285
ENST00000596012.2	0	5828	5828
ENST00000596014.5	20	7520	7500
ENST00000596015.1	67	6807	6740
ENST00000596019.5	186	42529	42343
ENST00000596022.5	0	6218	6218
ENST00000596025.5	3854	8165	4311
ENST00000596037.5	8342	43567	35225
ENST00000596039.1	0	378	378
ENST00000596043.5	13963	27984	14021
ENST00000596044.5	0	2328	2328
ENST00000596046.1	849	8065	7216
ENST00000596048.1	103	6957	6854
ENST00000596049.5	16	6066	6050
ENST00000596051.1	0	6365	6365
ENST00000596053.5	16095	43304	27209
ENST00000596069.5	1683	5972	4289
ENST00000596073.6	40	4538	4498
ENST00000596074.5	22	4997	4975
ENST00000596075.2	1174	2906	1732
ENST00000596080.1	255	1772	1517
ENST00000596085.1	177	35319	35142
ENST00000596117.5	12801	13204	403
ENST00000596121.5	3264	27231	23967
ENST00000596123.1	170	7477	7307
ENST00000596124.3	4	22185	22181
ENST00000596132.5	7847	11905	4058
ENST00000596136.5	16	4687	4671
ENST00000596138.1	0	1312	1312
ENST00000596141.1	0	15598	15598
ENST00000596148.3	1421	2547	1126
ENST00000596149.5	128	7468	7340
ENST00000596154.5	481	20591	20110
ENST00000596159.1	0	11772	11772
ENST00000596162.1	0	4576	4576
ENST00000596163.5	0	4302	4302
ENST00000596185.5	41	663	622
ENST00000596188.2	5808	10828	5020
ENST00000596193.1	0	798	798
ENST00000596195.5	0	17962	17962
ENST00000596209.4	5134	34421	29287
ENST00000596211.5	165	113209	113044
ENST00000596217.1	136	3266	3130
ENST00000596225.5	0	178	178
ENST00000596233.1	0	8997	8997
ENST00000596244.1	3230	3260	30
ENST00000596247.5	14	10481	10467
ENST00000596248.1	6688	6980	292
ENST00000596251.6	843	19383	18540
ENST00000596253.1	0	21571	21571
ENST00000596256.1	0	10453	10453
ENST00000596258.5	2339	3796	1457
ENST00000596260.1	68	1981	1913
ENST00000596265.5	0	5407	5407
ENST00000596272.5	0	2203	2203
ENST00000596273.5	1446	3672	2226
ENST00000596281.1	459	7006	6547
ENST00000596282.5	4325	8744	4419
ENST00000596288.7	576	23066	22490
ENST00000596290.5	94	13802	13708
ENST00000596291.1	0	5506	5506
ENST00000596295.1	0	2827	2827
ENST00000596297.1	11	6907	6896
ENST00000596302.5	119	16656	16537
ENST00000596304.5	1571	3797	2226
ENST00000596309.6	7412	43191	35779
ENST00000596311.5	0	5885	5885
ENST00000596314.5	1631	8825	7194
ENST00000596315.5	4031	5400	1369
ENST00000596323.1	0	2459	2459
ENST00000596335.5	1336	9734	8398
ENST00000596339.1	0	1270	1270
ENST00000596341.5	3202	7897	4695
ENST00000596348.2	1234	8896	7662
ENST00000596349.5	237	2368	2131
ENST00000596352.5	0	5006	5006
ENST00000596356.5	0	6096	6096
ENST00000596357.1	0	4864	4864
ENST00000596358.6	286	6118	5832
ENST00000596362.1	136	7519	7383
ENST00000596363.5	50	6539	6489
ENST00000596368.1	78	29741	29663
ENST00000596375.1	58	2067	2009
ENST00000596378.1	3114	27980	24866
ENST00000596380.5	121	8927	8806
ENST00000596389.5	426	4042	3616
ENST00000596399.2	295	8049	7754
ENST00000596400.1	92	30520	30428
ENST00000596402.1	1821	11541	9720
ENST00000596428.5	0	11020	11020
ENST00000596435.5	412	7012	6600
ENST00000596437.6	1289	4419	3130
ENST00000596440.5	381	42334	41953
ENST00000596443.1	0	4830	4830
ENST00000596445.5	0	9057	9057
ENST00000596456.1	0	548	548
ENST00000596459.5	327	29629	29302
ENST00000596460.5	9392	9800	408
ENST00000596462.6	955	8614	7659
ENST00000596476.1	10807	19684	8877
ENST00000596480.6	1429	9747	8318
ENST00000596482.5	0	8119	8119
ENST00000596496.1	1294	10886	9592
ENST00000596498.2	36474	39613	3139
ENST00000596504.1	2026	10432	8406
ENST00000596507.6	3659	21659	18000
ENST00000596514.5	2377	12434	10057
ENST00000596515.5	1034	1616	582
ENST00000596516.3	3	1753	1750
ENST00000596517.1	738	1140	402
ENST00000596524.1	0	4431	4431
ENST00000596530.1	260	9039	8779
ENST00000596535.3	128	929	801
ENST00000596536.6	3688	39467	35779
ENST00000596542.1	1389	6846	5457
ENST00000596544.1	492	1084	592
ENST00000596548.1	0	5448	5448
ENST00000596549.6	207	52649	52442
ENST00000596558.6	410	11436	11026
ENST00000596559.5	0	17171	17171
ENST00000596571.5	0	105366	105366
ENST00000596580.2	69827	255440	185613
ENST00000596582.1	86	10385	10299
ENST00000596583.5	1238	7346	6108
ENST00000596586.5	0	6634	6634
ENST00000596591.1	232	4583	4351
ENST00000596592.5	4387	11069	6682
ENST00000596604.5	158	38736	38578
ENST00000596605.2	0	4640	4640
ENST00000596614.5	8	8978	8970
ENST00000596617.5	216	28443	28227
ENST00000596627.1	2338	3986	1648
ENST00000596634.5	0	23661	23661
ENST00000596637.5	166	566	400
ENST00000596638.1	0	22075	22075
ENST00000596651.5	1048	3727	2679
ENST00000596652.5	14559	35427	20868
ENST00000596657.1	1042	1734	692
ENST00000596658.1	632	2800	2168
ENST00000596660.1	2104	3988	1884
ENST00000596672.6	28390	50834	22444
ENST00000596673.1	2176	3098	922
ENST00000596675.1	0	24356	24356
ENST00000596676.2	3	355	352
ENST00000596677.5	14559	30043	15484
ENST00000596678.2	0	12659	12659
ENST00000596682.5	17780	18453	673
ENST00000596687.5	7540	7832	292
ENST00000596689.1	365	2382	2017
ENST00000596690.1	0	3062	3062
ENST00000596702.5	685	9259	8574
ENST00000596708.2	200	3421	3221
ENST00000596712.1	3951	4967	1016
ENST00000596714.1	0	3307	3307
ENST00000596722.5	0	17892	17892
ENST00000596726.3	0	3358	3358
ENST00000596730.1	795	13190	12395
ENST00000596731.7	289	1644	1355
ENST00000596733.7	692	1968	1276
ENST00000596739.1	0	100	100
ENST00000596742.1	8589	10836	2247
ENST00000596745.5	262673	373805	111132
ENST00000596755.1	1267	2105	838
ENST00000596756.5	0	5867	5867
ENST00000596757.1	0	8373	8373
ENST00000596758.5	0	13326	13326
ENST00000596764.5	80	86789	86709
ENST00000596765.5	72	3467	3395
ENST00000596768.5	14064	45139	31075
ENST00000596772.5	221	1474	1253
ENST00000596784.1	0	13073	13073
ENST00000596785.5	4159	7313	3154
ENST00000596788.1	889	2348	1459
ENST00000596797.1	7	14944	14937
ENST00000596802.5	14	25906	25892
ENST00000596809.5	2222	3138	916
ENST00000596814.5	14361	38179	23818
ENST00000596815.1	105	391	286
ENST00000596822.5	20	3418	3398
ENST00000596824.1	668	2397	1729
ENST00000596825.5	15049	32112	17063
ENST00000596827.5	2409	7920	5511
ENST00000596831.1	74	39729	39655
ENST00000596837.5	10673	14076	3403
ENST00000596844.5	0	2411	2411
ENST00000596851.5	12303	21609	9306
ENST00000596853.6	1174	2906	1732
ENST00000596865.6	953	12842	11889
ENST00000596867.1	0	3424	3424
ENST00000596873.1	25	1965	1940
ENST00000596877.5	2574	3594	1020
ENST00000596878.1	0	5356	5356
ENST00000596882.1	5732	5828	96
ENST00000596894.5	1291	19534	18243
ENST00000596899.1	0	8399	8399
ENST00000596905.1	221	11499	11278
ENST00000596907.5	0	12069	12069
ENST00000596916.5	1561	4820	3259
ENST00000596918.5	24579	27632	3053
ENST00000596922.5	1105	5598	4493
ENST00000596926.5	269	6396	6127
ENST00000596929.5	14559	48051	33492
ENST00000596930.5	58	20786	20728
ENST00000596931.5	191	6212	6021
ENST00000596938.1	312	2410	2098
ENST00000596939.1	722	6007	5285
ENST00000596940.5	3053	9023	5970
ENST00000596942.5	0	5634	5634
ENST00000596951.6	7418	43197	35779
ENST00000596955.1	150	5961	5811
ENST00000596962.5	71	15605	15534
ENST00000596965.5	19	1592	1573
ENST00000596975.5	22	13551	13529
ENST00000596984.5	6	23239	23233
ENST00000596985.1	7	1226	1219
ENST00000596991.6	160	43093	42933
ENST00000596995.1	42	340	298
ENST00000596998.2	0	6465	6465
ENST00000597000.1	0	7344	7344
ENST00000597001.1	0	3037	3037
ENST00000597003.1	0	7867	7867
ENST00000597007.5	3443	11859	8416
ENST00000597011.5	319	12633	12314
ENST00000597013.5	106	8462	8356
ENST00000597014.1	0	868	868
ENST00000597017.5	718	8297	7579
ENST00000597020.5	278	8275	7997
ENST00000597021.6	0	6008	6008
ENST00000597029.6	604	3734	3130
ENST00000597035.5	3248	3751	503
ENST00000597036.5	0	17682	17682
ENST00000597037.1	401	19610	19209
ENST00000597040.1	313	2238	1925
ENST00000597047.1	95	7241	7146
ENST00000597053.1	64	2090	2026
ENST00000597055.1	226	21433	21207
ENST00000597058.1	0	10724	10724
ENST00000597061.1	124	13454	13330
ENST00000597063.6	0	6078	6078
ENST00000597065.1	22	8013	7991
ENST00000597068.5	28	9286	9258
ENST00000597070.5	538	2830	2292
ENST00000597071.5	0	9670	9670
ENST00000597073.5	0	5587	5587
ENST00000597074.5	2239	32747	30508
ENST00000597078.5	168	48690	48522
ENST00000597083.5	103	21681	21578
ENST00000597091.5	0	9102	9102
ENST00000597099.1	0	911	911
ENST00000597107.1	5921	14817	8896
ENST00000597111.5	0	2138	2138
ENST00000597118.1	0	10894	10894
ENST00000597121.5	1872	2515	643
ENST00000597130.5	1133	2830	1697
ENST00000597131.1	0	4747	4747
ENST00000597134.5	36481	36547	66
ENST00000597136.1	0	3626	3626
ENST00000597140.5	0	1781	1781
ENST00000597147.2	65	26529	26464
ENST00000597150.5	23957	42082	18125
ENST00000597152.5	0	3282	3282
ENST00000597157.1	172	1979	1807
ENST00000597161.6	2390	22954	20564
ENST00000597183.5	0	6873	6873
ENST00000597185.1	116	804	688
ENST00000597186.5	1629	4873	3244
ENST00000597188.6	656	28755	28099
ENST00000597198.5	78	6539	6461
ENST00000597205.1	0	858	858
ENST00000597207.1	1896	2978	1082
ENST00000597212.5	1241	13218	11977
ENST00000597214.1	70	2144	2074
ENST00000597215.5	0	9137	9137
ENST00000597219.1	831	4560	3729
ENST00000597224.5	0	6756	6756
ENST00000597227.5	1629	3749	2120
ENST00000597229.2	3140	6546	3406
ENST00000597240.5	15110	18701	3591
ENST00000597251.5	8259	12192	3933
ENST00000597252.5	27	16029	16002
ENST00000597255.1	55	2269	2214
ENST00000597262.1	0	5020	5020
ENST00000597265.5	0	8470	8470
ENST00000597270.1	0	21164	21164
ENST00000597273.1	119	6744	6625
ENST00000597274.5	2507	22076	19569
ENST00000597275.5	8705	16419	7714
ENST00000597279.5	1264	5371	4107
ENST00000597280.5	10055	10999	944
ENST00000597281.5	7869	50162	42293
ENST00000597286.5	35	4185	4150
ENST00000597295.5	0	517	517
ENST00000597298.5	0	216	216
ENST00000597307.1	0	2036	2036
ENST00000597313.5	9394	9750	356
ENST00000597314.5	179	11982	11803
ENST00000597315.5	2640	7907	5267
ENST00000597316.1	0	622	622
ENST00000597326.6	0	4995	4995
ENST00000597342.5	153	38817	38664
ENST00000597343.6	4649	9429	4780
ENST00000597348.5	3819	24277	20458
ENST00000597350.1	243	4811	4568
ENST00000597353.5	541	12494	11953
ENST00000597370.5	17140	20782	3642
ENST00000597374.5	56	5241	5185
ENST00000597379.5	4838	9590	4752
ENST00000597389.5	0	14097	14097
ENST00000597390.5	11145	18124	6979
ENST00000597391.1	3936	4686	750
ENST00000597396.5	0	5133	5133
ENST00000597400.5	225	8733	8508
ENST00000597410.1	0	44180	44180
ENST00000597415.5	0	4486	4486
ENST00000597419.1	741	25288	24547
ENST00000597426.1	49	2649	2600
ENST00000597430.2	0	1093	1093
ENST00000597431.2	43	23209	23166
ENST00000597434.5	1954	7754	5800
ENST00000597436.5	1325	9281	7956
ENST00000597438.5	3403	10444	7041
ENST00000597439.1	16	3788	3772
ENST00000597445.1	33	2449	2416
ENST00000597447.5	391	20247	19856
ENST00000597451.5	36	2262	2226
ENST00000597454.2	25	4402	4377
ENST00000597457.5	123	7329	7206
ENST00000597474.5	7409	23077	15668
ENST00000597477.5	0	16313	16313
ENST00000597480.1	0	18159	18159
ENST00000597483.5	26	5263	5237
ENST00000597492.1	120	2880	2760
ENST00000597503.5	7346	15013	7667
ENST00000597505.5	3	455009	455006
ENST00000597507.1	2123	3039	916
ENST00000597510.6	509	5161	4652
ENST00000597515.5	0	2286	2286
ENST00000597519.5	13959	27838	13879
ENST00000597528.1	472	3763	3291
ENST00000597537.1	0	8642	8642
ENST00000597546.1	65	11652	11587
ENST00000597547.1	0	3025	3025
ENST00000597551.6	425	7079	6654
ENST00000597558.5	355	8759	8404
ENST00000597567.1	126	6230	6104
ENST00000597577.5	484	2078	1594
ENST00000597582.2	117	3301	3184
ENST00000597584.5	1456	2036	580
ENST00000597586.5	0	3551	3551
ENST00000597590.5	71	20176	20105
ENST00000597595.6	121	8036	7915
ENST00000597597.1	640	3734	3094
ENST00000597598.1	5602	13740	8138
ENST00000597599.5	45680	157377	111697
ENST00000597600.5	3895	4248	353
ENST00000597602.1	1514	1784	270
ENST00000597610.5	17725	21452	3727
ENST00000597611.7	0	4522	4522
ENST00000597620.5	0	6321	6321
ENST00000597629.3	58	2825	2767
ENST00000597630.3	527	6272	5745
ENST00000597634.5	0	10421	10421
ENST00000597636.5	2368	6245	3877
ENST00000597639.5	3	7944	7941
ENST00000597641.1	6597	12124	5527
ENST00000597643.5	5980	13177	7197
ENST00000597648.5	1237	3538	2301
ENST00000597654.5	0	33435	33435
ENST00000597656.5	92	2040	1948
ENST00000597658.1	4990	35321	30331
ENST00000597660.1	239	2350	2111
ENST00000597663.2	0	12743	12743
ENST00000597666.5	4	7917	7913
ENST00000597671.5	0	5545	5545
ENST00000597673.1	0	15456	15456
ENST00000597674.5	2477	48335	45858
ENST00000597686.5	0	7078	7078
ENST00000597687.1	0	9841	9841
ENST00000597689.5	5	33848	33843
ENST00000597691.5	160	1564	1404
ENST00000597692.1	2792	5154	2362
ENST00000597700.6	4461	9133	4672
ENST00000597706.5	2377	8443	6066
ENST00000597707.5	180	4951	4771
ENST00000597711.5	894	13911	13017
ENST00000597712.5	863	6408	5545
ENST00000597713.1	1662	2872	1210
ENST00000597715.1	0	4081	4081
ENST00000597718.6	3629	19909	16280
ENST00000597721.1	210	1192	982
ENST00000597723.5	137	3038	2901
ENST00000597724.6	161	14045	13884
ENST00000597725.5	9554	19197	9643
ENST00000597727.5	38	3281	3243
ENST00000597730.1	0	250	250
ENST00000597735.5	23	14409	14386
ENST00000597739.1	5083	24981	19898
ENST00000597740.1	849	2199	1350
ENST00000597743.5	159	8118	7959
ENST00000597746.5	0	6951	6951
ENST00000597747.5	198	3876	3678
ENST00000597748.5	7327	14994	7667
ENST00000597754.1	55	13286	13231
ENST00000597756.1	30	4160	4130
ENST00000597761.7	149	31033	30884
ENST00000597765.2	11459	15123	3664
ENST00000597774.5	0	26075	26075
ENST00000597781.5	16125	29206	13081
ENST00000597782.5	0	4643	4643
ENST00000597784.5	279	2542	2263
ENST00000597788.5	0	5913	5913
ENST00000597790.5	1133	2181	1048
ENST00000597796.1	124	8203	8079
ENST00000597799.1	196	2386	2190
ENST00000597801.1	183	9290	9107
ENST00000597802.2	680	2373	1693
ENST00000597807.1	418	12511	12093
ENST00000597808.5	12806	24790	11984
ENST00000597810.5	130	19451	19321
ENST00000597811.5	645	9865	9220
ENST00000597824.1	162	4988	4826
ENST00000597832.5	1669	38324	36655
ENST00000597836.5	177	2926	2749
ENST00000597848.2	200	3421	3221
ENST00000597849.5	306	27132	26826
ENST00000597850.2	212	8584	8372
ENST00000597853.5	19	1592	1573
ENST00000597855.5	22	5176	5154
ENST00000597864.1	4443	12704	8261
ENST00000597870.1	10206	18326	8120
ENST00000597873.5	2477	12321	9844
ENST00000597877.1	586	14107	13521
ENST00000597889.1	0	3555	3555
ENST00000597896.5	0	8684	8684
ENST00000597911.1	0	495	495
ENST00000597914.1	0	2289	2289
ENST00000597916.5	2854	7265	4411
ENST00000597921.6	420	11937	11517
ENST00000597922.1	0	597	597
ENST00000597924.5	0	12744	12744
ENST00000597926.1	0	11763	11763
ENST00000597927.1	35495	36289	794
ENST00000597928.5	13843	14343	500
ENST00000597937.5	1678	73101	71423
ENST00000597940.1	7912	19870	11958
ENST00000597945.1	4027	4437	410
ENST00000597948.5	2776	3294	518
ENST00000597952.1	0	7467	7467
ENST00000597959.1	0	4391	4391
ENST00000597960.7	421	11450	11029
ENST00000597961.1	0	5149	5149
ENST00000597965.2	183	688	505
ENST00000597968.1	320	911	591
ENST00000597969.5	203	4696	4493
ENST00000597972.5	4	19902	19898
ENST00000597976.5	20	4912	4892
ENST00000597977.5	29	2580	2551
ENST00000597985.5	0	7347	7347
ENST00000597986.5	0	11297	11297
ENST00000597987.5	581	5441	4860
ENST00000597993.5	2587	3595	1008
ENST00000598006.1	128	6504	6376
ENST00000598016.5	3234	24958	21724
ENST00000598019.6	0	4835	4835
ENST00000598020.3	1275	2103	828
ENST00000598022.1	0	172	172
ENST00000598024.5	649	7615	6966
ENST00000598026.1	0	24814	24814
ENST00000598031.1	107	39601	39494
ENST00000598034.5	584	8025	7441
ENST00000598046.5	35427	36720	1293
ENST00000598052.5	675	4733	4058
ENST00000598058.1	0	1488	1488
ENST00000598059.5	0	6140	6140
ENST00000598067.6	7403	15140	7737
ENST00000598068.5	0	2601	2601
ENST00000598071.6	1551	14600	13049
ENST00000598076.1	0	12514	12514
ENST00000598080.6	1459	3453	1994
ENST00000598086.5	3684	15659	11975
ENST00000598087.4	403	1586	1183
ENST00000598088.5	981	12192	11211
ENST00000598095.5	1575	4660	3085
ENST00000598098.5	874	7881	7007
ENST00000598108.5	0	3625	3625
ENST00000598111.7	9378	10222	844
ENST00000598128.5	2776	3294	518
ENST00000598133.2	3	17374	17371
ENST00000598136.5	5904	26026	20122
ENST00000598142.5	76440	207244	130804
ENST00000598145.1	0	5932	5932
ENST00000598161.1	41	21938	21897
ENST00000598162.5	94	15953	15859
ENST00000598165.5	0	29059	29059
ENST00000598166.2	0	2720	2720
ENST00000598168.5	1148	7423	6275
ENST00000598172.1	0	1262	1262
ENST00000598175.5	1048	1871	823
ENST00000598183.1	176	29858	29682
ENST00000598188.6	1364	12581	11217
ENST00000598192.5	67	6549	6482
ENST00000598197.1	33	5563	5530
ENST00000598200.1	0	2130	2130
ENST00000598205.5	22180	127569	105389
ENST00000598219.1	0	509	509
ENST00000598224.5	7053	11093	4040
ENST00000598225.5	1306	12896	11590
ENST00000598230.5	0	3462	3462
ENST00000598234.6	722	164892	164170
ENST00000598235.2	1161	2893	1732
ENST00000598237.1	197	2314	2117
ENST00000598238.1	0	1347	1347
ENST00000598239.6	510	6966	6456
ENST00000598240.1	30803	36937	6134
ENST00000598244.5	2077	2955	878
ENST00000598245.2	2066	3948	1882
ENST00000598246.5	78	4273	4195
ENST00000598249.6	5621	116222	110601
ENST00000598259.5	1141	5634	4493
ENST00000598261.2	497	9166	8669
ENST00000598265.2	1030	4246	3216
ENST00000598271.5	9394	9566	172
ENST00000598278.5	15859	28876	13017
ENST00000598288.5	3	7442	7439
ENST00000598293.6	1137	24877	23740
ENST00000598296.5	0	4631	4631
ENST00000598301.2	536	3666	3130
ENST00000598305.5	1594	2104	510
ENST00000598306.2	680	8004	7324
ENST00000598309.1	0	288	288
ENST00000598312.6	1633	4877	3244
ENST00000598319.5	0	7928	7928
ENST00000598321.5	1467	24322	22855
ENST00000598322.3	2224	12297	10073
ENST00000598330.1	3871	19822	15951
ENST00000598331.1	107	42050	41943
ENST00000598333.5	61	34737	34676
ENST00000598334.5	162638	299252	136614
ENST00000598343.5	193	9745	9552
ENST00000598347.2	0	6578	6578
ENST00000598352.1	0	8323	8323
ENST00000598359.5	2367	8941	6574
ENST00000598361.4	18	3796	3778
ENST00000598367.5	0	11039	11039
ENST00000598381.5	257	14259	14002
ENST00000598383.3	263	1077	814
ENST00000598389.5	35426	207632	172206
ENST00000598394.1	0	36543	36543
ENST00000598396.5	1117	14416	13299
ENST00000598398.5	1862	4572	2710
ENST00000598399.1	0	3346	3346
ENST00000598409.6	2509	12402	9893
ENST00000598410.5	530	15514	14984
ENST00000598411.1	9610	9932	322
ENST00000598417.5	0	9007	9007
ENST00000598418.6	178	4993	4815
ENST00000598419.1	0	7818	7818
ENST00000598424.5	16660	35511	18851
ENST00000598441.6	964	24291	23327
ENST00000598443.5	93	5199	5106
ENST00000598475.2	83	9251	9168
ENST00000598485.6	138	4019	3881
ENST00000598488.1	3420	5239	1819
ENST00000598490.1	7487	8895	1408
ENST00000598491.5	1026	2355	1329
ENST00000598492.5	0	1313	1313
ENST00000598493.5	53	2101	2048
ENST00000598494.5	925	3249	2324
ENST00000598495.5	869	8147	7278
ENST00000598502.5	35	14199	14164
ENST00000598504.5	691	12531	11840
ENST00000598513.6	1594	17918	16324
ENST00000598517.5	19010	25472	6462
ENST00000598519.2	3294	10928	7634
ENST00000598523.3	308	17270	16962
ENST00000598526.5	0	2250	2250
ENST00000598536.5	99	46323	46224
ENST00000598537.5	12780	13885	1105
ENST00000598539.6	7418	43080	35662
ENST00000598540.6	0	1527	1527
ENST00000598543.5	558	2440	1882
ENST00000598544.1	0	3759	3759
ENST00000598555.1	0	10972	10972
ENST00000598564.5	1232	40899	39667
ENST00000598567.1	0	10384	10384
ENST00000598568.5	2782	3300	518
ENST00000598576.5	32	7579	7547
ENST00000598577.1	546	5202	4656
ENST00000598578.5	7783	14749	6966
ENST00000598581.3	104	24258	24154
ENST00000598585.1	24	7309	7285
ENST00000598597.7	15684	27293	11609
ENST00000598605.1	0	2854	2854
ENST00000598607.1	0	5866	5866
ENST00000598608.1	0	52038	52038
ENST00000598614.1	3	10156	10153
ENST00000598615.5	0	3821	3821
ENST00000598629.5	0	2070	2070
ENST00000598633.1	0	6366	6366
ENST00000598635.1	0	7000	7000
ENST00000598639.5	1655	9509	7854
ENST00000598644.5	1647	28642	26995
ENST00000598654.1	1577	2181	604
ENST00000598657.1	0	1888	1888
ENST00000598664.5	38	12632	12594
ENST00000598673.1	0	258	258
ENST00000598676.1	0	7328	7328
ENST00000598682.1	0	10777	10777
ENST00000598684.5	0	2923	2923
ENST00000598689.1	212	6388	6176
ENST00000598691.5	126	14095	13969
ENST00000598692.2	1162	2894	1732
ENST00000598697.5	101	13928	13827
ENST00000598704.5	2193	16575	14382
ENST00000598709.1	0	7156	7156
ENST00000598711.1	844	6042	5198
ENST00000598716.3	311	4963	4652
ENST00000598723.5	4647	9427	4780
ENST00000598725.5	207	33944	33737
ENST00000598727.5	336	15901	15565
ENST00000598730.5	6231	7778	1547
ENST00000598732.1	374	1506	1132
ENST00000598737.5	0	33178	33178
ENST00000598742.6	520	11549	11029
ENST00000598744.1	2492	8369	5877
ENST00000598745.5	0	11929	11929
ENST00000598753.1	24422	51790	27368
ENST00000598762.1	0	17983	17983
ENST00000598766.1	0	9315	9315
ENST00000598770.5	146	8805	8659
ENST00000598773.5	0	11689	11689
ENST00000598774.6	262646	374351	111705
ENST00000598776.1	5899	8003	2104
ENST00000598779.5	437	19204	18767
ENST00000598780.5	1374	3600	2226
ENST00000598785.5	167	4614	4447
ENST00000598792.2	311	2360	2049
ENST00000598799.5	0	2959	2959
ENST00000598800.5	3	40312	40309
ENST00000598806.5	316	9679	9363
ENST00000598808.5	19	3794	3775
ENST00000598809.5	5369	16324	10955
ENST00000598810.5	732	20821	20089
ENST00000598812.5	0	861	861
ENST00000598823.5	1796	10247	8451
ENST00000598824.5	0	1588	1588
ENST00000598828.1	0	4212	4212
ENST00000598830.5	537	6122	5585
ENST00000598831.5	104	3064	2960
ENST00000598833.1	0	18739	18739
ENST00000598834.2	0	16682	16682
ENST00000598836.1	960	3730	2770
ENST00000598840.5	93	79198	79105
ENST00000598842.2	303	2511	2208
ENST00000598845.5	39	14058	14019
ENST00000598850.5	2695	4459	1764
ENST00000598858.5	17	2518	2501
ENST00000598865.5	116	2942	2826
ENST00000598871.5	6941	8155	1214
ENST00000598876.1	0	2280	2280
ENST00000598878.1	0	11354	11354
ENST00000598884.1	3225	13410	10185
ENST00000598885.5	182	45204	45022
ENST00000598889.5	1048	3478	2430
ENST00000598895.5	216	7631	7415
ENST00000598901.1	474	6964	6490
ENST00000598904.5	125	4207	4082
ENST00000598908.5	242	19230	18988
ENST00000598913.5	14452	43349	28897
ENST00000598915.6	79	8368	8289
ENST00000598924.1	176	582	406
ENST00000598925.5	253	21841	21588
ENST00000598926.5	0	21356	21356
ENST00000598927.5	739	3259	2520
ENST00000598928.1	1589	6716	5127
ENST00000598934.5	2179	3148	969
ENST00000598935.5	81	1700	1619
ENST00000598953.1	7447	9551	2104
ENST00000598955.1	0	2622	2622
ENST00000598959.5	0	6402	6402
ENST00000598960.5	947	8656	7709
ENST00000598962.5	17812	18076	264
ENST00000598963.3	83	3455	3372
ENST00000598965.1	0	922	922
ENST00000598972.5	13	2543	2530
ENST00000598979.5	732	3417	2685
ENST00000598984.5	4919	16971	12052
ENST00000598985.5	0	6507	6507
ENST00000598987.5	102	33827	33725
ENST00000598997.1	0	5027	5027
ENST00000598999.1	0	1309	1309
ENST00000599000.5	4178	9763	5585
ENST00000599005.1	164	11894	11730
ENST00000599006.5	27	32674	32647
ENST00000599012.5	412	10386	9974
ENST00000599016.5	11	5079	5068
ENST00000599020.1	0	3465	3465
ENST00000599021.1	4	10755	10751
ENST00000599029.2	991	7626	6635
ENST00000599035.1	0	210	210
ENST00000599036.1	0	4041	4041
ENST00000599049.6	0	8468	8468
ENST00000599056.5	1474	22120	20646
ENST00000599057.5	1364	7282	5918
ENST00000599062.5	0	5076	5076
ENST00000599077.1	0	3559	3559
ENST00000599096.1	0	4570	4570
ENST00000599097.1	0	837	837
ENST00000599105.5	1133	7366	6233
ENST00000599111.5	503	64308	63805
ENST00000599115.5	5616	13768	8152
ENST00000599117.5	4248	37985	33737
ENST00000599121.5	35	3278	3243
ENST00000599124.1	37	26329	26292
ENST00000599134.1	0	7692	7692
ENST00000599137.6	23492	39004	15512
ENST00000599144.5	72	3847	3775
ENST00000599155.1	4969	18939	13970
ENST00000599157.5	154	24117	23963
ENST00000599164.6	74	26473	26399
ENST00000599166.5	7096	8082	986
ENST00000599168.1	174	25326	25152
ENST00000599174.3	1703	5943	4240
ENST00000599177.5	8985	12663	3678
ENST00000599180.3	1458	3436	1978
ENST00000599188.5	8530	16270	7740
ENST00000599192.5	1023	1649	626
ENST00000599193.5	2077	4202	2125
ENST00000599194.5	2083	4152	2069
ENST00000599195.1	0	9743	9743
ENST00000599206.1	838	9909	9071
ENST00000599207.6	1391	6804	5413
ENST00000599210.1	0	953	953
ENST00000599211.1	0	4945	4945
ENST00000599216.5	722	21402	20680
ENST00000599218.6	874	13331	12457
ENST00000599220.1	15100	18954	3854
ENST00000599223.5	72	6153	6081
ENST00000599225.1	0	2583	2583
ENST00000599227.5	15430	32493	17063
ENST00000599233.1	1946	6181	4235
ENST00000599238.5	1306	7438	6132
ENST00000599242.1	1088	8932	7844
ENST00000599243.5	22	2001	1979
ENST00000599244.5	883	5687	4804
ENST00000599246.5	488	16073	15585
ENST00000599247.5	0	19074	19074
ENST00000599251.1	0	2032	2032
ENST00000599255.5	1284	2257	973
ENST00000599256.5	1422	2057	635
ENST00000599261.5	5348	12864	7516
ENST00000599263.6	102	5414	5312
ENST00000599265.5	12980	17673	4693
ENST00000599286.1	0	310	310
ENST00000599287.2	0	3841	3841
ENST00000599291.1	0	14731	14731
ENST00000599293.1	11	261	250
ENST00000599296.5	149	28175	28026
ENST00000599300.5	0	36121	36121
ENST00000599310.5	885	13966	13081
ENST00000599312.1	0	12342	12342
ENST00000599319.5	3518	10613	7095
ENST00000599326.1	7461	8279	818
ENST00000599334.1	0	5448	5448
ENST00000599342.5	14508	21512	7004
ENST00000599343.5	0	150555	150555
ENST00000599353.1	0	2847	2847
ENST00000599359.1	374	6230	5856
ENST00000599362.5	538	9162	8624
ENST00000599365.5	5115	8557	3442
ENST00000599366.5	0	4902	4902
ENST00000599367.1	470	4208	3738
ENST00000599368.5	0	8963	8963
ENST00000599369.5	142	11653	11511
ENST00000599371.1	362	2100	1738
ENST00000599379.1	602	2311	1709
ENST00000599380.5	13	18655	18642
ENST00000599385.5	155	3281	3126
ENST00000599386.5	43720	54049	10329
ENST00000599389.1	1698	20357	18659
ENST00000599391.1	0	11675	11675
ENST00000599395.5	0	7617	7617
ENST00000599398.5	869	3611	2742
ENST00000599400.1	0	3562	3562
ENST00000599405.4	38	14485	14447
ENST00000599417.2	120	2481	2361
ENST00000599426.1	0	12434	12434
ENST00000599435.5	0	33347	33347
ENST00000599436.1	90	51194	51104
ENST00000599456.1	4372	8306	3934
ENST00000599460.5	2190	38735	36545
ENST00000599461.1	72	358	286
ENST00000599470.5	43772	54101	10329
ENST00000599471.5	0	9557	9557
ENST00000599474.5	1370	9682	8312
ENST00000599479.1	0	28019	28019
ENST00000599491.5	2776	3294	518
ENST00000599501.6	46	33741	33695
ENST00000599504.5	9090	17182	8092
ENST00000599514.1	0	3628	3628
ENST00000599522.7	1047	9445	8398
ENST00000599525.1	0	198	198
ENST00000599528.1	0	44	44
ENST00000599530.1	0	3076	3076
ENST00000599531.2	2370	6178	3808
ENST00000599534.5	0	15734	15734
ENST00000599535.1	0	8032	8032
ENST00000599536.1	0	2097	2097
ENST00000599537.5	0	4861	4861
ENST00000599538.5	2337	40812	38475
ENST00000599539.5	310	2984	2674
ENST00000599540.6	0	4202	4202
ENST00000599543.3	0	3974	3974
ENST00000599546.1	0	2676	2676
ENST00000599547.6	0	87534	87534
ENST00000599548.5	167	33155	32988
ENST00000599550.1	4337	4703	366
ENST00000599551.5	561	2787	2226
ENST00000599560.6	533	3663	3130
ENST00000599561.1	3	3331	3328
ENST00000599564.5	1239	33756	32517
ENST00000599567.5	0	598	598
ENST00000599568.1	929	1189	260
ENST00000599573.1	1643	6214	4571
ENST00000599575.5	33	1518	1485
ENST00000599576.5	3460	9338	5878
ENST00000599577.5	0	15734	15734
ENST00000599581.5	21	18800	18779
ENST00000599589.5	0	35657	35657
ENST00000599595.5	16	2242	2226
ENST00000599598.1	229	4153	3924
ENST00000599599.7	6257	29096	22839
ENST00000599602.1	2757	9537	6780
ENST00000599604.1	477	3926	3449
ENST00000599605.1	0	4	4
ENST00000599612.3	64	3447	3383
ENST00000599614.5	0	36354	36354
ENST00000599618.1	1011	1189	178
ENST00000599625.1	0	8688	8688
ENST00000599628.5	75	559	484
ENST00000599630.1	118	11208	11090
ENST00000599631.5	0	1460	1460
ENST00000599632.1	0	13713	13713
ENST00000599636.1	0	42500	42500
ENST00000599643.5	1013	12372	11359
ENST00000599653.1	377	2686	2309
ENST00000599657.5	12852	17227	4375
ENST00000599658.1	0	16203	16203
ENST00000599672.6	11	5619	5608
ENST00000599674.1	198	17091	16893
ENST00000599683.5	12854	17050	4196
ENST00000599685.5	18028	18631	603
ENST00000599689.1	768	12229	11461
ENST00000599690.1	4312	8342	4030
ENST00000599693.5	0	28065	28065
ENST00000599694.1	140	6267	6127
ENST00000599699.2	261	1178	917
ENST00000599701.5	1671	1901	230
ENST00000599703.1	0	4858	4858
ENST00000599704.5	5336	8196	2860
ENST00000599705.1	152	2696	2544
ENST00000599706.1	0	1064	1064
ENST00000599712.1	2890	16766	13876
ENST00000599717.5	2875	3603	728
ENST00000599719.5	5566	33023	27457
ENST00000599720.5	5139	14077	8938
ENST00000599723.1	483	2405	1922
ENST00000599724.5	0	13461	13461
ENST00000599732.5	138	10321	10183
ENST00000599733.5	0	5100	5100
ENST00000599736.5	9682	15020	5338
ENST00000599737.5	0	4018	4018
ENST00000599743.5	193	56967	56774
ENST00000599746.5	0	10470	10470
ENST00000599748.5	1008	6667	5659
ENST00000599753.1	5800	8923	3123
ENST00000599754.1	0	11183	11183
ENST00000599761.5	212	23779	23567
ENST00000599778.1	0	2420	2420
ENST00000599783.5	0	16225	16225
ENST00000599785.5	0	2448	2448
ENST00000599788.2	536	3666	3130
ENST00000599790.1	1284	21385	20101
ENST00000599794.5	13	9443	9430
ENST00000599795.5	2250	6660	4410
ENST00000599802.1	173	49997	49824
ENST00000599804.5	0	3337	3337
ENST00000599806.5	85	75329	75244
ENST00000599811.5	2854	12264	9410
ENST00000599812.5	2355	19940	17585
ENST00000599814.5	2148	38693	36545
ENST00000599827.1	0	14441	14441
ENST00000599836.1	523	1271	748
ENST00000599837.3	74	2065	1991
ENST00000599839.5	6202	7416	1214
ENST00000599840.6	32	17927	17895
ENST00000599844.5	2421	46056	43635
ENST00000599845.3	153	1070	917
ENST00000599846.6	4899	26475	21576
ENST00000599847.5	142	13472	13330
ENST00000599848.5	209	37523	37314
ENST00000599849.1	15	1742	1727
ENST00000599851.1	9031	10958	1927
ENST00000599852.1	383	3927	3544
ENST00000599857.7	14529	36916	22387
ENST00000599870.1	599	2934	2335
ENST00000599874.5	85	2721	2636
ENST00000599881.5	4312	9064	4752
ENST00000599883.2	10666	22275	11609
ENST00000599885.1	11707	26174	14467
ENST00000599892.5	0	16118	16118
ENST00000599898.5	25	3733	3708
ENST00000599900.5	200	33201	33001
ENST00000599906.5	0	8803	8803
ENST00000599910.6	1556	12532	10976
ENST00000599916.5	204	78212	78008
ENST00000599918.1	0	5102	5102
ENST00000599920.5	6729	70830	64101
ENST00000599921.6	500	60290	59790
ENST00000599935.5	97	51255	51158
ENST00000599947.1	0	3052	3052
ENST00000599948.1	0	2538	2538
ENST00000599953.1	31568	35004	3436
ENST00000599957.5	682	34083	33401
ENST00000599959.5	101	4634	4533
ENST00000599962.2	57	811	754
ENST00000599965.1	0	4736	4736
ENST00000599966.5	536	27207	26671
ENST00000599972.1	0	8851	8851
ENST00000599973.1	3	2821	2818
ENST00000599988.5	146	13155	13009
ENST00000599990.5	292	12933	12641
ENST00000599996.1	205	36193	35988
ENST00000600003.5	18125	70464	52339
ENST00000600005.5	9393	10075	682
ENST00000600006.6	86	3437	3351
ENST00000600013.5	1063	1982	919
ENST00000600017.5	2483	4391	1908
ENST00000600018.1	0	6596	6596
ENST00000600019.5	1982	3898	1916
ENST00000600020.5	9538	9720	182
ENST00000600022.5	72	3467	3395
ENST00000600026.5	283	6723	6440
ENST00000600042.5	45	16715	16670
ENST00000600044.5	14559	35344	20785
ENST00000600053.5	1366	6915	5549
ENST00000600059.6	505	30670	30165
ENST00000600060.1	0	49955	49955
ENST00000600067.1	3922	17754	13832
ENST00000600070.1	8	7692	7684
ENST00000600077.5	0	6424	6424
ENST00000600079.6	716	17196	16480
ENST00000600080.5	0	5197	5197
ENST00000600084.5	404	2081	1677
ENST00000600092.5	28	41721	41693
ENST00000600094.5	1264	21140	19876
ENST00000600099.1	0	6595	6595
ENST00000600100.6	840	10337	9497
ENST00000600114.5	3	10268	10265
ENST00000600118.6	200	3421	3221
ENST00000600120.5	8005	14971	6966
ENST00000600125.5	7457	8097	640
ENST00000600128.6	520	90442	89922
ENST00000600130.1	0	728	728
ENST00000600131.5	2865	7318	4453
ENST00000600132.5	3072	44565	41493
ENST00000600137.5	0	21486	21486
ENST00000600139.1	176	4841	4665
ENST00000600141.1	32	4969	4937
ENST00000600144.5	3	24165	24162
ENST00000600147.5	36	3796	3760
ENST00000600150.5	33968	52246	18278
ENST00000600162.1	97	35256	35159
ENST00000600166.1	0	63476	63476
ENST00000600172.1	0	592	592
ENST00000600175.5	381	10757	10376
ENST00000600186.5	23	7130	7107
ENST00000600188.5	159	16339	16180
ENST00000600194.5	206	38773	38567
ENST00000600196.2	140	23233	23093
ENST00000600209.6	7421	43200	35779
ENST00000600210.1	0	2169	2169
ENST00000600216.5	0	6834	6834
ENST00000600220.5	14559	35344	20785
ENST00000600227.5	9393	10027	634
ENST00000600228.6	1730	19761	18031
ENST00000600229.6	431	2755	2324
ENST00000600231.5	156	13935	13779
ENST00000600232.5	0	3542	3542
ENST00000600233.5	0	6164	6164
ENST00000600237.5	12139	41051	28912
ENST00000600239.5	15008	41221	26213
ENST00000600245.1	8241	13615	5374
ENST00000600247.5	0	2522	2522
ENST00000600252.5	1642	6298	4656
ENST00000600258.1	16633	17161	528
ENST00000600259.5	0	9041	9041
ENST00000600262.1	0	3932	3932
ENST00000600265.1	0	2267	2267
ENST00000600271.5	0	2334	2334
ENST00000600273.5	222	1709	1487
ENST00000600277.5	1772	18968	17196
ENST00000600282.1	0	6684	6684
ENST00000600283.6	68	15602	15534
ENST00000600289.6	3236	16307	13071
ENST00000600291.5	3517	7874	4357
ENST00000600292.5	208	3025	2817
ENST00000600293.5	1143	11300	10157
ENST00000600296.5	1845	2853	1008
ENST00000600297.1	3	17199	17196
ENST00000600313.5	10	153203	153193
ENST00000600320.5	0	8299	8299
ENST00000600321.5	30	9962	9932
ENST00000600322.5	118	7394	7276
ENST00000600324.5	93	16044	15951
ENST00000600328.7	85	15917	15832
ENST00000600332.1	0	152	152
ENST00000600335.5	8	47728	47720
ENST00000600336.1	1634	2160	526
ENST00000600344.1	5231	5505	274
ENST00000600345.1	10370	10810	440
ENST00000600349.1	3	10114	10111
ENST00000600355.5	47953	48278	325
ENST00000600358.7	816	14283	13467
ENST00000600359.7	85	13703	13618
ENST00000600362.5	332	3739	3407
ENST00000600368.5	0	12259	12259
ENST00000600372.5	4251	11080	6829
ENST00000600377.1	1444	43872	42428
ENST00000600381.1	0	30555	30555
ENST00000600383.1	84	36223	36139
ENST00000600388.5	6603	24307	17704
ENST00000600390.1	758	18241	17483
ENST00000600404.1	206	35605	35399
ENST00000600406.2	1022	4734	3712
ENST00000600408.1	1864	4866	3002
ENST00000600412.1	318	3994	3676
ENST00000600424.5	2854	12236	9382
ENST00000600426.5	0	33754	33754
ENST00000600427.5	160	1167	1007
ENST00000600428.5	5169	14583	9414
ENST00000600429.5	388	7042	6654
ENST00000600434.5	13260	14017	757
ENST00000600440.5	29	8551	8522
ENST00000600442.5	95	2989	2894
ENST00000600449.8	1458	36067	34609
ENST00000600451.5	2572	3174	602
ENST00000600453.1	0	1770	1770
ENST00000600456.1	111	7758	7647
ENST00000600467.6	520	11549	11029
ENST00000600480.2	1925	13821	11896
ENST00000600490.5	5529	14121	8592
ENST00000600492.1	197	9007	8810
ENST00000600495.1	3947	4590	643
ENST00000600514.5	14480	18014	3534
ENST00000600517.1	0	1194	1194
ENST00000600519.5	53	19739	19686
ENST00000600522.1	0	1356	1356
ENST00000600523.5	39	4026	3987
ENST00000600531.5	413	3608	3195
ENST00000600536.1	4867	20956	16089
ENST00000600537.5	1063	12097	11034
ENST00000600547.1	2505	12386	9881
ENST00000600556.5	8431	14190	5759
ENST00000600561.1	18	8610	8592
ENST00000600570.1	0	24516	24516
ENST00000600572.1	0	6077	6077
ENST00000600573.5	11	7419	7408
ENST00000600574.5	119	6794	6675
ENST00000600577.1	0	11127	11127
ENST00000600583.6	536	3666	3130
ENST00000600586.1	0	3151	3151
ENST00000600596.1	0	18480	18480
ENST00000600601.5	536	8144	7608
ENST00000600603.5	127	10672	10545
ENST00000600606.5	0	1574	1574
ENST00000600608.5	23	2105	2082
ENST00000600610.5	24	494	470
ENST00000600611.5	0	2499	2499
ENST00000600615.5	196	3389	3193
ENST00000600619.1	220	9231	9011
ENST00000600621.6	1343	47338	45995
ENST00000600625.5	57	5549	5492
ENST00000600626.1	3686	5706	2020
ENST00000600629.5	9393	9871	478
ENST00000600634.5	3711	24313	20602
ENST00000600636.5	0	3866	3866
ENST00000600639.1	205	429	224
ENST00000600645.1	0	594	594
ENST00000600651.5	248	20323	20075
ENST00000600654.5	4165	11260	7095
ENST00000600657.5	27	22849	22822
ENST00000600659.3	35	780	745
ENST00000600660.1	0	19068	19068
ENST00000600676.5	7420	43199	35779
ENST00000600677.5	48	7762	7714
ENST00000600682.5	504	13897	13393
ENST00000600687.5	8744	17067	8323
ENST00000600690.5	176	3986	3810
ENST00000600692.5	160	41115	40955
ENST00000600702.6	20	12188	12168
ENST00000600705.1	69490	82507	13017
ENST00000600706.5	11780	39682	27902
ENST00000600707.5	0	4930	4930
ENST00000600714.6	24996	66949	41953
ENST00000600718.5	0	16101	16101
ENST00000600719.5	12226	12706	480
ENST00000600722.1	281	1027	746
ENST00000600729.2	3895	8780	4885
ENST00000600733.5	45	16377	16332
ENST00000600737.6	72	29905	29833
ENST00000600738.5	567	11479	10912
ENST00000600740.5	590	13516	12926
ENST00000600744.1	0	1415	1415
ENST00000600752.1	16903	17401	498
ENST00000600753.1	19443	22388	2945
ENST00000600762.1	0	12571	12571
ENST00000600766.3	89	27674	27585
ENST00000600767.5	54	5934	5880
ENST00000600777.1	12672	13434	762
ENST00000600793.1	0	3137	3137
ENST00000600794.1	99	2329	2230
ENST00000600799.3	361	1241	880
ENST00000600806.5	22	18914	18892
ENST00000600810.1	0	84858	84858
ENST00000600815.2	172	2270	2098
ENST00000600821.5	1143	13916	12773
ENST00000600826.1	0	1016	1016
ENST00000600828.5	585	8239	7654
ENST00000600833.2	0	9410	9410
ENST00000600834.5	8541	8971	430
ENST00000600835.6	616	29797	29181
ENST00000600845.1	0	2130	2130
ENST00000600853.1	8747	16969	8222
ENST00000600859.5	14648	35980	21332
ENST00000600863.5	528	2929	2401
ENST00000600864.5	119	4159	4040
ENST00000600871.5	50	26297	26247
ENST00000600873.5	90	10799	10709
ENST00000600875.5	86	3828	3742
ENST00000600879.5	84	1651	1567
ENST00000600880.5	25	30632	30607
ENST00000600882.6	6222	53314	47092
ENST00000600883.1	5213	6259	1046
ENST00000600897.5	0	2136	2136
ENST00000600909.1	1013	2619	1606
ENST00000600910.5	135	7350	7215
ENST00000600911.5	20	6484	6464
ENST00000600918.1	0	1407	1407
ENST00000600923.5	3	6808	6805
ENST00000600925.1	26	8174	8148
ENST00000600927.1	3454	8215	4761
ENST00000600932.5	119	20767	20648
ENST00000600935.2	1376	4506	3130
ENST00000600938.5	5114	8556	3442
ENST00000600940.1	8585	8661	76
ENST00000600942.5	604	5680	5076
ENST00000600943.5	166	9505	9339
ENST00000600947.5	694	8185	7491
ENST00000600948.5	17784	18233	449
ENST00000600951.1	0	8452	8452
ENST00000600960.1	0	37534	37534
ENST00000600966.1	0	3447	3447
ENST00000600967.5	0	10115	10115
ENST00000600970.5	31	1356	1325
ENST00000600972.1	0	1408	1408
ENST00000600973.5	35	1669	1634
ENST00000600980.1	0	7776	7776
ENST00000600984.5	0	3902	3902
ENST00000600989.5	117	11770	11653
ENST00000600990.1	491	5638	5147
ENST00000600991.6	38	2693	2655
ENST00000601001.5	1352	6592	5240
ENST00000601003.1	64	5804	5740
ENST00000601005.2	4	27716	27712
ENST00000601006.1	58	18596	18538
ENST00000601008.1	0	13115	13115
ENST00000601009.1	0	12222	12222
ENST00000601010.5	211	28947	28736
ENST00000601011.1	0	26826	26826
ENST00000601015.5	0	5609	5609
ENST00000601016.6	305	10327	10022
ENST00000601019.5	8846	322113	313267
ENST00000601028.1	203	2552	2349
ENST00000601032.5	0	17814	17814
ENST00000601038.5	197	2018	1821
ENST00000601041.1	3633	11284	7651
ENST00000601043.5	1364	12581	11217
ENST00000601048.6	83	2920	2837
ENST00000601052.1	0	692	692
ENST00000601053.5	1117	5127	4010
ENST00000601054.1	18	20600	20582
ENST00000601063.1	0	68	68
ENST00000601064.1	3296	7726	4430
ENST00000601065.5	996	17208	16212
ENST00000601070.5	97	51255	51158
ENST00000601078.5	68	1859	1791
ENST00000601091.5	5628	52422	46794
ENST00000601093.5	0	2697	2697
ENST00000601094.5	0	357	357
ENST00000601095.1	0	3446	3446
ENST00000601098.6	14510	36897	22387
ENST00000601100.5	0	17698	17698
ENST00000601101.5	2735	12771	10036
ENST00000601104.1	334	4691	4357
ENST00000601109.1	0	4327	4327
ENST00000601110.5	0	13264	13264
ENST00000601120.1	9016	19070	10054
ENST00000601125.5	2907	67864	64957
ENST00000601130.6	1343	47338	45995
ENST00000601134.5	3418	18862	15444
ENST00000601138.5	9066	14662	5596
ENST00000601140.1	2623	20552	17929
ENST00000601142.2	3045	19797	16752
ENST00000601144.6	832	7935	7103
ENST00000601151.5	12861	31706	18845
ENST00000601152.5	185	6528	6343
ENST00000601159.5	0	1642	1642
ENST00000601162.1	3731	4797	1066
ENST00000601166.5	980	17569	16589
ENST00000601167.1	0	1010	1010
ENST00000601170.5	587	19944	19357
ENST00000601171.5	1350	1810	460
ENST00000601176.1	1181	2333	1152
ENST00000601178.5	0	9187	9187
ENST00000601181.6	609	14907	14298
ENST00000601187.1	0	2083	2083
ENST00000601189.1	0	480	480
ENST00000601207.5	0	1233	1233
ENST00000601208.5	14618	24274	9656
ENST00000601213.5	4	3755	3751
ENST00000601215.5	227	20291	20064
ENST00000601220.5	86	3307	3221
ENST00000601232.1	0	190	190
ENST00000601236.1	778	1737	959
ENST00000601240.5	19	23824	23805
ENST00000601241.6	2914	4204	1290
ENST00000601246.5	72	2841	2769
ENST00000601249.5	2730	11426	8696
ENST00000601252.1	0	2010	2010
ENST00000601253.5	542	9095	8553
ENST00000601256.1	3	5123	5120
ENST00000601257.5	24905	66858	41953
ENST00000601274.5	0	12395	12395
ENST00000601281.1	0	3536	3536
ENST00000601282.1	1010	3004	1994
ENST00000601283.5	8536	25356	16820
ENST00000601284.5	116	25868	25752
ENST00000601288.1	0	4503	4503
ENST00000601291.5	20	6615	6595
ENST00000601295.1	0	15259	15259
ENST00000601299.5	9405	10377	972
ENST00000601302.3	19142	27073	7931
ENST00000601304.5	10411	11150	739
ENST00000601306.1	0	1698	1698
ENST00000601309.5	5557	13849	8292
ENST00000601310.1	0	5460	5460
ENST00000601320.1	8177	10961	2784
ENST00000601322.5	229	18477	18248
ENST00000601324.1	0	8719	8719
ENST00000601336.5	3381	11909	8528
ENST00000601341.5	384	38710	38326
ENST00000601345.5	549	37754	37205
ENST00000601353.5	43	14364	14321
ENST00000601355.1	132	15377	15245
ENST00000601357.6	11442	12578	1136
ENST00000601358.5	370	5731	5361
ENST00000601364.5	5043	27381	22338
ENST00000601372.6	5114	17689	12575
ENST00000601373.5	0	599	599
ENST00000601380.4	182	61154	60972
ENST00000601382.3	434	2406	1972
ENST00000601387.5	127	7232	7105
ENST00000601392.5	0	293463	293463
ENST00000601393.1	200	14704	14504
ENST00000601394.1	2420	5510	3090
ENST00000601403.5	1	8094	8093
ENST00000601404.5	7228	50879	43651
ENST00000601405.1	325	1207	882
ENST00000601406.5	10	1289	1279
ENST00000601411.1	3862	12076	8214
ENST00000601413.5	153	8196	8043
ENST00000601415.5	10	24796	24786
ENST00000601417.3	4512	7720	3208
ENST00000601421.5	1465	10818	9353
ENST00000601423.5	178	4993	4815
ENST00000601430.5	0	3668	3668
ENST00000601435.1	45	1974	1929
ENST00000601436.5	1333	8927	7594
ENST00000601440.6	4354	43087	38733
ENST00000601449.5	330	16335	16005
ENST00000601453.2	3547	12066	8519
ENST00000601460.5	0	44936	44936
ENST00000601467.1	1495	1751	256
ENST00000601469.2	201	16153	15952
ENST00000601478.1	0	977	977
ENST00000601482.1	0	14066	14066
ENST00000601488.5	792	8984	8192
ENST00000601492.5	520	9132	8612
ENST00000601493.5	501	2449	1948
ENST00000601498.5	292	12495	12203
ENST00000601503.5	41	4138	4097
ENST00000601509.5	1683	6216	4533
ENST00000601515.5	333	12486	12153
ENST00000601519.5	732	20819	20087
ENST00000601521.5	1738	8954	7216
ENST00000601522.1	0	18639	18639
ENST00000601529.5	23	2564	2541
ENST00000601531.1	0	11723	11723
ENST00000601533.6	1160	2892	1732
ENST00000601537.5	334	6828	6494
ENST00000601538.6	5018	684995	679977
ENST00000601540.5	3038	7069	4031
ENST00000601545.5	6772	14932	8160
ENST00000601553.1	175	20099	19924
ENST00000601564.5	6754	22822	16068
ENST00000601571.1	158	8224	8066
ENST00000601575.5	1357	24141	22784
ENST00000601584.1	2288	7573	5285
ENST00000601588.1	13	9240	9227
ENST00000601593.5	0	6227	6227
ENST00000601600.1	0	449	449
ENST00000601605.5	0	13385	13385
ENST00000601610.5	468	3454	2986
ENST00000601612.5	146	7879	7733
ENST00000601614.6	25	6541	6516
ENST00000601623.5	1057	13657	12600
ENST00000601627.1	0	90966	90966
ENST00000601630.5	4181	11332	7151
ENST00000601632.6	2488	48423	45935
ENST00000601636.5	69600	82526	12926
ENST00000601638.5	53	10588	10535
ENST00000601639.5	3962	6425	2463
ENST00000601640.5	0	6355	6355
ENST00000601643.5	0	774	774
ENST00000601644.1	0	1543	1543
ENST00000601645.5	5	27233	27228
ENST00000601646.1	0	2225	2225
ENST00000601649.1	3	12627	12624
ENST00000601650.1	0	4711	4711
ENST00000601655.5	59	3060	3001
ENST00000601659.1	0	552	552
ENST00000601660.5	2686	5057	2371
ENST00000601662.5	60	769	709
ENST00000601667.5	2363	5786	3423
ENST00000601668.5	1398	6269	4871
ENST00000601671.1	0	1530	1530
ENST00000601672.5	71	468	397
ENST00000601674.6	233	17129	16896
ENST00000601675.5	104	10287	10183
ENST00000601681.5	0	6953	6953
ENST00000601682.1	71	3174	3103
ENST00000601688.5	0	8945	8945
ENST00000601693.2	85	34484	34399
ENST00000601704.1	1617	2413	796
ENST00000601711.5	7886	13946	6060
ENST00000601712.5	6510	9589	3079
ENST00000601714.5	318	8567	8249
ENST00000601715.5	0	8966	8966
ENST00000601716.1	0	4667	4667
ENST00000601717.5	6268	12306	6038
ENST00000601719.1	1435	2265	830
ENST00000601723.5	314	22393	22079
ENST00000601724.5	8546	13617	5071
ENST00000601727.6	12993	18100	5107
ENST00000601733.1	863	1425	562
ENST00000601736.1	0	2262	2262
ENST00000601738.1	492	4483	3991
ENST00000601739.5	519	90441	89922
ENST00000601761.1	0	442	442
ENST00000601766.1	0	3395	3395
ENST00000601768.1	212	10550	10338
ENST00000601769.5	2854	7698	4844
ENST00000601770.1	911	1423	512
ENST00000601773.5	1542	71353	69811
ENST00000601778.5	0	16695	16695
ENST00000601780.5	145	395	250
ENST00000601792.1	0	4547	4547
ENST00000601794.1	0	4504	4504
ENST00000601799.5	109	383	274
ENST00000601800.5	433	2110	1677
ENST00000601802.1	0	5172	5172
ENST00000601804.5	253	24805	24552
ENST00000601806.5	251	38818	38567
ENST00000601807.5	0	5835	5835
ENST00000601808.1	213	12282	12069
ENST00000601809.5	0	2952	2952
ENST00000601813.1	0	6503	6503
ENST00000601824.1	0	5883	5883
ENST00000601825.1	0	2251	2251
ENST00000601828.5	376	8419	8043
ENST00000601833.1	818	1254	436
ENST00000601836.1	0	536	536
ENST00000601844.5	7590	10502	2912
ENST00000601847.1	0	4059	4059
ENST00000601858.1	0	3460	3460
ENST00000601861.5	103	28305	28202
ENST00000601865.5	0	2505	2505
ENST00000601870.1	0	278	278
ENST00000601877.1	0	1931	1931
ENST00000601879.5	2002	41941	39939
ENST00000601886.1	1033	1607	574
ENST00000601887.1	0	254	254
ENST00000601891.5	168	3060	2892
ENST00000601897.1	11818	12380	562
ENST00000601902.5	2786	21024	18238
ENST00000601912.5	516	35584	35068
ENST00000601916.1	99	35635	35536
ENST00000601924.5	148	25994	25846
ENST00000601925.5	0	3507	3507
ENST00000601935.5	929	161748	160819
ENST00000601938.5	70	8696	8626
ENST00000601941.1	0	4399	4399
ENST00000601946.1	0	36659	36659
ENST00000601951.5	192	5696	5504
ENST00000601953.5	424	13150	12726
ENST00000601956.5	93	3221	3128
ENST00000601957.5	2968	15869	12901
ENST00000601967.6	524	24736	24212
ENST00000601968.5	10727	23137	12410
ENST00000601972.1	130	2069	1939
ENST00000601973.1	2167	23883	21716
ENST00000601975.5	3837	8738	4901
ENST00000601980.1	8655	8923	268
ENST00000601982.5	0	5367	5367
ENST00000601993.1	0	2756	2756
ENST00000602003.1	143	1786	1643
ENST00000602004.1	43784	48463	4679
ENST00000602009.5	1678	35100	33422
ENST00000602011.5	0	8603	8603
ENST00000602019.5	1100	9820	8720
ENST00000602021.1	0	23045	23045
ENST00000602022.5	6731	118946	112215
ENST00000602023.1	0	388	388
ENST00000602028.5	0	8124	8124
ENST00000602051.5	0	4	4
ENST00000602061.5	0	6166	6166
ENST00000602063.5	1551	14568	13017
ENST00000602066.5	122	8588	8466
ENST00000602079.5	320	20030	19710
ENST00000602086.5	135	3100	2965
ENST00000602088.7	10765	12823	2058
ENST00000602090.5	7429	9138	1709
ENST00000602094.5	2945	10040	7095
ENST00000602102.5	0	682	682
ENST00000602105.1	0	92	92
ENST00000602113.5	4	1041	1037
ENST00000602114.1	1240	6093	4853
ENST00000602115.1	0	505	505
ENST00000602117.1	3436	20872	17436
ENST00000602121.1	0	6146	6146
ENST00000602122.5	631	21198	20567
ENST00000602124.1	12211	35451	23240
ENST00000602129.2	168	11207	11039
ENST00000602130.5	53	44508	44455
ENST00000602131.5	17794	19474	1680
ENST00000602133.5	356	24821	24465
ENST00000602136.2	1586	8070	6484
ENST00000602138.1	15556	15860	304
ENST00000602139.6	102	5362	5260
ENST00000602141.5	0	12612	12612
ENST00000602142.6	100	86904	86804
ENST00000602144.5	8667	9276	609
ENST00000602147.1	80	19035	18955
ENST00000602148.1	2317	4027	1710
ENST00000602149.1	148	25379	25231
ENST00000602151.1	152	31554	31402
ENST00000602153.5	294	686	392
ENST00000602158.1	0	491	491
ENST00000602162.5	1330	5144	3814
ENST00000602164.5	0	1053	1053
ENST00000602165.1	41	1112	1071
ENST00000602168.2	170	3030	2860
ENST00000602169.2	4658	4872	214
ENST00000602173.5	0	9150	9150
ENST00000602177.1	0	15598	15598
ENST00000602178.5	0	9987	9987
ENST00000602179.1	0	1605	1605
ENST00000602181.5	9393	9965	572
ENST00000602185.5	115	7885	7770
ENST00000602189.5	16121	27037	10916
ENST00000602194.5	648	13665	13017
ENST00000602195.6	209	21498	21289
ENST00000602198.5	5009	17693	12684
ENST00000602203.1	0	3608	3608
ENST00000602206.1	21	542	521
ENST00000602212.6	1211	27570	26359
ENST00000602222.5	0	3809	3809
ENST00000602225.1	6	11269	11263
ENST00000602229.1	287	1632	1345
ENST00000602233.5	515	6359	5844
ENST00000602246.1	14	2757	2743
ENST00000602250.5	9393	9711	318
ENST00000602257.5	80	19665	19585
ENST00000602261.5	3	5401	5398
ENST00000602265.5	0	5213	5213
ENST00000602269.2	6093	11269	5176
ENST00000602279.2	4946	5616	670
ENST00000602281.5	53	193684	193631
ENST00000602291.5	1652	80939	79287
ENST00000602293.5	20230	29537	9307
ENST00000602295.5	1703	25346	23643
ENST00000602296.6	486	21213	20727
ENST00000602297.1	1133	2781	1648
ENST00000602300.5	1433	5600	4167
ENST00000602303.5	14795	94086	79291
ENST00000602305.5	17	74857	74840
ENST00000602307.5	86	24215	24129
ENST00000602308.1	424	9733	9309
ENST00000602312.3	3077	29138	26061
ENST00000602318.6	273	6636	6363
ENST00000602320.1	63	3988	3925
ENST00000602326.6	843	201153	200310
ENST00000602335.1	0	1781	1781
ENST00000602346.5	2118	2764	646
ENST00000602349.2	1	1517	1516
ENST00000602351.5	0	25789	25789
ENST00000602355.1	329	2228	1899
ENST00000602365.1	81	1917	1836
ENST00000602369.3	66466	123996	57530
ENST00000602375.5	17	75035	75018
ENST00000602377.1	1463	11446	9983
ENST00000602380.1	10457	11502	1045
ENST00000602382.6	118	3681	3563
ENST00000602384.5	0	29540	29540
ENST00000602387.6	8336	40942	32606
ENST00000602389.1	2777	192079	189302
ENST00000602390.5	9	14523	14514
ENST00000602391.1	0	5165	5165
ENST00000602398.3	6802	65480	58678
ENST00000602402.6	117	115388	115271
ENST00000602409.2	0	2605	2605
ENST00000602421.5	2802	21789	18987
ENST00000602439.5	1692	14259	12567
ENST00000602447.5	0	77619	77619
ENST00000602450.1	0	3948	3948
ENST00000602452.3	40398	274220	233822
ENST00000602459.6	28233	68207	39974
ENST00000602465.6	2363	65581	63218
ENST00000602473.5	0	6543	6543
ENST00000602475.5	1236	9492	8256
ENST00000602477.1	152	27423	27271
ENST00000602479.5	1667	80954	79287
ENST00000602496.1	4631	5301	670
ENST00000602499.5	1007	77146	76139
ENST00000602501.5	16793	31928	15135
ENST00000602506.5	37444	80970	43526
ENST00000602509.5	2523	4031	1508
ENST00000602511.1	7692	41321	33629
ENST00000602521.1	52142	52530	388
ENST00000602526.1	32	26150	26118
ENST00000602528.2	175	401	226
ENST00000602533.7	190	110024	109834
ENST00000602537.5	0	60597	60597
ENST00000602540.5	5092	6650	1558
ENST00000602544.5	12006	13380	1374
ENST00000602548.2	0	1630	1630
ENST00000602551.5	93	2643	2550
ENST00000602557.5	489	2066941	2066452
ENST00000602561.1	0	6794	6794
ENST00000602563.1	259	1366	1107
ENST00000602565.2	1297	1367	70
ENST00000602567.1	158	88605	88447
ENST00000602569.2	0	1446	1446
ENST00000602582.5	0	12039	12039
ENST00000602583.5	494	2972	2478
ENST00000602589.5	30692	1704197	1673505
ENST00000602593.6	7886	93050	85164
ENST00000602612.5	14249	72379	58130
ENST00000602619.1	0	16000	16000
ENST00000602623.1	2153	2805	652
ENST00000602624.7	605	10879	10274
ENST00000602627.1	94	10017	9923
ENST00000602628.1	9729	24209	14480
ENST00000602632.1	20	8332	8312
ENST00000602634.5	158	88446	88288
ENST00000602637.1	30	808	778
ENST00000602638.5	13341	75827	62486
ENST00000602644.5	491	4142	3651
ENST00000602647.5	3135	12077	8942
ENST00000602648.5	5823	17389	11566
ENST00000602651.1	899	1127	228
ENST00000602655.5	8210	22047	13837
ENST00000602657.1	238	14008	13770
ENST00000602661.6	16895	46598	29703
ENST00000602662.1	58052	60687	2635
ENST00000602670.1	11999	12607	608
ENST00000602675.5	494	2762	2268
ENST00000602676.6	79	4263	4184
ENST00000602677.5	400	82441	82041
ENST00000602679.5	0	6269	6269
ENST00000602680.1	0	64	64
ENST00000602682.6	44541	118534	73993
ENST00000602683.5	197	10829	10632
ENST00000602686.5	0	60597	60597
ENST00000602689.1	30045	41783	11738
ENST00000602691.1	107245	107527	282
ENST00000602699.2	234	1360	1126
ENST00000602700.5	53	124196	124143
ENST00000602704.2	0	86	86
ENST00000602710.5	919	82377	81458
ENST00000602713.5	53	124196	124143
ENST00000602717.5	0	3599	3599
ENST00000602719.5	552	45272	44720
ENST00000602720.5	934	12568	11634
ENST00000602723.5	489	2066413	2065924
ENST00000602725.5	2434	13140	10706
ENST00000602731.2	0	18530	18530
ENST00000602732.5	18525	18589	64
ENST00000602733.5	3972	17649	13677
ENST00000602735.2	68	1311	1243
ENST00000602748.5	31478	104241	72763
ENST00000602751.5	891	5756	4865
ENST00000602764.5	12001	14269	2268
ENST00000602766.1	357	2625	2268
ENST00000602770.5	18525	18589	64
ENST00000602781.5	217	12522	12305
ENST00000602782.5	69	20449	20380
ENST00000602784.1	0	82	82
ENST00000602786.5	16284	25295	9011
ENST00000602787.6	83	12376	12293
ENST00000602792.1	0	72800	72800
ENST00000602794.5	64	11554	11490
ENST00000602795.6	48	15247	15199
ENST00000602804.5	35159	46897	11738
ENST00000602811.5	17	60614	60597
ENST00000602815.5	37107	71811	34704
ENST00000602822.5	53	124196	124143
ENST00000602829.1	173	1135	962
ENST00000602831.5	12099	15351	3252
ENST00000602840.5	2390	20791	18401
ENST00000602841.5	9861	12997	3136
ENST00000602845.2	43	635	592
ENST00000602848.5	0	7974	7974
ENST00000602849.1	83	5823	5740
ENST00000602850.6	1762	2321	559
ENST00000602855.2	294	2703	2409
ENST00000602858.5	269	5355	5086
ENST00000602866.5	69	8719	8650
ENST00000602867.1	0	13182	13182
ENST00000602868.1	137	3393	3256
ENST00000602873.5	53	192130	192077
ENST00000602885.5	158	823	665
ENST00000602897.1	0	2757	2757
ENST00000602911.5	32	9482	9450
ENST00000602914.1	479	27767	27288
ENST00000602922.5	54	13901	13847
ENST00000602924.2	188	5747	5559
ENST00000602925.5	45740	147431	101691
ENST00000602926.5	1765	41739	39974
ENST00000602956.5	158	165799	165641
ENST00000602959.5	1670	83128	81458
ENST00000602960.2	5905	12227	6322
ENST00000602962.5	158	88605	88447
ENST00000602967.5	383	10220	9837
ENST00000602978.1	0	30987	30987
ENST00000602986.5	118	42892	42774
ENST00000602987.1	0	1369	1369
ENST00000602997.5	29174	51086	21912
ENST00000603011.5	0	90152	90152
ENST00000603017.2	3546	10269	6723
ENST00000603024.5	0	40915	40915
ENST00000603027.5	6204	14307	8103
ENST00000603044.5	1716	19347	17631
ENST00000603053.2	388	3614	3226
ENST00000603077.1	0	60	60
ENST00000603108.6	3397	49130	45733
ENST00000603114.5	255	21253	20998
ENST00000603139.1	0	9672	9672
ENST00000603181.5	3436	7767	4331
ENST00000603187.5	0	12928	12928
ENST00000603188.5	0	374	374
ENST00000603207.1	95	92340	92245
ENST00000603218.1	0	4883	4883
ENST00000603223.1	1172	18064	16892
ENST00000603230.1	8249	17417	9168
ENST00000603232.6	8834	322104	313270
ENST00000603271.1	182	39477	39295
ENST00000603276.5	30699	38240	7541
ENST00000603289.5	745	6206	5461
ENST00000603296.5	20324	56786	36462
ENST00000603300.1	1498	25367	23869
ENST00000603301.5	1103	5760	4657
ENST00000603302.5	219	45624	45405
ENST00000603305.1	43	4197	4154
ENST00000603313.5	0	175654	175654
ENST00000603323.5	4020	14580	10560
ENST00000603326.1	0	36	36
ENST00000603338.2	363	74368	74005
ENST00000603357.3	1442	4590	3148
ENST00000603362.5	0	52364	52364
ENST00000603378.5	14266	18754	4488
ENST00000603380.6	14371	20496	6125
ENST00000603393.6	86	25740	25654
ENST00000603427.6	86	15191	15105
ENST00000603449.5	3059	5193	2134
ENST00000603453.5	55875	56978	1103
ENST00000603486.5	211	10528	10317
ENST00000603488.5	14258	18889	4631
ENST00000603493.1	150	2300	2150
ENST00000603524.5	1350	5768	4418
ENST00000603540.2	5326	9656	4330
ENST00000603544.5	569	152581	152012
ENST00000603546.2	3317	19486	16169
ENST00000603548.6	2340	93369	91029
ENST00000603563.5	0	330	330
ENST00000603592.1	45	6540	6495
ENST00000603594.2	45534	51446	5912
ENST00000603611.5	1400	1602	202
ENST00000603640.6	3	7367	7364
ENST00000603641.1	5016	26600	21584
ENST00000603648.2	0	2848	2848
ENST00000603649.5	9	23987	23978
ENST00000603656.5	54021	57273	3252
ENST00000603660.1	0	800	800
ENST00000603665.1	12	12427	12415
ENST00000603677.1	698	2572	1874
ENST00000603691.1	0	31523	31523
ENST00000603693.1	0	36	36
ENST00000603695.1	537	16067	15530
ENST00000603700.1	2431	40341	37910
ENST00000603706.1	5589	6074	485
ENST00000603713.5	0	291398	291398
ENST00000603726.5	0	53495	53495
ENST00000603731.2	0	110	110
ENST00000603767.1	49021	70582	21561
ENST00000603777.6	86	15268	15182
ENST00000603795.5	78	53573	53495
ENST00000603798.6	1386	25008	23622
ENST00000603808.5	174	71503	71329
ENST00000603831.5	86669	102659	15990
ENST00000603835.5	0	13559	13559
ENST00000603838.5	276	22938	22662
ENST00000603841.1	65	91094	91029
ENST00000603852.5	596	12141	11545
ENST00000603864.5	556	24178	23622
ENST00000603870.5	110	15361	15251
ENST00000603872.2	198	1278	1080
ENST00000603881.5	55793	55903	110
ENST00000603906.2	3256	11572	8316
ENST00000603926.5	834	20681	19847
ENST00000603928.3	1267	1769	502
ENST00000603935.1	0	60	60
ENST00000603943.6	6	6578	6572
ENST00000603946.5	7	6942	6935
ENST00000603963.1	3053	8201	5148
ENST00000603967.1	0	19634	19634
ENST00000603974.5	13838	52022	38184
ENST00000603986.6	3043	11734	8691
ENST00000603989.1	76	416	340
ENST00000603993.1	342	10297	9955
ENST00000604000.4	2890	25509	22619
ENST00000604005.6	6490	22659	16169
ENST00000604010.1	0	8907	8907
ENST00000604011.5	139	115540	115401
ENST00000604021.1	66	51802	51736
ENST00000604024.5	170	38665	38495
ENST00000604030.7	1813	208192	206379
ENST00000604031.5	539	8281	7742
ENST00000604062.7	30131	30585	454
ENST00000604066.1	0	788	788
ENST00000604073.1	943	1059	116
ENST00000604074.5	29846	81438	51592
ENST00000604102.1	0	60	60
ENST00000604123.5	5	30298	30293
ENST00000604127.5	0	9196	9196
ENST00000604130.1	15721	15853	132
ENST00000604152.1	55	157004	156949
ENST00000604160.1	0	5221	5221
ENST00000604188.1	143	22805	22662
ENST00000604203.1	0	95808	95808
ENST00000604217.5	0	9196	9196
ENST00000604231.1	217	25985	25768
ENST00000604236.5	38226	115337	77111
ENST00000604238.2	0	92682	92682
ENST00000604254.5	31	21128	21097
ENST00000604255.5	1044	7615	6571
ENST00000604268.1	11646	13384	1738
ENST00000604336.5	0	13268	13268
ENST00000604348.6	1191	9321	8130
ENST00000604351.5	4848	12100	7252
ENST00000604360.6	85	11064	10979
ENST00000604372.5	9	23882	23873
ENST00000604380.1	0	6572	6572
ENST00000604381.5	0	822	822
ENST00000604395.5	208	21497	21289
ENST00000604404.6	3554	7885	4331
ENST00000604414.1	39	38108	38069
ENST00000604420.5	1254	46567	45313
ENST00000604426.5	0	470	470
ENST00000604446.1	0	44	44
ENST00000604458.1	24	51004	50980
ENST00000604479.5	0	52319	52319
ENST00000604499.6	84	23416	23332
ENST00000604506.5	0	138	138
ENST00000604507.5	0	8597	8597
ENST00000604524.5	223	20799	20576
ENST00000604534.5	25979	126920	100941
ENST00000604543.5	0	9090	9090
ENST00000604555.5	0	8110	8110
ENST00000604560.6	397	44646	44249
ENST00000604567.6	729	32109	31380
ENST00000604569.1	195	4845	4650
ENST00000604577.1	0	13794	13794
ENST00000604585.5	13624	30316	16692
ENST00000604604.1	1915	179579	177664
ENST00000604616.1	0	6642	6642
ENST00000604621.5	847	5178	4331
ENST00000604624.6	8271	537484	529213
ENST00000604629.6	958	52825	51867
ENST00000604641.6	346	10973	10627
ENST00000604642.1	0	44	44
ENST00000604679.5	9	23346	23337
ENST00000604694.2	86	25740	25654
ENST00000604728.6	0	6563	6563
ENST00000604729.6	273	21386	21113
ENST00000604733.5	0	32241	32241
ENST00000604743.5	6491	12879	6388
ENST00000604754.1	0	12044	12044
ENST00000604763.5	283	16599	16316
ENST00000604790.2	57	21346	21289
ENST00000604804.5	3058	7476	4418
ENST00000604830.1	45	4098	4053
ENST00000604834.6	111	15482	15371
ENST00000604838.1	0	32	32
ENST00000604841.5	81	39204	39123
ENST00000604847.5	0	736	736
ENST00000604860.3	4	18191	18187
ENST00000604872.6	116	1170	1054
ENST00000604879.6	86	15016	14930
ENST00000604886.5	0	52401	52401
ENST00000604896.5	27	5914	5887
ENST00000604900.5	22	32253	32231
ENST00000604912.1	0	50127	50127
ENST00000604921.5	17	3127	3110
ENST00000604925.5	0	16391	16391
ENST00000604932.1	0	131364	131364
ENST00000604935.5	21680	28311	6631
ENST00000604948.5	984	152473	151489
ENST00000604950.1	0	60	60
ENST00000604957.1	2622	5968	3346
ENST00000604967.1	9299	11157	1858
ENST00000604969.1	2001	6394	4393
ENST00000604971.5	22982	24085	1103
ENST00000605006.5	0	52279	52279
ENST00000605035.5	55672	55946	274
ENST00000605042.1	0	948	948
ENST00000605055.5	0	136	136
ENST00000605057.6	587	40378	39791
ENST00000605071.5	14255	40823	26568
ENST00000605080.5	961	12386	11425
ENST00000605093.5	0	52269	52269
ENST00000605096.1	0	2424	2424
ENST00000605099.1	5815	12452	6637
ENST00000605125.5	34	11356	11322
ENST00000605138.5	0	234	234
ENST00000605140.6	889	9084	8195
ENST00000605142.1	0	4424	4424
ENST00000605149.5	325	30753	30428
ENST00000605159.5	976	8653	7677
ENST00000605173.2	662	14325	13663
ENST00000605201.1	692	830	138
ENST00000605204.1	11276	27492	16216
ENST00000605210.1	0	12303	12303
ENST00000605216.5	217	21339	21122
ENST00000605244.5	1103	5760	4657
ENST00000605284.1	0	32	32
ENST00000605286.5	5432	12684	7252
ENST00000605315.5	55874	56977	1103
ENST00000605337.5	48	26625	26577
ENST00000605423.1	1534	21639	20105
ENST00000605424.6	638	31064	30426
ENST00000605426.5	0	23340	23340
ENST00000605457.5	4819	16757	11938
ENST00000605476.5	0	49986	49986
ENST00000605484.1	485	4535	4050
ENST00000605497.5	125	45366	45241
ENST00000605509.2	304	8499	8195
ENST00000605528.2	0	136886	136886
ENST00000605543.5	59	22764	22705
ENST00000605550.5	3058	6841	3783
ENST00000605552.5	3057	5191	2134
ENST00000605579.5	57	13448	13391
ENST00000605587.2	55	4247	4192
ENST00000605597.5	140	666	526
ENST00000605602.1	110	174	64
ENST00000605610.5	298	250827	250529
ENST00000605617.5	0	410	410
ENST00000605618.6	21	20647	20626
ENST00000605627.1	199	1325	1126
ENST00000605656.2	0	1162	1162
ENST00000605660.1	119	7371	7252
ENST00000605677.1	14	3876	3862
ENST00000605679.5	33	12448	12415
ENST00000605687.1	0	11281	11281
ENST00000605726.1	374	3840	3466
ENST00000605742.5	145	18212	18067
ENST00000605750.5	0	20436	20436
ENST00000605755.5	60	25150	25090
ENST00000605775.5	0	52315	52315
ENST00000605786.5	57	36725	36668
ENST00000605788.6	22	11961	11939
ENST00000605791.7	509	5160	4651
ENST00000605797.1	0	32717	32717
ENST00000605844.6	86	39218	39132
ENST00000605847.5	1643	18559	16916
ENST00000605860.5	118497	259298	140801
ENST00000605863.5	55670	55944	274
ENST00000605870.5	4839	151469	146630
ENST00000605875.1	0	51517	51517
ENST00000605881.5	183	7423	7240
ENST00000605888.1	0	37191	37191
ENST00000605891.5	4366	15813	11447
ENST00000605895.6	3950	11862	7912
ENST00000605912.1	0	9799	9799
ENST00000605915.5	243	5315	5072
ENST00000605925.3	746	1072	326
ENST00000605930.3	281	82410	82129
ENST00000605932.5	5751	39286	33535
ENST00000605933.5	0	9444	9444
ENST00000605935.5	20645	61575	40930
ENST00000605941.5	69	4099	4030
ENST00000605952.5	3685	14968	11283
ENST00000605953.5	60	35493	35433
ENST00000605961.2	43906	100440	56534
ENST00000605986.5	0	15228	15228
ENST00000605997.6	73	1686	1613
ENST00000606017.2	1833	5053	3220
ENST00000606020.1	256	9282	9026
ENST00000606024.5	79	6176	6097
ENST00000606025.5	3000	56024	53024
ENST00000606042.1	162	7473	7311
ENST00000606059.1	0	1044	1044
ENST00000606065.3	0	5898	5898
ENST00000606080.2	11268	130669	119401
ENST00000606082.5	2911	4583	1672
ENST00000606098.1	5487	39019	33532
ENST00000606109.2	1564	5036	3472
ENST00000606117.2	9510	38183	28673
ENST00000606127.2	5979	6199	220
ENST00000606142.5	64	31542	31478
ENST00000606162.6	11917	24227	12310
ENST00000606181.1	0	2782	2782
ENST00000606183.4	7360	9326	1966
ENST00000606198.5	6498	8087	1589
ENST00000606202.1	159497	160279	782
ENST00000606205.6	4	155024	155020
ENST00000606213.5	6169	6718	549
ENST00000606214.5	38562	61228	22666
ENST00000606225.1	17780	130039	112259
ENST00000606230.2	683	235568	234885
ENST00000606244.2	86	40892	40806
ENST00000606246.1	0	12734	12734
ENST00000606248.5	4962	25145	20183
ENST00000606253.5	321	15425	15104
ENST00000606293.5	317	2435	2118
ENST00000606299.2	1783	15213	13430
ENST00000606320.6	2595	79675	77080
ENST00000606321.1	173	13432	13259
ENST00000606325.5	0	18830	18830
ENST00000606326.1	7797	8489	692
ENST00000606364.5	91249	100107	8858
ENST00000606369.5	25853	32966	7113
ENST00000606370.5	1998	8670	6672
ENST00000606377.7	5158	22929	17771
ENST00000606380.2	1148	2630	1482
ENST00000606389.8	7431	188515	181084
ENST00000606394.6	13	691	678
ENST00000606425.2	0	40953	40953
ENST00000606427.5	9512	10516	1004
ENST00000606445.1	209619	209891	272
ENST00000606471.5	195	15934	15739
ENST00000606474.1	2386	2849	463
ENST00000606486.1	0	182	182
ENST00000606498.5	2393	44689	42296
ENST00000606505.5	0	9512	9512
ENST00000606514.5	5634	16244	10610
ENST00000606515.5	11141	34167	23026
ENST00000606523.1	0	1162	1162
ENST00000606530.1	0	120	120
ENST00000606531.2	560	5880	5320
ENST00000606538.5	77	13750	13673
ENST00000606541.5	0	6520	6520
ENST00000606557.1	360	1114	754
ENST00000606561.5	124	28976	28852
ENST00000606567.6	256	2160	1904
ENST00000606576.1	0	413	413
ENST00000606589.1	542	15575	15033
ENST00000606599.1	289	11581	11292
ENST00000606602.1	360	900	540
ENST00000606613.1	61	14025	13964
ENST00000606621.1	0	2378	2378
ENST00000606653.5	128	28681	28553
ENST00000606682.5	763	24818	24055
ENST00000606690.5	0	16755	16755
ENST00000606704.1	5352	6350	998
ENST00000606719.6	994	56195	55201
ENST00000606722.1	0	11313	11313
ENST00000606731.2	0	2169	2169
ENST00000606738.3	5377	237805	232428
ENST00000606784.5	1224	75882	74658
ENST00000606788.5	1182	3793	2611
ENST00000606789.1	355	767	412
ENST00000606793.3	96	120579	120483
ENST00000606794.2	2274	4552	2278
ENST00000606797.5	48946	51450	2504
ENST00000606812.5	3294	11008	7714
ENST00000606826.5	1971	14501	12530
ENST00000606828.2	0	18172	18172
ENST00000606865.1	205	181866	181661
ENST00000606868.5	0	35960	35960
ENST00000606873.1	0	12086	12086
ENST00000606877.2	0	2301	2301
ENST00000606887.5	0	156	156
ENST00000606888.3	831	3805	2974
ENST00000606895.2	3717	4135	418
ENST00000606910.5	2	7096	7094
ENST00000606911.7	218	37690	37472
ENST00000606923.1	346	6529	6183
ENST00000606929.1	0	4579	4579
ENST00000606933.5	31	21533	21502
ENST00000606937.6	3	7906	7903
ENST00000606939.2	0	3633	3633
ENST00000606954.1	8197	8802	605
ENST00000606965.5	1779	45108	43329
ENST00000606977.5	9067	77373	68306
ENST00000606983.5	0	10341	10341
ENST00000607003.5	32	7216	7184
ENST00000607016.2	9077	113194	104117
ENST00000607020.5	43	8480	8437
ENST00000607045.5	20634	24270	3636
ENST00000607062.5	4748	9821	5073
ENST00000607071.6	39956	47888	7932
ENST00000607082.1	0	2029	2029
ENST00000607093.2	293	999	706
ENST00000607102.1	0	10302	10302
ENST00000607124.1	6476	7230	754
ENST00000607161.5	0	17568	17568
ENST00000607173.5	0	472	472
ENST00000607197.6	273	9463	9190
ENST00000607203.1	39393	53066	13673
ENST00000607204.5	2955	5365	2410
ENST00000607230.1	0	3445	3445
ENST00000607232.5	325	130255	129930
ENST00000607266.5	103	1581	1478
ENST00000607277.5	0	200569	200569
ENST00000607283.5	58768	80802	22034
ENST00000607303.1	1542	14575	13033
ENST00000607320.5	2284	13553	11269
ENST00000607346.1	1675	1883	208
ENST00000607355.3	53	831	778
ENST00000607357.2	226	5624	5398
ENST00000607361.5	81	1924	1843
ENST00000607367.5	3	27597	27594
ENST00000607371.5	3152	27089	23937
ENST00000607373.6	4926	24244	19318
ENST00000607375.1	0	6073	6073
ENST00000607379.1	592	896	304
ENST00000607388.1	57	9891	9834
ENST00000607394.1	0	1159	1159
ENST00000607425.1	6818	7674	856
ENST00000607427.2	2853	35553	32700
ENST00000607440.5	0	11155	11155
ENST00000607452.6	2636	334196	331560
ENST00000607467.1	0	2188	2188
ENST00000607471.5	490	19450	18960
ENST00000607482.6	193	8497	8304
ENST00000607484.6	892	15296	14404
ENST00000607495.5	109068	130430	21362
ENST00000607522.1	425	813	388
ENST00000607527.5	0	9766	9766
ENST00000607535.5	62	4728	4666
ENST00000607537.6	248	136179	135931
ENST00000607544.1	15505	19793	4288
ENST00000607559.1	185	1753	1568
ENST00000607574.2	748	1364	616
ENST00000607597.1	8564	12913	4349
ENST00000607599.6	135	18201	18066
ENST00000607635.2	21	13280	13259
ENST00000607658.5	901	21872	20971
ENST00000607663.1	4618	6127	1509
ENST00000607673.2	481	1739	1258
ENST00000607681.1	0	4927	4927
ENST00000607690.1	0	4719	4719
ENST00000607695.1	0	2429	2429
ENST00000607714.6	16	10027	10011
ENST00000607730.1	760	15015	14255
ENST00000607731.5	85	7955	7870
ENST00000607739.1	791	32361	31570
ENST00000607742.5	40864	48796	7932
ENST00000607772.6	18842	124251	105409
ENST00000607778.2	2154	24015	21861
ENST00000607784.1	5	12573	12568
ENST00000607786.2	10066	245605	235539
ENST00000607788.2	0	1057	1057
ENST00000607805.5	1366	16448	15082
ENST00000607826.1	0	3915	3915
ENST00000607829.6	62	4933	4871
ENST00000607833.5	682	7633	6951
ENST00000607838.5	1259	22920	21661
ENST00000607855.5	24	1153	1129
ENST00000607866.1	0	2481	2481
ENST00000607873.1	392	7092	6700
ENST00000607874.1	24125	24295	170
ENST00000607882.5	89736	113711	23975
ENST00000607886.5	16057	35558	19501
ENST00000607932.5	3295	74753	71458
ENST00000607941.5	4497	51848	47351
ENST00000607942.5	466	4500	4034
ENST00000607954.1	0	1022	1022
ENST00000607983.1	212	2406	2194
ENST00000608004.1	5226	6480	1254
ENST00000608020.5	0	52996	52996
ENST00000608034.1	32	1506	1474
ENST00000608052.1	198	2393	2195
ENST00000608053.1	69	1708	1639
ENST00000608057.5	24627	74223	49596
ENST00000608066.6	0	8956	8956
ENST00000608070.5	6771	7247	476
ENST00000608073.1	1258	13110	11852
ENST00000608083.5	331	130039	129708
ENST00000608090.1	427	12644	12217
ENST00000608091.1	0	35643	35643
ENST00000608100.5	312	11359	11047
ENST00000608107.1	0	11034	11034
ENST00000608158.5	110	6918	6808
ENST00000608166.2	5762	15004	9242
ENST00000608174.6	237	8305	8068
ENST00000608192.5	68559	82539	13980
ENST00000608203.1	0	2842	2842
ENST00000608223.6	0	4423	4423
ENST00000608255.2	32768	35556	2788
ENST00000608263.5	1389	29020	27631
ENST00000608284.1	71	4762	4691
ENST00000608295.5	22817	26371	3554
ENST00000608303.5	71661	95583	23922
ENST00000608326.1	8838	18486	9648
ENST00000608353.5	14449	17977	3528
ENST00000608362.2	19462	28533	9071
ENST00000608368.5	750	16185	15435
ENST00000608372.6	5525	7698	2173
ENST00000608377.5	4016	89003	84987
ENST00000608382.6	8875	13785	4910
ENST00000608394.5	394	9963	9569
ENST00000608424.6	41	11251	11210
ENST00000608425.5	844	19335	18491
ENST00000608435.5	0	18328	18328
ENST00000608440.5	702	26636	25934
ENST00000608443.6	409	11438	11029
ENST00000608467.5	2524	8404	5880
ENST00000608469.6	99	32075	31976
ENST00000608478.1	344	66024	65680
ENST00000608497.1	1116	3105	1989
ENST00000608525.5	14423	18935	4512
ENST00000608581.5	0	15089	15089
ENST00000608606.1	0	10658	10658
ENST00000608611.5	49	13734	13685
ENST00000608620.5	2857	15323	12466
ENST00000608621.5	4921	10729	5808
ENST00000608634.1	0	20099	20099
ENST00000608642.6	4540	601035	596495
ENST00000608645.5	233	9802	9569
ENST00000608655.6	412	11136	10724
ENST00000608657.5	0	18272	18272
ENST00000608674.5	18548	24598	6050
ENST00000608703.1	214	3562	3348
ENST00000608704.5	412	9981	9569
ENST00000608720.5	1024	10886	9862
ENST00000608736.1	395	10310	9915
ENST00000608739.5	4501	6883	2382
ENST00000608744.5	0	6812	6812
ENST00000608749.5	18649	24753	6104
ENST00000608765.1	0	33122	33122
ENST00000608781.1	0	25931	25931
ENST00000608795.5	0	71464	71464
ENST00000608796.6	119	12996	12877
ENST00000608815.5	0	6854	6854
ENST00000608825.1	1553	2701	1148
ENST00000608830.5	365	165362	164997
ENST00000608842.1	22	963	941
ENST00000608844.1	0	2674	2674
ENST00000608852.1	0	12079	12079
ENST00000608853.5	601	150254	149653
ENST00000608855.1	381	25865	25484
ENST00000608857.2	32	14465	14433
ENST00000608859.5	999	41053	40054
ENST00000608868.2	14400	17928	3528
ENST00000608872.6	7588	32640	25052
ENST00000608875.1	0	4590	4590
ENST00000608879.1	0	13406	13406
ENST00000608885.5	0	8650	8650
ENST00000608903.5	1126	13493	12367
ENST00000608933.6	4978	22073	17095
ENST00000608937.5	4513	5592	1079
ENST00000608944.5	6019	8631	2612
ENST00000608949.5	87449	113862	26413
ENST00000608950.1	0	2836	2836
ENST00000608951.5	277	1071	794
ENST00000608956.1	0	46737	46737
ENST00000608958.1	4836	7943	3107
ENST00000608978.1	0	1241	1241
ENST00000608990.6	18810	20107	1297
ENST00000608991.5	19734	21880	2146
ENST00000608996.5	1178	143700	142522
ENST00000608999.6	153	234780	234627
ENST00000609007.3	36	2691	2655
ENST00000609040.5	79375	112770	33395
ENST00000609045.1	2521	2895	374
ENST00000609060.1	0	8358	8358
ENST00000609092.5	134	29161	29027
ENST00000609094.2	37376	42380	5004
ENST00000609101.5	0	14251	14251
ENST00000609104.6	1934	139594	137660
ENST00000609106.5	1461	75043	73582
ENST00000609116.5	82	93201	93119
ENST00000609117.5	4497	51848	47351
ENST00000609119.2	338	647074	646736
ENST00000609122.5	0	22119	22119
ENST00000609129.2	5553	21825	16272
ENST00000609179.5	2862	7049	4187
ENST00000609181.5	0	61976	61976
ENST00000609185.5	368	383627	383259
ENST00000609196.5	1404	29813	28409
ENST00000609222.5	646	83849	83203
ENST00000609232.5	1389	29020	27631
ENST00000609256.2	871	2003	1132
ENST00000609257.5	0	1168	1168
ENST00000609261.6	1127	3432	2305
ENST00000609262.5	34835	51975	17140
ENST00000609267.5	10671	82988	72317
ENST00000609271.1	0	70	70
ENST00000609274.5	1033	3431	2398
ENST00000609278.1	39184	111216	72032
ENST00000609309.3	186	9934	9748
ENST00000609331.5	107	10603	10496
ENST00000609336.5	53	82038	81985
ENST00000609360.6	412	18338	17926
ENST00000609372.1	4217	18478	14261
ENST00000609375.1	218	516	298
ENST00000609386.1	115	491	376
ENST00000609421.1	5	5391	5386
ENST00000609438.2	11400	16054	4654
ENST00000609443.1	0	18656	18656
ENST00000609451.6	866	67986	67120
ENST00000609454.5	86	8663	8577
ENST00000609457.5	0	2205	2205
ENST00000609477.5	70975	80214	9239
ENST00000609480.4	80	2968	2888
ENST00000609492.1	0	10616	10616
ENST00000609494.1	0	6853	6853
ENST00000609498.5	0	6878	6878
ENST00000609504.5	2539	6744	4205
ENST00000609507.1	7462	134452	126990
ENST00000609518.5	194	35998	35804
ENST00000609519.5	17705	40154	22449
ENST00000609525.2	0	13180	13180
ENST00000609540.1	27	6980	6953
ENST00000609556.3	67	42852	42785
ENST00000609571.5	386	79373	78987
ENST00000609577.1	0	2088	2088
ENST00000609618.2	794	5394	4600
ENST00000609656.1	0	136	136
ENST00000609664.2	25	2243	2218
ENST00000609672.5	128462	141520	13058
ENST00000609683.5	13978	57108	43130
ENST00000609684.3	173	4827	4654
ENST00000609686.4	25449	333311	307862
ENST00000609692.5	21	164875	164854
ENST00000609702.5	0	26446	26446
ENST00000609707.1	0	4777	4777
ENST00000609712.1	0	17395	17395
ENST00000609713.2	17789	234575	216786
ENST00000609714.1	6343	38916	32573
ENST00000609741.2	17	29425	29408
ENST00000609742.3	1682	50649	48967
ENST00000609748.1	371	543	172
ENST00000609757.5	0	5764	5764
ENST00000609764.1	4122	9085	4963
ENST00000609769.1	82	928	846
ENST00000609795.5	4	69752	69748
ENST00000609799.6	4540	600757	596217
ENST00000609812.6	72	2945	2873
ENST00000609818.1	0	8581	8581
ENST00000609853.1	1441	9693	8252
ENST00000609864.5	6792	7378	586
ENST00000609870.5	21	83908	83887
ENST00000609879.2	3172	3986	814
ENST00000609883.3	2724	6136	3412
ENST00000609922.2	21604	37405	15801
ENST00000609923.6	5437	50364	44927
ENST00000609928.6	6098	14095	7997
ENST00000609943.5	2773	176708	173935
ENST00000609948.1	315	915	600
ENST00000609981.5	4535	54154	49619
ENST00000610020.2	15	83636	83621
ENST00000610023.1	0	1584	1584
ENST00000610033.5	7462	134452	126990
ENST00000610038.5	6773	9753	2980
ENST00000610041.5	42	562	520
ENST00000610048.5	37	557	520
ENST00000610051.5	253	79699	79446
ENST00000610074.1	135	5100	4965
ENST00000610081.5	0	11181	11181
ENST00000610096.1	48066	62218	14152
ENST00000610121.5	50540	64692	14152
ENST00000610127.2	760	21973	21213
ENST00000610139.5	379	5603	5224
ENST00000610140.7	603	49559	48956
ENST00000610153.1	13456	21882	8426
ENST00000610160.1	39776	40857	1081
ENST00000610162.5	19734	19786	52
ENST00000610164.1	5281	7499	2218
ENST00000610179.7	44	35277	35233
ENST00000610183.1	212	4902	4690
ENST00000610186.6	4540	601181	596641
ENST00000610189.2	9	22255	22246
ENST00000610196.1	4210	4774	564
ENST00000610212.3	1028	3336	2308
ENST00000610213.6	4154	65824	61670
ENST00000610220.2	4897	5999	1102
ENST00000610222.3	4497	66003	61506
ENST00000610261.6	168	36067	35899
ENST00000610273.5	480	21807	21327
ENST00000610281.1	3	22104	22101
ENST00000610292.4	1210	8903	7693
ENST00000610294.1	0	4120	4120
ENST00000610298.1	776	5539	4763
ENST00000610300.4	29	29315	29286
ENST00000610310.3	75	2953	2878
ENST00000610313.1	0	40383	40383
ENST00000610321.4	3	71274	71271
ENST00000610322.5	852	32935	32083
ENST00000610329.5	1241	12561	11320
ENST00000610343.5	34346	131392	97046
ENST00000610347.1	55	10221	10166
ENST00000610350.4	318	10998	10680
ENST00000610354.5	173	38254	38081
ENST00000610355.4	1725	246744	245019
ENST00000610356.4	753	13230	12477
ENST00000610359.4	312	7727	7415
ENST00000610365.4	565	81548	80983
ENST00000610369.4	0	4848	4848
ENST00000610372.4	157	121338	121181
ENST00000610390.5	2696	29627	26931
ENST00000610401.6	1702	181722	180020
ENST00000610402.5	6709	139206	132497
ENST00000610404.5	35914	42005	6091
ENST00000610405.4	15920	16216	296
ENST00000610413.4	546	7756	7210
ENST00000610417.5	14473	43173	28700
ENST00000610419.1	0	370	370
ENST00000610420.4	170	14929	14759
ENST00000610426.5	112	10193	10081
ENST00000610434.4	409	8267	7858
ENST00000610442.1	89	48925	48836
ENST00000610445.2	7569	9529	1960
ENST00000610452.1	480	130250	129770
ENST00000610454.4	0	5382	5382
ENST00000610455.4	5522	11088	5566
ENST00000610457.2	100	54747	54647
ENST00000610458.4	8954	9796	842
ENST00000610462.1	466	17873	17407
ENST00000610463.1	0	18863	18863
ENST00000610468.4	2222	7269	5047
ENST00000610488.4	9754	121828	112074
ENST00000610489.2	604	151883	151279
ENST00000610493.1	3843	5009	1166
ENST00000610495.2	20	2244	2224
ENST00000610508.4	3784	9633	5849
ENST00000610510.5	0	23054	23054
ENST00000610520.5	2063	5646	3583
ENST00000610521.2	364	1496	1132
ENST00000610527.4	2435	6771	4336
ENST00000610533.6	108	8770	8662
ENST00000610535.5	755	36834	36079
ENST00000610538.4	4818	8761	3943
ENST00000610539.1	456	952	496
ENST00000610540.4	2162	75258	73096
ENST00000610543.4	729	18656	17927
ENST00000610546.4	1389	20452	19063
ENST00000610548.2	3	4638	4635
ENST00000610552.4	2832	11043	8211
ENST00000610556.4	241	210928	210687
ENST00000610565.4	79	1622	1543
ENST00000610569.1	2657	7575	4918
ENST00000610573.4	5850	58718	52868
ENST00000610579.4	4202	12703	8501
ENST00000610580.1	1557	2506	949
ENST00000610581.4	4797	6709	1912
ENST00000610583.1	91	4997	4906
ENST00000610595.4	1286	10601	9315
ENST00000610597.2	0	8395	8395
ENST00000610598.5	214	4867	4653
ENST00000610600.1	0	100198	100198
ENST00000610609.4	10285	10305	20
ENST00000610623.4	4820	7287	2467
ENST00000610625.5	696	1972	1276
ENST00000610640.4	0	49284	49284
ENST00000610642.4	18	41540	41522
ENST00000610651.1	363	10457	10094
ENST00000610653.4	1065	4965	3900
ENST00000610657.2	2786	10939	8153
ENST00000610660.2	69	1207	1138
ENST00000610672.4	3185	8935	5750
ENST00000610682.1	27	101902	101875
ENST00000610693.5	33	6186	6153
ENST00000610703.4	31	71927	71896
ENST00000610704.5	44	31103	31059
ENST00000610710.4	424	85684	85260
ENST00000610712.1	2395	4235	1840
ENST00000610722.4	1364	46238	44874
ENST00000610723.4	587	42667	42080
ENST00000610726.5	1256	27261	26005
ENST00000610733.1	143	1859	1716
ENST00000610738.6	36	10636	10600
ENST00000610743.4	17	24438	24421
ENST00000610745.5	3216	9506	6290
ENST00000610747.1	262	1891	1629
ENST00000610751.4	14114	18171	4057
ENST00000610761.2	145	66605	66460
ENST00000610767.5	0	11423	11423
ENST00000610772.4	3680	62600	58920
ENST00000610773.4	21418	75238	53820
ENST00000610776.5	181	38655	38474
ENST00000610787.5	31	18806	18775
ENST00000610789.1	74	5340	5266
ENST00000610798.4	0	32814	32814
ENST00000610800.1	0	2704	2704
ENST00000610805.4	49	1522	1473
ENST00000610806.4	129	11937	11808
ENST00000610817.5	17254	24151	6897
ENST00000610828.5	498	25047	24549
ENST00000610831.4	2224	6823	4599
ENST00000610832.1	900	4606	3706
ENST00000610854.2	1858	7185	5327
ENST00000610872.1	200	3336	3136
ENST00000610874.4	720	36801	36081
ENST00000610875.1	0	2064	2064
ENST00000610884.4	146	38353	38207
ENST00000610888.4	3213	6174	2961
ENST00000610896.3	1043	4978	3935
ENST00000610897.4	2049	41179	39130
ENST00000610901.4	0	15422	15422
ENST00000610902.4	16060	37782	21722
ENST00000610905.4	512	31638	31126
ENST00000610907.2	4	19036	19032
ENST00000610913.2	2313	4819	2506
ENST00000610919.4	20489	63505	43016
ENST00000610922.1	42505	122809	80304
ENST00000610924.1	1075	13134	12059
ENST00000610928.4	15276	18064	2788
ENST00000610930.4	499	39073	38574
ENST00000610935.2	660	16995	16335
ENST00000610938.1	3	21928	21925
ENST00000610940.4	401	25296	24895
ENST00000610952.1	195	3415	3220
ENST00000610966.5	4797	114755	109958
ENST00000610967.4	138	11528	11390
ENST00000610970.1	721	3184	2463
ENST00000610980.4	1189	73676	72487
ENST00000610990.4	3114	22410	19296
ENST00000610991.1	31	1141	1110
ENST00000610992.4	9537	38790	29253
ENST00000610996.1	3	40830	40827
ENST00000611002.4	4374	14911	10537
ENST00000611003.2	57	858	801
ENST00000611010.4	9226	12595	3369
ENST00000611027.2	41	24895	24854
ENST00000611028.3	228	4834	4606
ENST00000611031.4	1391	86619	85228
ENST00000611037.1	130	12832	12702
ENST00000611038.4	107	13818	13711
ENST00000611048.4	14307	131414	117107
ENST00000611049.4	8	690273	690265
ENST00000611050.4	1056	3303	2247
ENST00000611055.4	6551	9974	3423
ENST00000611067.4	27	9734	9707
ENST00000611071.4	4156	17859	13703
ENST00000611073.1	25	78930	78905
ENST00000611075.4	19188	35280	16092
ENST00000611077.5	54	12407	12353
ENST00000611078.4	2323	5869	3546
ENST00000611084.4	640	136350	135710
ENST00000611091.5	2297	3525	1228
ENST00000611102.1	959	2811	1852
ENST00000611104.2	120	8756	8636
ENST00000611107.1	3	109330	109327
ENST00000611110.4	15768	28703	12935
ENST00000611114.1	109190	122671	13481
ENST00000611116.2	0	3573	3573
ENST00000611119.4	1457	35890	34433
ENST00000611123.1	4306	16427	12121
ENST00000611127.4	0	44267	44267
ENST00000611132.4	3231	27529	24298
ENST00000611135.1	361	3074	2713
ENST00000611136.4	0	3001	3001
ENST00000611138.1	0	5245	5245
ENST00000611140.4	19915	62931	43016
ENST00000611141.4	195	19388	19193
ENST00000611147.1	10410	17596	7186
ENST00000611150.3	6064	22472	16408
ENST00000611151.5	196	28499	28303
ENST00000611152.1	1122	3999	2877
ENST00000611156.4	493	21064	20571
ENST00000611161.2	361	3227	2866
ENST00000611163.4	300	28650	28350
ENST00000611167.4	1023	29637	28614
ENST00000611173.1	2404	32787	30383
ENST00000611176.4	4361	17769	13408
ENST00000611179.4	977	153514	152537
ENST00000611180.5	37395	248730	211335
ENST00000611196.4	467	3549	3082
ENST00000611198.4	2486	4159	1673
ENST00000611211.2	1623	14355	12732
ENST00000611216.4	1302	147159	145857
ENST00000611217.5	3585	36342	32757
ENST00000611218.1	257	11772	11515
ENST00000611219.1	813	1219	406
ENST00000611224.1	0	17494	17494
ENST00000611228.4	424	64531	64107
ENST00000611250.4	72619	149257	76638
ENST00000611255.5	101	1126332	1126231
ENST00000611257.5	315	11001	10686
ENST00000611261.4	1011	6975	5964
ENST00000611266.4	4092	101661	97569
ENST00000611268.4	2770	34650	31880
ENST00000611278.4	2521	27897	25376
ENST00000611279.4	144	229784	229640
ENST00000611280.4	2611	37527	34916
ENST00000611287.4	173	37755	37582
ENST00000611288.4	61	7199	7138
ENST00000611294.4	4458	20679	16221
ENST00000611299.5	13215	116362	103147
ENST00000611321.1	30	1433	1403
ENST00000611324.4	118	68761	68643
ENST00000611337.4	3179	8855	5676
ENST00000611340.5	2066	61406	59340
ENST00000611342.1	67	749	682
ENST00000611359.3	19450	42573	23123
ENST00000611366.5	473	9634	9161
ENST00000611373.1	391	46435	46044
ENST00000611378.4	1	3161	3160
ENST00000611379.1	60	11661	11601
ENST00000611381.4	477	36892	36415
ENST00000611391.1	25	850	825
ENST00000611392.5	0	10992	10992
ENST00000611394.4	33955	69826	35871
ENST00000611397.5	900	56676	55776
ENST00000611400.4	3130	33773	30643
ENST00000611405.5	488	16052	15564
ENST00000611414.4	44	4464	4420
ENST00000611426.4	119	1461	1342
ENST00000611428.5	174	42645	42471
ENST00000611430.4	499	5181	4682
ENST00000611438.1	195	4846	4651
ENST00000611444.2	73	659	586
ENST00000611458.4	0	1869	1869
ENST00000611462.1	24	815	791
ENST00000611463.1	12110	17670	5560
ENST00000611469.4	1429	3436	2007
ENST00000611477.1	381	17890	17509
ENST00000611497.4	5	25091	25086
ENST00000611510.5	17278	47152	29874
ENST00000611517.4	53	13936	13883
ENST00000611520.1	81	1044	963
ENST00000611527.1	173	29683	29510
ENST00000611532.4	15	15163	15148
ENST00000611540.4	514	14777	14263
ENST00000611543.4	9808	19123	9315
ENST00000611551.1	4446	14730	10284
ENST00000611552.2	9135	10753	1618
ENST00000611557.4	559	2441	1882
ENST00000611578.4	1193	3130	1937
ENST00000611581.1	321	11195	10874
ENST00000611582.5	7608	175331	167723
ENST00000611590.2	5217	12157	6940
ENST00000611592.4	95387	295016	199629
ENST00000611598.1	159	5017	4858
ENST00000611600.4	1847	7156	5309
ENST00000611607.4	1092	17064	15972
ENST00000611614.4	6900	26594	19694
ENST00000611618.1	2270	6555	4285
ENST00000611620.4	3	51457	51454
ENST00000611621.2	425	3388	2963
ENST00000611629.4	66	7618	7552
ENST00000611640.4	63778	185763	121985
ENST00000611641.1	60	832	772
ENST00000611645.4	2848	119008	116160
ENST00000611646.4	3351	40865	37514
ENST00000611648.2	1048	7474	6426
ENST00000611650.1	126	724	598
ENST00000611653.4	73	3020	2947
ENST00000611655.1	96	15971	15875
ENST00000611659.5	84	26235	26151
ENST00000611660.5	198	4849	4651
ENST00000611661.4	696	1972	1276
ENST00000611668.4	198	4844	4646
ENST00000611674.4	558	2440	1882
ENST00000611678.4	586	13489	12903
ENST00000611683.1	3	16226	16223
ENST00000611685.4	0	122393	122393
ENST00000611689.4	237	20545	20308
ENST00000611692.4	1168	52185	51017
ENST00000611699.1	33	5606	5573
ENST00000611702.4	173	36890	36717
ENST00000611705.5	0	154	154
ENST00000611706.4	64305	95446	31141
ENST00000611707.4	709	70140	69431
ENST00000611712.4	1097	6561	5464
ENST00000611716.5	1328	188622	187294
ENST00000611717.4	2622	72270	69648
ENST00000611722.2	0	2006	2006
ENST00000611725.4	3980	150092	146112
ENST00000611727.2	8	48051	48043
ENST00000611732.4	4221	17583	13362
ENST00000611738.4	110	90325	90215
ENST00000611745.2	33171	85889	52718
ENST00000611749.4	3420	13474	10054
ENST00000611757.4	1347	27177	25830
ENST00000611765.4	49	7375	7326
ENST00000611770.5	5381	14233	8852
ENST00000611775.4	33	50253	50220
ENST00000611779.4	855	5921	5066
ENST00000611787.1	45	827	782
ENST00000611804.1	13	2129	2116
ENST00000611812.1	95	2904	2809
ENST00000611814.4	6498	17061	10563
ENST00000611815.2	7620	49680	42060
ENST00000611816.5	813	113598	112785
ENST00000611817.5	3	42503	42500
ENST00000611820.5	364	242549	242185
ENST00000611826.4	29	64456	64427
ENST00000611832.4	0	4444	4444
ENST00000611843.4	854	17020	16166
ENST00000611847.1	0	26580	26580
ENST00000611848.2	127	31844	31717
ENST00000611854.4	60	3293	3233
ENST00000611855.4	560	369256	368696
ENST00000611861.4	9488	25954	16466
ENST00000611864.5	23625	35310	11685
ENST00000611865.4	1011	16621	15610
ENST00000611870.5	262	285179	284917
ENST00000611874.4	34202	58887	24685
ENST00000611875.5	1322	54575	53253
ENST00000611880.4	490	29537	29047
ENST00000611882.2	17450	43623	26173
ENST00000611883.4	946	7145	6199
ENST00000611884.5	12016	435176	423160
ENST00000611891.1	7773	8261	488
ENST00000611895.1	33	41587	41554
ENST00000611898.4	4561	14379	9818
ENST00000611899.4	269	4797	4528
ENST00000611902.4	1723	11181	9458
ENST00000611903.4	69062	166249	97187
ENST00000611905.2	1070	5278	4208
ENST00000611909.4	390	5724	5334
ENST00000611913.4	2722	10621	7899
ENST00000611914.1	99	4975	4876
ENST00000611917.1	0	18792	18792
ENST00000611925.4	18651	36839	18188
ENST00000611927.2	45	661	616
ENST00000611931.4	173	17917	17744
ENST00000611932.4	2224	6823	4599
ENST00000611933.4	1438	117730	116292
ENST00000611936.1	2560	3332	772
ENST00000611941.4	1550	141906	140356
ENST00000611950.1	170	5346	5176
ENST00000611951.4	35716	47354	11638
ENST00000611954.4	944	5277	4333
ENST00000611957.5	1241	23207	21966
ENST00000611959.2	18246	27844	9598
ENST00000611963.4	0	6799	6799
ENST00000611967.4	1353	145238	143885
ENST00000611968.2	0	2161	2161
ENST00000611969.5	829	1163	334
ENST00000611971.4	29	19595	19566
ENST00000611972.4	138	25165	25027
ENST00000611973.4	78	44340	44262
ENST00000611975.4	149	28176	28027
ENST00000611976.1	3944	5466	1522
ENST00000611977.2	3534	109054	105520
ENST00000611984.4	476	12371	11895
ENST00000611999.4	2380	27920	25540
ENST00000612000.1	35	18151	18116
ENST00000612003.4	14288	18412	4124
ENST00000612007.1	0	1687	1687
ENST00000612012.5	194	10175	9981
ENST00000612022.1	3827	35157	31330
ENST00000612026.5	25799	26463	664
ENST00000612035.4	6709	85593	78884
ENST00000612039.4	581	4965	4384
ENST00000612042.4	320	5877	5557
ENST00000612045.4	40554	58354	17800
ENST00000612050.4	47	19428	19381
ENST00000612051.1	1	9886	9885
ENST00000612061.1	1638	2254	616
ENST00000612073.1	215	5061	4846
ENST00000612074.5	7747	23367	15620
ENST00000612078.5	399	15685	15286
ENST00000612083.5	696	1972	1276
ENST00000612085.4	0	11417	11417
ENST00000612087.1	47328	202910	155582
ENST00000612097.1	4932	5666	734
ENST00000612116.5	6579	85463	78884
ENST00000612117.4	256	36986	36730
ENST00000612121.4	0	10052	10052
ENST00000612124.4	70	11403	11333
ENST00000612128.1	3190	18025	14835
ENST00000612130.4	4315	73088	68773
ENST00000612133.4	2447	30741	28294
ENST00000612142.1	316	2476	2160
ENST00000612146.4	1087	4016	2929
ENST00000612147.4	0	49141	49141
ENST00000612149.1	6601	53532	46931
ENST00000612152.4	3692	8842	5150
ENST00000612156.3	3770	59719	55949
ENST00000612157.4	1123	8126	7003
ENST00000612161.4	3	45167	45164
ENST00000612174.1	14	1872	1858
ENST00000612183.4	8769	37061	28292
ENST00000612186.1	97	1013	916
ENST00000612188.4	9920	10694	774
ENST00000612196.1	0	9837	9837
ENST00000612199.4	4898	207001	202103
ENST00000612220.5	1922	24930	23008
ENST00000612221.1	193	5960	5767
ENST00000612223.5	4136	98468	94332
ENST00000612225.4	203	9560	9357
ENST00000612226.2	4284	63842	59558
ENST00000612232.1	3	10883	10880
ENST00000612235.4	3	71862	71859
ENST00000612240.1	3	6870	6867
ENST00000612242.4	4150	52978	48828
ENST00000612244.5	1820	5451	3631
ENST00000612248.4	391	34107	33716
ENST00000612255.4	15832	23940	8108
ENST00000612256.4	1804	8504	6700
ENST00000612258.4	3114	22410	19296
ENST00000612272.4	4142	71069	66927
ENST00000612273.2	0	4761	4761
ENST00000612274.5	3	233882	233879
ENST00000612277.4	3361	190164	186803
ENST00000612278.4	3	65485	65482
ENST00000612285.2	0	272785	272785
ENST00000612286.5	908	4957	4049
ENST00000612287.4	206	8655	8449
ENST00000612288.2	565	81542	80977
ENST00000612292.1	0	11559	11559
ENST00000612294.4	2184	10036	7852
ENST00000612297.4	4	13687	13683
ENST00000612299.4	855	16695	15840
ENST00000612311.4	3733	45321	41588
ENST00000612321.4	64	15120	15056
ENST00000612323.4	708	41325	40617
ENST00000612333.4	1443	9061	7618
ENST00000612337.4	833	12455	11622
ENST00000612338.4	1391	3111	1720
ENST00000612339.4	1167	6702	5535
ENST00000612340.1	104	25197	25093
ENST00000612341.4	77	18924	18847
ENST00000612342.4	4514	22238	17724
ENST00000612353.4	328	3946	3618
ENST00000612355.1	3	66367	66364
ENST00000612359.4	14256	18824	4568
ENST00000612363.2	131	1089	958
ENST00000612372.4	31	270732	270701
ENST00000612375.1	0	128	128
ENST00000612377.3	1795	8459	6664
ENST00000612382.4	17662	173113	155451
ENST00000612395.1	24085	24923	838
ENST00000612399.4	0	21631	21631
ENST00000612404.4	159	12148	11989
ENST00000612407.1	0	801	801
ENST00000612413.4	2823	8649	5826
ENST00000612418.1	7813	16611	8798
ENST00000612421.3	137	23818	23681
ENST00000612423.4	485	14908	14423
ENST00000612424.4	543	3170	2627
ENST00000612431.1	0	44094	44094
ENST00000612432.4	1843	8846	7003
ENST00000612439.4	1063	480687	479624
ENST00000612451.4	1408	18907	17499
ENST00000612452.5	1126	182569	181443
ENST00000612460.5	305	10238	9933
ENST00000612461.1	0	52987	52987
ENST00000612467.1	0	736	736
ENST00000612472.4	18513	24573	6060
ENST00000612477.1	233	1802	1569
ENST00000612478.4	44828	83237	38409
ENST00000612484.4	1216	135025	133809
ENST00000612489.1	11007	14279	3272
ENST00000612490.1	1412	9793	8381
ENST00000612492.5	1141	31424	30283
ENST00000612493.4	550	70778	70228
ENST00000612494.4	3052	3124	72
ENST00000612497.1	401	6404	6003
ENST00000612501.2	1597	19217	17620
ENST00000612503.1	189	5287	5098
ENST00000612514.4	370	25693	25323
ENST00000612516.4	144	5197	5053
ENST00000612520.2	0	33352	33352
ENST00000612535.4	0	19196	19196
ENST00000612538.1	123	3290	3167
ENST00000612542.1	0	3218	3218
ENST00000612549.6	14	6162	6148
ENST00000612569.1	0	4077	4077
ENST00000612582.1	7	80051	80044
ENST00000612583.5	577	35325	34748
ENST00000612587.4	0	1034	1034
ENST00000612599.4	77	32923	32846
ENST00000612601.2	1213	16128	14915
ENST00000612612.5	21492	62968	41476
ENST00000612619.2	0	27209	27209
ENST00000612623.1	0	5303	5303
ENST00000612626.4	16319	171770	155451
ENST00000612630.4	7806	60083	52277
ENST00000612631.1	0	118	118
ENST00000612632.3	412	2660	2248
ENST00000612654.1	102	6124	6022
ENST00000612655.4	1844	8293	6449
ENST00000612661.2	401	4225	3824
ENST00000612662.2	2351	4293	1942
ENST00000612663.6	295	22421	22126
ENST00000612672.1	372	17259	16887
ENST00000612674.1	444	6533	6089
ENST00000612675.4	13650	33630	19980
ENST00000612677.6	6410	37314	30904
ENST00000612683.1	1095	12686	11591
ENST00000612684.4	9035	24788	15753
ENST00000612687.4	1404	14755	13351
ENST00000612702.4	42564	44812	2248
ENST00000612703.3	3891	6310	2419
ENST00000612708.5	1959	81084	79125
ENST00000612714.1	113	4673	4560
ENST00000612727.5	318	10999	10681
ENST00000612731.2	0	7679	7679
ENST00000612738.4	9140	34097	24957
ENST00000612742.5	8429	77651	69222
ENST00000612746.1	39585	85198	45613
ENST00000612748.1	217	11655	11438
ENST00000612750.5	61	28817	28756
ENST00000612753.5	50582	103772	53190
ENST00000612754.2	0	18591	18591
ENST00000612760.1	634	6920	6286
ENST00000612761.1	346	22962	22616
ENST00000612770.1	207	1409	1202
ENST00000612771.5	1032	17391	16359
ENST00000612775.1	1131	1603	472
ENST00000612776.4	12993	30259	17266
ENST00000612787.1	0	817	817
ENST00000612790.1	0	45621	45621
ENST00000612795.2	2009	7836	5827
ENST00000612798.4	9968	18130	8162
ENST00000612800.1	241	4325	4084
ENST00000612809.4	61	3294	3233
ENST00000612813.4	868	6071	5203
ENST00000612814.5	5017	12844	7827
ENST00000612828.4	3678	242378	238700
ENST00000612830.2	9639	55583	45944
ENST00000612832.4	806	142487	141681
ENST00000612844.4	243	4180	3937
ENST00000612846.5	696	1972	1276
ENST00000612859.4	21042	41067	20025
ENST00000612867.4	2824	23178	20354
ENST00000612871.4	306	212808	212502
ENST00000612878.4	195	4850	4655
ENST00000612880.4	17478	18146	668
ENST00000612881.4	0	12989	12989
ENST00000612884.4	6591	125569	118978
ENST00000612891.4	156	9126	8970
ENST00000612895.4	2325	221148	218823
ENST00000612897.4	38	9244	9206
ENST00000612898.2	93	847	754
ENST00000612899.5	3969	16419	12450
ENST00000612905.2	6895	10301	3406
ENST00000612907.2	509	5160	4651
ENST00000612910.1	3	49855	49852
ENST00000612915.4	692	1968	1276
ENST00000612927.1	68	5172	5104
ENST00000612929.2	125	1569	1444
ENST00000612930.1	13304	15420	2116
ENST00000612932.6	209	46047	45838
ENST00000612935.4	1341	13987	12646
ENST00000612941.2	6909	11354	4445
ENST00000612946.4	4210	335670	331460
ENST00000612948.4	3147	21284	18137
ENST00000612954.4	0	92546	92546
ENST00000612955.6	204360	686957	482597
ENST00000612957.4	17152	46542	29390
ENST00000612958.2	1156	7620	6464
ENST00000612959.4	55783	70371	14588
ENST00000612966.3	27	841	814
ENST00000612971.2	856	10511	9655
ENST00000612972.1	0	6534	6534
ENST00000612977.4	76	3309	3233
ENST00000612978.5	179	3683	3504
ENST00000612980.4	3	12879	12876
ENST00000612991.4	782	10565	9783
ENST00000612998.1	179	837	658
ENST00000613002.4	303	10195	9892
ENST00000613006.4	0	4504	4504
ENST00000613019.4	106	38402	38296
ENST00000613033.1	414	18550	18136
ENST00000613034.4	27956	35419	7463
ENST00000613039.1	59	2823	2764
ENST00000613043.1	7173	7359	186
ENST00000613047.4	1226	35454	34228
ENST00000613048.4	1526	117663	116137
ENST00000613054.2	327	142934	142607
ENST00000613060.4	18	84576	84558
ENST00000613065.4	72628	96423	23795
ENST00000613069.4	8500	63499	54999
ENST00000613073.4	0	2194	2194
ENST00000613075.4	91	20120	20029
ENST00000613078.4	2423	27872	25449
ENST00000613087.5	180	2216	2036
ENST00000613094.5	915	16081	15166
ENST00000613098.4	486	38267	37781
ENST00000613099.4	4200	291975	287775
ENST00000613102.5	806	46567	45761
ENST00000613104.1	15	4743	4728
ENST00000613105.4	8888	18256	9368
ENST00000613110.4	0	940	940
ENST00000613122.5	145	76854	76709
ENST00000613128.5	49	10261	10212
ENST00000613129.4	2046	6587	4541
ENST00000613132.5	2578	9764	7186
ENST00000613136.1	0	916	916
ENST00000613151.1	3	23317	23314
ENST00000613154.4	9754	116393	106639
ENST00000613157.2	3	22042	22039
ENST00000613167.4	6974	35980	29006
ENST00000613168.1	16	7611	7595
ENST00000613173.4	79	1559	1480
ENST00000613174.2	38	816	778
ENST00000613181.4	20189	34442	14253
ENST00000613183.1	12425	22272	9847
ENST00000613192.2	1802	81080	79278
ENST00000613194.4	11745	143838	132093
ENST00000613195.4	5036	9608	4572
ENST00000613197.4	2055	19049	16994
ENST00000613205.4	665	35992	35327
ENST00000613206.2	3943	179299	175356
ENST00000613207.4	0	11062	11062
ENST00000613215.4	71	16923	16852
ENST00000613217.4	211	271215	271004
ENST00000613228.1	2941	89033	86092
ENST00000613249.4	114	9201	9087
ENST00000613252.5	2692	430910	428218
ENST00000613258.4	1065	95630	94565
ENST00000613264.5	35737	62038	26301
ENST00000613266.4	60777	78676	17899
ENST00000613284.1	21548	22824	1276
ENST00000613286.4	16066	34942	18876
ENST00000613296.6	33	236254	236221
ENST00000613299.1	12480	17499	5019
ENST00000613306.1	3249	5497	2248
ENST00000613307.1	21666	34021	12355
ENST00000613308.4	58	8952	8894
ENST00000613314.1	171	5089	4918
ENST00000613315.4	4275	45204	40929
ENST00000613319.4	77716	132201	54485
ENST00000613322.4	1911	12925	11014
ENST00000613324.4	173	29843	29670
ENST00000613327.5	15316	108270	92954
ENST00000613336.4	543	2163	1620
ENST00000613346.4	0	285662	285662
ENST00000613349.4	0	144952	144952
ENST00000613352.1	1307	1549	242
ENST00000613355.4	54958	56298	1340
ENST00000613358.4	2082	19363	17281
ENST00000613363.4	1166	8791	7625
ENST00000613370.1	241	6289	6048
ENST00000613374.5	117	81922	81805
ENST00000613385.4	5098	6724	1626
ENST00000613390.1	0	32672	32672
ENST00000613397.4	2481	32652	30171
ENST00000613398.4	302	2874	2572
ENST00000613405.4	301	63016	62715
ENST00000613411.4	173	10728	10555
ENST00000613412.1	7	623	616
ENST00000613414.4	953	16435	15482
ENST00000613416.4	2830	25063	22233
ENST00000613419.4	3509	46135	42626
ENST00000613424.5	388	6024	5636
ENST00000613425.4	151	6954	6803
ENST00000613434.4	1868	46129	44261
ENST00000613435.1	1481	13906	12425
ENST00000613444.4	223	38150	37927
ENST00000613445.5	1794	81116	79322
ENST00000613446.4	13818	43010	29192
ENST00000613459.4	0	56736	56736
ENST00000613460.4	38	5787	5749
ENST00000613461.3	28	18873	18845
ENST00000613466.4	801	102075	101274
ENST00000613472.1	48	34333	34285
ENST00000613478.2	18	3488	3470
ENST00000613483.4	500	4539	4039
ENST00000613496.4	51080	58716	7636
ENST00000613499.4	42564	44812	2248
ENST00000613501.1	156	195954	195798
ENST00000613503.5	26	26283	26257
ENST00000613507.4	2094	74691	72597
ENST00000613508.4	63	58590	58527
ENST00000613509.2	375	5536	5161
ENST00000613512.4	999	13712	12713
ENST00000613517.5	26	32475	32449
ENST00000613518.1	82	2818	2736
ENST00000613524.4	597	142971	142374
ENST00000613525.4	734	59777	59043
ENST00000613529.4	130	24025	23895
ENST00000613531.1	0	24590	24590
ENST00000613533.4	449	61932	61483
ENST00000613537.5	33	18404	18371
ENST00000613538.1	701	11616	10915
ENST00000613539.1	0	14711	14711
ENST00000613541.1	0	1105	1105
ENST00000613549.3	4655	39917	35262
ENST00000613551.4	0	4589	4589
ENST00000613555.4	35730	47368	11638
ENST00000613569.4	524	21702	21178
ENST00000613570.4	5565	11463	5898
ENST00000613571.1	160	7005	6845
ENST00000613572.4	350	2775	2425
ENST00000613575.4	11870	24353	12483
ENST00000613577.5	0	3533	3533
ENST00000613579.4	919	5783	4864
ENST00000613593.1	171	4921	4750
ENST00000613595.4	1626	30912	29286
ENST00000613597.1	0	1005	1005
ENST00000613603.1	28	422	394
ENST00000613625.5	210	26100	25890
ENST00000613627.5	64	8245	8181
ENST00000613632.4	465	4122	3657
ENST00000613633.1	5456	16894	11438
ENST00000613642.4	1076	2052	976
ENST00000613644.4	12491	15914	3423
ENST00000613645.1	2	8797	8795
ENST00000613655.1	2897	6153	3256
ENST00000613657.6	625	861526	860901
ENST00000613659.1	20809	21995	1186
ENST00000613664.1	0	44004	44004
ENST00000613665.4	1426	9620	8194
ENST00000613674.4	9200	85043	75843
ENST00000613675.5	16	26334	26318
ENST00000613677.4	3055	5940	2885
ENST00000613678.5	0	45387	45387
ENST00000613681.1	1648	3395	1747
ENST00000613690.5	149	44976	44827
ENST00000613694.5	9161	29130	19969
ENST00000613703.4	225	16085	15860
ENST00000613706.5	94	82896	82802
ENST00000613716.5	56782	58124	1342
ENST00000613718.3	114	1224	1110
ENST00000613721.4	843	32567	31724
ENST00000613726.4	545	6849	6304
ENST00000613727.4	41	59006	58965
ENST00000613735.4	8965	13964	4999
ENST00000613740.5	4550	353206	348656
ENST00000613758.4	54	3814	3760
ENST00000613760.4	115	5146	5031
ENST00000613781.2	15843	15979	136
ENST00000613788.1	676	32094	31418
ENST00000613797.4	147	29199	29052
ENST00000613817.4	0	52778	52778
ENST00000613823.2	15322	51539	36217
ENST00000613840.1	107	4963	4856
ENST00000613852.4	268	11387	11119
ENST00000613853.4	3721	17695	13974
ENST00000613854.2	39	853	814
ENST00000613856.4	41	9692	9651
ENST00000613865.5	142	7257	7115
ENST00000613870.4	63	8085	8022
ENST00000613876.1	686	762	76
ENST00000613878.4	7654	109409	101755
ENST00000613879.4	1054	76544	75490
ENST00000613899.4	62539	91339	28800
ENST00000613902.4	1226	120414	119188
ENST00000613904.1	667	15621	14954
ENST00000613907.4	0	28726	28726
ENST00000613909.4	662	59340	58678
ENST00000613915.4	4943	21504	16561
ENST00000613919.4	151006	223685	72679
ENST00000613922.2	419	2075	1656
ENST00000613923.6	14518	36833	22315
ENST00000613927.1	234	5036	4802
ENST00000613938.4	108	81414	81306
ENST00000613941.4	2410	4437	2027
ENST00000613950.1	32	2920	2888
ENST00000613953.4	36	3811	3775
ENST00000613958.1	1236	2823	1587
ENST00000613979.5	574	72523	71949
ENST00000613986.4	5066	15157	10091
ENST00000613993.1	15542	130149	114607
ENST00000613995.4	139	86928	86789
ENST00000613996.1	0	2735	2735
ENST00000614001.1	62	3821	3759
ENST00000614009.1	513	1649	1136
ENST00000614012.5	634	22905	22271
ENST00000614015.4	1852	27531	25679
ENST00000614023.1	585	715	130
ENST00000614025.4	302	98018	97716
ENST00000614032.5	8929	16400	7471
ENST00000614034.5	10418	17565	7147
ENST00000614049.5	2052	19064	17012
ENST00000614054.5	6571	11801	5230
ENST00000614055.2	1727	11660	9933
ENST00000614056.4	513	3492	2979
ENST00000614058.4	18318	36289	17971
ENST00000614059.4	78365	223951	145586
ENST00000614063.4	115140	122980	7840
ENST00000614064.4	16365	20343	3978
ENST00000614066.4	453	16587	16134
ENST00000614067.4	3130	33552	30422
ENST00000614074.4	16	4276	4260
ENST00000614075.4	521	35592	35071
ENST00000614076.1	174	1416	1242
ENST00000614077.4	46	5276	5230
ENST00000614081.1	13996	46942	32946
ENST00000614082.1	18693	54058	35365
ENST00000614088.1	4561	10763	6202
ENST00000614091.5	0	5971	5971
ENST00000614097.3	35	789	754
ENST00000614104.4	5546	12376	6830
ENST00000614112.4	4480	36126	31646
ENST00000614113.5	69	2009	1940
ENST00000614115.5	70	35377	35307
ENST00000614120.1	4097	5901	1804
ENST00000614122.4	4476	31221	26745
ENST00000614127.5	751	30981	30230
ENST00000614134.1	6895	10301	3406
ENST00000614135.4	985	18760	17775
ENST00000614145.5	506	14623	14117
ENST00000614147.1	10750	25248	14498
ENST00000614149.2	26608	35504	8896
ENST00000614153.4	7688	10054	2366
ENST00000614158.2	106	6762	6656
ENST00000614159.1	49	2129	2080
ENST00000614167.2	194	19805	19611
ENST00000614171.1	0	855	855
ENST00000614174.4	3960	27599	23639
ENST00000614176.5	61	96280	96219
ENST00000614179.4	114	9201	9087
ENST00000614189.4	59860	116060	56200
ENST00000614196.1	0	7004	7004
ENST00000614197.4	412	13408	12996
ENST00000614204.4	6847	11210	4363
ENST00000614220.4	1483	118130	116647
ENST00000614228.2	145	2082	1937
ENST00000614229.5	103	103233	103130
ENST00000614236.2	21492	62825	41333
ENST00000614237.1	0	10714	10714
ENST00000614239.1	723	6866	6143
ENST00000614240.4	0	27661	27661
ENST00000614243.4	476	8955	8479
ENST00000614244.4	1057	14312	13255
ENST00000614245.2	935	27394	26459
ENST00000614247.2	58	674	616
ENST00000614256.4	2607	11315	8708
ENST00000614258.1	172	5066	4894
ENST00000614259.2	0	54126	54126
ENST00000614267.1	0	10350	10350
ENST00000614268.4	0	928	928
ENST00000614272.1	15	631	616
ENST00000614273.1	243	6533	6290
ENST00000614286.1	105	51798	51693
ENST00000614288.1	0	1683	1683
ENST00000614293.5	698	28987	28289
ENST00000614300.4	577	17903	17326
ENST00000614302.5	6830	62071	55241
ENST00000614311.4	2414	42332	39918
ENST00000614313.4	41	59278	59237
ENST00000614314.4	2433	6853	4420
ENST00000614322.4	2084	2439	355
ENST00000614327.2	158	19537	19379
ENST00000614328.4	1139	24023	22884
ENST00000614341.5	1993	8370	6377
ENST00000614342.1	1626	18859	17233
ENST00000614346.4	9268	22153	12885
ENST00000614350.4	49711	55010	5299
ENST00000614352.4	4548	52897	48349
ENST00000614355.5	1446	127152	125706
ENST00000614357.4	1802	15418	13616
ENST00000614368.1	1330	2110	780
ENST00000614370.4	428	5708	5280
ENST00000614374.4	1015	19394	18379
ENST00000614378.2	59	873	814
ENST00000614385.1	80	6883	6803
ENST00000614386.1	86	4067	3981
ENST00000614400.2	3613	15106	11493
ENST00000614404.1	443	1815	1372
ENST00000614410.4	0	199146	199146
ENST00000614411.1	2394	3580	1186
ENST00000614420.4	1538	10507	8969
ENST00000614422.4	191	5298	5107
ENST00000614423.5	704	5801	5097
ENST00000614426.2	21	583	562
ENST00000614428.4	2325	252389	250064
ENST00000614438.1	233	2088	1855
ENST00000614442.4	3288	23031	19743
ENST00000614443.2	2115	5137	3022
ENST00000614444.4	144	87044	86900
ENST00000614445.5	923	10002	9079
ENST00000614447.4	17825	50504	32679
ENST00000614449.4	2224	6823	4599
ENST00000614459.4	9140	34469	25329
ENST00000614461.4	913	47966	47053
ENST00000614462.4	486	3603	3117
ENST00000614468.1	22	32148	32126
ENST00000614472.5	49503	70108	20605
ENST00000614476.4	8902	16313	7411
ENST00000614479.5	1282	77541	76259
ENST00000614481.1	0	114	114
ENST00000614482.4	63098	75110	12012
ENST00000614484.4	465	16026	15561
ENST00000614486.4	51	2810	2759
ENST00000614488.4	61	58757	58696
ENST00000614491.1	3973	5105	1132
ENST00000614493.4	3212	6173	2961
ENST00000614494.1	0	2964	2964
ENST00000614497.5	453	22977	22524
ENST00000614499.5	656	32385	31729
ENST00000614502.4	315	5060	4745
ENST00000614506.4	7214	26341	19127
ENST00000614508.4	13717	59406	45689
ENST00000614519.4	1747	7381	5634
ENST00000614521.2	10186	468963	458777
ENST00000614526.2	1090	6152	5062
ENST00000614531.1	178	27247	27069
ENST00000614549.4	72	30015	29943
ENST00000614556.5	201	39711	39510
ENST00000614557.1	388287	424512	36225
ENST00000614558.3	3488	4584	1096
ENST00000614565.5	253	687411	687158
ENST00000614574.4	120	4508	4388
ENST00000614577.4	5	24848	24843
ENST00000614582.1	3	17680	17677
ENST00000614585.4	3573	193793	190220
ENST00000614600.4	6664	85548	78884
ENST00000614616.5	2398	77496	75098
ENST00000614623.5	618	39788	39170
ENST00000614624.4	187	18383	18196
ENST00000614627.4	3497	8208	4711
ENST00000614628.5	72474	149112	76638
ENST00000614631.4	34	1505	1471
ENST00000614640.4	29593	184881	155288
ENST00000614641.4	254	64090	63836
ENST00000614643.4	360	3176	2816
ENST00000614646.5	7765	140588	132823
ENST00000614654.2	1123	28901	27778
ENST00000614659.1	466	11887	11421
ENST00000614670.1	0	61411	61411
ENST00000614675.4	604	9800	9196
ENST00000614677.1	13	6991	6978
ENST00000614686.1	19	19407	19388
ENST00000614693.1	0	3049	3049
ENST00000614697.4	1841	5571	3730
ENST00000614703.4	167169	175011	7842
ENST00000614708.1	0	146	146
ENST00000614711.5	1336	14872	13536
ENST00000614712.4	50076	100248	50172
ENST00000614713.4	485	2266	1781
ENST00000614722.3	98	1974	1876
ENST00000614731.4	2185	13152	10967
ENST00000614739.4	53107	55181	2074
ENST00000614750.1	1748	11604	9856
ENST00000614754.4	1520	28413	26893
ENST00000614757.4	1066	11471	10405
ENST00000614766.5	228	7883	7655
ENST00000614778.4	34983	43251	8268
ENST00000614785.5	1491	20362	18871
ENST00000614789.4	0	250	250
ENST00000614790.5	1654	26007	24353
ENST00000614791.1	29	1176	1147
ENST00000614794.4	5936	13197	7261
ENST00000614798.1	1256	3276	2020
ENST00000614800.4	151510	159228	7718
ENST00000614813.4	27	16262	16235
ENST00000614823.5	7150	9368	2218
ENST00000614825.4	567	20761	20194
ENST00000614830.5	288	5122	4834
ENST00000614832.4	8085	9020	935
ENST00000614836.2	46480	47624	1144
ENST00000614839.4	5017	10303	5286
ENST00000614847.1	51	6671	6620
ENST00000614849.4	6720	20753	14033
ENST00000614850.1	0	11397	11397
ENST00000614851.4	4770	11388	6618
ENST00000614856.2	18	17992	17974
ENST00000614857.5	1067	8000	6933
ENST00000614859.5	231	15326	15095
ENST00000614860.1	24696	43701	19005
ENST00000614862.5	10085	219903	209818
ENST00000614867.2	12	10076	10064
ENST00000614872.4	41	71394	71353
ENST00000614874.2	472	2167	1695
ENST00000614878.4	154	21974	21820
ENST00000614886.4	69	11520	11451
ENST00000614887.4	4292	22299	18007
ENST00000614890.4	173	2410	2237
ENST00000614891.5	110	35646	35536
ENST00000614894.4	13530	15874	2344
ENST00000614903.1	0	2629	2629
ENST00000614907.3	102	830760	830658
ENST00000614908.5	1322	14374	13052
ENST00000614911.3	20	834	814
ENST00000614918.4	1392	87008	85616
ENST00000614923.2	1071	13590	12519
ENST00000614924.5	5	25126	25121
ENST00000614927.1	412	13352	12940
ENST00000614929.4	89	4975	4886
ENST00000614931.1	477812	598779	120967
ENST00000614939.4	123	49429	49306
ENST00000614941.4	56	93772	93716
ENST00000614942.4	2043	8806	6763
ENST00000614943.4	241	4397	4156
ENST00000614944.4	248	16576	16328
ENST00000614949.4	1441	5575	4134
ENST00000614960.4	1894	72141	70247
ENST00000614971.4	2307	70205	67898
ENST00000614977.4	9532	27455	17923
ENST00000614986.4	31371	103979	72608
ENST00000614987.5	24216	214962	190746
ENST00000614994.5	4177	16682	12505
ENST00000614998.4	449	61874	61425
ENST00000614999.4	1623	72723	71100
ENST00000615002.4	442	84739	84297
ENST00000615003.4	1843	9324	7481
ENST00000615007.4	270	12008	11738
ENST00000615008.4	959	41576	40617
ENST00000615021.4	83	20229	20146
ENST00000615024.4	4316	12285	7969
ENST00000615025.6	1016	99635	98619
ENST00000615035.3	89	1941	1852
ENST00000615042.1	0	226	226
ENST00000615043.1	2033	2251	218
ENST00000615050.2	142	5246	5104
ENST00000615052.5	41847	90289	48442
ENST00000615060.5	2048	5640	3592
ENST00000615061.4	78	1420	1342
ENST00000615063.2	430	4239	3809
ENST00000615073.4	6549	9588	3039
ENST00000615084.4	1137	5179	4042
ENST00000615092.4	692	1968	1276
ENST00000615093.1	3	29437	29434
ENST00000615107.6	464	44746	44282
ENST00000615111.4	141423	296874	155451
ENST00000615113.1	3	973	970
ENST00000615116.1	131	1203	1072
ENST00000615129.4	110	17016	16906
ENST00000615133.2	108	16554	16446
ENST00000615135.4	199	40307	40108
ENST00000615136.4	685	30208	29523
ENST00000615138.5	2639	39739	37100
ENST00000615148.5	123	29992	29869
ENST00000615152.5	192	7221	7029
ENST00000615164.3	35	651	616
ENST00000615172.4	2245	13570	11325
ENST00000615182.5	4480	71407	66927
ENST00000615186.5	10845	17616	6771
ENST00000615189.5	99	26583	26484
ENST00000615193.4	4796	86797	82001
ENST00000615198.4	322	105268	104946
ENST00000615206.4	3946	12489	8543
ENST00000615215.4	185	12001	11816
ENST00000615216.4	219199	272733	53534
ENST00000615220.4	132	19597	19465
ENST00000615225.1	0	23211	23211
ENST00000615226.4	25176	28940	3764
ENST00000615229.4	15308	132420	117112
ENST00000615234.5	2915	9364	6449
ENST00000615244.4	56863	59369	2506
ENST00000615250.1	0	11239	11239
ENST00000615252.5	2049	19978	17929
ENST00000615255.1	463	43124	42661
ENST00000615259.4	0	155040	155040
ENST00000615264.4	47	3967	3920
ENST00000615266.5	51	39915	39864
ENST00000615277.5	85	208329	208244
ENST00000615280.5	38935	141855	102920
ENST00000615281.4	1748	27427	25679
ENST00000615288.4	1919	12792	10873
ENST00000615289.4	18765	46829	28064
ENST00000615296.4	1025	144783	143758
ENST00000615301.4	5076	124950	119874
ENST00000615310.5	173	52468	52295
ENST00000615313.5	1547	8217	6670
ENST00000615315.2	1200	7532	6332
ENST00000615316.1	297	5599	5302
ENST00000615317.4	169	12341	12172
ENST00000615321.1	135	48675	48540
ENST00000615328.4	30472	58803	28331
ENST00000615329.4	189639	223196	33557
ENST00000615330.4	13700	28505	14805
ENST00000615331.5	2013	27659	25646
ENST00000615332.5	37	26442	26405
ENST00000615335.4	1017	252475	251458
ENST00000615337.4	607	3786	3179
ENST00000615339.2	861	31929	31068
ENST00000615342.4	693	7687	6994
ENST00000615352.4	2236	15020	12784
ENST00000615353.2	27	643	616
ENST00000615358.4	68128	177316	109188
ENST00000615367.4	57168	62086	4918
ENST00000615374.5	63	63057	62994
ENST00000615375.1	0	90282	90282
ENST00000615378.1	177	8146	7969
ENST00000615383.5	646	43415	42769
ENST00000615384.1	187	5003	4816
ENST00000615385.4	1841	5571	3730
ENST00000615392.4	757	27262	26505
ENST00000615409.1	338	2150	1812
ENST00000615418.4	218	1791	1573
ENST00000615421.4	1632	31421	29789
ENST00000615430.4	662	14229	13567
ENST00000615432.4	474	5845	5371
ENST00000615433.2	0	4423	4423
ENST00000615435.2	6758	32892	26134
ENST00000615437.1	842	1162	320
ENST00000615438.4	229571	253527	23956
ENST00000615439.5	985	19035	18050
ENST00000615443.1	2484	78770	76286
ENST00000615447.1	64	786	722
ENST00000615459.4	1408	19254	17846
ENST00000615466.1	68	9106	9038
ENST00000615471.4	7338	8234	896
ENST00000615479.4	0	1384	1384
ENST00000615480.5	47620	49478	1858
ENST00000615481.4	1669	12025	10356
ENST00000615484.4	114	9201	9087
ENST00000615491.4	14280	96846	82566
ENST00000615496.4	453	13514	13061
ENST00000615498.4	168	30836	30668
ENST00000615505.4	111	2699	2588
ENST00000615507.4	7915	17366	9451
ENST00000615512.2	169	44630	44461
ENST00000615513.4	7642	9827	2185
ENST00000615517.4	312	7578	7266
ENST00000615519.4	286	129173	128887
ENST00000615526.1	1949	3855	1906
ENST00000615527.1	881	11463	10582
ENST00000615536.1	4453	99965	95512
ENST00000615540.4	3432	214066	210634
ENST00000615541.3	1102	3620	2518
ENST00000615544.5	717	3498	2781
ENST00000615550.5	816	330039	329223
ENST00000615553.1	41795	55602	13807
ENST00000615554.4	11982	24292	12310
ENST00000615557.1	1318	1838	520
ENST00000615563.4	32	101247	101215
ENST00000615564.1	0	1047	1047
ENST00000615575.5	893	45160	44267
ENST00000615587.4	465	27213	26748
ENST00000615597.1	0	986	986
ENST00000615612.2	25177	53972	28795
ENST00000615615.4	99	176631	176532
ENST00000615618.1	6524	15240	8716
ENST00000615625.1	126441	234332	107891
ENST00000615626.4	47	4322	4275
ENST00000615631.4	7260	44276	37016
ENST00000615637.3	702	3490	2788
ENST00000615648.2	666	31192	30526
ENST00000615656.1	3	70686	70683
ENST00000615659.1	661	4687	4026
ENST00000615665.5	7703	339328	331625
ENST00000615667.4	388	120991	120603
ENST00000615670.5	421	68224	67803
ENST00000615676.1	223	6837	6614
ENST00000615680.5	3292	85427	82135
ENST00000615697.4	7	3240	3233
ENST00000615704.1	3	11088	11085
ENST00000615708.4	96279	121177	24898
ENST00000615724.1	1959	22879	20920
ENST00000615729.4	0	22892	22892
ENST00000615732.2	0	9164	9164
ENST00000615736.4	0	34160	34160
ENST00000615742.4	91	8085	7994
ENST00000615746.4	51823	131289	79466
ENST00000615760.4	0	2490	2490
ENST00000615771.5	3247	15185	11938
ENST00000615781.4	453	10604	10151
ENST00000615785.4	501	280011	279510
ENST00000615788.4	876	18178	17302
ENST00000615790.5	6909	9061	2152
ENST00000615793.1	26417	34105	7688
ENST00000615808.5	355	563088	562733
ENST00000615825.2	4312	102917	98605
ENST00000615840.5	4156	111343	107187
ENST00000615849.4	528	95572	95044
ENST00000615850.1	0	6236	6236
ENST00000615851.4	3	49527	49524
ENST00000615853.1	168	856	688
ENST00000615858.1	0	4326	4326
ENST00000615863.2	79	1755	1676
ENST00000615867.4	19407	23238	3831
ENST00000615868.2	87	865	778
ENST00000615871.4	64305	95375	31070
ENST00000615873.2	0	10005	10005
ENST00000615874.4	4365	18044	13679
ENST00000615877.4	16779	28275	11496
ENST00000615879.4	10794	38320	27526
ENST00000615884.4	740	53017	52277
ENST00000615889.4	7338	8092	754
ENST00000615891.2	1571	4345	2774
ENST00000615892.4	883	8777	7894
ENST00000615901.4	70102	219310	149208
ENST00000615902.1	1496	3753	2257
ENST00000615905.5	281	5278	4997
ENST00000615906.4	103445	119661	16216
ENST00000615907.4	138	25471	25333
ENST00000615911.4	37	7032	6995
ENST00000615914.1	0	11654	11654
ENST00000615915.4	735	3246	2511
ENST00000615916.4	100	67990	67890
ENST00000615917.4	9569	14718	5149
ENST00000615922.1	1485	2293	808
ENST00000615923.4	9458	19178	9720
ENST00000615926.4	925	110810	109885
ENST00000615928.5	520196	523734	3538
ENST00000615945.4	433	1027	594
ENST00000615949.6	14	80145	80131
ENST00000615950.4	611	7808	7197
ENST00000615951.4	6064	22350	16286
ENST00000615952.1	0	1591	1591
ENST00000615954.4	1651	36681	35030
ENST00000615958.4	2393	79745	77352
ENST00000615966.2	53	807	754
ENST00000615982.4	1395	10261	8866
ENST00000615983.1	29385	29803	418
ENST00000615984.4	2881	7419	4538
ENST00000615985.4	759	11596	10837
ENST00000615986.4	283	1974	1691
ENST00000615988.3	438	5350	4912
ENST00000615993.2	3441	38033	34592
ENST00000615999.5	208	24117	23909
ENST00000616000.4	614	24781	24167
ENST00000616002.3	900	2992	2092
ENST00000616003.5	251	99896	99645
ENST00000616006.1	0	734	734
ENST00000616010.4	1009	2033	1024
ENST00000616014.3	167	2517	2350
ENST00000616016.5	509	22745	22236
ENST00000616017.1	768	1858	1090
ENST00000616019.1	221	15784	15563
ENST00000616020.5	0	10035	10035
ENST00000616028.2	39096	42538	3442
ENST00000616035.4	562	2444	1882
ENST00000616041.4	111	7212	7101
ENST00000616050.3	0	19457	19457
ENST00000616053.4	5897	364755	358858
ENST00000616054.2	71	7030	6959
ENST00000616056.4	1949	13645	11696
ENST00000616058.4	55673	79204	23531
ENST00000616064.2	97	1253	1156
ENST00000616065.4	134	25317	25183
ENST00000616070.4	5060	8042	2982
ENST00000616074.4	636	13147	12511
ENST00000616080.2	16	26521	26505
ENST00000616088.4	199	23888	23689
ENST00000616101.5	1585	12248	10663
ENST00000616114.4	426	863098	862672
ENST00000616120.4	44356	63627	19271
ENST00000616122.5	5106	33905	28799
ENST00000616125.5	0	19916	19916
ENST00000616129.4	447	6120	5673
ENST00000616132.4	220	15043	14823
ENST00000616135.1	7105	9543	2438
ENST00000616140.2	90	20219	20129
ENST00000616147.4	1723	11181	9458
ENST00000616156.4	569	9865	9296
ENST00000616159.4	0	17188	17188
ENST00000616166.1	0	2542	2542
ENST00000616167.1	3	46394	46391
ENST00000616170.4	330	39834	39504
ENST00000616173.4	323	4789	4466
ENST00000616176.4	8899	27599	18700
ENST00000616178.4	19283	130721	111438
ENST00000616179.4	482	94411	93929
ENST00000616180.4	3696	175531	171835
ENST00000616181.5	386	8506	8120
ENST00000616182.2	38	792	754
ENST00000616183.1	34971	35141	170
ENST00000616191.4	1549	9867	8318
ENST00000616199.4	1328	7527	6199
ENST00000616200.2	6552	17339	10787
ENST00000616202.4	163	30413	30250
ENST00000616206.4	162	26264	26102
ENST00000616207.4	0	5078	5078
ENST00000616212.4	798	2835	2037
ENST00000616215.4	1011	6932	5921
ENST00000616236.1	0	135675	135675
ENST00000616242.5	2281	45488	43207
ENST00000616243.1	977	9170	8193
ENST00000616250.4	9140	30765	21625
ENST00000616255.1	511	52788	52277
ENST00000616261.2	4848	31542	26694
ENST00000616265.4	252	38813	38561
ENST00000616266.4	2197	4654	2457
ENST00000616269.1	0	8939	8939
ENST00000616273.1	353	1449	1096
ENST00000616276.4	0	4900	4900
ENST00000616278.4	0	19911	19911
ENST00000616288.4	1536	71342	69806
ENST00000616289.1	959	1065	106
ENST00000616296.4	10980	13345	2365
ENST00000616305.2	281	60969	60688
ENST00000616316.3	377	1740	1363
ENST00000616317.5	2327	328400	326073
ENST00000616318.1	0	1030	1030
ENST00000616321.4	4951	7892	2941
ENST00000616325.1	921	5779	4858
ENST00000616326.1	210	46984	46774
ENST00000616349.5	441	46064	45623
ENST00000616352.4	0	45919	45919
ENST00000616365.2	63	877	814
ENST00000616369.4	174	77980	77806
ENST00000616382.5	100	37933	37833
ENST00000616393.4	22146	67740	45594
ENST00000616395.4	636	13367	12731
ENST00000616406.1	22	29513	29491
ENST00000616407.2	2622	72523	69901
ENST00000616411.4	3417	38520	35103
ENST00000616417.5	8769	393609	384840
ENST00000616419.4	9913	11189	1276
ENST00000616430.1	182	5100	4918
ENST00000616431.2	28	19001	18973
ENST00000616432.5	1456	7882	6426
ENST00000616434.2	201	109267	109066
ENST00000616435.5	73	20478	20405
ENST00000616441.2	81	10574	10493
ENST00000616444.4	22	66286	66264
ENST00000616445.4	673	5896	5223
ENST00000616448.2	1064	126356	125292
ENST00000616463.1	8857	17200	8343
ENST00000616467.4	118	34122	34004
ENST00000616481.4	6518	7962	1444
ENST00000616482.4	154	72228	72074
ENST00000616492.4	291	5550	5259
ENST00000616495.1	2103	4779	2676
ENST00000616498.4	0	19181	19181
ENST00000616502.4	14683	25378	10695
ENST00000616511.4	30192	32723	2531
ENST00000616513.1	8	3505	3497
ENST00000616518.1	77	887	810
ENST00000616524.4	6518	7962	1444
ENST00000616533.4	45184	63083	17899
ENST00000616540.5	4205	91126	86921
ENST00000616544.4	7594	17868	10274
ENST00000616545.4	0	10493	10493
ENST00000616550.4	178	18037	17859
ENST00000616552.4	577	23337	22760
ENST00000616557.1	35	8640	8605
ENST00000616558.5	3313	13499	10186
ENST00000616559.4	0	250888	250888
ENST00000616566.5	970	21742	20772
ENST00000616568.5	2249	40913	38664
ENST00000616577.4	4008	8183	4175
ENST00000616579.4	291	42083	41792
ENST00000616590.4	383	20691	20308
ENST00000616596.4	279	13408	13129
ENST00000616600.5	54	31707	31653
ENST00000616614.4	224	13311	13087
ENST00000616617.4	1950	210076	208126
ENST00000616622.1	1357	6387	5030
ENST00000616623.4	22	26653	26631
ENST00000616640.1	6135	7831	1696
ENST00000616644.2	246	139499	139253
ENST00000616645.4	14723	24814	10091
ENST00000616646.4	4560	11772	7212
ENST00000616650.1	0	10886	10886
ENST00000616661.5	433	50338	49905
ENST00000616671.4	2071	10392	8321
ENST00000616673.4	3064	33706	30642
ENST00000616679.4	0	100298	100298
ENST00000616681.4	6717	139100	132383
ENST00000616683.4	2149	46223	44074
ENST00000616684.4	42870	339564	296694
ENST00000616685.1	226	4789	4563
ENST00000616694.1	14114	18171	4057
ENST00000616697.1	0	699	699
ENST00000616701.5	94	9786	9692
ENST00000616704.4	18993	27615	8622
ENST00000616709.4	1226	120372	119146
ENST00000616714.4	568	238453	237885
ENST00000616721.6	167	83879	83712
ENST00000616722.4	130	21742	21612
ENST00000616725.4	418	17560	17142
ENST00000616727.4	2708	30795	28087
ENST00000616738.4	39877	110147	70270
ENST00000616742.4	953	55501	54548
ENST00000616743.1	58394	59754	1360
ENST00000616760.1	262	6434	6172
ENST00000616763.6	324	23803	23479
ENST00000616764.5	951	6154	5203
ENST00000616767.2	46	62070	62024
ENST00000616768.6	76	59335	59259
ENST00000616779.4	0	1165	1165
ENST00000616784.4	7132	72868	65736
ENST00000616793.5	16326	88808	72482
ENST00000616794.1	0	4802	4802
ENST00000616800.4	239	11382	11143
ENST00000616803.4	12413	21438	9025
ENST00000616804.5	37	26819	26782
ENST00000616821.4	92	76608	76516
ENST00000616825.4	600	104972	104372
ENST00000616833.6	8	8511	8503
ENST00000616834.1	16127	69096	52969
ENST00000616836.4	277	29945	29668
ENST00000616847.1	52	26457	26405
ENST00000616848.4	6102	122131	116029
ENST00000616852.1	115	25766	25651
ENST00000616859.4	21213	67711	46498
ENST00000616863.4	17128	88340	71212
ENST00000616865.4	94	3131	3037
ENST00000616868.1	96263	151491	55228
ENST00000616870.4	5676	10708	5032
ENST00000616874.2	3095	5799	2704
ENST00000616880.1	64	2268	2204
ENST00000616884.4	21529	42762	21233
ENST00000616887.1	21	4987	4966
ENST00000616894.1	180	3401	3221
ENST00000616898.2	596	12793	12197
ENST00000616899.1	3	79352	79349
ENST00000616907.2	70	44880	44810
ENST00000616909.1	0	11101	11101
ENST00000616917.4	2139	13935	11796
ENST00000616923.5	1375	26871	25496
ENST00000616927.4	34724	69616	34892
ENST00000616933.4	163	12035	11872
ENST00000616936.4	3345	33989	30644
ENST00000616939.4	21	22351	22330
ENST00000616944.4	38952	56811	17859
ENST00000616958.1	101	9795	9694
ENST00000616959.4	300	30580	30280
ENST00000616970.5	143	3622	3479
ENST00000616972.4	607	35486	34879
ENST00000616973.4	504	21743	21239
ENST00000616975.5	2545	20575	18030
ENST00000616978.5	7704	161939	154235
ENST00000616981.4	1806	52492	50686
ENST00000616983.4	2094	19042	16948
ENST00000616986.5	1830	63092	61262
ENST00000616987.5	1897	26308	24411
ENST00000616989.1	216	44306	44090
ENST00000616990.4	2539	6548	4009
ENST00000616992.2	359878	585479	225601
ENST00000617000.1	0	7127	7127
ENST00000617003.1	683	1059	376
ENST00000617010.2	3	25839	25836
ENST00000617037.4	1101	16116	15015
ENST00000617043.4	1023	23730	22707
ENST00000617045.1	3	64179	64176
ENST00000617047.1	72	8937	8865
ENST00000617050.1	161	5061	4900
ENST00000617053.3	3051	4273	1222
ENST00000617054.1	4235	24424	20189
ENST00000617055.4	120	4579	4459
ENST00000617065.1	27	4630	4603
ENST00000617066.4	58051	69571	11520
ENST00000617070.5	2114	17987	15873
ENST00000617071.4	39	9018	8979
ENST00000617072.4	1024	16919	15895
ENST00000617075.4	10141	33027	22886
ENST00000617078.3	121541	177259	55718
ENST00000617086.1	224	1661	1437
ENST00000617088.4	5097	22230	17133
ENST00000617094.1	177	5401	5224
ENST00000617103.4	19032	114664	95632
ENST00000617114.5	3	6994	6991
ENST00000617119.4	1647	15904	14257
ENST00000617122.1	70	5963	5893
ENST00000617123.1	70	2576	2506
ENST00000617124.4	0	91064	91064
ENST00000617130.5	2701	10030	7329
ENST00000617133.4	170310	223662	53352
ENST00000617140.4	554	6917	6363
ENST00000617146.5	3269	79204	75935
ENST00000617164.5	126	83280	83154
ENST00000617168.4	4777	6009	1232
ENST00000617172.4	0	7010	7010
ENST00000617178.5	35940	44288	8348
ENST00000617190.5	1406	28286	26880
ENST00000617192.4	7619	14720	7101
ENST00000617198.5	7834	40974	33140
ENST00000617200.1	17612	42750	25138
ENST00000617202.4	454	3674	3220
ENST00000617203.1	159	4812	4653
ENST00000617204.4	1950	186002	184052
ENST00000617207.4	4362	18062	13700
ENST00000617222.4	116	35719	35603
ENST00000617223.1	2062	11851	9789
ENST00000617224.3	59	4707	4648
ENST00000617225.5	153	22078	21925
ENST00000617227.1	1602	7024	5422
ENST00000617231.5	1245	19499	18254
ENST00000617233.2	30764	178156	147392
ENST00000617246.5	251964	722146	470182
ENST00000617249.4	868	38933	38065
ENST00000617257.2	552	71355	70803
ENST00000617266.2	19729	21911	2182
ENST00000617267.4	33	213188	213155
ENST00000617268.1	1710	1768	58
ENST00000617270.5	6748	179522	172774
ENST00000617271.4	1413	860774	859361
ENST00000617275.5	16584	69698	53114
ENST00000617277.4	790	104318	103528
ENST00000617285.5	1408	14944	13536
ENST00000617288.4	4931	18854	13923
ENST00000617293.4	55	26685	26630
ENST00000617306.1	102	7580	7478
ENST00000617307.5	0	20178	20178
ENST00000617312.4	0	40921	40921
ENST00000617316.2	193	15990	15797
ENST00000617331.3	3	28935	28932
ENST00000617332.4	83	20761	20678
ENST00000617339.4	638	6528	5890
ENST00000617346.4	0	2714	2714
ENST00000617347.1	59	850	791
ENST00000617363.4	501	280682	280181
ENST00000617369.5	457	25861	25404
ENST00000617373.5	1110	5465	4355
ENST00000617374.2	0	799	799
ENST00000617380.2	181	115988	115807
ENST00000617388.4	6386	57293	50907
ENST00000617389.4	1137	5179	4042
ENST00000617391.4	1341	12434	11093
ENST00000617405.5	79	1663	1584
ENST00000617408.1	0	139605	139605
ENST00000617412.1	599	7970	7371
ENST00000617416.4	79	1018	939
ENST00000617418.4	3	149295	149292
ENST00000617421.4	538	6122	5584
ENST00000617422.4	183	192978	192795
ENST00000617428.4	45229	78135	32906
ENST00000617429.5	19	9180	9161
ENST00000617444.5	4307	16428	12121
ENST00000617445.5	2352	19578	17226
ENST00000617449.4	76	7180	7104
ENST00000617451.4	14200	49186	34986
ENST00000617454.4	170	121316	121146
ENST00000617459.4	97	14389	14292
ENST00000617462.4	298	28648	28350
ENST00000617472.4	144	15073	14929
ENST00000617474.1	805003	1108993	303990
ENST00000617482.4	5800	20852	15052
ENST00000617484.4	3	70218	70215
ENST00000617493.1	32	29806	29774
ENST00000617499.1	0	6545	6545
ENST00000617500.4	1234	3961	2727
ENST00000617501.5	905	32031	31126
ENST00000617502.5	3	39904	39901
ENST00000617505.1	0	220	220
ENST00000617516.5	22382	23568	1186
ENST00000617522.4	237	28587	28350
ENST00000617526.4	7011	11252	4241
ENST00000617531.4	24203	173353	149150
ENST00000617532.4	4159	5330	1171
ENST00000617533.5	543	30611	30068
ENST00000617537.5	314	212911	212597
ENST00000617539.1	274	754	480
ENST00000617546.4	10145	56702	46557
ENST00000617548.1	4687	121799	117112
ENST00000617554.1	3	1915	1912
ENST00000617556.4	2906	52336	49430
ENST00000617558.2	12	6365	6353
ENST00000617562.4	53089	53175	86
ENST00000617564.2	0	23647	23647
ENST00000617569.2	30	646	616
ENST00000617571.5	0	16068	16068
ENST00000617575.5	190	8349	8159
ENST00000617590.1	1214	372040	370826
ENST00000617591.4	3	12366	12363
ENST00000617596.5	12302	46488	34186
ENST00000617601.4	292	101501	101209
ENST00000617607.4	38	41297	41259
ENST00000617612.3	268	998	730
ENST00000617618.5	634	74236	73602
ENST00000617628.4	3	31201	31198
ENST00000617629.4	19223	42604	23381
ENST00000617633.5	4560	35463	30903
ENST00000617639.1	59	836	777
ENST00000617641.4	137	35588	35451
ENST00000617642.2	2701	9899	7198
ENST00000617645.4	144	7722	7578
ENST00000617649.4	502	204897	204395
ENST00000617650.5	15603	65340	49737
ENST00000617670.6	9594	38635	29041
ENST00000617677.1	184	65675	65491
ENST00000617678.2	318	10999	10681
ENST00000617689.4	1330	193659	192329
ENST00000617690.2	3891	6525	2634
ENST00000617691.4	950	4999	4049
ENST00000617692.1	65	2827	2762
ENST00000617694.4	1607	1647	40
ENST00000617695.5	108	642496	642388
ENST00000617697.4	1002	4585	3583
ENST00000617701.5	282	1973	1691
ENST00000617704.1	3	6742	6739
ENST00000617705.1	30	1433	1403
ENST00000617714.2	211	6911	6700
ENST00000617735.4	78090	135249	57159
ENST00000617738.4	6518	7962	1444
ENST00000617744.4	3991	16995	13004
ENST00000617763.1	659	5754	5095
ENST00000617765.1	0	25270	25270
ENST00000617767.5	1636	505756	504120
ENST00000617768.5	113	2963	2850
ENST00000617769.1	0	4840	4840
ENST00000617770.4	248	51273	51025
ENST00000617774.1	82	41792	41710
ENST00000617779.1	0	144952	144952
ENST00000617782.4	1391	25181	23790
ENST00000617789.5	3	233977	233974
ENST00000617793.4	64	15269	15205
ENST00000617800.4	22	13677	13655
ENST00000617803.5	21	22205	22184
ENST00000617804.1	1216	74968	73752
ENST00000617807.3	556	2312	1756
ENST00000617811.5	944	60115	59171
ENST00000617822.4	4796	86931	82135
ENST00000617837.4	9382	26390	17008
ENST00000617839.1	1286	6961	5675
ENST00000617840.1	776	20064	19288
ENST00000617846.4	0	482	482
ENST00000617847.4	0	16595	16595
ENST00000617859.4	2975	9071	6096
ENST00000617869.4	99	15631	15532
ENST00000617870.4	623	362355	361732
ENST00000617872.4	69	29604	29535
ENST00000617874.5	923	10002	9079
ENST00000617875.6	146	10099	9953
ENST00000617876.4	2860	47778	44918
ENST00000617879.1	0	5971	5971
ENST00000617887.4	74142	77086	2944
ENST00000617889.5	64	17729	17665
ENST00000617897.2	188	4245	4057
ENST00000617900.1	61	20655	20594
ENST00000617904.4	636	3898	3262
ENST00000617908.4	208357	245599	37242
ENST00000617909.2	831	95581	94750
ENST00000617911.4	161	10417	10256
ENST00000617913.4	173	37978	37805
ENST00000617923.4	12144	17817	5673
ENST00000617924.6	2040	38494	36454
ENST00000617926.4	447	29189	28742
ENST00000617928.5	2979	83962	80983
ENST00000617930.2	5197	18104	12907
ENST00000617931.4	21400	60168	38768
ENST00000617943.4	8003	9711	1708
ENST00000617948.4	5522	18571	13049
ENST00000617949.4	3	9873	9870
ENST00000617952.4	3780	17556	13776
ENST00000617958.4	761	86364	85603
ENST00000617962.2	90	2803	2713
ENST00000617966.4	985	18746	17761
ENST00000617970.4	696	1972	1276
ENST00000617975.2	68	21809	21741
ENST00000617979.5	353	4442	4089
ENST00000617981.1	3	4649	4646
ENST00000617985.1	3	2570	2567
ENST00000617987.1	1993	3345	1352
ENST00000617991.4	2113	17986	15873
ENST00000618001.4	131	11183	11052
ENST00000618002.4	1466	116091	114625
ENST00000618006.4	16	10517	10501
ENST00000618007.5	17141	85598	68457
ENST00000618008.4	16066	35295	19229
ENST00000618010.4	24836	32247	7411
ENST00000618015.4	621	51096	50475
ENST00000618019.1	826	6200	5374
ENST00000618031.4	2289	109516	107227
ENST00000618035.4	191	18285	18094
ENST00000618040.4	10505	174719	164214
ENST00000618043.4	10211	27414	17203
ENST00000618046.4	26	33003	32977
ENST00000618048.2	547	2080	1533
ENST00000618052.2	56	870	814
ENST00000618053.1	176	2387	2211
ENST00000618056.4	7725	94087	86362
ENST00000618057.4	241	264383	264142
ENST00000618061.4	11511	14016	2505
ENST00000618063.1	368	2454	2086
ENST00000618072.4	768	6540	5772
ENST00000618073.1	372	26149	25777
ENST00000618075.4	21298	34630	13332
ENST00000618076.3	1286	10601	9315
ENST00000618080.4	0	30855	30855
ENST00000618088.4	17832	173283	155451
ENST00000618098.4	7099	14791	7692
ENST00000618099.4	2863	11364	8501
ENST00000618101.4	4916	43913	38997
ENST00000618105.4	71888	223755	151867
ENST00000618112.4	0	8327	8327
ENST00000618116.4	641	4423	3782
ENST00000618117.1	0	13049	13049
ENST00000618119.4	450	342863	342413
ENST00000618122.4	12914	12926	12
ENST00000618123.4	34770	81350	46580
ENST00000618129.1	13	23822	23809
ENST00000618136.1	28	1892	1864
ENST00000618137.1	0	9440	9440
ENST00000618139.4	67	12286	12219
ENST00000618147.1	100	1958	1858
ENST00000618150.4	9059	22601	13542
ENST00000618155.3	343	14715	14372
ENST00000618156.5	2471	29206	26735
ENST00000618160.4	18804	26971	8167
ENST00000618165.1	169	4822	4653
ENST00000618166.4	61	115982	115921
ENST00000618172.5	33	26689	26656
ENST00000618175.4	596	4368	3772
ENST00000618181.5	0	19866	19866
ENST00000618183.5	2592	11663	9071
ENST00000618192.5	108	642770	642662
ENST00000618193.1	17	633	616
ENST00000618200.4	936	5985	5049
ENST00000618205.4	60185	78084	17899
ENST00000618207.4	133	34090	33957
ENST00000618209.5	1189	15953	14764
ENST00000618216.4	13117	67501	54384
ENST00000618217.4	143	58723	58580
ENST00000618220.4	14	13268	13254
ENST00000618229.4	2046	6587	4541
ENST00000618231.3	45	5465	5420
ENST00000618236.2	575	1881	1306
ENST00000618250.4	8168	11969	3801
ENST00000618252.1	4244	22606	18362
ENST00000618262.4	465	16017	15552
ENST00000618265.5	29	9933	9904
ENST00000618278.4	18	71105	71087
ENST00000618282.5	3476	70658	67182
ENST00000618283.1	0	302	302
ENST00000618286.1	337	1654	1317
ENST00000618296.4	594	7177	6583
ENST00000618298.6	480	14022	13542
ENST00000618301.4	81	52075	51994
ENST00000618302.2	100260	103186	2926
ENST00000618305.2	54	670	616
ENST00000618312.4	26	228932	228906
ENST00000618323.5	509	22748	22239
ENST00000618327.4	133	49476	49343
ENST00000618329.4	16020	127384	111364
ENST00000618334.1	104	6685	6581
ENST00000618335.4	2224	6823	4599
ENST00000618336.4	739	37447	36708
ENST00000618348.2	264	7879	7615
ENST00000618353.1	55	264314	264259
ENST00000618361.4	13693	16198	2505
ENST00000618367.4	2961	14817	11856
ENST00000618371.4	102	26478	26376
ENST00000618372.4	9654	10596	942
ENST00000618385.1	16134	57499	41365
ENST00000618387.1	4623	21861	17238
ENST00000618403.5	131	9094	8963
ENST00000618404.5	516	3637	3121
ENST00000618411.4	406	15955	15549
ENST00000618415.4	5046	10527	5481
ENST00000618416.5	2384	9780	7396
ENST00000618422.1	16039	35445	19406
ENST00000618425.4	774	3966	3192
ENST00000618427.4	1487	107705	106218
ENST00000618438.4	58897	62993	4096
ENST00000618441.5	13638	38141	24503
ENST00000618444.1	57168	62086	4918
ENST00000618449.4	761	29126	28365
ENST00000618455.5	1723	11538	9815
ENST00000618457.5	9390	35776	26386
ENST00000618462.4	393	194274	193881
ENST00000618467.4	3	11289	11286
ENST00000618468.5	31283	33249	1966
ENST00000618469.2	1377	85359	83982
ENST00000618474.5	3	233577	233574
ENST00000618481.4	110	90468	90358
ENST00000618486.4	0	9085	9085
ENST00000618487.4	3	13052	13049
ENST00000618490.4	30738	33269	2531
ENST00000618500.4	2532	111942	109410
ENST00000618504.4	177	24285	24108
ENST00000618506.1	379	5121	4742
ENST00000618509.4	21207	25099	3892
ENST00000618511.4	1919	12279	10360
ENST00000618513.4	20302	27743	7441
ENST00000618515.4	1005	43943	42938
ENST00000618516.4	597	143045	142448
ENST00000618518.3	1048	7474	6426
ENST00000618521.4	2338	12320	9982
ENST00000618533.4	32	9909	9877
ENST00000618534.4	501	25050	24549
ENST00000618538.1	1993	3445	1452
ENST00000618542.4	281	5278	4997
ENST00000618547.4	1802	11049	9247
ENST00000618548.4	1327	188583	187256
ENST00000618550.5	317	9003	8686
ENST00000618552.4	9569	14718	5149
ENST00000618555.4	191	21835	21644
ENST00000618556.4	3127	32440	29313
ENST00000618562.2	391	110023	109632
ENST00000618565.4	148	72097	71949
ENST00000618568.4	1189	7952	6763
ENST00000618570.1	30	946	916
ENST00000618572.4	426	12513	12087
ENST00000618574.1	3	6239	6236
ENST00000618590.1	9534	14370	4836
ENST00000618601.5	696	1972	1276
ENST00000618604.4	935	38545	37610
ENST00000618612.5	1054	24307	23253
ENST00000618613.5	41	3636	3595
ENST00000618619.4	69	3664	3595
ENST00000618620.4	1888	10209	8321
ENST00000618621.5	193188	663370	470182
ENST00000618625.4	35836	40948	5112
ENST00000618626.1	3983	11727	7744
ENST00000618628.4	7313	10845	3532
ENST00000618629.1	0	24244	24244
ENST00000618634.3	2556	6472	3916
ENST00000618645.5	460	4573	4113
ENST00000618655.2	29029	31511	2482
ENST00000618656.2	2487	7294	4807
ENST00000618666.4	7362	28762	21400
ENST00000618669.3	168	10308	10140
ENST00000618670.4	20	23665	23645
ENST00000618673.4	3315	13307	9992
ENST00000618684.1	0	15443	15443
ENST00000618691.5	11847	38793	26946
ENST00000618693.4	26	177427	177401
ENST00000618707.2	0	48023	48023
ENST00000618721.5	3131	5835	2704
ENST00000618733.4	107	34091	33984
ENST00000618741.1	1700	17474	15774
ENST00000618742.3	2684	29027	26343
ENST00000618744.4	813	5001	4188
ENST00000618759.4	2344	5848	3504
ENST00000618760.4	7168	127300	120132
ENST00000618761.4	9659	12294	2635
ENST00000618765.1	0	8073	8073
ENST00000618772.4	83	9212	9129
ENST00000618778.4	1039	232470	231431
ENST00000618779.5	0	20053	20053
ENST00000618785.4	106415	160881	54466
ENST00000618787.5	6184	23350	17166
ENST00000618797.4	159	2295	2136
ENST00000618802.3	126	12200	12074
ENST00000618804.5	1484	118068	116584
ENST00000618819.5	5521	117291	111770
ENST00000618822.4	1950	210246	208296
ENST00000618828.1	2158	60090	57932
ENST00000618834.1	151	4937	4786
ENST00000618836.4	3028	16443	13415
ENST00000618838.4	990	8231	7241
ENST00000618846.4	1670	346043	344373
ENST00000618847.5	9781	237652	227871
ENST00000618852.5	3962	26146	22184
ENST00000618853.5	63	12604	12541
ENST00000618856.1	0	11345	11345
ENST00000618863.1	5055	6025	970
ENST00000618865.4	1633	11325	9692
ENST00000618875.4	0	15068	15068
ENST00000618881.5	102531	103033	502
ENST00000618887.2	459	10826	10367
ENST00000618892.1	0	2119	2119
ENST00000618897.4	1131	246655	245524
ENST00000618908.4	162	31826	31664
ENST00000618911.4	3	5249	5246
ENST00000618914.4	1700	56035	54335
ENST00000618916.4	2185	9937	7752
ENST00000618917.4	418	17664	17246
ENST00000618918.4	25966	32549	6583
ENST00000618923.2	1732	34776	33044
ENST00000618931.2	19561	20765	1204
ENST00000618932.1	9439	10119	680
ENST00000618933.1	240	342	102
ENST00000618934.1	0	4882	4882
ENST00000618940.4	6516	139013	132497
ENST00000618941.4	382	6055	5673
ENST00000618942.1	5475	9175	3700
ENST00000618944.4	4908	7272	2364
ENST00000618945.4	1092	16992	15900
ENST00000618957.4	662	14226	13564
ENST00000618958.2	70	848	778
ENST00000618960.4	1412	32378	30966
ENST00000618970.4	100	43256	43156
ENST00000618980.1	156	14321	14165
ENST00000618990.4	20774	27231	6457
ENST00000618991.5	96	4937	4841
ENST00000619007.4	1551	9182	7631
ENST00000619009.5	126	81803	81677
ENST00000619012.4	8167	18890	10723
ENST00000619037.1	2220	2916	696
ENST00000619038.5	1761	4677	2916
ENST00000619039.5	4003	34971	30968
ENST00000619045.1	2197	3317	1120
ENST00000619046.5	0	7778	7778
ENST00000619049.4	1447	140953	139506
ENST00000619050.4	288	7282	6994
ENST00000619054.4	99	193161	193062
ENST00000619059.4	31870	38536	6666
ENST00000619063.4	264	1672	1408
ENST00000619085.1	1010	2719	1709
ENST00000619087.5	192	22495	22303
ENST00000619100.4	397	9764	9367
ENST00000619101.5	1623	19653	18030
ENST00000619103.1	0	1074	1074
ENST00000619105.4	19966	41458	21492
ENST00000619107.2	461	30914	30453
ENST00000619117.1	81	1144	1063
ENST00000619120.4	686	32640	31954
ENST00000619121.4	5522	662517	656995
ENST00000619128.5	177	116579	116402
ENST00000619129.4	78931	85504	6573
ENST00000619133.4	1833	5053	3220
ENST00000619138.4	13138	238137	224999
ENST00000619142.4	16373	55212	38839
ENST00000619145.4	1745	10142	8397
ENST00000619151.4	3	32396	32393
ENST00000619154.4	265	46706	46441
ENST00000619156.1	0	8631	8631
ENST00000619157.4	40585	43030	2445
ENST00000619158.1	3455	3821	366
ENST00000619160.4	133	179520	179387
ENST00000619162.5	76	16120	16044
ENST00000619164.4	42	4430	4388
ENST00000619167.2	29	10128	10099
ENST00000619168.5	272	480481	480209
ENST00000619169.4	849	2287	1438
ENST00000619179.4	0	102589	102589
ENST00000619186.4	1210	7427	6217
ENST00000619189.5	34	122497	122463
ENST00000619193.4	4316	12798	8482
ENST00000619204.4	833	5380	4547
ENST00000619207.1	0	1966	1966
ENST00000619208.6	791	25623	24832
ENST00000619213.1	2406	12017	9611
ENST00000619221.4	4557	56365	51808
ENST00000619224.1	343	20031	19688
ENST00000619227.4	1128	10682	9554
ENST00000619228.2	3	81404	81401
ENST00000619232.2	2692	431065	428373
ENST00000619236.1	146	14464	14318
ENST00000619255.1	0	2034	2034
ENST00000619259.4	20414	223671	203257
ENST00000619262.4	265	12979	12714
ENST00000619269.5	172271	244643	72372
ENST00000619274.1	0	3196	3196
ENST00000619286.5	54	19519	19465
ENST00000619299.4	14004	23659	9655
ENST00000619300.4	307	81446	81139
ENST00000619301.4	41847	90107	48260
ENST00000619304.4	41	28046	28005
ENST00000619305.1	778	10582	9804
ENST00000619306.5	46	23145	23099
ENST00000619315.2	13	2897	2884
ENST00000619321.2	235	4590	4355
ENST00000619325.1	0	514	514
ENST00000619326.1	2082	3746	1664
ENST00000619336.1	0	2725	2725
ENST00000619337.4	17162	17774	612
ENST00000619346.4	15626	15960	334
ENST00000619360.6	1056	8257	7201
ENST00000619363.3	2519	2829	310
ENST00000619368.4	4316	12619	8303
ENST00000619373.5	696	1972	1276
ENST00000619374.4	124	64839	64715
ENST00000619376.4	552	15536	14984
ENST00000619379.1	106	89916	89810
ENST00000619381.4	134	5067	4933
ENST00000619387.5	172	109375	109203
ENST00000619403.4	6194	26607	20413
ENST00000619408.1	209	6244	6035
ENST00000619416.4	908	125095	124187
ENST00000619423.4	1623	73226	71603
ENST00000619426.5	86	12032	11946
ENST00000619430.2	708	18305	17597
ENST00000619435.1	2749	8156	5407
ENST00000619438.4	3	3503	3500
ENST00000619447.4	3114	22410	19296
ENST00000619462.4	7512	7930	418
ENST00000619466.3	37	791	754
ENST00000619485.4	1191	8884	7693
ENST00000619493.4	1803	9044	7241
ENST00000619501.4	0	4558	4558
ENST00000619511.1	125	5571	5446
ENST00000619513.1	3185	4101	916
ENST00000619518.5	696	1972	1276
ENST00000619519.1	0	620	620
ENST00000619527.4	168	4006	3838
ENST00000619528.4	29185	34356	5171
ENST00000619541.4	56	94152	94096
ENST00000619544.4	9754	121757	112003
ENST00000619546.4	2321	123785	121464
ENST00000619548.1	161	26330	26169
ENST00000619550.5	0	24417	24417
ENST00000619553.4	5750	9929	4179
ENST00000619554.1	173	16551	16378
ENST00000619555.4	0	4808	4808
ENST00000619562.4	1238	31584	30346
ENST00000619563.5	15703	30185	14482
ENST00000619564.3	8576	46985	38409
ENST00000619571.5	947	18193	17246
ENST00000619572.5	836	99916	99080
ENST00000619574.4	54	122451	122397
ENST00000619577.5	141	34671	34530
ENST00000619578.4	292	246828	246536
ENST00000619586.5	696	1972	1276
ENST00000619587.1	1076	6110	5034
ENST00000619588.1	0	615	615
ENST00000619594.5	515	3748	3233
ENST00000619596.4	216	12888	12672
ENST00000619601.1	0	2434	2434
ENST00000619609.1	50	31305	31255
ENST00000619635.1	647	3495	2848
ENST00000619641.4	2468	12712	10244
ENST00000619643.1	307	30901	30594
ENST00000619644.5	0	24527	24527
ENST00000619645.1	66	874	808
ENST00000619650.4	25546	95727	70181
ENST00000619655.4	10253	40649	30396
ENST00000619656.4	2892	91454	88562
ENST00000619661.3	2920	8206	5286
ENST00000619675.4	4955	11670	6715
ENST00000619676.4	250	25569	25319
ENST00000619678.2	71102	203893	132791
ENST00000619682.1	21	28242	28221
ENST00000619688.2	0	4103	4103
ENST00000619700.1	35	25948	25913
ENST00000619701.5	914	13975	13061
ENST00000619706.5	1372	121685	120313
ENST00000619707.5	1693	22007	20314
ENST00000619708.4	789	89252	88463
ENST00000619710.4	67668	143227	75559
ENST00000619711.5	661	5261	4600
ENST00000619721.6	2609	9295	6686
ENST00000619722.5	1993	124862	122869
ENST00000619730.4	8647	8897	250
ENST00000619735.4	791	21546	20755
ENST00000619747.1	680	77358	76678
ENST00000619748.4	8505	36964	28459
ENST00000619750.1	205	5177	4972
ENST00000619753.1	0	3766	3766
ENST00000619754.4	32	9762	9730
ENST00000619756.4	233	283686	283453
ENST00000619757.5	1588	5870	4282
ENST00000619765.1	0	1651	1651
ENST00000619777.4	0	3172	3172
ENST00000619785.1	0	478	478
ENST00000619787.4	2363	5891	3528
ENST00000619790.4	128	9396	9268
ENST00000619791.1	0	31380	31380
ENST00000619795.4	262	4239	3977
ENST00000619796.4	14568	63654	49086
ENST00000619799.4	9654	10596	942
ENST00000619801.5	555	15749	15194
ENST00000619805.1	10690	15342	4652
ENST00000619810.4	1312	34100	32788
ENST00000619813.1	0	710	710
ENST00000619828.4	3	12619	12616
ENST00000619831.5	2700	1299807	1297107
ENST00000619835.4	1120	3974	2854
ENST00000619836.4	3144	12430	9286
ENST00000619839.4	338	316740	316402
ENST00000619850.2	26	27851	27825
ENST00000619852.2	2912	6168	3256
ENST00000619857.4	686	10320	9634
ENST00000619859.1	0	18149	18149
ENST00000619866.5	554	49315	48761
ENST00000619869.1	304	4359	4055
ENST00000619876.4	381	8762	8381
ENST00000619881.4	2224	6823	4599
ENST00000619887.4	1341	22720	21379
ENST00000619888.5	532	95907	95375
ENST00000619890.1	564	9743	9179
ENST00000619895.5	201	15112	14911
ENST00000619898.5	141	2005	1864
ENST00000619900.4	0	13895	13895
ENST00000619903.4	153	22078	21925
ENST00000619904.1	540	1778	1238
ENST00000619913.4	29185	34356	5171
ENST00000619916.4	3545	10802	7257
ENST00000619917.4	329	7472	7143
ENST00000619918.1	703	10535	9832
ENST00000619920.4	69	8815	8746
ENST00000619922.1	340	5615	5275
ENST00000619925.4	47136	64722	17586
ENST00000619926.4	228	5878	5650
ENST00000619929.5	3660	25803	22143
ENST00000619937.4	4561	11168	6607
ENST00000619941.4	4365	18047	13682
ENST00000619947.1	0	46	46
ENST00000619952.2	2193	3205	1012
ENST00000619961.4	123	170829	170706
ENST00000619962.1	0	224	224
ENST00000619981.4	183	87547	87364
ENST00000619982.4	31	34336	34305
ENST00000619987.4	32933	44201	11268
ENST00000619988.4	0	1238	1238
ENST00000619989.1	420	2080	1660
ENST00000619992.4	241	6401	6160
ENST00000619998.1	160	2223	2063
ENST00000620006.4	247	1379	1132
ENST00000620009.4	595	18644	18049
ENST00000620012.4	5956	16838	10882
ENST00000620016.2	78	766	688
ENST00000620017.4	1073	3465	2392
ENST00000620021.4	0	2785	2785
ENST00000620030.1	0	12601	12601
ENST00000620033.4	94	89513	89419
ENST00000620035.5	2623	41067	38444
ENST00000620039.4	6717	13819	7102
ENST00000620040.5	2438	658159	655721
ENST00000620041.5	164	3404	3240
ENST00000620043.4	66	64212	64146
ENST00000620046.4	178	309207	309029
ENST00000620047.5	32	4888	4856
ENST00000620048.6	5715	272709	266994
ENST00000620055.4	79	1637	1558
ENST00000620057.4	40619	81269	40650
ENST00000620073.4	2464	9590	7126
ENST00000620074.5	3165	38181	35016
ENST00000620084.4	727	35372	34645
ENST00000620088.4	8247	11256	3009
ENST00000620094.4	852	9399	8547
ENST00000620095.4	338	50880	50542
ENST00000620096.4	5	24813	24808
ENST00000620097.2	272	32726	32454
ENST00000620098.4	79	1673	1594
ENST00000620100.5	2637	39562	36925
ENST00000620103.4	314	8436	8122
ENST00000620105.5	2667	21929	19262
ENST00000620110.4	1525	23417	21892
ENST00000620116.5	4787	6411	1624
ENST00000620138.4	1180	35933	34753
ENST00000620149.2	1298	1752	454
ENST00000620151.4	233	3055	2822
ENST00000620154.5	29	40607	40578
ENST00000620156.4	137	296894	296757
ENST00000620157.4	6949	39922	32973
ENST00000620164.4	191	5422	5231
ENST00000620173.5	1089	28327	27238
ENST00000620175.4	146	180454	180308
ENST00000620182.4	285	28635	28350
ENST00000620187.4	144	19451	19307
ENST00000620191.4	3487	13195	9708
ENST00000620195.4	3418	13031	9613
ENST00000620197.5	179	31072	30893
ENST00000620207.1	288	7135	6847
ENST00000620209.4	26406	30640	4234
ENST00000620210.1	475	10835	10360
ENST00000620215.3	318	11004	10686
ENST00000620217.4	268	40589	40321
ENST00000620219.4	3	20132	20129
ENST00000620220.6	186	51632	51446
ENST00000620222.4	3670	8415	4745
ENST00000620225.5	1328	7527	6199
ENST00000620230.4	673	6958	6285
ENST00000620233.1	1547	4569	3022
ENST00000620239.5	272	19827	19555
ENST00000620241.5	236	11921	11685
ENST00000620243.4	26	2734	2708
ENST00000620245.4	3	40132	40129
ENST00000620247.2	1585	12272	10687
ENST00000620248.3	689	10074	9385
ENST00000620250.1	79	1776	1697
ENST00000620254.5	19239	130603	111364
ENST00000620260.6	392	18286	17894
ENST00000620263.4	15	2067	2052
ENST00000620264.5	266	44960	44694
ENST00000620267.2	3	75606	75603
ENST00000620278.1	117243	129544	12301
ENST00000620284.5	265	13492	13227
ENST00000620288.4	18548	55735	37187
ENST00000620295.2	0	151450	151450
ENST00000620299.5	4272	38876	34604
ENST00000620304.4	0	2424	2424
ENST00000620307.4	1974	10707	8733
ENST00000620308.1	9088	350286	341198
ENST00000620309.4	54	10009	9955
ENST00000620315.2	3512	28529	25017
ENST00000620316.4	1426	33329	31903
ENST00000620320.4	538	9716	9178
ENST00000620323.1	233	1600	1367
ENST00000620324.4	5	11507	11502
ENST00000620325.1	0	7494	7494
ENST00000620329.1	0	20000	20000
ENST00000620340.4	5934	130008	124074
ENST00000620345.4	3	34838	34835
ENST00000620346.1	1213	16466	15253
ENST00000620347.5	492	56775	56283
ENST00000620350.5	1893	106463	104570
ENST00000620358.4	453	10513	10060
ENST00000620364.5	13012	344091	331079
ENST00000620366.4	1538	7314	5776
ENST00000620367.4	4427	59599	55172
ENST00000620374.4	1193	17556	16363
ENST00000620376.4	0	5747	5747
ENST00000620381.1	337	525	188
ENST00000620384.1	92	18965	18873
ENST00000620385.1	99	583	484
ENST00000620391.4	2072	102462	100390
ENST00000620393.4	14108	18493	4385
ENST00000620395.2	163	983	820
ENST00000620396.4	921	6095	5174
ENST00000620405.1	389	3661	3272
ENST00000620417.4	0	73871	73871
ENST00000620424.1	0	15429	15429
ENST00000620430.5	29	62645	62616
ENST00000620435.4	241	42309	42068
ENST00000620438.2	27	781	754
ENST00000620440.4	514	16924	16410
ENST00000620442.4	371	15607	15236
ENST00000620443.2	258	301430	301172
ENST00000620447.1	33214	44059	10845
ENST00000620470.4	66	4543	4477
ENST00000620473.4	700	9861	9161
ENST00000620483.4	2819	22399	19580
ENST00000620489.1	148	3392	3244
ENST00000620492.5	276	21003	20727
ENST00000620505.1	0	686	686
ENST00000620507.4	297	379105	378808
ENST00000620510.1	207	12362	12155
ENST00000620514.2	446	33698	33252
ENST00000620517.4	56983	66567	9584
ENST00000620518.5	1204	5327	4123
ENST00000620529.1	787	1577	790
ENST00000620541.4	140	177184	177044
ENST00000620544.5	9266	90247	80981
ENST00000620552.4	2291	40607	38316
ENST00000620554.1	326	396	70
ENST00000620557.4	10199	24563	14364
ENST00000620565.4	44	53924	53880
ENST00000620566.4	665	39357	38692
ENST00000620569.1	62	853	791
ENST00000620571.1	9652	115533	105881
ENST00000620576.4	79	1761	1682
ENST00000620578.4	7963	21726	13763
ENST00000620581.4	165	298181	298016
ENST00000620596.4	543	72221	71678
ENST00000620599.4	101	5421	5320
ENST00000620605.4	27	107785	107758
ENST00000620609.4	91	8532	8441
ENST00000620612.5	229	120955	120726
ENST00000620613.1	0	626	626
ENST00000620614.4	1510	23389	21879
ENST00000620627.1	16019	34763	18744
ENST00000620628.4	4476	71403	66927
ENST00000620630.2	6	1370	1364
ENST00000620631.4	0	12170	12170
ENST00000620632.4	0	4906	4906
ENST00000620633.5	254	2316	2062
ENST00000620634.4	6514	17763	11249
ENST00000620640.4	206	19915	19709
ENST00000620646.4	11147	14395	3248
ENST00000620651.4	1111	28663	27552
ENST00000620654.2	216	4871	4655
ENST00000620660.4	1022	95335	94313
ENST00000620675.4	506	25028	24522
ENST00000620676.6	4237	292086	287849
ENST00000620691.5	61	10278	10217
ENST00000620693.4	60245	67789	7544
ENST00000620694.1	25863	99873	74010
ENST00000620704.5	556	5206	4650
ENST00000620709.4	66	10198	10132
ENST00000620710.4	559	2441	1882
ENST00000620716.4	25	1627	1602
ENST00000620723.4	8858	21918	13060
ENST00000620732.4	79	1419	1340
ENST00000620739.4	1210	8903	7693
ENST00000620753.4	3070	15232	12162
ENST00000620761.6	97	4070	3973
ENST00000620771.4	50994	58630	7636
ENST00000620773.1	0	798	798
ENST00000620776.4	5382	18764	13382
ENST00000620785.4	9395	35480	26085
ENST00000620786.5	1409	113272	111863
ENST00000620787.5	207	34165	33958
ENST00000620793.2	1924	4622	2698
ENST00000620794.1	400	3626	3226
ENST00000620804.2	108	9940	9832
ENST00000620808.4	270	1961	1691
ENST00000620827.6	150	45072	44922
ENST00000620829.4	277	14514	14237
ENST00000620842.1	31	2105	2074
ENST00000620847.1	2977	3929	952
ENST00000620854.4	1864	51263	49399
ENST00000620860.4	481	131839	131358
ENST00000620863.4	0	6248	6248
ENST00000620865.4	3	20197	20194
ENST00000620867.4	1105	11097	9992
ENST00000620875.5	3	105026	105023
ENST00000620879.4	31371	103917	72546
ENST00000620885.1	3	4656	4653
ENST00000620891.4	6147	122265	116118
ENST00000620893.4	124	12078	11954
ENST00000620897.4	832	2301	1469
ENST00000620913.5	392	10781	10389
ENST00000620915.4	1836	7105	5269
ENST00000620918.4	32	9786	9754
ENST00000620920.4	1642	7460	5818
ENST00000620924.1	12	70362	70350
ENST00000620941.1	2171	7881	5710
ENST00000620944.4	1917	3494	1577
ENST00000620947.4	2827	5566	2739
ENST00000620954.2	1743	4063	2320
ENST00000620958.4	1834	11004	9170
ENST00000620962.1	0	994	994
ENST00000620965.5	381	65663	65282
ENST00000620985.4	1818	11350	9532
ENST00000620991.1	650	3155	2505
ENST00000620992.5	67	25892	25825
ENST00000620995.5	988	255552	254564
ENST00000620996.4	126	72311	72185
ENST00000621008.1	118	1953	1835
ENST00000621012.1	11	4609	4598
ENST00000621013.4	1002	4585	3583
ENST00000621015.4	2825	17407	14582
ENST00000621021.1	0	236587	236587
ENST00000621029.4	1683	4536	2853
ENST00000621034.2	318	10980	10662
ENST00000621039.5	4561	54306	49745
ENST00000621048.4	12816	34335	21519
ENST00000621053.1	4799	14562	9763
ENST00000621062.4	1054	7480	6426
ENST00000621066.4	890	64291	63401
ENST00000621069.1	0	12322	12322
ENST00000621070.4	29	65321	65292
ENST00000621073.4	257	3334	3077
ENST00000621074.5	1626	11243	9617
ENST00000621082.2	225	6311	6086
ENST00000621083.4	5265	26692	21427
ENST00000621086.1	0	72999	72999
ENST00000621089.2	27490	45283	17793
ENST00000621092.1	665	3571	2906
ENST00000621093.5	88	5896	5808
ENST00000621096.4	1609	28541	26932
ENST00000621097.4	605	19002	18397
ENST00000621098.1	152	4620	4468
ENST00000621109.4	670	58890	58220
ENST00000621112.2	22	776	754
ENST00000621115.4	399	42731	42332
ENST00000621116.4	19748	37303	17555
ENST00000621119.4	1481	118125	116644
ENST00000621123.4	203	59296	59093
ENST00000621127.4	48693	53992	5299
ENST00000621128.4	245	303715	303470
ENST00000621129.5	528	30881	30353
ENST00000621130.4	204	3150	2946
ENST00000621131.4	482	10614	10132
ENST00000621136.4	1113	95177	94064
ENST00000621141.5	867	2995	2128
ENST00000621147.5	0	180957	180957
ENST00000621152.4	0	4550	4550
ENST00000621157.5	417	4018	3601
ENST00000621158.5	450	44626	44176
ENST00000621160.5	947	6150	5203
ENST00000621161.5	178	141950	141772
ENST00000621162.1	399	919	520
ENST00000621169.1	141	5047	4906
ENST00000621176.1	0	9404	9404
ENST00000621179.6	144	7673	7529
ENST00000621184.1	64	855	791
ENST00000621189.4	146	7295	7149
ENST00000621197.4	2781	10684	7903
ENST00000621198.5	164	187967	187803
ENST00000621208.4	3295	224651	221356
ENST00000621216.1	99	4857	4758
ENST00000621217.4	6278	25441	19163
ENST00000621218.5	156	14579	14423
ENST00000621220.4	0	22403	22403
ENST00000621226.2	47	59659	59612
ENST00000621231.4	277	121616	121339
ENST00000621234.4	30142	50910	20768
ENST00000621245.4	14087	18494	4407
ENST00000621266.4	1395	287542	286147
ENST00000621267.4	3497	8378	4881
ENST00000621271.4	749	116886	116137
ENST00000621281.1	144	17263	17119
ENST00000621293.4	77	5853	5776
ENST00000621295.5	411	4184	3773
ENST00000621309.4	3663	26688	23025
ENST00000621317.4	168	179742	179574
ENST00000621320.4	0	79963	79963
ENST00000621321.1	53089	53175	86
ENST00000621324.4	160	7469	7309
ENST00000621326.4	56	20860	20804
ENST00000621332.5	360	23581	23221
ENST00000621333.4	1084	14259	13175
ENST00000621341.1	7	160847	160840
ENST00000621342.4	85	29575	29490
ENST00000621344.4	286	20394	20108
ENST00000621345.4	18332	51278	32946
ENST00000621352.1	0	7128	7128
ENST00000621355.4	26277	40373	14096
ENST00000621356.3	55	8257	8202
ENST00000621364.4	48	65884	65836
ENST00000621366.1	0	85829	85829
ENST00000621371.4	0	69401	69401
ENST00000621372.4	223	21137	20914
ENST00000621377.4	245	14834	14589
ENST00000621379.4	32675	53564	20889
ENST00000621385.1	0	19508	19508
ENST00000621387.4	303	20466	20163
ENST00000621392.5	51	16738	16687
ENST00000621396.4	81	17940	17859
ENST00000621401.4	3973	5105	1132
ENST00000621410.5	2837	23191	20354
ENST00000621411.3	64	878	814
ENST00000621413.4	4080	42802	38722
ENST00000621418.4	2150	119535	117385
ENST00000621420.5	52	6565	6513
ENST00000621421.4	39	7337	7298
ENST00000621426.7	4540	143860	139320
ENST00000621437.4	303	12389	12086
ENST00000621439.5	15999	130529	114530
ENST00000621441.5	8105	70247	62142
ENST00000621444.4	38	5281	5243
ENST00000621447.1	57	737	680
ENST00000621453.5	100	37969	37869
ENST00000621456.2	6517	7381	864
ENST00000621465.5	264	12231	11967
ENST00000621467.5	4058	18307	14249
ENST00000621469.5	415	32028	31613
ENST00000621474.4	83	17942	17859
ENST00000621476.4	246	64142	63896
ENST00000621478.1	3086	4056	970
ENST00000621483.4	1788	43118	41330
ENST00000621485.4	849	8298	7449
ENST00000621492.4	856	76892	76036
ENST00000621494.1	10	48916	48906
ENST00000621500.2	96	5402	5306
ENST00000621505.1	32297	56918	24621
ENST00000621507.1	18355	34306	15951
ENST00000621516.1	8303	11768	3465
ENST00000621517.1	1965	4111	2146
ENST00000621519.5	70	4206	4136
ENST00000621520.1	6778	7394	616
ENST00000621525.4	272	91439	91167
ENST00000621526.4	14103	14153	50
ENST00000621533.5	8760	29283	20523
ENST00000621536.4	3114	22410	19296
ENST00000621538.4	0	12064	12064
ENST00000621543.1	17910	90493	72583
ENST00000621550.4	18898	37450	18552
ENST00000621561.5	73	3322	3249
ENST00000621565.5	2825	105251	102426
ENST00000621568.4	37	10823	10786
ENST00000621573.1	0	206	206
ENST00000621582.1	8747	58335	49588
ENST00000621587.2	1545	12233	10688
ENST00000621589.2	451	13752	13301
ENST00000621590.4	3918	35080	31162
ENST00000621592.8	363	6083	5720
ENST00000621601.4	2560	3332	772
ENST00000621603.1	0	272	272
ENST00000621607.4	0	38566	38566
ENST00000621615.1	74	68428	68354
ENST00000621622.5	0	5445	5445
ENST00000621626.1	79	1631	1552
ENST00000621628.4	73	17217	17144
ENST00000621629.4	8247	11256	3009
ENST00000621630.1	513	18279	17766
ENST00000621632.5	2907	34024	31117
ENST00000621635.4	441	43162	42721
ENST00000621645.4	1521	30922	29401
ENST00000621648.4	4020	19361	15341
ENST00000621650.2	127	18299	18172
ENST00000621654.2	1656	3928	2272
ENST00000621663.4	7915	17440	9525
ENST00000621664.2	17141	28805	11664
ENST00000621668.4	6717	85487	78770
ENST00000621673.4	712	7559	6847
ENST00000621674.4	2950	4679	1729
ENST00000621676.5	6	16609	16603
ENST00000621682.4	126	7296	7170
ENST00000621687.1	0	7576	7576
ENST00000621696.5	2490	18381	15891
ENST00000621697.2	4632	6562	1930
ENST00000621703.4	26956	52670	25714
ENST00000621708.4	259	862950	862691
ENST00000621714.4	8932	10596	1664
ENST00000621715.4	1058	10366	9308
ENST00000621723.4	11317	13952	2635
ENST00000621731.4	159	10936	10777
ENST00000621732.4	1159	3845	2686
ENST00000621734.4	31371	103976	72605
ENST00000621735.4	57	25655	25598
ENST00000621736.4	19147	26003	6856
ENST00000621737.4	0	4668	4668
ENST00000621739.1	5750	12061	6311
ENST00000621743.5	0	22980	22980
ENST00000621744.4	85310	175548	90238
ENST00000621748.1	499	10441	9942
ENST00000621751.4	41015	45794	4779
ENST00000621757.1	152061	156491	4430
ENST00000621767.1	0	1715	1715
ENST00000621772.4	98	18491	18393
ENST00000621774.4	31	3602	3571
ENST00000621775.2	824	3450	2626
ENST00000621780.1	19759	33498	13739
ENST00000621781.4	3726	10047	6321
ENST00000621783.4	14109	31066	16957
ENST00000621784.4	411	6238	5827
ENST00000621790.4	0	10423	10423
ENST00000621791.4	165	321958	321793
ENST00000621802.1	0	26547	26547
ENST00000621805.5	136	34511	34375
ENST00000621808.5	236	11921	11685
ENST00000621812.2	464	15736	15272
ENST00000621813.4	778	12148	11370
ENST00000621817.1	5127	6613	1486
ENST00000621820.4	3719	42441	38722
ENST00000621833.4	2586	16284	13698
ENST00000621835.4	45	31695	31650
ENST00000621840.4	26420	135531	109111
ENST00000621846.4	11012	20137	9125
ENST00000621850.4	133	303705	303572
ENST00000621856.2	50	92539	92489
ENST00000621859.1	0	11376	11376
ENST00000621863.5	2045	9953	7908
ENST00000621870.4	12243	25193	12950
ENST00000621871.1	0	2357	2357
ENST00000621890.4	17162	42300	25138
ENST00000621899.4	1770	3472	1702
ENST00000621907.1	1112	5058	3946
ENST00000621914.4	6757	139213	132456
ENST00000621915.1	558	1386	828
ENST00000621918.1	88	69439	69351
ENST00000621943.4	521	3041	2520
ENST00000621957.4	226	42795	42569
ENST00000621959.4	285	13636	13351
ENST00000621960.1	0	7255	7255
ENST00000621961.2	1054	426280	425226
ENST00000621967.4	6158	9808	3650
ENST00000621973.2	7798	40902	33104
ENST00000621987.5	0	22112	22112
ENST00000621990.5	202	32556	32354
ENST00000621994.3	34	1790	1756
ENST00000621995.1	16032	16090	58
ENST00000621999.5	55	116053	115998
ENST00000622002.4	919	5783	4864
ENST00000622008.4	2687	4599	1912
ENST00000622013.1	3046	3220	174
ENST00000622016.4	197	12964	12767
ENST00000622017.5	1431	10822	9391
ENST00000622018.4	89595	97231	7636
ENST00000622020.4	3	109498	109495
ENST00000622028.1	0	786	786
ENST00000622030.2	3719	59177	55458
ENST00000622037.1	70	568761	568691
ENST00000622044.1	181	5201	5020
ENST00000622045.4	56	94223	94167
ENST00000622051.1	2486	4159	1673
ENST00000622055.4	0	17102	17102
ENST00000622057.4	0	6915	6915
ENST00000622059.4	10438	17472	7034
ENST00000622064.1	468	3177	2709
ENST00000622072.1	4	6477	6473
ENST00000622090.4	92	18275	18183
ENST00000622093.4	4311	369724	365413
ENST00000622102.4	402	90986	90584
ENST00000622108.1	0	94	94
ENST00000622112.4	16	26555	26539
ENST00000622113.4	17171	85575	68404
ENST00000622132.5	1229	100980	99751
ENST00000622138.4	4099	11823	7724
ENST00000622142.5	34424	84337	49913
ENST00000622144.4	536	95961	95425
ENST00000622150.4	4554	353275	348721
ENST00000622174.4	985	18471	17486
ENST00000622176.4	0	41460	41460
ENST00000622179.4	940	44573	43633
ENST00000622180.4	47136	69700	22564
ENST00000622186.5	41029	84245	43216
ENST00000622188.4	977	6228	5251
ENST00000622190.4	1853	24910	23057
ENST00000622191.2	1069	9136	8067
ENST00000622194.4	31947	53109	21162
ENST00000622197.5	696	1972	1276
ENST00000622206.2	318	11007	10689
ENST00000622211.4	114	95359	95245
ENST00000622217.3	18	11377	11359
ENST00000622223.4	136	33963	33827
ENST00000622235.5	794	15757	14963
ENST00000622237.4	9654	10588	934
ENST00000622250.4	0	284774	284774
ENST00000622252.4	53	145398	145345
ENST00000622259.4	3	12484	12481
ENST00000622263.4	2471	73593	71122
ENST00000622264.4	10	31041	31031
ENST00000622269.1	0	29212	29212
ENST00000622277.4	1770	9539	7769
ENST00000622283.1	3206	5118	1912
ENST00000622290.5	6284	77729	71445
ENST00000622294.2	11	153475	153464
ENST00000622299.5	524	3080	2556
ENST00000622306.5	512	65748	65236
ENST00000622312.4	6	6275	6269
ENST00000622315.1	284	2890	2606
ENST00000622317.5	15	10283	10268
ENST00000622320.4	0	194	194
ENST00000622323.5	696	1972	1276
ENST00000622327.4	0	5300	5300
ENST00000622330.5	437	33397	32960
ENST00000622332.4	19267	42821	23554
ENST00000622333.1	1036	11160	10124
ENST00000622339.5	572	10280	9708
ENST00000622353.4	96	41841	41745
ENST00000622357.5	1281	11827	10546
ENST00000622363.4	109805	116471	6666
ENST00000622371.1	0	3969	3969
ENST00000622386.2	99401	136790	37389
ENST00000622388.4	21084	25290	4206
ENST00000622395.4	508	5922	5414
ENST00000622405.4	16663	25482	8819
ENST00000622406.4	662	32440	31778
ENST00000622410.2	0	786	786
ENST00000622413.2	167	2159	1992
ENST00000622415.1	5679	40272	34593
ENST00000622421.3	5071	10335	5264
ENST00000622422.1	65	6255	6190
ENST00000622427.4	116316	489925	373609
ENST00000622429.1	2731	56240	53509
ENST00000622439.4	34388	65317	30929
ENST00000622442.4	3	24716	24713
ENST00000622443.3	4091	55570	51479
ENST00000622447.5	696	1972	1276
ENST00000622456.4	3	23461	23458
ENST00000622457.1	0	7601	7601
ENST00000622468.4	23	211720	211697
ENST00000622476.4	3	40218	40215
ENST00000622479.4	2955	5365	2410
ENST00000622483.4	133	179558	179425
ENST00000622488.6	170	47898	47728
ENST00000622489.4	901	9875	8974
ENST00000622493.4	746	29208	28462
ENST00000622494.1	0	4165	4165
ENST00000622495.5	4099	50316	46217
ENST00000622500.2	50	2845	2795
ENST00000622503.5	0	20241	20241
ENST00000622506.4	109	2113	2004
ENST00000622507.1	0	11265	11265
ENST00000622512.1	4863	7993	3130
ENST00000622513.4	84	54284	54200
ENST00000622514.4	543	213091	212548
ENST00000622516.6	24	469091	469067
ENST00000622519.4	1850	25415	23565
ENST00000622520.2	109	70929	70820
ENST00000622521.1	71	1953	1882
ENST00000622526.1	145	3313	3168
ENST00000622527.1	94	4958	4864
ENST00000622533.4	20	12462	12442
ENST00000622536.6	129	13439	13310
ENST00000622545.1	1581	3425	1844
ENST00000622548.4	12307	26104	13797
ENST00000622554.1	8757	17196	8439
ENST00000622558.4	501	9666	9165
ENST00000622559.4	53089	53175	86
ENST00000622561.4	62	45847	45785
ENST00000622564.4	127	28872	28745
ENST00000622566.4	11622	14257	2635
ENST00000622567.4	2634	12290	9656
ENST00000622576.1	1293	1559	266
ENST00000622581.4	141	2986	2845
ENST00000622588.2	698	3198	2500
ENST00000622593.4	143	27413	27270
ENST00000622599.5	473	30870	30397
ENST00000622602.2	163	569	406
ENST00000622607.4	17404	30489	13085
ENST00000622608.2	302	93763	93461
ENST00000622611.4	1756	89911	88155
ENST00000622633.5	1918	9488	7570
ENST00000622639.4	14510	24357	9847
ENST00000622645.4	4906	8746	3840
ENST00000622647.3	19306	22274	2968
ENST00000622652.1	215	37921	37706
ENST00000622654.1	0	11602	11602
ENST00000622664.1	2	16941	16939
ENST00000622665.1	5375	15030	9655
ENST00000622668.4	557	172415	171858
ENST00000622669.4	80	28579	28499
ENST00000622681.4	2447	24627	22180
ENST00000622683.5	22	86954	86932
ENST00000622694.5	1445	16558	15113
ENST00000622698.4	32401	107169	74768
ENST00000622703.4	360	3913	3553
ENST00000622710.4	1762	3218	1456
ENST00000622721.1	70	13131	13061
ENST00000622724.3	0	151413	151413
ENST00000622726.4	55	34022	33967
ENST00000622727.4	1845	3995	2150
ENST00000622731.4	3	12967	12964
ENST00000622732.5	696	1972	1276
ENST00000622735.2	57334	58250	916
ENST00000622746.4	1217	4087	2870
ENST00000622749.2	574	2798	2224
ENST00000622755.4	47	1389	1342
ENST00000622761.1	0	836	836
ENST00000622764.3	62	2399	2337
ENST00000622767.4	6569	32973	26404
ENST00000622768.5	258	301430	301172
ENST00000622769.4	176	16070	15894
ENST00000622774.2	1167	31039	29872
ENST00000622785.4	89	64696	64607
ENST00000622789.5	1799	9040	7241
ENST00000622802.4	480	52835	52355
ENST00000622804.2	1467	14935	13468
ENST00000622814.4	545	6849	6304
ENST00000622816.2	0	36110	36110
ENST00000622824.1	5154	7456	2302
ENST00000622833.4	180	10239	10059
ENST00000622840.2	69	3627	3558
ENST00000622841.1	171	8762	8591
ENST00000622845.5	354	32491	32137
ENST00000622850.3	5733	36504	30771
ENST00000622861.5	853	12479	11626
ENST00000622863.4	2545	24993	22448
ENST00000622865.1	0	4516	4516
ENST00000622873.4	4796	86961	82165
ENST00000622874.4	14191	47393	33202
ENST00000622878.4	672	2685	2013
ENST00000622887.1	0	4588	4588
ENST00000622895.2	91	10473	10382
ENST00000622898.4	168	140999	140831
ENST00000622920.1	6	16445	16439
ENST00000622922.1	0	1174	1174
ENST00000622933.1	694	9390	8696
ENST00000622947.1	185	844	659
ENST00000622959.3	19171	27134	7963
ENST00000622960.1	0	20596	20596
ENST00000622969.1	417	9106	8689
ENST00000622971.4	538	12790	12252
ENST00000622973.1	0	4664	4664
ENST00000622978.1	189	1336	1147
ENST00000622986.3	24	4314	4290
ENST00000622991.1	564	4510	3946
ENST00000622997.3	49	353	304
ENST00000622999.3	36	5357	5321
ENST00000623004.2	71	8174	8103
ENST00000623007.3	0	31662	31662
ENST00000623019.5	0	68079	68079
ENST00000623028.1	0	101299	101299
ENST00000623037.2	73	16115	16042
ENST00000623042.2	68	1980	1912
ENST00000623056.4	185	66649	66464
ENST00000623063.3	59	21458	21399
ENST00000623108.3	359	32129	31770
ENST00000623113.3	3139	9258	6119
ENST00000623144.3	15	319	304
ENST00000623148.3	0	208	208
ENST00000623167.1	3	1957	1954
ENST00000623170.1	0	2425	2425
ENST00000623183.1	145	1985	1840
ENST00000623189.1	3220	6366	3146
ENST00000623205.2	1431	2167	736
ENST00000623213.2	90	551602	551512
ENST00000623241.3	543	2163	1620
ENST00000623242.3	18728	19118	390
ENST00000623247.3	298	18891	18593
ENST00000623253.4	0	42471	42471
ENST00000623255.1	0	7246	7246
ENST00000623262.3	0	14112	14112
ENST00000623276.3	4767	11371	6604
ENST00000623280.3	17612	42750	25138
ENST00000623286.1	3	1945	1942
ENST00000623287.4	29	12867	12838
ENST00000623310.1	0	855	855
ENST00000623316.1	19509	26802	7293
ENST00000623317.3	0	44449	44449
ENST00000623321.3	0	16667	16667
ENST00000623326.4	408	14417	14009
ENST00000623361.3	12619	53058	40439
ENST00000623364.3	64873	133344	68471
ENST00000623385.3	411	19399	18988
ENST00000623399.1	0	6441	6441
ENST00000623400.4	52	69123	69071
ENST00000623402.1	563	15541	14978
ENST00000623417.3	0	28165	28165
ENST00000623421.3	1723	11181	9458
ENST00000623438.3	558	2440	1882
ENST00000623441.1	91	1985	1894
ENST00000623481.3	398	2619	2221
ENST00000623491.2	68	1980	1912
ENST00000623498.3	348	64343	63995
ENST00000623517.3	341	148835	148494
ENST00000623527.4	224	22641	22417
ENST00000623528.3	77	9323	9246
ENST00000623530.2	457	2357	1900
ENST00000623535.2	81489	206009	124520
ENST00000623566.3	0	27835	27835
ENST00000623578.3	45145	56233	11088
ENST00000623597.3	2113	17986	15873
ENST00000623608.3	546	7756	7210
ENST00000623617.3	2467	3989	1522
ENST00000623622.2	69	81822	81753
ENST00000623632.4	98	21191	21093
ENST00000623646.3	220	717197	716977
ENST00000623662.4	4417	14661	10244
ENST00000623665.2	2415	17544	15129
ENST00000623671.1	184	1488	1304
ENST00000623675.3	479	13630	13151
ENST00000623691.3	35	6672	6637
ENST00000623693.3	352	64729	64377
ENST00000623703.3	31	26783	26752
ENST00000623711.4	1023	95327	94304
ENST00000623724.3	8072	20798	12726
ENST00000623732.3	14	5063	5049
ENST00000623761.3	65	6447	6382
ENST00000623782.3	692	1968	1276
ENST00000623787.3	2698	10168	7470
ENST00000623806.3	558	2440	1882
ENST00000623824.2	724	1538	814
ENST00000623849.1	3	1927	1924
ENST00000623876.2	224	1323	1099
ENST00000623882.4	2035	28570	26535
ENST00000623893.1	1155	16903	15748
ENST00000623907.1	0	1858	1858
ENST00000623912.3	532	2824	2292
ENST00000623915.1	1478	2962	1484
ENST00000623922.1	0	1870	1870
ENST00000623924.1	419	6251	5832
ENST00000623930.1	0	1882	1882
ENST00000623978.3	12393	15433	3040
ENST00000624005.3	1075	15954	14879
ENST00000624027.1	0	2893	2893
ENST00000624032.3	0	106550	106550
ENST00000624069.3	27	2835	2808
ENST00000624075.3	260	16666	16406
ENST00000624091.1	0	1407	1407
ENST00000624095.1	8576	9877	1301
ENST00000624098.3	3	233414	233411
ENST00000624103.2	3	1915	1912
ENST00000624145.3	3037	70935	67898
ENST00000624161.3	43	1234	1191
ENST00000624166.3	0	135882	135882
ENST00000624187.1	3	1873	1870
ENST00000624204.3	34042	95607	61565
ENST00000624207.2	333	5619	5286
ENST00000624210.3	191	88293	88102
ENST00000624234.3	78	40768	40690
ENST00000624247.1	0	6389	6389
ENST00000624267.3	12450	32913	20463
ENST00000624277.3	460	26067	25607
ENST00000624297.3	640	4845	4205
ENST00000624301.3	1388	53665	52277
ENST00000624341.3	18859	21117	2258
ENST00000624354.3	94	72727	72633
ENST00000624355.1	0	27725	27725
ENST00000624358.3	456	3291	2835
ENST00000624396.1	134	22283	22149
ENST00000624419.3	233	70689	70456
ENST00000624420.3	8602	15949	7347
ENST00000624426.1	627	1453	826
ENST00000624474.1	27	12909	12882
ENST00000624481.4	48	50030	49982
ENST00000624492.4	411	4184	3773
ENST00000624495.4	411	4184	3773
ENST00000624503.1	41	3920	3879
ENST00000624504.1	44	1944	1900
ENST00000624510.4	129	18606	18477
ENST00000624513.1	0	456	456
ENST00000624515.1	0	354	354
ENST00000624518.1	0	13770	13770
ENST00000624538.2	3028	91130	88102
ENST00000624552.4	0	182893	182893
ENST00000624579.3	180	10239	10059
ENST00000624586.1	98	2370	2272
ENST00000624589.3	14	2408	2394
ENST00000624596.2	0	1858	1858
ENST00000624618.2	3	1867	1864
ENST00000624652.1	12860	13720	860
ENST00000624668.3	0	13918	13918
ENST00000624687.1	0	789	789
ENST00000624688.2	3555	5005	1450
ENST00000624689.3	159	15978	15819
ENST00000624694.2	66	9155	9089
ENST00000624696.1	29	20619	20590
ENST00000624697.4	12867	13807	940
ENST00000624700.3	64869	133388	68519
ENST00000624761.2	3	2095	2092
ENST00000624776.4	26267	35163	8896
ENST00000624801.3	91	1973	1882
ENST00000624843.3	46	69581	69535
ENST00000624862.3	49790	61310	11520
ENST00000624868.2	0	1816	1816
ENST00000624873.3	62	258696	258634
ENST00000624874.1	169	861	692
ENST00000624881.3	40	27419	27379
ENST00000624887.1	1260	3850	2590
ENST00000624890.3	10037	16003	5966
ENST00000624896.1	606	4474	3868
ENST00000624900.1	431	9686	9255
ENST00000624909.1	1321	1759	438
ENST00000624922.6	73	68043	67970
ENST00000624949.1	1222	3968	2746
ENST00000624953.1	64884	64988	104
ENST00000624957.3	39	6688	6649
ENST00000624978.1	3	1891	1888
ENST00000624994.1	0	456	456
ENST00000624995.4	91	6631	6540
ENST00000625019.3	638	4820	4182
ENST00000625032.1	0	7137	7137
ENST00000625033.1	164	892	728
ENST00000625044.1	1201	2531	1330
ENST00000625047.3	770	9421	8651
ENST00000625061.3	18548	46425	27877
ENST00000625063.3	0	14688	14688
ENST00000625065.4	1728	10813	9085
ENST00000625106.4	59912	81201	21289
ENST00000625109.3	0	15732	15732
ENST00000625116.3	0	28149	28149
ENST00000625129.1	618	1894	1276
ENST00000625134.1	169	18325	18156
ENST00000625138.1	0	3593	3593
ENST00000625172.3	1647	15904	14257
ENST00000625177.3	14	16290	16276
ENST00000625194.4	59	21500	21441
ENST00000625203.2	100	1964	1864
ENST00000625216.2	786	1723	937
ENST00000625239.2	99	2835	2736
ENST00000625243.1	0	3586	3586
ENST00000625244.2	0	30432	30432
ENST00000625245.2	0	22524	22524
ENST00000625249.1	3	9040	9037
ENST00000625258.1	49855	50681	826
ENST00000625260.2	384	23658	23274
ENST00000625272.1	3	946	943
ENST00000625275.3	616	9372	8756
ENST00000625284.2	211	10567	10356
ENST00000625286.1	3	584	581
ENST00000625289.1	3	1515	1512
ENST00000625293.3	426	2308	1882
ENST00000625307.1	0	520	520
ENST00000625311.1	568	46288	45720
ENST00000625312.2	73	13580	13507
ENST00000625320.2	0	259889	259889
ENST00000625323.2	2582	361051	358469
ENST00000625349.2	168	18026	17858
ENST00000625359.1	76	50479	50403
ENST00000625363.2	39848	51947	12099
ENST00000625364.1	3	23460	23457
ENST00000625365.2	875	724215	723340
ENST00000625377.3	515	43060	42545
ENST00000625395.1	3	1396	1393
ENST00000625419.2	0	3135	3135
ENST00000625423.2	1562	14730	13168
ENST00000625444.1	3	11223	11220
ENST00000625457.1	0	2473	2473
ENST00000625458.1	1536	23395	21859
ENST00000625463.1	0	7660	7660
ENST00000625464.2	4306	53104	48798
ENST00000625495.1	3	3812	3809
ENST00000625514.2	571	74492	73921
ENST00000625521.2	10	74216	74206
ENST00000625522.3	55	196825	196770
ENST00000625535.1	0	3802	3802
ENST00000625577.1	0	2049	2049
ENST00000625583.2	63	149426	149363
ENST00000625585.2	1782	104366	102584
ENST00000625622.2	681	8777	8096
ENST00000625626.1	23780	98548	74768
ENST00000625631.1	11	4015	4004
ENST00000625662.3	0	64054	64054
ENST00000625664.2	14647	25238	10591
ENST00000625670.2	3	22020	22017
ENST00000625672.2	3442	1114235	1110793
ENST00000625674.2	2581	105142	102561
ENST00000625681.2	0	3668	3668
ENST00000625689.2	2030	34030	32000
ENST00000625705.1	3	21471	21468
ENST00000625712.2	291	3606	3315
ENST00000625723.1	0	7926	7926
ENST00000625752.2	0	2425	2425
ENST00000625755.2	1370	21944	20574
ENST00000625756.2	337	3526	3189
ENST00000625766.2	2677	5878	3201
ENST00000625767.2	534	11394	10860
ENST00000625770.2	53	2489	2436
ENST00000625778.3	2070	55467	53397
ENST00000625791.2	281	2732	2451
ENST00000625798.2	2121	28479	26358
ENST00000625802.2	242	27181	26939
ENST00000625807.1	3	15372	15369
ENST00000625810.2	103	14611	14508
ENST00000625836.2	890	67191	66301
ENST00000625837.2	905	33171	32266
ENST00000625842.3	12467	244093	231626
ENST00000625860.2	2866	14205	11339
ENST00000625874.2	513898	676924	163026
ENST00000625891.2	614	37617	37003
ENST00000625892.1	3	3571	3568
ENST00000625905.1	3	1152	1149
ENST00000625924.1	0	126174	126174
ENST00000625925.2	0	81424	81424
ENST00000625926.1	0	6516	6516
ENST00000625927.3	9221	14660	5439
ENST00000625935.2	39424	39534	110
ENST00000625938.2	166	9067	8901
ENST00000625942.1	0	2264	2264
ENST00000625963.1	0	10186	10186
ENST00000625964.2	0	30505	30505
ENST00000625974.2	16736	35193	18457
ENST00000625984.1	3	16605	16602
ENST00000625988.1	0	8231	8231
ENST00000625990.3	26902	74072	47170
ENST00000625998.2	1502	30130	28628
ENST00000626005.1	0	1063	1063
ENST00000626012.2	4881	6131	1250
ENST00000626016.2	23637	126658	103021
ENST00000626019.2	149	381937	381788
ENST00000626021.3	4401	8205	3804
ENST00000626025.2	17127	17869	742
ENST00000626030.1	37	23466	23429
ENST00000626040.2	1177	147912	146735
ENST00000626051.1	0	9383	9383
ENST00000626055.2	9247	16713	7466
ENST00000626059.2	3926	5910	1984
ENST00000626061.2	16194	17898	1704
ENST00000626066.2	0	48171	48171
ENST00000626067.1	3	3942	3939
ENST00000626103.1	3	7715	7712
ENST00000626119.2	643	4416	3773
ENST00000626122.2	2138	13658	11520
ENST00000626154.2	16711	35099	18388
ENST00000626172.3	1810	64912	63102
ENST00000626176.2	18	17283	17265
ENST00000626177.2	1656	6092	4436
ENST00000626191.1	52	22049	21997
ENST00000626210.1	0	5774	5774
ENST00000626212.2	135	6321	6186
ENST00000626216.2	97627	98265	638
ENST00000626236.2	14057	17557	3500
ENST00000626247.2	17233	27565	10332
ENST00000626249.2	9489	41206	31717
ENST00000626257.2	25210	27487	2277
ENST00000626262.2	0	74062	74062
ENST00000626285.1	3	5151	5148
ENST00000626294.2	0	478	478
ENST00000626301.2	905	32839	31934
ENST00000626333.1	9265	21350	12085
ENST00000626352.2	78	32438	32360
ENST00000626362.3	316	21971	21655
ENST00000626373.2	0	70	70
ENST00000626378.1	0	13641	13641
ENST00000626380.2	14218	15643	1425
ENST00000626391.2	3	102354	102351
ENST00000626395.2	4000	22147	18147
ENST00000626402.1	0	638	638
ENST00000626425.2	0	306288	306288
ENST00000626438.1	0	6988	6988
ENST00000626454.1	0	2284	2284
ENST00000626459.2	37441	84320	46879
ENST00000626462.2	0	446	446
ENST00000626464.2	6127	8933	2806
ENST00000626478.2	550	30943	30393
ENST00000626491.2	281	115664	115383
ENST00000626493.2	30	27639	27609
ENST00000626498.2	7514	9713	2199
ENST00000626500.2	446	7371	6925
ENST00000626538.2	6043	6239	196
ENST00000626539.3	39774	80742	40968
ENST00000626547.2	327	6117	5790
ENST00000626563.2	128	11472	11344
ENST00000626584.2	3	52674	52671
ENST00000626589.2	0	3630	3630
ENST00000626595.2	0	312025	312025
ENST00000626620.3	3	754005	754002
ENST00000626626.1	22	464	442
ENST00000626631.1	379	1347	968
ENST00000626637.2	292	30818	30526
ENST00000626650.3	3349	6605	3256
ENST00000626657.2	1058	5566	4508
ENST00000626660.1	52	896	844
ENST00000626684.1	230	7074	6844
ENST00000626691.2	906	611490	610584
ENST00000626700.1	3	5590	5587
ENST00000626701.1	54	2023	1969
ENST00000626716.1	3	10729	10726
ENST00000626725.1	985	53834	52849
ENST00000626746.2	49069	53147	4078
ENST00000626758.1	156	9080	8924
ENST00000626778.2	53697	70863	17166
ENST00000626782.2	435	46134	45699
ENST00000626796.2	181	16168	15987
ENST00000626808.2	3	55792	55789
ENST00000626814.1	176	4226	4050
ENST00000626818.1	0	545	545
ENST00000626824.1	955	14382	13427
ENST00000626827.2	1051	10284	9233
ENST00000626828.1	3	2618	2615
ENST00000626839.2	6437	74799	68362
ENST00000626847.2	32	28214	28182
ENST00000626873.2	665	25382	24717
ENST00000626874.2	1049	125313	124264
ENST00000626882.2	384	29987	29603
ENST00000626899.1	235	109329	109094
ENST00000626909.2	175	572021	571846
ENST00000626918.2	29	24043	24014
ENST00000626926.1	3	8310	8307
ENST00000626937.2	163	30980	30817
ENST00000626951.2	4529	114106	109577
ENST00000626960.2	1603	10341	8738
ENST00000626966.2	27625	190655	163030
ENST00000626968.2	28	21094	21066
ENST00000626972.2	149	17197	17048
ENST00000626989.3	1253	16255	15002
ENST00000626993.2	11010	47616	36606
ENST00000626996.2	2646	12239	9593
ENST00000627000.1	9456	14900	5444
ENST00000627002.1	0	3730	3730
ENST00000627006.2	0	12396	12396
ENST00000627012.2	1659	5930	4271
ENST00000627024.2	162	121454	121292
ENST00000627032.2	3	136584	136581
ENST00000627049.2	70145	308417	238272
ENST00000627061.2	54	53777	53723
ENST00000627068.2	1733	9630	7897
ENST00000627077.2	14737	14925	188
ENST00000627093.2	75	5720	5645
ENST00000627109.2	28507	182907	154400
ENST00000627121.3	77472	79285	1813
ENST00000627129.1	0	2225	2225
ENST00000627137.2	0	1312	1312
ENST00000627144.2	7185	14734	7549
ENST00000627145.1	0	63998	63998
ENST00000627148.3	261	3047	2786
ENST00000627151.2	36588	195017	158429
ENST00000627170.2	269	9780	9511
ENST00000627177.1	0	4294	4294
ENST00000627198.2	110	270125	270015
ENST00000627212.2	53	212298	212245
ENST00000627217.3	510	217514	217004
ENST00000627221.2	0	26261	26261
ENST00000627232.2	3009	6518	3509
ENST00000627238.1	3	1166	1163
ENST00000627246.3	3705	25301	21596
ENST00000627248.1	3	998	995
ENST00000627278.1	3	1889	1886
ENST00000627282.2	375	26677	26302
ENST00000627284.2	1683	33336	31653
ENST00000627285.1	2552	9011	6459
ENST00000627286.2	44505	118748	74243
ENST00000627290.2	161	6387	6226
ENST00000627305.2	84	5502	5418
ENST00000627314.1	16809	19177	2368
ENST00000627317.1	0	4056	4056
ENST00000627320.2	135077	175262	40185
ENST00000627368.2	42785	48389	5604
ENST00000627371.1	0	4945	4945
ENST00000627377.1	0	18914	18914
ENST00000627381.1	177	4238	4061
ENST00000627383.2	57993	59847	1854
ENST00000627393.1	13	5559	5546
ENST00000627394.3	379	476172	475793
ENST00000627399.4	76	33872	33796
ENST00000627400.1	0	705	705
ENST00000627418.2	233	33328	33095
ENST00000627420.2	305	735	430
ENST00000627426.2	424	34099	33675
ENST00000627432.3	68312	144862	76550
ENST00000627440.2	16194	17682	1488
ENST00000627441.3	2777	88151	85374
ENST00000627447.1	210	11188	10978
ENST00000627449.2	0	438	438
ENST00000627450.2	71	63401	63330
ENST00000627460.1	0	2538	2538
ENST00000627468.2	4086	39381	35295
ENST00000627490.2	79	290906	290827
ENST00000627532.3	5373	136902	131529
ENST00000627534.2	226	13997	13771
ENST00000627535.2	0	210	210
ENST00000627541.1	22079	67877	45798
ENST00000627543.2	54	52233	52179
ENST00000627550.2	16819	111302	94483
ENST00000627576.2	3	2724	2721
ENST00000627578.2	58900	60840	1940
ENST00000627582.3	159	568908	568749
ENST00000627585.2	3078	103439	100361
ENST00000627587.2	3346	121543	118197
ENST00000627604.1	27694	27708	14
ENST00000627608.1	3	861	858
ENST00000627615.1	0	6775	6775
ENST00000627620.5	71585	222107	150522
ENST00000627621.3	297	87697	87400
ENST00000627622.1	917	1185	268
ENST00000627631.1	0	36135	36135
ENST00000627643.2	0	7686	7686
ENST00000627651.2	280059	294345	14286
ENST00000627653.1	0	23753	23753
ENST00000627656.2	960	19034	18074
ENST00000627659.2	682	103147	102465
ENST00000627680.2	3	19734	19731
ENST00000627685.2	0	310232	310232
ENST00000627697.1	3	16194	16191
ENST00000627699.1	69	499	430
ENST00000627714.2	106	14015	13909
ENST00000627716.2	106	5107	5001
ENST00000627717.2	266	27161	26895
ENST00000627720.1	3	1641	1638
ENST00000627725.1	3	2596	2593
ENST00000627746.2	355	6870	6515
ENST00000627748.2	39301	49514	10213
ENST00000627766.2	16778	35259	18481
ENST00000627777.2	17239	86193	68954
ENST00000627781.2	62	7733	7671
ENST00000627783.2	2626	6812	4186
ENST00000627784.2	0	236676	236676
ENST00000627802.1	3	31446	31443
ENST00000627812.2	39382	40202	820
ENST00000627814.3	16501	32151	15650
ENST00000627843.2	0	3435	3435
ENST00000627851.2	23278	51225	27947
ENST00000627859.1	3	1108	1105
ENST00000627871.2	41462	49210	7748
ENST00000627895.2	160	18284	18124
ENST00000627916.2	284	76127	75843
ENST00000627920.2	1186	13698	12512
ENST00000627934.3	47064	69822	22758
ENST00000627960.1	3	14233	14230
ENST00000627968.2	118523	153866	35343
ENST00000627972.1	0	12410	12410
ENST00000628018.2	997	10645	9648
ENST00000628023.3	6623	14529	7906
ENST00000628032.2	36594	39160	2566
ENST00000628037.2	489	196316	195827
ENST00000628044.1	0	4333	4333
ENST00000628067.3	1443	5491	4048
ENST00000628077.3	307	4350	4043
ENST00000628078.2	0	91591	91591
ENST00000628083.1	14801	29702	14901
ENST00000628084.2	4505	38965	34460
ENST00000628103.2	38868	179541	140673
ENST00000628118.2	0	36469	36469
ENST00000628146.2	147	95982	95835
ENST00000628161.2	2203	43851	41648
ENST00000628168.1	0	7137	7137
ENST00000628176.2	964	62482	61518
ENST00000628188.1	3	1807	1804
ENST00000628193.2	260	777915	777655
ENST00000628202.3	61	16067	16006
ENST00000628216.2	9549	30269	20720
ENST00000628224.3	347	22684	22337
ENST00000628239.2	0	28149	28149
ENST00000628266.1	0	778	778
ENST00000628267.2	0	29992	29992
ENST00000628272.1	67	1864	1797
ENST00000628285.3	2848	58447	55599
ENST00000628293.1	1681	4987	3306
ENST00000628306.2	997	10526	9529
ENST00000628318.2	5575	8988	3413
ENST00000628331.1	241	15824	15583
ENST00000628342.1	3	8578	8575
ENST00000628346.2	74	53249	53175
ENST00000628350.2	53	333725	333672
ENST00000628361.1	0	35703	35703
ENST00000628364.2	190	426592	426402
ENST00000628375.2	914	47163	46249
ENST00000628377.2	25850	41111	15261
ENST00000628378.1	2378	12024	9646
ENST00000628403.2	164	104370	104206
ENST00000628415.2	32732	138709	105977
ENST00000628418.1	3	1796	1793
ENST00000628419.2	630	5095	4465
ENST00000628426.1	1432	28072	26640
ENST00000628433.2	17273	94368	77095
ENST00000628443.2	58204	60114	1910
ENST00000628444.1	72023	73917	1894
ENST00000628452.2	122	6404	6282
ENST00000628453.4	10672	59942	49270
ENST00000628474.2	678	43483	42805
ENST00000628477.2	168	32749	32581
ENST00000628479.2	572	9322	8750
ENST00000628507.1	23	1555	1532
ENST00000628511.2	124	17746	17622
ENST00000628514.3	16	726848	726832
ENST00000628515.2	774	410540	409766
ENST00000628517.2	3	12850	12847
ENST00000628528.2	74	93575	93501
ENST00000628529.2	3	3720	3717
ENST00000628542.2	18792	119927	101135
ENST00000628543.2	125	128336	128211
ENST00000628545.2	383	234200	233817
ENST00000628549.1	208	8856	8648
ENST00000628554.2	3587	11180	7593
ENST00000628562.1	371	645	274
ENST00000628566.2	3152	7243	4091
ENST00000628568.1	331	4755	4424
ENST00000628569.1	0	3993	3993
ENST00000628572.2	0	23841	23841
ENST00000628578.1	0	1189	1189
ENST00000628579.1	3	14463	14460
ENST00000628582.2	15640	41950	26310
ENST00000628593.1	294	16788	16494
ENST00000628609.1	285	1868	1583
ENST00000628619.1	27	1298	1271
ENST00000628636.2	0	91695	91695
ENST00000628646.2	0	32413	32413
ENST00000628651.2	0	612	612
ENST00000628652.1	3	42941	42938
ENST00000628656.2	3	102427	102424
ENST00000628663.1	3	13048	13045
ENST00000628684.2	18160	34933	16773
ENST00000628689.2	15290	67366	52076
ENST00000628696.2	0	22517	22517
ENST00000628709.2	636	173407	172771
ENST00000628733.2	0	38051	38051
ENST00000628752.2	0	53095	53095
ENST00000628781.1	47	373036	372989
ENST00000628795.2	74274	80440	6166
ENST00000628813.2	0	2301	2301
ENST00000628825.2	99	48349	48250
ENST00000628829.2	485	19721	19236
ENST00000628832.1	3	19555	19552
ENST00000628863.2	2472	20480	18008
ENST00000628866.2	23	2425	2402
ENST00000628876.2	41	19297	19256
ENST00000628881.2	2341	4085	1744
ENST00000628890.1	0	33516	33516
ENST00000628899.1	441	198980	198539
ENST00000628912.1	3	20452	20449
ENST00000628915.2	18523	140858	122335
ENST00000628919.3	39429	43853	4424
ENST00000628926.1	282	117799	117517
ENST00000628930.2	38608	283092	244484
ENST00000628935.1	3	27417	27414
ENST00000628955.1	160	959	799
ENST00000628962.1	0	550	550
ENST00000628967.2	347	576022	575675
ENST00000628979.2	1666	4058	2392
ENST00000628990.2	1413	51117	49704
ENST00000628992.2	1659	6192	4533
ENST00000629018.4	0	504166	504166
ENST00000629020.2	27	126889	126862
ENST00000629035.2	294	41541	41247
ENST00000629036.2	3	2236	2233
ENST00000629039.2	59731	64155	4424
ENST00000629042.2	2276	17771	15495
ENST00000629059.1	0	6365	6365
ENST00000629069.1	0	11498	11498
ENST00000629104.1	0	941	941
ENST00000629113.2	1724	1920	196
ENST00000629124.2	230706	293281	62575
ENST00000629151.2	3	5981	5978
ENST00000629193.3	109	54740	54631
ENST00000629195.2	0	5702	5702
ENST00000629203.2	263	18763	18500
ENST00000629216.2	0	18707	18707
ENST00000629219.1	0	436	436
ENST00000629231.2	3	5281	5278
ENST00000629237.2	56	25703	25647
ENST00000629241.2	571	74421	73850
ENST00000629252.2	0	29988	29988
ENST00000629263.3	249132	249352	220
ENST00000629269.2	641	3251	2610
ENST00000629272.2	3	23369	23366
ENST00000629289.2	29	24075	24046
ENST00000629303.2	134	2595	2461
ENST00000629305.2	37893	163487	125594
ENST00000629312.2	29	24081	24052
ENST00000629316.2	138422	1137298	998876
ENST00000629318.1	8	2293	2285
ENST00000629319.3	144	51394	51250
ENST00000629335.2	16	145486	145470
ENST00000629343.2	0	94321	94321
ENST00000629346.2	914	1971	1057
ENST00000629350.2	181	27659	27478
ENST00000629359.2	2842	613385	610543
ENST00000629362.2	45	159822	159777
ENST00000629372.3	3407	25740	22333
ENST00000629380.3	195	35843	35648
ENST00000629385.1	194	207926	207732
ENST00000629387.2	1435	362318	360883
ENST00000629411.2	0	5962	5962
ENST00000629417.1	40531	41337	806
ENST00000629419.1	3	4468	4465
ENST00000629425.2	89226	119557	30331
ENST00000629426.2	3186	13913	10727
ENST00000629427.2	1878	75538	73660
ENST00000629438.2	85	20282	20197
ENST00000629457.2	4661	7198	2537
ENST00000629482.3	1196	6173	4977
ENST00000629496.3	905	16337	15432
ENST00000629498.2	4978	11540	6562
ENST00000629504.1	247	1118	871
ENST00000629520.2	2308	6133	3825
ENST00000629528.2	3	38294	38291
ENST00000629534.2	143	4827	4684
ENST00000629543.2	38328	40526	2198
ENST00000629555.2	4189	91268	87079
ENST00000629575.2	31331	77229	45898
ENST00000629586.2	0	120443	120443
ENST00000629590.2	95	213740	213645
ENST00000629597.2	257	1744	1487
ENST00000629610.2	131	24225	24094
ENST00000629612.2	1030	103597	102567
ENST00000629624.3	6042	6238	196
ENST00000629634.2	0	1764	1764
ENST00000629642.1	241	1504	1263
ENST00000629650.3	0	57789	57789
ENST00000629659.2	328	33886	33558
ENST00000629669.2	18819	80650	61831
ENST00000629676.2	372	74168	73796
ENST00000629688.1	0	22649	22649
ENST00000629706.2	0	216951	216951
ENST00000629725.2	1106	11511	10405
ENST00000629733.3	1369	18921	17552
ENST00000629753.2	791	19026	18235
ENST00000629765.3	17187	398901	381714
ENST00000629768.2	975	5075	4100
ENST00000629769.2	0	7632	7632
ENST00000629785.2	905	16337	15432
ENST00000629802.1	0	6116	6116
ENST00000629808.2	0	20076	20076
ENST00000629816.3	3472	64778	61306
ENST00000629843.3	1927	129841	127914
ENST00000629845.1	3	3727	3724
ENST00000629846.2	3432	13046	9614
ENST00000629878.2	312	54876	54564
ENST00000629881.2	19421	50777	31356
ENST00000629886.2	0	33744	33744
ENST00000629893.1	82	10854	10772
ENST00000629912.1	3	2358	2355
ENST00000629918.1	0	1305	1305
ENST00000629930.1	3	5338	5335
ENST00000629941.1	3	2098	2095
ENST00000629977.2	18	575995	575977
ENST00000629983.2	0	9101	9101
ENST00000629992.2	382	520028	519646
ENST00000629999.3	37	2727	2690
ENST00000630016.1	0	591	591
ENST00000630027.1	3	837	834
ENST00000630044.3	0	2220	2220
ENST00000630046.2	535	7555	7020
ENST00000630047.2	174	41350	41176
ENST00000630056.1	26608	29960	3352
ENST00000630058.1	3	3008	3005
ENST00000630077.3	2235	102683	100448
ENST00000630083.1	0	7731	7731
ENST00000630084.2	57855	62279	4424
ENST00000630103.1	3	13577	13574
ENST00000630114.2	1432	5599	4167
ENST00000630130.2	73	50620	50547
ENST00000630151.2	0	59873	59873
ENST00000630152.1	89	35325	35236
ENST00000630164.1	3	16613	16610
ENST00000630181.2	224	606835	606611
ENST00000630184.2	207	32732	32525
ENST00000630217.1	26	21473	21447
ENST00000630224.2	125992	175041	49049
ENST00000630236.2	67	8347	8280
ENST00000630255.2	905	16337	15432
ENST00000630259.1	96	35195	35099
ENST00000630263.2	21031	24190	3159
ENST00000630264.1	1783	2048	265
ENST00000630268.2	0	81544	81544
ENST00000630269.2	247	277260	277013
ENST00000630278.2	39429	40321	892
ENST00000630279.1	0	1323	1323
ENST00000630287.2	3622	33009	29387
ENST00000630288.1	3	2047	2044
ENST00000630307.2	49334	56240	6906
ENST00000630317.1	81	3517	3436
ENST00000630319.2	0	316039	316039
ENST00000630330.2	3	59807	59804
ENST00000630352.1	0	22732	22732
ENST00000630369.2	605	193582	192977
ENST00000630370.2	905	26440	25535
ENST00000630384.2	355	116640	116285
ENST00000630396.1	3	16861	16858
ENST00000630416.2	63139	139334	76195
ENST00000630422.2	1537	12397	10860
ENST00000630424.2	1893	70761	68868
ENST00000630479.1	186	28087	27901
ENST00000630487.2	270	700	430
ENST00000630492.2	39331	49152	9821
ENST00000630495.2	513844	544452	30608
ENST00000630497.1	1017	6687	5670
ENST00000630500.1	0	598	598
ENST00000630521.1	0	18383	18383
ENST00000630530.1	3	755	752
ENST00000630539.1	480	24925	24445
ENST00000630543.2	3	1110805	1110802
ENST00000630556.1	0	788	788
ENST00000630571.2	0	2027	2027
ENST00000630572.2	0	87484	87484
ENST00000630585.1	3	17616	17613
ENST00000630622.1	3	1277	1274
ENST00000630630.2	430	2711	2281
ENST00000630631.1	3	7200	7197
ENST00000630638.1	26	671	645
ENST00000630656.1	204	652	448
ENST00000630659.2	5	4133	4128
ENST00000630662.2	14568	27104	12536
ENST00000630668.2	6762	63655	56893
ENST00000630693.2	342	3285	2943
ENST00000630695.2	7018	8917	1899
ENST00000630701.1	0	2700	2700
ENST00000630712.2	0	75732	75732
ENST00000630715.2	129	24845	24716
ENST00000630720.3	0	88068	88068
ENST00000630721.3	224	61306	61082
ENST00000630730.1	0	600	600
ENST00000630739.2	0	17369	17369
ENST00000630754.2	97631	98453	822
ENST00000630771.2	1361	37919	36558
ENST00000630791.2	0	251998	251998
ENST00000630792.2	0	81104	81104
ENST00000630796.2	0	28684	28684
ENST00000630803.1	0	2435	2435
ENST00000630804.2	14154	88060	73906
ENST00000630827.1	1431	5598	4167
ENST00000630828.2	0	134534	134534
ENST00000630833.2	0	13675	13675
ENST00000630839.2	136	6505	6369
ENST00000630848.2	88	14934	14846
ENST00000630858.2	905	26440	25535
ENST00000630865.1	170	26561	26391
ENST00000630866.2	14151	88178	74027
ENST00000630868.1	53	1509	1456
ENST00000630869.1	72	11074	11002
ENST00000630907.2	0	37819	37819
ENST00000630913.2	63611	110275	46664
ENST00000630925.1	0	20934	20934
ENST00000630929.3	0	11558	11558
ENST00000630940.2	35161	46899	11738
ENST00000630942.2	32136	339265	307129
ENST00000630951.1	13846	116706	102860
ENST00000630952.2	19310	44218	24908
ENST00000630961.1	0	2039	2039
ENST00000630972.2	696	28031	27335
ENST00000630981.1	0	490	490
ENST00000630983.1	109	43908	43799
ENST00000630991.2	67	267223	267156
ENST00000630992.2	93047	186513	93466
ENST00000631006.3	1056	302072	301016
ENST00000631020.2	36	7429	7393
ENST00000631024.1	0	17836	17836
ENST00000631026.2	0	75312	75312
ENST00000631030.1	0	11691	11691
ENST00000631044.2	15958	18218	2260
ENST00000631046.2	1783	2048	265
ENST00000631047.1	0	9689	9689
ENST00000631057.2	3	450896	450893
ENST00000631073.2	8	59212	59204
ENST00000631086.2	192600	222356	29756
ENST00000631115.1	3	575	572
ENST00000631126.2	8700	21585	12885
ENST00000631139.2	108	30358	30250
ENST00000631148.2	59	21397	21338
ENST00000631161.2	103	11622	11519
ENST00000631166.1	3	10001	9998
ENST00000631182.3	56410	156396	99986
ENST00000631185.2	149	15966	15817
ENST00000631193.1	0	6426	6426
ENST00000631234.1	24289	46448	22159
ENST00000631252.2	94	6245	6151
ENST00000631253.2	3539	43460	39921
ENST00000631280.2	44748	53854	9106
ENST00000631291.2	446	24437	23991
ENST00000631312.2	25807	28136	2329
ENST00000631335.1	3	22263	22260
ENST00000631349.1	0	2587	2587
ENST00000631357.2	0	13454	13454
ENST00000631375.1	28	76758	76730
ENST00000631382.1	0	732	732
ENST00000631420.1	82	21643	21561
ENST00000631422.1	51200	51338	138
ENST00000631460.1	64	325237	325173
ENST00000631485.1	4426	8399	3973
ENST00000631494.1	0	190352	190352
ENST00000631555.1	3665	7500	3835
ENST00000631572.1	3	5552	5549
ENST00000631576.1	0	13651	13651
ENST00000631589.1	9970	220487	210517
ENST00000631605.1	79	5137	5058
ENST00000631619.1	9260	12810	3550
ENST00000631654.1	61	25407	25346
ENST00000631679.1	25	3774	3749
ENST00000631683.2	1495	61860	60365
ENST00000631816.1	11	325202	325191
ENST00000631834.2	3345	33862	30517
ENST00000631857.1	56209	101268	45059
ENST00000631899.2	0	135216	135216
ENST00000631920.1	255	12390	12135
ENST00000631941.2	22755	41767	19012
ENST00000631943.1	0	787	787
ENST00000632009.1	4832	20428	15596
ENST00000632034.1	4487	23496	19009
ENST00000632040.1	8104	9151	1047
ENST00000632041.1	0	100	100
ENST00000632065.1	124	312669	312545
ENST00000632099.1	0	802	802
ENST00000632202.1	37839	97632	59793
ENST00000632209.1	0	788	788
ENST00000632230.1	448	65092	64644
ENST00000632315.1	0	59780	59780
ENST00000632372.3	258	4540	4282
ENST00000632421.1	37738	63448	25710
ENST00000632434.1	2472	208018	205546
ENST00000632445.1	636	3656	3020
ENST00000632460.1	629	245090	244461
ENST00000632535.1	774	3893	3119
ENST00000632538.1	0	6120	6120
ENST00000632547.2	1766	10577	8811
ENST00000632555.1	4253	6310	2057
ENST00000632570.1	0	26578	26578
ENST00000632571.1	0	5579	5579
ENST00000632573.1	0	2535	2535
ENST00000632581.1	2865	145627	142762
ENST00000632593.1	1434	1938	504
ENST00000632600.2	249	6205	5956
ENST00000632629.1	0	40622	40622
ENST00000632634.1	0	64988	64988
ENST00000632676.1	0	795	795
ENST00000632684.1	0	22	22
ENST00000632685.1	2321	23661	21340
ENST00000632686.1	136	27736	27600
ENST00000632716.1	136	517208	517072
ENST00000632727.1	1127	1464	337
ENST00000632728.1	146729	311732	165003
ENST00000632743.1	0	11031	11031
ENST00000632758.1	5315	26876	21561
ENST00000632792.1	0	52025	52025
ENST00000632803.1	1454	1905	451
ENST00000632815.1	67546	85240	17694
ENST00000632856.2	65943	72129	6186
ENST00000632897.2	859	28079	27220
ENST00000632950.2	0	786	786
ENST00000632951.1	0	94	94
ENST00000632983.1	0	6627	6627
ENST00000632998.1	17	14843	14826
ENST00000633025.1	3	5004	5001
ENST00000633063.3	1900	31347	29447
ENST00000633077.2	218	312728	312510
ENST00000633080.1	0	145350	145350
ENST00000633087.1	64	114608	114544
ENST00000633113.1	3	83480	83477
ENST00000633125.1	0	7211	7211
ENST00000633136.2	46	98960	98914
ENST00000633167.1	234	22450	22216
ENST00000633192.1	436	31233	30797
ENST00000633200.1	53	244128	244075
ENST00000633214.2	60	3081	3021
ENST00000633222.1	9706	12698	2992
ENST00000633227.1	1244	1717	473
ENST00000633239.1	0	11792	11792
ENST00000633258.1	0	4654	4654
ENST00000633280.1	0	61189	61189
ENST00000633306.2	2384	11195	8811
ENST00000633348.1	47	9867	9820
ENST00000633367.1	15531	32248	16717
ENST00000633372.1	0	18313	18313
ENST00000633432.1	6992	35401	28409
ENST00000633438.1	327	25981	25654
ENST00000633445.2	111	96084	95973
ENST00000633485.1	95	98016	97921
ENST00000633494.1	7204	9497	2293
ENST00000633531.1	470	31141	30671
ENST00000633552.1	8745	15323	6578
ENST00000633553.1	0	94	94
ENST00000633556.3	192	214217	214025
ENST00000633646.1	122806	146383	23577
ENST00000633691.1	345	16600	16255
ENST00000633705.1	0	1970	1970
ENST00000633708.1	208	48745	48537
ENST00000633710.1	0	71004	71004
ENST00000633713.1	0	104	104
ENST00000633730.1	38	28651	28613
ENST00000633780.1	0	98	98
ENST00000633781.1	8104	9151	1047
ENST00000633794.1	64005	112942	48937
ENST00000633835.2	334	12717	12383
ENST00000633844.1	1269	4314	3045
ENST00000633875.4	39	8555	8516
ENST00000633923.1	81	8846	8765
ENST00000633930.2	243	236393	236150
ENST00000633942.1	2270	20189	17919
ENST00000633953.1	0	4819	4819
ENST00000633956.1	0	12057	12057
ENST00000633965.1	0	8812	8812
ENST00000633969.1	16	4315	4299
ENST00000633979.1	0	1543	1543
ENST00000634000.1	0	98	98
ENST00000634017.1	1316	66356	65040
ENST00000634028.2	0	120881	120881
ENST00000634080.1	0	52526	52526
ENST00000634086.1	6988	35563	28575
ENST00000634126.1	0	795	795
ENST00000634178.1	183	23452	23269
ENST00000634223.1	19963	59852	39889
ENST00000634225.1	488	15518	15030
ENST00000634233.1	0	13246	13246
ENST00000634242.1	0	132382	132382
ENST00000634258.3	70	70802	70732
ENST00000634264.1	3	239101	239098
ENST00000634267.2	0	53758	53758
ENST00000634274.1	0	7434	7434
ENST00000634286.1	3589	7232	3643
ENST00000634287.1	17785	24538	6753
ENST00000634296.2	23898	78715	54817
ENST00000634301.1	0	9966	9966
ENST00000634302.1	100	33696	33596
ENST00000634308.1	11757	79315	67558
ENST00000634311.1	5	417082	417077
ENST00000634318.1	86567	167616	81049
ENST00000634335.1	214	41302	41088
ENST00000634336.1	2151	2995	844
ENST00000634338.1	1324	33525	32201
ENST00000634343.1	97	27241	27144
ENST00000634347.1	42	24350	24308
ENST00000634349.1	3	22145	22142
ENST00000634353.1	1803	5905	4102
ENST00000634363.1	32	11583	11551
ENST00000634364.1	24456	477231	452775
ENST00000634371.1	129	588	459
ENST00000634374.1	169	51705	51536
ENST00000634375.1	0	18280	18280
ENST00000634379.2	366	31700	31334
ENST00000634383.1	80	854	774
ENST00000634384.2	0	13042	13042
ENST00000634386.1	0	48658	48658
ENST00000634399.1	11486	69040	57554
ENST00000634401.1	0	10082	10082
ENST00000634408.1	83	19971	19888
ENST00000634411.1	263471	528960	265489
ENST00000634418.1	0	568652	568652
ENST00000634432.1	0	1756	1756
ENST00000634433.2	1386	85247	83861
ENST00000634435.1	1235	33440	32205
ENST00000634436.1	0	165793	165793
ENST00000634447.1	177	44331	44154
ENST00000634457.1	0	68787	68787
ENST00000634461.1	194	5805	5611
ENST00000634473.1	2153	3574	1421
ENST00000634486.1	332	41118	40786
ENST00000634487.1	180	214475	214295
ENST00000634499.2	72721	1695971	1623250
ENST00000634504.1	327	70879	70552
ENST00000634508.1	0	3990	3990
ENST00000634509.1	0	39647	39647
ENST00000634522.1	817	2628	1811
ENST00000634527.1	0	2242	2242
ENST00000634537.1	0	23596	23596
ENST00000634540.1	209841	215129	5288
ENST00000634542.1	870	1889	1019
ENST00000634544.1	370	20306	19936
ENST00000634559.1	166	4314	4148
ENST00000634560.1	4136	4752	616
ENST00000634564.1	0	6466	6466
ENST00000634582.1	184	14933	14749
ENST00000634586.1	120	102689	102569
ENST00000634589.1	4273	6368	2095
ENST00000634597.1	36	9952	9916
ENST00000634600.1	31675	79130	47455
ENST00000634602.1	0	3383	3383
ENST00000634605.1	47	884	837
ENST00000634606.1	49463	364160	314697
ENST00000634607.2	452	198441	197989
ENST00000634613.1	3	31420	31417
ENST00000634623.1	138481	377232	238751
ENST00000634626.1	23396	23584	188
ENST00000634627.1	3023	242638	239615
ENST00000634633.1	0	800	800
ENST00000634639.1	241	10701	10460
ENST00000634640.1	0	3938	3938
ENST00000634648.1	804	2434	1630
ENST00000634650.1	29	649023	648994
ENST00000634652.1	0	19736	19736
ENST00000634654.1	800	130730	129930
ENST00000634658.1	3448	55275	51827
ENST00000634661.1	3	69181	69178
ENST00000634662.1	0	68760	68760
ENST00000634665.1	1043	6577	5534
ENST00000634670.1	3	6964	6961
ENST00000634671.1	0	616	616
ENST00000634679.1	63258	65272	2014
ENST00000634680.1	819	2587	1768
ENST00000634686.1	25324	66112	40788
ENST00000634688.1	1100	25973	24873
ENST00000634690.1	0	15830	15830
ENST00000634702.1	55	196685	196630
ENST00000634706.1	3220	28215	24995
ENST00000634716.1	2094	6887	4793
ENST00000634718.1	34	260	226
ENST00000634721.1	3020	53635	50615
ENST00000634722.1	127	24949	24822
ENST00000634723.1	23401	24633	1232
ENST00000634730.1	0	28394	28394
ENST00000634733.1	956	1770	814
ENST00000634734.3	2751	13231	10480
ENST00000634736.1	0	3466	3466
ENST00000634737.1	1439	20902	19463
ENST00000634739.1	2794	13269	10475
ENST00000634750.1	0	192805	192805
ENST00000634758.1	64451	64937	486
ENST00000634759.1	140	4272	4132
ENST00000634760.1	11535	168938	157403
ENST00000634762.1	3020	24600	21580
ENST00000634772.1	0	76567	76567
ENST00000634781.1	311	33245	32934
ENST00000634791.1	0	9168	9168
ENST00000634795.1	60	46408	46348
ENST00000634801.1	0	7006	7006
ENST00000634802.1	2203	3246	1043
ENST00000634804.2	831	1891	1060
ENST00000634811.1	797	130727	129930
ENST00000634838.1	359	4676	4317
ENST00000634840.1	118	96049	95931
ENST00000634842.2	63	4952	4889
ENST00000634844.1	73	80881	80808
ENST00000634847.3	192525	192633	108
ENST00000634849.1	0	24665	24665
ENST00000634871.1	1000	59528	58528
ENST00000634878.2	7904	39915	32011
ENST00000634879.2	3	374805	374802
ENST00000634891.2	79	568762	568683
ENST00000634898.1	0	1941	1941
ENST00000634901.1	111	27446	27335
ENST00000634903.1	300	41268	40968
ENST00000634909.1	96	23920	23824
ENST00000634910.1	11737	12491	754
ENST00000634914.1	0	37287	37287
ENST00000634926.1	0	11776	11776
ENST00000634927.1	58	1871	1813
ENST00000634929.1	0	22584	22584
ENST00000634931.1	3410	35188	31778
ENST00000634938.2	3758	63833	60075
ENST00000634944.1	364	4723	4359
ENST00000634956.1	7582	8198	616
ENST00000634963.1	0	1911	1911
ENST00000634965.2	8164	15230	7066
ENST00000634967.1	819	2658	1839
ENST00000634973.1	3023	242638	239615
ENST00000634977.1	0	206	206
ENST00000634989.1	1361	3686	2325
ENST00000634990.1	806	25590	24784
ENST00000634992.1	142	4256	4114
ENST00000634996.1	0	2278	2278
ENST00000635003.1	363	4523	4160
ENST00000635015.1	470	6302	5832
ENST00000635017.1	7502	46077	38575
ENST00000635023.1	20348	93189	72841
ENST00000635031.2	138	850	712
ENST00000635033.1	459	13620	13161
ENST00000635041.1	597	21568	20971
ENST00000635042.1	43	749	706
ENST00000635047.1	31672	79187	47515
ENST00000635051.1	893	158196	157303
ENST00000635052.1	1626	2767	1141
ENST00000635056.2	32558	156036	123478
ENST00000635076.1	61	88455	88394
ENST00000635082.1	3359	13038	9679
ENST00000635088.1	1622	16914	15292
ENST00000635096.1	3156	6636	3480
ENST00000635099.1	3359	13271	9912
ENST00000635100.2	0	632070	632070
ENST00000635101.1	15725	74704	58979
ENST00000635108.1	65	2641	2576
ENST00000635109.1	138493	250567	112074
ENST00000635110.1	29383	45554	16171
ENST00000635120.2	3227	2069677	2066450
ENST00000635123.1	3	239096	239093
ENST00000635133.1	1578	28534	26956
ENST00000635137.1	315	228158	227843
ENST00000635142.1	4034	133877	129843
ENST00000635156.1	11480	453887	442407
ENST00000635162.1	3037	3815	778
ENST00000635163.1	0	12121	12121
ENST00000635175.1	0	31727	31727
ENST00000635178.1	5960	26574	20614
ENST00000635183.1	1756	6588	4832
ENST00000635185.1	0	21081	21081
ENST00000635189.1	499	10232	9733
ENST00000635193.1	101230	155777	54547
ENST00000635194.1	0	2870	2870
ENST00000635197.1	0	3292	3292
ENST00000635200.1	391	2994	2603
ENST00000635205.1	0	3725	3725
ENST00000635206.3	4878	110942	106064
ENST00000635226.1	0	340	340
ENST00000635230.1	356	9340	8984
ENST00000635231.1	0	3022	3022
ENST00000635238.1	0	6910	6910
ENST00000635239.1	652	200675	200023
ENST00000635248.1	59577	84148	24571
ENST00000635252.1	50014	84136	34122
ENST00000635253.2	691	239908	239217
ENST00000635259.1	0	1524	1524
ENST00000635270.1	0	87025	87025
ENST00000635285.1	1550	9631	8081
ENST00000635289.1	0	8646	8646
ENST00000635292.1	0	3141	3141
ENST00000635293.1	1763	12057	10294
ENST00000635297.1	147017	350667	203650
ENST00000635305.1	849	37420	36571
ENST00000635311.1	39434	68976	29542
ENST00000635322.1	237	7574	7337
ENST00000635324.1	9056	93300	84244
ENST00000635325.1	65	40869	40804
ENST00000635336.1	0	13182	13182
ENST00000635344.1	1147	2854	1707
ENST00000635370.1	78	61785	61707
ENST00000635374.1	0	4227	4227
ENST00000635377.1	0	41802	41802
ENST00000635383.1	0	148710	148710
ENST00000635386.1	0	4835	4835
ENST00000635388.1	3237	33464	30227
ENST00000635392.1	0	690	690
ENST00000635407.1	8	8324	8316
ENST00000635414.1	1106	10757	9651
ENST00000635415.1	0	50453	50453
ENST00000635443.1	0	5506	5506
ENST00000635452.2	816	1864	1048
ENST00000635460.1	183	8969	8786
ENST00000635463.1	30	3142	3112
ENST00000635464.1	0	15272	15272
ENST00000635465.1	1018	113084	112066
ENST00000635466.2	0	1220806	1220806
ENST00000635477.1	0	14031	14031
ENST00000635494.1	544	1685	1141
ENST00000635499.1	0	25400	25400
ENST00000635504.1	27	172375	172348
ENST00000635511.1	114488	130155	15667
ENST00000635514.1	0	84319	84319
ENST00000635519.1	7248	55114	47866
ENST00000635524.1	2	179137	179135
ENST00000635529.1	37449	86645	49196
ENST00000635530.1	1342	33506	32164
ENST00000635534.1	10226	275756	265530
ENST00000635540.2	15585	169680	154095
ENST00000635541.1	0	3344	3344
ENST00000635543.1	0	912	912
ENST00000635546.1	53791	63141	9350
ENST00000635550.1	2433	16349	13916
ENST00000635562.1	2393	54983	52590
ENST00000635563.1	0	23079	23079
ENST00000635578.1	0	11749	11749
ENST00000635589.1	418	8317	7899
ENST00000635590.1	1364	3689	2325
ENST00000635597.1	0	16551	16551
ENST00000635598.1	6577	12825	6248
ENST00000635605.1	114463	130018	15555
ENST00000635608.1	2918	27752	24834
ENST00000635614.2	0	44490	44490
ENST00000635618.1	0	120044	120044
ENST00000635620.2	39	100348	100309
ENST00000635622.1	0	1737	1737
ENST00000635625.1	0	87425	87425
ENST00000635628.1	6801	8630	1829
ENST00000635633.1	18849	48044	29195
ENST00000635638.1	338765	604307	265542
ENST00000635641.1	1550	4156	2606
ENST00000635647.1	423	15498	15075
ENST00000635652.1	0	11802	11802
ENST00000635659.1	0	2124	2124
ENST00000635664.1	121	150679	150558
ENST00000635666.1	0	3497	3497
ENST00000635671.1	51465	55963	4498
ENST00000635674.2	140	3561	3421
ENST00000635682.1	0	4496	4496
ENST00000635688.1	412	3524	3112
ENST00000635699.1	182	2731	2549
ENST00000635704.1	49177	129982	80805
ENST00000635721.1	0	4722	4722
ENST00000635722.1	83	127231	127148
ENST00000635727.1	15	306397	306382
ENST00000635729.1	163	118914	118751
ENST00000635734.1	10328	16747	6419
ENST00000635736.2	524	194934	194410
ENST00000635738.1	27977	141426	113449
ENST00000635746.1	39780	58183	18403
ENST00000635747.1	10527	48936	38409
ENST00000635750.1	2088	90429	88341
ENST00000635751.1	7278	17643	10365
ENST00000635755.1	1284	18449	17165
ENST00000635756.1	991	6393	5402
ENST00000635758.2	2067	132211	130144
ENST00000635759.1	0	80976	80976
ENST00000635760.1	76205	131787	55582
ENST00000635763.2	25669	26333	664
ENST00000635765.1	3592	180439	176847
ENST00000635767.2	4704	186169	181465
ENST00000635769.1	0	22209	22209
ENST00000635773.1	0	87369	87369
ENST00000635774.1	129	18290	18161
ENST00000635776.1	4951	89290	84339
ENST00000635779.2	30	19631	19601
ENST00000635785.1	0	6476	6476
ENST00000635789.2	23	1053	1030
ENST00000635790.1	0	86854	86854
ENST00000635792.1	12425	25116	12691
ENST00000635794.1	0	13833	13833
ENST00000635795.1	7911	117708	109797
ENST00000635797.1	530	6643	6113
ENST00000635806.1	0	2939	2939
ENST00000635808.1	510	6681	6171
ENST00000635810.1	3284	6752	3468
ENST00000635811.1	64	38049	37985
ENST00000635812.1	92	34472	34380
ENST00000635816.2	119423	168705	49282
ENST00000635820.1	0	352	352
ENST00000635822.2	5893	366656	360763
ENST00000635823.2	306	211905	211599
ENST00000635827.1	2008	36863	34855
ENST00000635828.1	80899	203348	122449
ENST00000635831.1	11556	11604	48
ENST00000635833.1	0	128421	128421
ENST00000635838.1	0	79811	79811
ENST00000635842.1	0	1131	1131
ENST00000635846.1	21	129865	129844
ENST00000635849.1	88194	190025	101831
ENST00000635851.1	502	56394	55892
ENST00000635855.1	7167	94713	87546
ENST00000635857.1	483	142610	142127
ENST00000635860.2	83342	632658	549316
ENST00000635861.1	9122	12060	2938
ENST00000635862.1	124	18707	18583
ENST00000635865.1	2382	4947	2565
ENST00000635866.1	157	10008	9851
ENST00000635868.1	19064	20090	1026
ENST00000635877.1	571	235748	235177
ENST00000635878.1	1247	184026	182779
ENST00000635880.1	214	48181	47967
ENST00000635883.1	0	2178	2178
ENST00000635884.1	1095	139211	138116
ENST00000635886.1	49	38807	38758
ENST00000635887.1	21148	36687	15539
ENST00000635888.1	124	760	636
ENST00000635890.1	3229	24985	21756
ENST00000635895.1	2310	306515	304205
ENST00000635898.1	0	19152	19152
ENST00000635901.2	81	43547	43466
ENST00000635904.1	30658	133196	102538
ENST00000635906.1	360	98682	98322
ENST00000635909.1	0	1783	1783
ENST00000635913.2	71	121748	121677
ENST00000635914.1	6356	74164	67808
ENST00000635915.1	0	4149	4149
ENST00000635918.2	5498	6420	922
ENST00000635921.2	133	1395	1262
ENST00000635928.1	0	2852	2852
ENST00000635929.1	0	197526	197526
ENST00000635930.1	18866	36281	17415
ENST00000635932.1	2202	2950	748
ENST00000635934.1	267	67732	67465
ENST00000635937.1	70	9581	9511
ENST00000635941.1	0	1884	1884
ENST00000635942.2	275	255001	254726
ENST00000635944.1	14520	27445	12925
ENST00000635946.1	70	9581	9511
ENST00000635950.2	182	84494	84312
ENST00000635951.1	70	9581	9511
ENST00000635952.1	59	12903	12844
ENST00000635953.1	183	36771	36588
ENST00000635956.2	262	6332	6070
ENST00000635957.1	0	62995	62995
ENST00000635960.1	0	603	603
ENST00000635963.1	56	17590	17534
ENST00000635964.2	474	2217	1743
ENST00000635967.1	49	88151	88102
ENST00000635970.1	7240	17605	10365
ENST00000635971.2	30	53838	53808
ENST00000635973.1	0	10451	10451
ENST00000635976.2	92	426	334
ENST00000635978.1	177907	236830	58923
ENST00000635984.1	76220	122180	45960
ENST00000635986.2	3066	20382	17316
ENST00000635992.1	63891	172362	108471
ENST00000635994.1	9650	78397	68747
ENST00000635996.1	47	71917	71870
ENST00000635997.1	201	144561	144360
ENST00000635998.1	702	28394	27692
ENST00000636005.1	0	6930	6930
ENST00000636006.1	248383	265972	17589
ENST00000636007.1	50	159557	159507
ENST00000636009.1	14924	27609	12685
ENST00000636011.1	147	960	813
ENST00000636012.1	15	306362	306347
ENST00000636016.2	19038	79358	60320
ENST00000636017.1	19968	25476	5508
ENST00000636018.1	7935	8596	661
ENST00000636023.1	2197	6295	4098
ENST00000636024.1	39071	39491	420
ENST00000636026.2	1037	132605	131568
ENST00000636027.1	50678	150379	99701
ENST00000636033.1	14475	27418	12943
ENST00000636034.1	249	10447	10198
ENST00000636035.2	7911	117711	109800
ENST00000636039.1	4422	239680	235258
ENST00000636043.1	100	22965	22865
ENST00000636044.1	0	127449	127449
ENST00000636048.1	3028	91130	88102
ENST00000636049.1	0	98	98
ENST00000636050.1	14889	28616	13727
ENST00000636051.1	3526	33789	30263
ENST00000636056.2	119406	168688	49282
ENST00000636057.1	683	221517	220834
ENST00000636058.1	4814	21353	16539
ENST00000636063.1	0	163872	163872
ENST00000636066.1	2369	111462	109093
ENST00000636070.1	5197	5739	542
ENST00000636071.2	56390	156376	99986
ENST00000636077.2	4304	58451	54147
ENST00000636079.2	3316	7660	4344
ENST00000636085.1	3183	9855	6672
ENST00000636087.1	25179	25507	328
ENST00000636089.1	72	9583	9511
ENST00000636090.1	3638	25272	21634
ENST00000636092.1	11023	72016	60993
ENST00000636096.3	258	5247	4989
ENST00000636097.1	5849	17721	11872
ENST00000636099.1	9171	253806	244635
ENST00000636100.1	4986	9078	4092
ENST00000636102.1	84805	86820	2015
ENST00000636106.1	1826	135809	133983
ENST00000636107.1	69	64283	64214
ENST00000636108.1	256	133677	133421
ENST00000636113.1	1400	30142	28742
ENST00000636120.1	4380	462213	457833
ENST00000636125.2	237	18071	17834
ENST00000636127.1	37598	96171	58573
ENST00000636128.1	728	28103	27375
ENST00000636129.1	1293	230696	229403
ENST00000636130.1	6258	139907	133649
ENST00000636131.1	876	2668	1792
ENST00000636133.1	77	263329	263252
ENST00000636135.1	56279	85280	29001
ENST00000636136.2	2910	54288	51378
ENST00000636137.1	8028	13446	5418
ENST00000636145.1	29	4594	4565
ENST00000636147.2	240	15779	15539
ENST00000636150.1	0	56010	56010
ENST00000636151.1	10150	83374	73224
ENST00000636154.2	227	2470	2243
ENST00000636155.1	117	48319	48202
ENST00000636159.2	256761	457627	200866
ENST00000636160.1	14934	27704	12770
ENST00000636166.1	749	13880	13131
ENST00000636168.2	310	7329	7019
ENST00000636171.1	1071	28706	27635
ENST00000636172.1	9122	14630	5508
ENST00000636174.2	1152	31990	30838
ENST00000636175.1	0	87146	87146
ENST00000636176.2	142	3137	2995
ENST00000636178.1	0	359146	359146
ENST00000636180.1	10858	16136	5278
ENST00000636182.1	0	69535	69535
ENST00000636183.2	1439	11376	9937
ENST00000636188.1	368	2636	2268
ENST00000636194.1	50348	86934	36586
ENST00000636196.1	96	25808	25712
ENST00000636197.1	0	4	4
ENST00000636199.1	765	6438	5673
ENST00000636200.2	30	54037	54007
ENST00000636201.1	0	5176	5176
ENST00000636203.1	874	1224412	1223538
ENST00000636212.1	3566	21755	18189
ENST00000636213.3	1480	143712	142232
ENST00000636214.1	1434	3746	2312
ENST00000636215.2	65	85769	85704
ENST00000636216.1	3	5318	5315
ENST00000636217.1	1534	23754	22220
ENST00000636218.1	222	234654	234432
ENST00000636219.1	0	56786	56786
ENST00000636221.1	11033	11059	26
ENST00000636222.1	44967	151412	106445
ENST00000636225.1	47064	49082	2018
ENST00000636228.1	36	12862	12826
ENST00000636229.1	132	12979	12847
ENST00000636231.2	121	23902	23781
ENST00000636232.1	177	607	430
ENST00000636237.1	159	5180	5021
ENST00000636238.1	29042	35717	6675
ENST00000636239.1	144	13464	13320
ENST00000636241.1	969	9459	8490
ENST00000636244.1	3	123055	123052
ENST00000636246.1	680	1386	706
ENST00000636251.1	10324	25594	15270
ENST00000636257.1	13995	14067	72
ENST00000636260.2	400	43530	43130
ENST00000636263.1	0	5448	5448
ENST00000636264.1	0	6106	6106
ENST00000636265.1	30	19031	19001
ENST00000636267.1	100	894	794
ENST00000636269.1	175	4745	4570
ENST00000636271.1	0	137325	137325
ENST00000636276.1	2542	86567	84025
ENST00000636279.1	0	14234	14234
ENST00000636280.1	65	19746	19681
ENST00000636287.1	68	25697	25629
ENST00000636289.1	56468	60820	4352
ENST00000636293.1	59	4242	4183
ENST00000636294.1	960	103550	102590
ENST00000636296.2	2005	3155	1150
ENST00000636299.1	7533	22639	15106
ENST00000636302.2	1349	1995	646
ENST00000636305.1	154	178271	178117
ENST00000636307.1	6326	45858	39532
ENST00000636312.2	0	17761	17761
ENST00000636314.1	17	20217	20200
ENST00000636319.1	337	517621	517284
ENST00000636330.1	168	35481	35313
ENST00000636331.2	154	7634	7480
ENST00000636333.1	0	8627	8627
ENST00000636335.1	31725	270002	238277
ENST00000636337.1	13772	13838	66
ENST00000636340.1	2477	6104	3627
ENST00000636343.1	0	79121	79121
ENST00000636345.1	3051	55530	52479
ENST00000636347.1	11818	72811	60993
ENST00000636350.1	6213	142148	135935
ENST00000636358.2	530	6747	6217
ENST00000636362.1	2611	4007	1396
ENST00000636363.1	40	32981	32941
ENST00000636366.1	0	428630	428630
ENST00000636367.1	1347	3672	2325
ENST00000636372.1	1057	44346	43289
ENST00000636379.1	32	73581	73549
ENST00000636380.1	284	133757	133473
ENST00000636381.2	0	80406	80406
ENST00000636384.2	56452	90006	33554
ENST00000636389.1	1183	306343	305160
ENST00000636390.1	7338	23250	15912
ENST00000636392.1	4	88106	88102
ENST00000636394.1	0	10972	10972
ENST00000636395.1	190	39417	39227
ENST00000636397.1	2219	21236	19017
ENST00000636398.1	0	16108	16108
ENST00000636400.2	5894	364942	359048
ENST00000636402.1	0	5302	5302
ENST00000636404.1	1809	4040	2231
ENST00000636406.1	0	116	116
ENST00000636409.1	172	25804	25632
ENST00000636413.1	5373	44080	38707
ENST00000636414.1	55	314200	314145
ENST00000636419.1	0	1054	1054
ENST00000636420.1	0	205503	205503
ENST00000636427.3	3071	20921	17850
ENST00000636430.1	8195	35532	27337
ENST00000636431.2	2657	3689	1032
ENST00000636432.1	638	235545	234907
ENST00000636434.1	658	1076	418
ENST00000636437.1	1401	271132	269731
ENST00000636438.1	114	112504	112390
ENST00000636439.1	0	2039	2039
ENST00000636440.1	0	133476	133476
ENST00000636442.1	2688	263585	260897
ENST00000636445.1	5130	6067	937
ENST00000636446.2	1942	45231	43289
ENST00000636448.1	0	48974	48974
ENST00000636455.1	575	28763	28188
ENST00000636456.1	61234	93404	32170
ENST00000636457.1	23	3592	3569
ENST00000636461.1	7633	12667	5034
ENST00000636465.1	0	108038	108038
ENST00000636466.1	2998	77879	74881
ENST00000636471.1	5373	136977	131604
ENST00000636473.1	710	46600	45890
ENST00000636475.1	0	228659	228659
ENST00000636476.2	0	190811	190811
ENST00000636477.1	188	6028	5840
ENST00000636483.1	13409	13539	130
ENST00000636488.1	141	531972	531831
ENST00000636489.1	3702	74083	70381
ENST00000636490.1	10	9521	9511
ENST00000636491.1	9736	308080	298344
ENST00000636492.1	0	6178	6178
ENST00000636493.2	831	12318	11487
ENST00000636494.1	13154	27457	14303
ENST00000636496.1	0	88413	88413
ENST00000636500.1	136	1578	1442
ENST00000636502.1	2438	17567	15129
ENST00000636503.1	23020	36121	13101
ENST00000636507.1	24563	135890	111327
ENST00000636508.2	58	800	742
ENST00000636509.2	39803	62621	22818
ENST00000636513.1	455	3356	2901
ENST00000636518.1	0	22265	22265
ENST00000636522.1	556	6496	5940
ENST00000636523.1	279	130624	130345
ENST00000636524.2	17294	17332	38
ENST00000636525.2	3	25851	25848
ENST00000636532.1	100	882	782
ENST00000636534.2	1427	2618	1191
ENST00000636536.1	53	513	460
ENST00000636537.1	313	18605	18292
ENST00000636541.1	0	62938	62938
ENST00000636549.1	710	304920	304210
ENST00000636554.1	34067	39978	5911
ENST00000636556.1	592	1480	888
ENST00000636559.1	13676	25434	11758
ENST00000636564.1	874	412175	411301
ENST00000636566.1	17335	17793	458
ENST00000636568.1	0	24645	24645
ENST00000636569.1	1198	154636	153438
ENST00000636570.1	0	322627	322627
ENST00000636571.1	507	12066	11559
ENST00000636573.1	2186	50153	47967
ENST00000636574.1	96	17015	16919
ENST00000636577.1	966	28598	27632
ENST00000636578.2	3094	13571	10477
ENST00000636579.1	131	18939	18808
ENST00000636580.2	96	25823	25727
ENST00000636584.2	25163	51161	25998
ENST00000636597.1	742	6369	5627
ENST00000636598.1	6154	139988	133834
ENST00000636601.1	28392	74553	46161
ENST00000636603.1	64598	203335	138737
ENST00000636606.1	5846	29748	23902
ENST00000636607.1	0	90953	90953
ENST00000636614.1	0	3487	3487
ENST00000636615.1	462	30699	30237
ENST00000636617.1	4302	140105	135803
ENST00000636619.1	858	3292	2434
ENST00000636627.2	556	291914	291358
ENST00000636628.1	21	233	212
ENST00000636631.1	0	5988	5988
ENST00000636632.1	88	11089	11001
ENST00000636639.1	126	18654	18528
ENST00000636644.1	14	6472	6458
ENST00000636645.1	0	44	44
ENST00000636646.1	79	9590	9511
ENST00000636657.1	4094	5032	938
ENST00000636658.1	915	3570	2655
ENST00000636660.1	0	8448	8448
ENST00000636661.1	10784	16062	5278
ENST00000636662.2	1787	2337	550
ENST00000636664.1	16450	135574	119124
ENST00000636666.1	0	56358	56358
ENST00000636667.1	5412	6542	1130
ENST00000636669.1	1256	10672	9416
ENST00000636672.2	93	13461	13368
ENST00000636675.1	533	1731	1198
ENST00000636680.2	109	1429356	1429247
ENST00000636681.1	2760	3201	441
ENST00000636686.1	83	677	594
ENST00000636691.1	1078	15839	14761
ENST00000636692.2	74	43537	43463
ENST00000636694.1	9697	68138	58441
ENST00000636696.4	46	7487	7441
ENST00000636697.1	23263	26215	2952
ENST00000636699.1	251	123781	123530
ENST00000636701.1	10786	27753	16967
ENST00000636702.1	3451	73872	70421
ENST00000636705.1	0	9299	9299
ENST00000636706.1	1577	58799	57222
ENST00000636707.1	11095	41422	30327
ENST00000636712.1	79	6114	6035
ENST00000636714.1	45	42139	42094
ENST00000636715.1	3301	18395	15094
ENST00000636717.1	0	300028	300028
ENST00000636718.1	36	11294	11258
ENST00000636721.1	307	133543	133236
ENST00000636722.1	33	697	664
ENST00000636723.1	0	27901	27901
ENST00000636728.1	10847	20639	9792
ENST00000636732.2	36609	129403	92794
ENST00000636734.1	116	55538	55422
ENST00000636735.1	526	213451	212925
ENST00000636743.1	814	52525	51711
ENST00000636748.1	0	156760	156760
ENST00000636751.2	179434	363318	183884
ENST00000636752.2	61200	61756	556
ENST00000636754.1	209	639	430
ENST00000636757.1	84	4030	3946
ENST00000636759.1	22921	36278	13357
ENST00000636762.1	33322	261681	228359
ENST00000636766.1	10725	26264	15539
ENST00000636767.2	1	25384	25383
ENST00000636768.1	15707	22962	7255
ENST00000636769.1	1735	36532	34797
ENST00000636771.1	0	55302	55302
ENST00000636772.1	694	3660	2966
ENST00000636773.1	2446	136095	133649
ENST00000636774.1	10383	18509	8126
ENST00000636776.1	388	836	448
ENST00000636780.2	55	6611	6556
ENST00000636785.1	2640	263246	260606
ENST00000636786.1	0	674	674
ENST00000636787.1	123	20627	20504
ENST00000636788.1	19764	22716	2952
ENST00000636789.1	4410	38959	34549
ENST00000636793.2	245	392473	392228
ENST00000636797.3	598	4915	4317
ENST00000636804.2	103	37241	37138
ENST00000636805.2	227	109340	109113
ENST00000636808.1	49256	51274	2018
ENST00000636812.1	0	1561	1561
ENST00000636815.1	622	28200	27578
ENST00000636817.1	109	117003	116894
ENST00000636822.2	5893	130257	124364
ENST00000636823.1	0	9336	9336
ENST00000636826.1	70	9581	9511
ENST00000636835.1	1152	304944	303792
ENST00000636836.1	59	4033	3974
ENST00000636840.1	0	1682	1682
ENST00000636843.1	193	11767	11574
ENST00000636845.1	0	18692	18692
ENST00000636847.1	3	228848	228845
ENST00000636849.1	32596	237167	204571
ENST00000636850.1	0	81518	81518
ENST00000636852.1	640	2204	1564
ENST00000636854.3	3000	12346	9346
ENST00000636859.1	35	6562	6527
ENST00000636863.1	730	235015	234285
ENST00000636865.1	714	6433	5719
ENST00000636866.1	11067	26272	15205
ENST00000636867.1	152	18700	18548
ENST00000636872.1	50171	51489	1318
ENST00000636876.1	29894	38501	8607
ENST00000636879.1	818	52691	51873
ENST00000636880.1	630	2658	2028
ENST00000636881.1	0	54605	54605
ENST00000636882.1	864	62816	61952
ENST00000636886.1	878	52509	51631
ENST00000636887.1	1913	43935	42022
ENST00000636888.1	245	13546	13301
ENST00000636891.1	144	18351	18207
ENST00000636901.1	6310	142066	135756
ENST00000636902.1	0	393	393
ENST00000636903.1	13052	26293	13241
ENST00000636916.1	0	2922	2922
ENST00000636920.1	14520	27421	12901
ENST00000636922.1	0	29921	29921
ENST00000636925.1	40	2258	2218
ENST00000636926.1	3491	116261	112770
ENST00000636930.2	303	437606	437303
ENST00000636932.1	61798	213937	152139
ENST00000636933.2	570	47222	46652
ENST00000636934.1	7255	37624	30369
ENST00000636935.1	131	17444	17313
ENST00000636937.2	434	21129	20695
ENST00000636938.1	493	301224	300731
ENST00000636941.1	443	10544	10101
ENST00000636942.1	75	9586	9511
ENST00000636945.2	0	23219	23219
ENST00000636946.1	164	1137	973
ENST00000636947.1	4420	108840	104420
ENST00000636952.2	79	28284	28205
ENST00000636954.1	2802	73183	70381
ENST00000636962.2	182	84494	84312
ENST00000636965.1	70	123900	123830
ENST00000636968.1	0	60	60
ENST00000636970.1	10334	25512	15178
ENST00000636985.2	68413	155971	87558
ENST00000636986.2	195	3038	2843
ENST00000636987.1	0	1182	1182
ENST00000636992.1	29	310500	310471
ENST00000636994.1	0	90	90
ENST00000636996.1	0	22771	22771
ENST00000636997.1	634	28240	27606
ENST00000636998.1	4333	106827	102494
ENST00000637001.1	116	276814	276698
ENST00000637002.1	29214	62401	33187
ENST00000637003.1	80174	110623	30449
ENST00000637007.1	3052	42126	39074
ENST00000637012.2	4903	13835	8932
ENST00000637013.1	27798	28240	442
ENST00000637015.2	0	437431	437431
ENST00000637017.1	67639	136385	68746
ENST00000637025.1	68	11111	11043
ENST00000637026.1	0	110	110
ENST00000637032.2	0	629	629
ENST00000637033.1	1095	139832	138737
ENST00000637036.1	19	9892	9873
ENST00000637037.1	174	25751	25577
ENST00000637038.1	12757	47390	34633
ENST00000637040.1	3028	79259	76231
ENST00000637044.1	2544	25095	22551
ENST00000637045.1	5373	44080	38707
ENST00000637049.1	0	2712	2712
ENST00000637054.1	6241	38457	32216
ENST00000637056.1	49670	56838	7168
ENST00000637059.1	2144	5565	3421
ENST00000637060.2	139	49237	49098
ENST00000637061.1	0	20289	20289
ENST00000637062.1	0	46883	46883
ENST00000637064.1	710	3307	2597
ENST00000637069.1	336	80101	79765
ENST00000637071.1	26544	44337	17793
ENST00000637080.1	6596	22951	16355
ENST00000637083.1	7240	17605	10365
ENST00000637084.1	0	16135	16135
ENST00000637089.1	122	77243	77121
ENST00000637095.1	13170	27532	14362
ENST00000637096.1	113	519	406
ENST00000637097.1	12653	12669	16
ENST00000637100.1	47	18745	18698
ENST00000637101.2	30	1619	1589
ENST00000637103.1	13742	26983	13241
ENST00000637104.2	30	12027	11997
ENST00000637106.1	70639	92324	21685
ENST00000637107.1	9319	14981	5662
ENST00000637115.2	296685	364928	68243
ENST00000637120.2	3	37633	37630
ENST00000637125.1	160	188799	188639
ENST00000637128.2	461	47196	46735
ENST00000637130.1	70	11328	11258
ENST00000637131.1	62473	62707	234
ENST00000637132.1	18344	135266	116922
ENST00000637134.2	13432	98259	84827
ENST00000637138.1	13	278999	278986
ENST00000637147.1	15	10283	10268
ENST00000637149.1	0	1459	1459
ENST00000637156.1	7255	17620	10365
ENST00000637159.1	11192	12764	1572
ENST00000637161.1	41448	163540	122092
ENST00000637162.1	28	78437	78409
ENST00000637165.1	0	5026	5026
ENST00000637169.2	5893	58576	52683
ENST00000637173.2	39343	80311	40968
ENST00000637174.1	188	7148	6960
ENST00000637178.1	125	88227	88102
ENST00000637179.1	3	149914	149911
ENST00000637180.1	27518	45311	17793
ENST00000637181.2	52286	94077	41791
ENST00000637182.1	462	65868	65406
ENST00000637183.1	123289	191660	68371
ENST00000637184.1	2427	15528	13101
ENST00000637186.1	0	4554	4554
ENST00000637187.2	5098	47838	42740
ENST00000637188.1	0	60	60
ENST00000637190.1	1534	3505	1971
ENST00000637191.2	1214	5459	4245
ENST00000637192.1	0	113965	113965
ENST00000637193.1	568	40751	40183
ENST00000637195.1	11022	71919	60897
ENST00000637200.1	157	10008	9851
ENST00000637202.1	3982	18285	14303
ENST00000637204.1	0	221195	221195
ENST00000637206.1	958	52609	51651
ENST00000637208.1	96100	207193	111093
ENST00000637209.1	650	2574	1924
ENST00000637214.1	0	170866	170866
ENST00000637215.1	368	532217	531849
ENST00000637216.1	0	132745	132745
ENST00000637217.1	6256	140090	133834
ENST00000637218.2	223	8206	7983
ENST00000637221.2	39	19234	19195
ENST00000637222.1	8947	13127	4180
ENST00000637223.1	8937	47346	38409
ENST00000637224.1	66822	169360	102538
ENST00000637228.1	3535	11806	8271
ENST00000637232.1	5679	135625	129946
ENST00000637233.1	15110	57021	41911
ENST00000637234.1	10895	71888	60993
ENST00000637236.2	0	1670	1670
ENST00000637237.1	1881	3031	1150
ENST00000637238.1	7818	11673	3855
ENST00000637241.1	6265	8064	1799
ENST00000637244.1	28087	28529	442
ENST00000637252.1	144	18796	18652
ENST00000637255.1	384	101386	101002
ENST00000637261.1	0	18419	18419
ENST00000637263.1	97	61136	61039
ENST00000637264.1	424	15416	14992
ENST00000637265.1	77818	225438	147620
ENST00000637266.2	54764	154750	99986
ENST00000637267.2	0	119828	119828
ENST00000637272.1	925	52745	51820
ENST00000637276.1	1095	305265	304170
ENST00000637281.1	3409	4809	1400
ENST00000637282.1	375	275924	275549
ENST00000637284.1	438	34765	34327
ENST00000637285.2	0	20	20
ENST00000637288.1	2573	37176	34603
ENST00000637289.1	0	17424	17424
ENST00000637290.1	871	1940	1069
ENST00000637292.1	14512	39641	25129
ENST00000637296.1	1150	5200	4050
ENST00000637297.1	0	28469	28469
ENST00000637299.1	22650	25223	2573
ENST00000637301.1	0	16126	16126
ENST00000637303.1	1668	16818	15150
ENST00000637304.1	5373	44080	38707
ENST00000637307.1	0	3031	3031
ENST00000637309.1	6485	266884	260399
ENST00000637310.1	14559	17413	2854
ENST00000637312.1	31922	137027	105105
ENST00000637314.1	19144	20492	1348
ENST00000637315.1	107	25909	25802
ENST00000637318.1	467	2974	2507
ENST00000637322.1	2687	30720	28033
ENST00000637323.2	30	11395	11365
ENST00000637327.1	10384	25657	15273
ENST00000637329.1	4033	11056	7023
ENST00000637330.1	132874	135067	2193
ENST00000637331.1	0	162	162
ENST00000637336.1	0	274529	274529
ENST00000637342.1	23	88621	88598
ENST00000637348.1	0	7359	7359
ENST00000637349.1	542	3141	2599
ENST00000637350.1	83	127695	127612
ENST00000637352.1	12881	12919	38
ENST00000637353.1	120	104576	104456
ENST00000637354.1	0	48495	48495
ENST00000637358.1	0	134525	134525
ENST00000637367.1	56386	56936	550
ENST00000637373.2	28	45042	45014
ENST00000637375.1	1302	179307	178005
ENST00000637376.1	23032	36133	13101
ENST00000637378.1	0	27017	27017
ENST00000637383.1	48733	48789	56
ENST00000637386.1	0	7964	7964
ENST00000637387.1	300	11859	11559
ENST00000637388.2	780	27234	26454
ENST00000637393.1	233	242876	242643
ENST00000637395.1	86994	119450	32456
ENST00000637397.2	12	21629	21617
ENST00000637401.1	33	175268	175235
ENST00000637403.1	793	3224	2431
ENST00000637417.1	2870	90972	88102
ENST00000637418.1	415	136329	135914
ENST00000637419.1	0	467287	467287
ENST00000637420.2	30	18864	18834
ENST00000637422.1	0	2024	2024
ENST00000637424.1	343	488903	488560
ENST00000637429.1	27809	28251	442
ENST00000637432.1	1482	305701	304219
ENST00000637436.1	46052	136567	90515
ENST00000637437.1	0	138	138
ENST00000637439.1	68	36657	36589
ENST00000637441.1	2037	1439825	1437788
ENST00000637447.1	0	2388	2388
ENST00000637450.1	3632	21623	17991
ENST00000637453.1	932	110732	109800
ENST00000637455.1	549	6332	5783
ENST00000637461.1	0	7636	7636
ENST00000637464.2	156	41883	41727
ENST00000637465.1	33631	36152	2521
ENST00000637468.1	0	4860	4860
ENST00000637469.1	0	47405	47405
ENST00000637481.1	4333	106891	102558
ENST00000637482.1	10324	25365	15041
ENST00000637484.1	27778	28220	442
ENST00000637486.1	178036	550417	372381
ENST00000637488.2	29	25770	25741
ENST00000637491.1	21807	135336	113529
ENST00000637492.1	0	836	836
ENST00000637493.2	513	9965	9452
ENST00000637494.1	27	22108	22081
ENST00000637503.2	118	2308	2190
ENST00000637504.1	66	38051	37985
ENST00000637507.1	85	9321	9236
ENST00000637508.1	2717	56463	53746
ENST00000637511.1	1730	112299	110569
ENST00000637512.1	0	6476	6476
ENST00000637513.2	1283	38604	37321
ENST00000637514.1	121	34448	34327
ENST00000637519.1	133	123686	123553
ENST00000637520.1	3016	91118	88102
ENST00000637521.2	72238	106853	34615
ENST00000637526.1	8159	25710	17551
ENST00000637528.1	1078	28707	27629
ENST00000637532.1	0	107372	107372
ENST00000637535.1	16344	135468	119124
ENST00000637536.1	0	14049	14049
ENST00000637537.2	21	6577	6556
ENST00000637538.1	1997	6162	4165
ENST00000637539.2	264	5929	5665
ENST00000637547.1	6318	139659	133341
ENST00000637550.1	4817	136965	132148
ENST00000637552.1	101	133622	133521
ENST00000637556.1	2687	37298	34611
ENST00000637557.1	2732	90834	88102
ENST00000637559.1	41005	160129	119124
ENST00000637561.1	314	17815	17501
ENST00000637562.1	27	358860	358833
ENST00000637563.1	70	9581	9511
ENST00000637565.1	862	2900	2038
ENST00000637568.1	0	16126	16126
ENST00000637569.1	154	178995	178841
ENST00000637570.1	5013	114798	109785
ENST00000637574.2	508	30291	29783
ENST00000637578.1	9277	12215	2938
ENST00000637579.1	53	48644	48591
ENST00000637581.1	2192	63185	60993
ENST00000637585.1	0	45936	45936
ENST00000637594.1	6403	6865	462
ENST00000637596.1	1508	2276	768
ENST00000637602.1	44	18154	18110
ENST00000637603.1	0	22267	22267
ENST00000637610.1	20493	63233	42740
ENST00000637611.1	183	32708	32525
ENST00000637613.1	0	7284	7284
ENST00000637614.1	0	15036	15036
ENST00000637617.2	1870	58410	56540
ENST00000637624.1	6267	9502	3235
ENST00000637626.1	7674	13275	5601
ENST00000637633.2	44	167904	167860
ENST00000637636.1	784	28470	27686
ENST00000637637.1	25452	30774	5322
ENST00000637638.1	160	20336	20176
ENST00000637640.1	569	221715	221146
ENST00000637642.2	1641	4593	2952
ENST00000637644.1	631	44199	43568
ENST00000637645.2	2829	3661	832
ENST00000637646.1	825	32639	31814
ENST00000637648.2	17642	25392	7750
ENST00000637650.2	76	43388	43312
ENST00000637651.1	8401	87548	79147
ENST00000637657.1	0	429087	429087
ENST00000637658.2	188	8892	8704
ENST00000637659.1	17161	31745	14584
ENST00000637660.1	60964	134963	73999
ENST00000637666.2	59	22503	22444
ENST00000637667.1	0	22111	22111
ENST00000637669.1	35	28256	28221
ENST00000637680.2	3	3544	3541
ENST00000637682.1	763	6715	5952
ENST00000637689.1	39530	40128	598
ENST00000637691.1	513	9965	9452
ENST00000637696.1	72	9583	9511
ENST00000637698.1	4900	258092	253192
ENST00000637699.1	6520	14779	8259
ENST00000637705.1	0	17097	17097
ENST00000637709.2	71594	98372	26778
ENST00000637714.1	0	16260	16260
ENST00000637716.2	825	43234	42409
ENST00000637717.1	0	36352	36352
ENST00000637718.1	0	9488	9488
ENST00000637723.2	146	88248	88102
ENST00000637729.1	392	11890	11498
ENST00000637730.1	0	6560	6560
ENST00000637732.1	1751	104245	102494
ENST00000637736.1	725	306967	306242
ENST00000637738.2	30	18864	18834
ENST00000637742.1	5827	227199	221372
ENST00000637745.1	12903	19929	7026
ENST00000637751.1	28347	74508	46161
ENST00000637759.1	9610	138684	129074
ENST00000637762.1	1916	135800	133884
ENST00000637763.2	3	89673	89670
ENST00000637769.1	871	307253	306382
ENST00000637777.1	7793	16498	8705
ENST00000637778.1	79	9590	9511
ENST00000637779.1	288	136138	135850
ENST00000637782.1	15126	65544	50418
ENST00000637786.2	18	81536	81518
ENST00000637787.1	120136	180089	59953
ENST00000637789.1	0	7557	7557
ENST00000637790.2	1545	29237	27692
ENST00000637792.1	0	17996	17996
ENST00000637795.2	180	966925	966745
ENST00000637797.2	197	12753	12556
ENST00000637805.1	4465	18121	13656
ENST00000637806.1	11437	23195	11758
ENST00000637807.1	0	154097	154097
ENST00000637810.1	25708	127560	101852
ENST00000637812.2	269	199742	199473
ENST00000637815.2	754	12316	11562
ENST00000637819.1	0	43904	43904
ENST00000637821.1	4978	5520	542
ENST00000637823.1	3457	21548	18091
ENST00000637827.1	729	48696	47967
ENST00000637828.1	2683	133677	130994
ENST00000637838.1	0	38015	38015
ENST00000637841.1	0	16836	16836
ENST00000637842.1	0	317880	317880
ENST00000637845.1	27	415918	415891
ENST00000637848.1	0	75188	75188
ENST00000637851.1	4879	36495	31616
ENST00000637854.1	0	418	418
ENST00000637855.1	2440	51525	49085
ENST00000637862.2	0	171831	171831
ENST00000637867.1	13419	13489	70
ENST00000637871.1	9186	14694	5508
ENST00000637872.1	310	4880	4570
ENST00000637873.1	39	5968	5929
ENST00000637874.1	0	15234	15234
ENST00000637878.2	15720	17899	2179
ENST00000637881.1	80384	179026	98642
ENST00000637886.1	5412	77984	72572
ENST00000637887.1	0	135713	135713
ENST00000637888.1	13564	45780	32216
ENST00000637891.1	0	37416	37416
ENST00000637895.1	0	26949	26949
ENST00000637897.1	0	1642	1642
ENST00000637900.1	210	9600	9390
ENST00000637903.1	0	616	616
ENST00000637904.1	74165	176175	102010
ENST00000637905.1	0	256	256
ENST00000637906.1	264020	425612	161592
ENST00000637909.1	9557	13446	3889
ENST00000637915.1	718	12289	11571
ENST00000637917.1	0	1529	1529
ENST00000637918.1	458	23573	23115
ENST00000637919.1	551100	728087	176987
ENST00000637920.1	713	1547	834
ENST00000637922.1	1075	15836	14761
ENST00000637923.2	53376	99650	46274
ENST00000637925.1	130	22736	22606
ENST00000637927.1	737	304945	304208
ENST00000637929.1	1658	2596	938
ENST00000637935.1	0	91881	91881
ENST00000637938.2	64	95013	94949
ENST00000637939.1	0	31981	31981
ENST00000637943.1	19090	20174	1084
ENST00000637944.2	654	12522	11868
ENST00000637945.1	14	75711	75697
ENST00000637946.1	13253	13695	442
ENST00000637948.1	0	7363	7363
ENST00000637949.1	0	21041	21041
ENST00000637953.1	182	75976	75794
ENST00000637955.1	0	17628	17628
ENST00000637956.1	16249	33664	17415
ENST00000637964.1	0	41843	41843
ENST00000637969.1	28	449731	449703
ENST00000637971.1	50	123838	123788
ENST00000637974.1	0	109669	109669
ENST00000637977.1	0	54779	54779
ENST00000637978.1	0	12894	12894
ENST00000637985.1	3997	5523	1526
ENST00000637986.2	126902	131304	4402
ENST00000637988.1	2088	90429	88341
ENST00000637991.1	1081	29490	28409
ENST00000637992.1	9465	277211	267746
ENST00000637993.1	0	768	768
ENST00000637999.1	0	16877	16877
ENST00000638000.1	0	205918	205918
ENST00000638005.1	2914	263933	261019
ENST00000638007.1	5373	44080	38707
ENST00000638008.1	48580	50598	2018
ENST00000638009.2	2314	306519	304205
ENST00000638011.1	5412	62565	57153
ENST00000638014.1	7934	9374	1440
ENST00000638016.1	0	16	16
ENST00000638018.1	0	600	600
ENST00000638020.1	0	3076	3076
ENST00000638021.1	1863	91162	89299
ENST00000638023.1	63	12060	11997
ENST00000638029.1	42	306438	306396
ENST00000638031.1	83	123868	123785
ENST00000638032.1	0	1512	1512
ENST00000638034.1	11	159254	159243
ENST00000638035.1	366889	531892	165003
ENST00000638036.1	10823	16319	5496
ENST00000638037.1	0	14092	14092
ENST00000638040.1	340	133988	133648
ENST00000638043.2	437253	495943	58690
ENST00000638045.1	25	186318	186293
ENST00000638048.1	706	618667	617961
ENST00000638049.1	174	966	792
ENST00000638053.1	2284	52803	50519
ENST00000638056.1	234	10951	10717
ENST00000638059.1	7338	22409	15071
ENST00000638062.1	972	1420	448
ENST00000638063.1	645	6672	6027
ENST00000638071.1	0	666	666
ENST00000638075.1	31697	31771	74
ENST00000638076.1	4618	23063	18445
ENST00000638078.1	0	15725	15725
ENST00000638079.1	8031	13067	5036
ENST00000638081.1	0	11238	11238
ENST00000638086.1	197	133220	133023
ENST00000638087.1	5373	44080	38707
ENST00000638088.2	2695	110735	108040
ENST00000638089.2	73	5579	5506
ENST00000638091.1	2554	138405	135851
ENST00000638099.1	1352	227621	226269
ENST00000638101.1	0	102244	102244
ENST00000638102.1	3	13201	13198
ENST00000638106.1	191250	202346	11096
ENST00000638108.1	18430	25092	6662
ENST00000638112.1	3748	51715	47967
ENST00000638115.1	8059	13095	5036
ENST00000638118.1	81	8304	8223
ENST00000638119.2	30	29540	29510
ENST00000638120.1	300	43374	43074
ENST00000638121.1	509	5136	4627
ENST00000638122.1	0	74	74
ENST00000638128.1	5373	22724	17351
ENST00000638129.1	0	27319	27319
ENST00000638131.1	6526	12560	6034
ENST00000638133.1	0	17641	17641
ENST00000638134.1	3689	8897	5208
ENST00000638135.1	41	13281	13240
ENST00000638137.1	5503	6425	922
ENST00000638142.2	356	22508	22152
ENST00000638143.1	0	2681	2681
ENST00000638147.2	21	84076	84055
ENST00000638150.1	21812	135210	113398
ENST00000638153.1	117	25787	25670
ENST00000638154.3	5893	366833	360940
ENST00000638155.1	5412	74280	68868
ENST00000638156.1	6882	19926	13044
ENST00000638157.1	219036	266228	47192
ENST00000638159.1	1696	49880	48184
ENST00000638160.1	264	5227	4963
ENST00000638162.1	38	21599	21561
ENST00000638166.2	418	1580	1162
ENST00000638167.1	1617	119477	117860
ENST00000638170.2	364	1280	916
ENST00000638178.1	943	25285	24342
ENST00000638183.1	1151	112228	111077
ENST00000638184.1	0	274736	274736
ENST00000638187.2	2545	27260	24715
ENST00000638189.1	33	33034	33001
ENST00000638190.1	174	8045	7871
ENST00000638192.1	10461	72258	61797
ENST00000638193.1	30	25954	25924
ENST00000638203.1	17	763578	763561
ENST00000638216.1	6399	16188	9789
ENST00000638219.1	31	26007	25976
ENST00000638223.1	704	764079	763375
ENST00000638224.1	0	34667	34667
ENST00000638225.1	6836	150291	143455
ENST00000638227.1	31006	49850	18844
ENST00000638228.3	2075	30139	28064
ENST00000638230.1	5688	18905	13217
ENST00000638237.1	23	14626	14603
ENST00000638240.1	137	33996	33859
ENST00000638246.1	60	3567	3507
ENST00000638249.1	15887	626477	610590
ENST00000638250.1	0	11699	11699
ENST00000638251.1	84295	141869	57574
ENST00000638252.1	3	762907	762904
ENST00000638254.1	89500	324330	234830
ENST00000638257.1	3311	4857	1546
ENST00000638258.1	0	220	220
ENST00000638262.1	2007	110676	108669
ENST00000638272.1	98	7817	7719
ENST00000638274.1	687	2499	1812
ENST00000638275.1	1562	145336	143774
ENST00000638276.1	1015	11891	10876
ENST00000638277.1	0	6445	6445
ENST00000638280.2	67	7869	7802
ENST00000638281.1	785	7106	6321
ENST00000638282.1	9002	9853	851
ENST00000638283.1	42	522435	522393
ENST00000638288.1	13699	24604	10905
ENST00000638289.1	3232	4778	1546
ENST00000638294.1	150	12733	12583
ENST00000638295.1	2956	21845	18889
ENST00000638298.1	0	19832	19832
ENST00000638301.1	1061	6627	5566
ENST00000638304.1	1933	8296	6363
ENST00000638306.1	147	763420	763273
ENST00000638309.1	398	24760	24362
ENST00000638310.1	0	3838	3838
ENST00000638311.1	0	131962	131962
ENST00000638313.1	2200	180750	178550
ENST00000638317.1	0	133549	133549
ENST00000638320.2	1449	42154	40705
ENST00000638321.1	9168	24498	15330
ENST00000638323.1	497	74736	74239
ENST00000638325.1	0	2178	2178
ENST00000638329.1	533	50245	49712
ENST00000638331.1	0	26833	26833
ENST00000638334.1	0	3100	3100
ENST00000638336.1	23549	53060	29511
ENST00000638338.1	23519	55739	32220
ENST00000638342.1	32615	227881	195266
ENST00000638346.1	0	11565	11565
ENST00000638347.1	23	210927	210904
ENST00000638348.2	5487	14785	9298
ENST00000638351.1	17	763586	763569
ENST00000638353.1	15	6389	6374
ENST00000638357.1	2460	338856	336396
ENST00000638366.1	0	7253	7253
ENST00000638369.1	1136	119213	118077
ENST00000638371.1	24204	58804	34600
ENST00000638374.1	11886	15870	3984
ENST00000638375.2	0	3869	3869
ENST00000638376.1	0	85306	85306
ENST00000638378.1	10218	33892	23674
ENST00000638383.1	35	4174	4139
ENST00000638386.1	3279	4825	1546
ENST00000638387.1	16	5457	5441
ENST00000638394.2	6818	109216	102398
ENST00000638400.1	1866	7485	5619
ENST00000638408.1	0	1186	1186
ENST00000638410.1	16655	65147	48492
ENST00000638411.1	95	11928	11833
ENST00000638415.1	0	2665	2665
ENST00000638417.1	21	6285	6264
ENST00000638419.1	148573	477360	328787
ENST00000638421.1	69957	104183	34226
ENST00000638422.1	73	9894	9821
ENST00000638423.1	0	2070	2070
ENST00000638424.1	43219	118212	74993
ENST00000638426.1	0	28	28
ENST00000638429.1	119418	168700	49282
ENST00000638430.1	0	4262	4262
ENST00000638434.1	0	37694	37694
ENST00000638435.1	1535	116009	114474
ENST00000638442.1	0	128372	128372
ENST00000638443.1	2842	4878	2036
ENST00000638445.1	16	3949	3933
ENST00000638451.1	9	18674	18665
ENST00000638452.2	165029	235145	70116
ENST00000638454.1	496	2337	1841
ENST00000638458.1	0	21490	21490
ENST00000638464.1	78	103737	103659
ENST00000638465.1	0	2256	2256
ENST00000638467.1	135	178254	178119
ENST00000638468.1	0	33298	33298
ENST00000638469.1	0	1335	1335
ENST00000638471.1	3251	17380	14129
ENST00000638473.1	50572	90861	40289
ENST00000638475.1	514	12322	11808
ENST00000638477.2	8542	10615	2073
ENST00000638478.1	12	6429	6417
ENST00000638481.1	2759	4064	1305
ENST00000638482.1	18	154149	154131
ENST00000638483.1	0	1186	1186
ENST00000638484.1	31004	49848	18844
ENST00000638486.3	42223	43409	1186
ENST00000638487.1	272	10864	10592
ENST00000638489.1	15	5424	5409
ENST00000638498.1	513	459921	459408
ENST00000638499.1	85492	143253	57761
ENST00000638506.1	548734	598592	49858
ENST00000638514.1	0	753865	753865
ENST00000638518.1	0	17636	17636
ENST00000638521.1	2913	23281	20368
ENST00000638523.1	13022	23889	10867
ENST00000638524.1	0	10324	10324
ENST00000638529.1	11973	17163	5190
ENST00000638531.1	0	11494	11494
ENST00000638532.1	289	3281	2992
ENST00000638536.1	195	9721	9526
ENST00000638538.1	0	2154	2154
ENST00000638539.1	0	56469	56469
ENST00000638540.1	0	10282	10282
ENST00000638542.1	8768	50153	41385
ENST00000638552.1	33883	92836	58953
ENST00000638554.1	45946	110369	64423
ENST00000638555.1	0	2750	2750
ENST00000638559.1	0	45201	45201
ENST00000638568.2	164950	235066	70116
ENST00000638572.2	3027	53032	50005
ENST00000638573.1	27	10731	10704
ENST00000638575.1	3	754064	754061
ENST00000638577.1	0	9278	9278
ENST00000638579.1	35	26011	25976
ENST00000638583.1	326	15212	14886
ENST00000638588.1	0	194230	194230
ENST00000638591.1	1447	26814	25367
ENST00000638594.1	16	33636	33620
ENST00000638598.2	0	1010	1010
ENST00000638603.1	2922	56052	53130
ENST00000638606.1	17	763589	763572
ENST00000638612.1	34	12796	12762
ENST00000638616.2	9706	12698	2992
ENST00000638617.1	7475	70257	62782
ENST00000638618.1	11	10022	10011
ENST00000638619.1	0	866	866
ENST00000638621.1	79	45023	44944
ENST00000638626.1	26268	83067	56799
ENST00000638627.3	56846	76281	19435
ENST00000638629.1	3	11722	11719
ENST00000638630.1	0	31192	31192
ENST00000638634.1	76	16127	16051
ENST00000638635.1	0	115491	115491
ENST00000638636.2	0	12146	12146
ENST00000638646.2	956	124856	123900
ENST00000638648.2	323	24253	23930
ENST00000638654.1	0	10700	10700
ENST00000638659.1	31031	49873	18842
ENST00000638660.1	33942	92918	58976
ENST00000638661.1	517	34226	33709
ENST00000638663.1	4741	53377	48636
ENST00000638664.1	11277	21980	10703
ENST00000638668.1	0	1186	1186
ENST00000638671.1	16	3812	3796
ENST00000638674.1	337	4248	3911
ENST00000638678.1	7198	50393	43195
ENST00000638685.1	607	18285	17678
ENST00000638691.2	16	11321	11305
ENST00000638696.1	3	17666	17663
ENST00000638697.1	33	18035	18002
ENST00000638698.1	182	25947	25765
ENST00000638702.1	764	12329	11565
ENST00000638704.2	6	4340	4334
ENST00000638705.1	502	164370	163868
ENST00000638708.1	783	26746	25963
ENST00000638709.2	1513	38163	36650
ENST00000638710.1	0	2536	2536
ENST00000638712.1	3310	4856	1546
ENST00000638714.1	15	3761	3746
ENST00000638716.1	986	8686	7700
ENST00000638717.1	1492	353367	351875
ENST00000638718.1	0	7120	7120
ENST00000638719.4	794	10692	9898
ENST00000638723.1	12440	34797	22357
ENST00000638728.1	3063	5335	2272
ENST00000638741.2	313	1230	917
ENST00000638745.1	16	3812	3796
ENST00000638749.2	577	624980	624403
ENST00000638751.1	235693	519022	283329
ENST00000638754.1	2009	521797	519788
ENST00000638755.1	3	17625	17622
ENST00000638759.1	3	754067	754064
ENST00000638762.1	0	10746	10746
ENST00000638763.1	0	4159	4159
ENST00000638764.1	18	983	965
ENST00000638767.1	5730	72893	67163
ENST00000638771.1	45	12316	12271
ENST00000638772.1	369	82856	82487
ENST00000638778.1	33	59373	59340
ENST00000638779.1	23524	73867	50343
ENST00000638783.1	90	59430	59340
ENST00000638787.1	9	10946	10937
ENST00000638790.1	0	10268	10268
ENST00000638792.1	23544	114247	90703
ENST00000638797.2	3624	60062	56438
ENST00000638800.1	21411	39199	17788
ENST00000638802.1	0	11581	11581
ENST00000638804.1	0	2859	2859
ENST00000638807.2	790	11915	11125
ENST00000638814.1	0	2162	2162
ENST00000638816.1	0	4766	4766
ENST00000638817.1	27147	55987	28840
ENST00000638819.1	9331	20034	10703
ENST00000638820.1	71893	133528	61635
ENST00000638825.1	0	7324	7324
ENST00000638827.1	40099	75862	35763
ENST00000638834.1	7384	18087	10703
ENST00000638835.1	153	1019	866
ENST00000638837.1	16	6160	6144
ENST00000638838.1	54	16245	16191
ENST00000638840.1	3135	4851	1716
ENST00000638842.1	3	1189	1186
ENST00000638845.1	2921	4226	1305
ENST00000638848.1	626	764083	763457
ENST00000638850.1	859	4326	3467
ENST00000638853.1	0	11669	11669
ENST00000638855.1	8760	50145	41385
ENST00000638862.2	1753	15609	13856
ENST00000638864.1	0	14	14
ENST00000638867.2	0	14	14
ENST00000638868.1	2543	4815	2272
ENST00000638869.1	1999	23320	21321
ENST00000638873.1	9331	20034	10703
ENST00000638876.1	23509	37278	13769
ENST00000638877.1	0	29912	29912
ENST00000638878.1	0	10704	10704
ENST00000638880.1	0	24686	24686
ENST00000638885.1	9168	50041	40873
ENST00000638888.1	850	26209	25359
ENST00000638892.1	15494	15744	250
ENST00000638895.1	17	763509	763492
ENST00000638901.1	24114	25005	891
ENST00000638904.1	43374	118111	74737
ENST00000638914.3	5145	22916	17771
ENST00000638915.1	0	28165	28165
ENST00000638917.1	12	119310	119298
ENST00000638926.1	3	6979	6976
ENST00000638927.1	0	7646	7646
ENST00000638936.1	1225	119484	118259
ENST00000638937.1	16702	67806	51104
ENST00000638938.1	16	3102	3086
ENST00000638940.1	9071	19774	10703
ENST00000638946.2	0	116	116
ENST00000638947.2	668	115616	114948
ENST00000638948.1	434	43094	42660
ENST00000638951.1	1745	66612	64867
ENST00000638953.1	14	3100	3086
ENST00000638956.1	12470	50033	37563
ENST00000638960.1	4948	458484	453536
ENST00000638963.1	116	18304	18188
ENST00000638965.1	107	5535	5428
ENST00000638968.1	23544	74009	50465
ENST00000638971.1	174	8260	8086
ENST00000638975.1	0	9271	9271
ENST00000638977.1	1623	119823	118200
ENST00000638978.1	34	9472	9438
ENST00000638983.1	2984	276774	273790
ENST00000638984.1	0	85346	85346
ENST00000638986.1	941	25441	24500
ENST00000638988.1	23531	46180	22649
ENST00000638990.1	0	9987	9987
ENST00000638991.1	8270	771554	763284
ENST00000639000.1	7158	17861	10703
ENST00000639006.1	0	10808	10808
ENST00000639007.1	3228	4774	1546
ENST00000639020.1	0	10156	10156
ENST00000639026.1	0	13985	13985
ENST00000639028.1	10719	17180	6461
ENST00000639031.1	11852	12306	454
ENST00000639034.2	58	14397	14339
ENST00000639037.1	23537	114311	90774
ENST00000639038.1	18	10747	10729
ENST00000639040.1	23537	80559	57022
ENST00000639041.1	0	31661	31661
ENST00000639042.1	4779	8181	3402
ENST00000639045.1	64	4576	4512
ENST00000639046.1	150	154095	153945
ENST00000639048.2	9706	11174	1468
ENST00000639049.1	95745	110544	14799
ENST00000639053.1	8051	18754	10703
ENST00000639059.1	79289	81183	1894
ENST00000639061.1	0	11701	11701
ENST00000639072.2	352	141893	141541
ENST00000639073.1	0	1186	1186
ENST00000639079.1	0	8316	8316
ENST00000639081.1	0	1186	1186
ENST00000639082.1	0	826	826
ENST00000639083.1	1304	11464	10160
ENST00000639088.1	23522	37291	13769
ENST00000639090.1	496	764057	763561
ENST00000639092.1	81007	89752	8745
ENST00000639096.1	443	114410	113967
ENST00000639097.1	0	116318	116318
ENST00000639100.1	330	15551	15221
ENST00000639109.1	0	11669	11669
ENST00000639110.1	32588	227854	195266
ENST00000639111.2	535	87292	86757
ENST00000639115.1	16655	38582	21927
ENST00000639118.1	0	33127	33127
ENST00000639119.1	978	50825	49847
ENST00000639120.1	467	575705	575238
ENST00000639122.1	0	10130	10130
ENST00000639132.1	21797	80790	58993
ENST00000639135.1	0	24630	24630
ENST00000639142.2	306	111454	111148
ENST00000639145.1	2713	55953	53240
ENST00000639146.1	96	38855	38759
ENST00000639148.1	9	18043	18034
ENST00000639150.1	0	192172	192172
ENST00000639161.2	640	15409	14769
ENST00000639164.1	647	15070	14423
ENST00000639167.1	9	14339	14330
ENST00000639169.1	1993	14352	12359
ENST00000639171.1	23516	73852	50336
ENST00000639174.1	979	94741	93762
ENST00000639175.1	602	144057	143455
ENST00000639182.1	0	133062	133062
ENST00000639184.1	13709	24614	10905
ENST00000639189.1	221	18706	18485
ENST00000639194.1	0	2533	2533
ENST00000639199.1	63	41234	41171
ENST00000639202.1	6188	23308	17120
ENST00000639205.1	4968	767939	762971
ENST00000639213.2	227	87007	86780
ENST00000639221.1	23550	53113	29563
ENST00000639224.1	32	944	912
ENST00000639233.2	9706	11534	1828
ENST00000639234.1	734	179027	178293
ENST00000639235.1	12	6205	6193
ENST00000639239.1	0	1452	1452
ENST00000639240.1	4451	6487	2036
ENST00000639242.1	1296	144751	143455
ENST00000639243.1	1922	4919	2997
ENST00000639244.1	2611	94763	92152
ENST00000639249.1	27480	196395	168915
ENST00000639255.1	16655	69591	52936
ENST00000639257.1	7449	18152	10703
ENST00000639264.1	57768	70564	12796
ENST00000639268.1	0	53007	53007
ENST00000639277.1	254	13830	13576
ENST00000639278.1	0	84239	84239
ENST00000639280.1	5106	11289	6183
ENST00000639284.1	713	36517	35804
ENST00000639286.1	7	3672	3665
ENST00000639287.1	6379	12638	6259
ENST00000639292.2	0	11469	11469
ENST00000639298.1	101	695480	695379
ENST00000639300.1	17145	55396	38251
ENST00000639302.1	9976	33650	23674
ENST00000639305.1	941	50909	49968
ENST00000639306.1	0	2644	2644
ENST00000639311.1	19076	50053	30977
ENST00000639318.1	463	34077	33614
ENST00000639320.1	0	12923	12923
ENST00000639325.2	1222	122661	121439
ENST00000639335.1	104	34091	33987
ENST00000639338.1	3	20248	20245
ENST00000639341.1	0	20893	20893
ENST00000639342.1	1558	119567	118009
ENST00000639343.1	32588	161171	128583
ENST00000639344.1	519	763795	763276
ENST00000639345.1	62005	95227	33222
ENST00000639347.2	217	1237	1020
ENST00000639358.1	9921	310175	300254
ENST00000639365.1	55	41827	41772
ENST00000639369.1	1886	7535	5649
ENST00000639370.1	32	756195	756163
ENST00000639372.1	4695	62384	57689
ENST00000639382.1	13	9329	9316
ENST00000639384.1	489	85391	84902
ENST00000639386.2	5145	16864	11719
ENST00000639388.1	6382	41288	34906
ENST00000639389.1	1204	32406	31202
ENST00000639393.1	96	8271	8175
ENST00000639394.1	11514	16939	5425
ENST00000639398.1	16660	39201	22541
ENST00000639401.1	1791	70491	68700
ENST00000639406.1	1863	755831	753968
ENST00000639408.1	810	44499	43689
ENST00000639409.1	735	18506	17771
ENST00000639411.1	240	7500	7260
ENST00000639417.1	3	5004	5001
ENST00000639418.1	8050	18753	10703
ENST00000639421.1	23752	42596	18844
ENST00000639422.1	25	8878	8853
ENST00000639423.1	2115	61455	59340
ENST00000639424.1	227	74551	74324
ENST00000639431.1	0	310358	310358
ENST00000639432.1	951	25451	24500
ENST00000639435.1	8158	81687	73529
ENST00000639438.3	775	6679	5904
ENST00000639448.1	245	1103	858
ENST00000639457.1	205	10797	10592
ENST00000639465.1	1474	60814	59340
ENST00000639467.1	0	7635	7635
ENST00000639470.1	27	8242	8215
ENST00000639477.1	4040	111257	107217
ENST00000639478.1	497	65505	65008
ENST00000639482.1	8802	19505	10703
ENST00000639483.1	212835	761244	548409
ENST00000639485.1	260	25420	25160
ENST00000639486.1	4968	768241	763273
ENST00000639487.1	50422	57309	6887
ENST00000639489.1	626	763910	763284
ENST00000639495.1	0	83153	83153
ENST00000639496.1	14680	195909	181229
ENST00000639498.1	1123	764385	763262
ENST00000639499.1	16	9913	9897
ENST00000639519.1	5100	15492	10392
ENST00000639521.1	870	25238	24368
ENST00000639523.1	0	284	284
ENST00000639525.1	3171	4413	1242
ENST00000639531.1	0	142565	142565
ENST00000639541.1	13891	50016	36125
ENST00000639544.1	3	763452	763449
ENST00000639548.1	3	11722	11719
ENST00000639561.1	3332	3927	595
ENST00000639563.3	3	47808	47805
ENST00000639566.1	547	15737	15190
ENST00000639568.2	55133	55341	208
ENST00000639570.1	18	141654	141636
ENST00000639578.3	155	13063	12908
ENST00000639579.2	748	12031	11283
ENST00000639583.1	1540	4402	2862
ENST00000639584.2	71	1233	1162
ENST00000639589.1	3049	18239	15190
ENST00000639591.1	17	763624	763607
ENST00000639595.1	18	13196	13178
ENST00000639596.1	251	18736	18485
ENST00000639599.1	1303	11699	10396
ENST00000639600.1	112378	251595	139217
ENST00000639601.1	8270	771546	763276
ENST00000639602.1	2876	277259	274383
ENST00000639603.1	0	21504	21504
ENST00000639605.1	2609	4155	1546
ENST00000639607.1	9331	20034	10703
ENST00000639608.1	9158	50031	40873
ENST00000639612.1	0	22682	22682
ENST00000639617.1	426	9339	8913
ENST00000639623.1	923	77339	76416
ENST00000639628.2	4156	11862	7706
ENST00000639629.2	5503	434363	428860
ENST00000639631.1	123	695394	695271
ENST00000639636.2	5487	14608	9121
ENST00000639639.1	553	22973	22420
ENST00000639642.1	1104	11189	10085
ENST00000639662.2	8994	11266	2272
ENST00000639665.1	28909	62470	33561
ENST00000639673.3	159	7038	6879
ENST00000639680.1	0	1595	1595
ENST00000639681.1	103901	117550	13649
ENST00000639683.1	584	87232	86648
ENST00000639688.1	16593	38520	21927
ENST00000639689.1	5234	14045	8811
ENST00000639690.1	22098	22204	106
ENST00000639691.1	212833	306334	93501
ENST00000639698.1	0	43698	43698
ENST00000639704.1	406	6182	5776
ENST00000639707.1	35948	143418	107470
ENST00000639713.1	0	21987	21987
ENST00000639715.1	20901	55187	34286
ENST00000639716.1	2065	156045	153980
ENST00000639722.1	30	3748	3718
ENST00000639724.1	207	29862	29655
ENST00000639725.1	3869	141199	137330
ENST00000639730.1	32	302845	302813
ENST00000639738.1	766	53110	52344
ENST00000639739.2	10932	14134	3202
ENST00000639756.1	19322	20238	916
ENST00000639758.1	1225	119425	118200
ENST00000639760.2	0	68384	68384
ENST00000639767.2	9	2580	2571
ENST00000639770.1	0	63486	63486
ENST00000639776.1	246	29868	29622
ENST00000639783.1	14	4595	4581
ENST00000639784.1	0	14022	14022
ENST00000639785.2	70522	104748	34226
ENST00000639794.1	7703	18406	10703
ENST00000639796.1	2018	12785	10767
ENST00000639807.1	23549	55590	32041
ENST00000639809.1	9978	20681	10703
ENST00000639810.3	3	2574	2571
ENST00000639811.1	9	14602	14593
ENST00000639812.1	21376	59115	37739
ENST00000639820.1	31004	49848	18844
ENST00000639821.1	36235	235172	198937
ENST00000639823.1	200	753787	753587
ENST00000639824.1	471	5070	4599
ENST00000639828.2	184	11211	11027
ENST00000639835.1	783	26722	25939
ENST00000639838.1	6	5731	5725
ENST00000639840.1	0	17965	17965
ENST00000639841.1	0	1152	1152
ENST00000639843.1	0	1703	1703
ENST00000639845.1	540	19600	19060
ENST00000639847.1	4412	6312	1900
ENST00000639849.1	37532	52671	15139
ENST00000639850.1	16666	69650	52984
ENST00000639852.1	0	17300	17300
ENST00000639853.1	0	134198	134198
ENST00000639857.2	205	88658	88453
ENST00000639862.2	143	64913	64770
ENST00000639873.1	0	505	505
ENST00000639875.1	1486	60572	59086
ENST00000639876.2	206	41937	41731
ENST00000639877.1	1787	139117	137330
ENST00000639878.1	30	198403	198373
ENST00000639879.1	12	9998	9986
ENST00000639880.1	5635	7035	1400
ENST00000639885.1	0	22902	22902
ENST00000639888.1	9331	20034	10703
ENST00000639893.2	333	63649	63316
ENST00000639895.1	9331	20034	10703
ENST00000639900.1	33343	55959	22616
ENST00000639902.1	1225	119600	118375
ENST00000639912.1	3388	121588	118200
ENST00000639913.1	8270	771634	763364
ENST00000639916.1	911	18641	17730
ENST00000639920.1	0	4883	4883
ENST00000639921.1	1141	1669	528
ENST00000639932.1	16	4728	4712
ENST00000639943.1	0	16553	16553
ENST00000639945.1	13887	50012	36125
ENST00000639949.1	49831	53706	3875
ENST00000639950.1	0	17712	17712
ENST00000639952.1	4969	458505	453536
ENST00000639953.1	4453	6489	2036
ENST00000639955.1	5350	19965	14615
ENST00000639956.1	9331	20034	10703
ENST00000639958.1	983	16173	15190
ENST00000639959.1	1694	3886	2192
ENST00000639968.1	230609	761172	530563
ENST00000639969.1	3	1189	1186
ENST00000639971.1	9974	29044	19070
ENST00000639972.2	1208	144406	143198
ENST00000639975.1	601	87226	86625
ENST00000639979.1	182885	694926	512041
ENST00000639981.1	13681	24566	10885
ENST00000639983.2	431	11793	11362
ENST00000639984.1	34	4534	4500
ENST00000639985.1	65	41697	41632
ENST00000639989.2	0	87351	87351
ENST00000639992.1	78	89649	89571
ENST00000639994.1	23535	48678	25143
ENST00000639995.1	92469	761596	669127
ENST00000640001.1	731	7951	7220
ENST00000640005.1	756	11361	10605
ENST00000640006.2	5090	6786	1696
ENST00000640007.1	32	9550	9518
ENST00000640012.1	0	6394	6394
ENST00000640015.1	181	695508	695327
ENST00000640017.1	2233	4932	2699
ENST00000640019.3	3979	6666	2687
ENST00000640021.1	25986	36776	10790
ENST00000640024.1	13709	50119	36410
ENST00000640027.1	232	24742	24510
ENST00000640028.1	497	52308	51811
ENST00000640029.1	3	763081	763078
ENST00000640030.1	0	11927	11927
ENST00000640033.2	46	3279	3233
ENST00000640035.1	8679	32453	23774
ENST00000640036.1	2088	90429	88341
ENST00000640039.1	7409	18112	10703
ENST00000640040.1	44	8269	8225
ENST00000640043.1	0	90705	90705
ENST00000640044.1	3	452472	452469
ENST00000640048.1	0	15156	15156
ENST00000640050.1	178	118437	118259
ENST00000640051.2	33	16227	16194
ENST00000640055.1	987	16177	15190
ENST00000640056.1	5125	9826	4701
ENST00000640060.1	31	14939	14908
ENST00000640064.1	142543	142781	238
ENST00000640067.1	64	12350	12286
ENST00000640068.1	6373	16022	9649
ENST00000640069.1	12981	25340	12359
ENST00000640077.1	0	9431	9431
ENST00000640081.1	15	32061	32046
ENST00000640086.1	1141	26391	25250
ENST00000640093.1	230466	760639	530173
ENST00000640094.2	3	3638	3635
ENST00000640101.1	166175	176878	10703
ENST00000640102.1	3642	4720	1078
ENST00000640104.1	8051	18754	10703
ENST00000640107.1	16	4764	4748
ENST00000640108.1	25	3007	2982
ENST00000640117.1	0	525	525
ENST00000640119.1	612	1466	854
ENST00000640123.1	0	440	440
ENST00000640125.1	3	11722	11719
ENST00000640131.1	9353	20056	10703
ENST00000640132.1	1440	16630	15190
ENST00000640135.1	1286	3497	2211
ENST00000640138.1	11884	15868	3984
ENST00000640141.1	2029	755917	753888
ENST00000640145.1	1625	119884	118259
ENST00000640146.2	931	46724	45793
ENST00000640150.1	541	8635	8094
ENST00000640151.1	51	691	640
ENST00000640154.2	434	3776	3342
ENST00000640159.2	238	5034	4796
ENST00000640160.1	0	798	798
ENST00000640168.2	2763	59721	56958
ENST00000640170.1	104011	117660	13649
ENST00000640173.1	30	17969	17939
ENST00000640174.1	0	24894	24894
ENST00000640175.1	16	4293	4277
ENST00000640178.1	23531	37300	13769
ENST00000640182.1	17	763589	763572
ENST00000640187.1	9071	19774	10703
ENST00000640194.1	6	3513	3507
ENST00000640208.1	21	7323	7302
ENST00000640209.1	12	10775	10763
ENST00000640210.1	13	10993	10980
ENST00000640217.2	226	9572	9346
ENST00000640218.2	4156	16471	12315
ENST00000640220.1	4470	28236	23766
ENST00000640222.1	8927	50174	41247
ENST00000640225.1	44462	59601	15139
ENST00000640231.1	13	275177	275164
ENST00000640233.1	917	8645	7728
ENST00000640234.1	0	19390	19390
ENST00000640237.2	53	17089	17036
ENST00000640238.1	23500	29402	5902
ENST00000640240.1	3	683	680
ENST00000640242.1	0	18407	18407
ENST00000640243.1	121274	452056	330782
ENST00000640252.2	4695	122954	118259
ENST00000640254.2	0	13927	13927
ENST00000640258.1	57797	70593	12796
ENST00000640268.1	58227	117829	59602
ENST00000640269.1	6385	12644	6259
ENST00000640271.3	677	1767	1090
ENST00000640272.1	16	3985	3969
ENST00000640275.1	2250	65745	63495
ENST00000640279.1	98	39675	39577
ENST00000640282.1	0	4107	4107
ENST00000640283.2	1516	3116	1600
ENST00000640287.1	0	17732	17732
ENST00000640290.2	16	5109	5093
ENST00000640291.2	55484	902093	846609
ENST00000640292.2	5584	45211	39627
ENST00000640295.1	31004	49848	18844
ENST00000640298.3	48217	49237	1020
ENST00000640301.1	0	1915	1915
ENST00000640302.2	75	1237	1162
ENST00000640304.2	470	17094	16624
ENST00000640306.1	3612	21505	17893
ENST00000640310.2	1070	3942	2872
ENST00000640314.1	30918	49714	18796
ENST00000640315.1	7205	50356	43151
ENST00000640318.2	1222	122661	121439
ENST00000640322.1	997	25497	24500
ENST00000640324.1	0	11377	11377
ENST00000640326.1	9974	33648	23674
ENST00000640331.1	0	966	966
ENST00000640335.1	0	16259	16259
ENST00000640338.1	8	115890	115882
ENST00000640341.1	20895	53904	33009
ENST00000640342.1	15	210922	210907
ENST00000640343.2	2545	59586	57041
ENST00000640345.1	12444	74548	62104
ENST00000640349.1	4	18916	18912
ENST00000640351.1	59521	108572	49051
ENST00000640352.1	10249	14444	4195
ENST00000640353.1	0	519543	519543
ENST00000640357.1	23474	80727	57253
ENST00000640358.1	76	41387	41311
ENST00000640360.1	23531	37300	13769
ENST00000640368.2	911	18682	17771
ENST00000640369.1	34325	141799	107474
ENST00000640370.1	5850	36311	30461
ENST00000640371.1	0	2397	2397
ENST00000640376.1	0	110567	110567
ENST00000640378.1	13756	22227	8471
ENST00000640385.1	180	12028	11848
ENST00000640386.1	237580	392290	154710
ENST00000640388.1	4453	6489	2036
ENST00000640397.1	234	25746	25512
ENST00000640403.1	3229	74280	71051
ENST00000640406.1	2056	3995	1939
ENST00000640407.1	0	44658	44658
ENST00000640418.1	959	67117	66158
ENST00000640421.1	8042	18745	10703
ENST00000640425.1	8273	50426	42153
ENST00000640428.1	9990	34375	24385
ENST00000640429.1	0	86	86
ENST00000640431.1	0	16690	16690
ENST00000640440.1	2175	6382	4207
ENST00000640443.1	6385	16174	9789
ENST00000640445.1	0	242	242
ENST00000640449.2	87	1418	1331
ENST00000640451.1	113	27056	26943
ENST00000640460.1	0	17680	17680
ENST00000640461.1	0	81359	81359
ENST00000640463.1	9331	20034	10703
ENST00000640469.1	0	18699	18699
ENST00000640473.1	162	13440	13278
ENST00000640483.1	0	300692	300692
ENST00000640489.1	114	2013	1899
ENST00000640490.1	872	144070	143198
ENST00000640495.1	11887	15871	3984
ENST00000640497.1	0	4156	4156
ENST00000640501.1	0	386	386
ENST00000640506.1	0	13451	13451
ENST00000640507.1	7623	18326	10703
ENST00000640511.1	9331	20034	10703
ENST00000640521.1	16	29367	29351
ENST00000640522.1	28721	359584	330863
ENST00000640523.1	1226	764691	763465
ENST00000640527.1	0	35131	35131
ENST00000640528.1	4956	458492	453536
ENST00000640529.2	2198	332781	330583
ENST00000640530.1	16741	39431	22690
ENST00000640533.1	18	154152	154134
ENST00000640540.1	1602	119977	118375
ENST00000640542.1	14	12576	12562
ENST00000640545.1	361	4221	3860
ENST00000640549.2	45	12807	12762
ENST00000640551.3	159	12936	12777
ENST00000640554.1	84	1680	1596
ENST00000640558.1	0	1186	1186
ENST00000640559.2	96	13523	13427
ENST00000640565.1	748	1752	1004
ENST00000640566.1	3	452021	452018
ENST00000640568.1	937	79154	78217
ENST00000640572.1	8707	50021	41314
ENST00000640574.1	33862	88545	54683
ENST00000640575.2	255	204224	203969
ENST00000640577.1	11038	21741	10703
ENST00000640579.1	0	506	506
ENST00000640585.1	16	3102	3086
ENST00000640586.1	0	14606	14606
ENST00000640590.1	1228	60980	59752
ENST00000640593.1	103064	116713	13649
ENST00000640594.1	31004	49848	18844
ENST00000640600.1	23522	55685	32163
ENST00000640601.1	0	4008	4008
ENST00000640605.1	17	763600	763583
ENST00000640607.2	200	120553	120353
ENST00000640608.1	118	16172	16054
ENST00000640610.1	1029	18759	17730
ENST00000640613.1	0	17568	17568
ENST00000640619.1	0	2887	2887
ENST00000640621.1	55	12719	12664
ENST00000640625.1	592	6131	5539
ENST00000640626.1	3	763024	763021
ENST00000640627.1	1	387	386
ENST00000640632.1	287	73006	72719
ENST00000640634.1	179	53525	53346
ENST00000640636.1	0	17126	17126
ENST00000640639.1	76	34840	34764
ENST00000640640.1	2980	56117	53137
ENST00000640646.1	0	3337	3337
ENST00000640652.1	35367	92192	56825
ENST00000640655.2	126209	196325	70116
ENST00000640664.2	36897	117740	80843
ENST00000640666.1	24	12786	12762
ENST00000640669.1	297	21858	21561
ENST00000640672.1	0	23070	23070
ENST00000640679.1	705	26470	25765
ENST00000640682.1	13550	70801	57251
ENST00000640683.1	329	53123	52794
ENST00000640684.1	20	14400	14380
ENST00000640689.1	87	6311	6224
ENST00000640692.1	16	5291	5275
ENST00000640694.1	2300	91697	89397
ENST00000640697.1	0	489	489
ENST00000640702.1	310	1176	866
ENST00000640710.1	6384	459920	453536
ENST00000640711.1	32	15686	15654
ENST00000640715.1	23542	53227	29685
ENST00000640716.1	2487	4070	1583
ENST00000640717.1	9332	20035	10703
ENST00000640721.1	560	2613	2053
ENST00000640723.1	0	46306	46306
ENST00000640726.1	23539	37602	14063
ENST00000640728.1	2959	13662	10703
ENST00000640732.1	23525	53289	29764
ENST00000640741.1	0	7183	7183
ENST00000640747.1	4207	5361	1154
ENST00000640757.1	71	61245	61174
ENST00000640762.1	94	4841	4747
ENST00000640763.1	11513	22218	10705
ENST00000640765.1	5530	215400	209870
ENST00000640766.1	0	11701	11701
ENST00000640768.1	1119	4381	3262
ENST00000640769.2	1123	209256	208133
ENST00000640773.1	0	753676	753676
ENST00000640774.2	8384	10777	2393
ENST00000640779.1	0	18997	18997
ENST00000640790.1	0	71237	71237
ENST00000640792.1	112	41381	41269
ENST00000640799.1	548	13813	13265
ENST00000640801.1	0	3447	3447
ENST00000640803.1	3	1189	1186
ENST00000640805.2	418	1580	1162
ENST00000640806.1	190	12460	12270
ENST00000640807.1	3	763129	763126
ENST00000640813.1	3375	8175	4800
ENST00000640815.1	66292	265709	199417
ENST00000640821.3	72	18873	18801
ENST00000640822.1	9131	28742	19611
ENST00000640827.1	1187	25664	24477
ENST00000640834.1	34	753914	753880
ENST00000640835.1	8550	23850	15300
ENST00000640846.1	3	1189	1186
ENST00000640849.1	8497	19360	10863
ENST00000640851.1	11	11660	11649
ENST00000640858.1	871	179164	178293
ENST00000640859.1	1879	4992	3113
ENST00000640866.1	0	17111	17111
ENST00000640868.1	155	3273	3118
ENST00000640870.1	22240	35337	13097
ENST00000640871.1	0	6729	6729
ENST00000640872.1	0	11689	11689
ENST00000640876.1	3007	121266	118259
ENST00000640880.1	271	5179	4908
ENST00000640888.2	62	19161	19099
ENST00000640889.1	2128	22017	19889
ENST00000640893.1	1	144934	144933
ENST00000640903.1	30937	31015	78
ENST00000640905.1	0	8754	8754
ENST00000640906.1	0	225643	225643
ENST00000640909.2	1222	48701	47479
ENST00000640910.1	0	35943	35943
ENST00000640914.1	41382	42991	1609
ENST00000640927.1	64	51865	51801
ENST00000640931.1	1334	81556	80222
ENST00000640934.1	3	763073	763070
ENST00000640939.1	443	5641	5198
ENST00000640949.1	20	12153	12133
ENST00000640952.1	0	9526	9526
ENST00000640954.1	7	206399	206392
ENST00000640956.1	225	2485	2260
ENST00000640957.1	1564	53293	51729
ENST00000640959.1	16	1023	1007
ENST00000640961.2	18	275016	274998
ENST00000640963.1	0	17603	17603
ENST00000640965.1	28895	69637	40742
ENST00000640967.1	16704	62620	45916
ENST00000640969.1	2004	755970	753966
ENST00000640970.1	874	179167	178293
ENST00000640975.1	735	18506	17771
ENST00000640978.1	10907	20496	9589
ENST00000640979.1	803	12244	11441
ENST00000640980.1	219	59160	58941
ENST00000640981.1	0	5322	5322
ENST00000640982.1	951	25451	24500
ENST00000640985.1	101	87172	87071
ENST00000640986.1	16	5291	5275
ENST00000640992.1	951	25451	24500
ENST00000640996.1	24	3110	3086
ENST00000640999.1	767	26706	25939
ENST00000641002.1	1171	3047	1876
ENST00000641010.1	2129	205800	203671
ENST00000641015.1	7012	8858	1846
ENST00000641016.1	0	74	74
ENST00000641017.1	0	86850	86850
ENST00000641019.2	509	2493	1984
ENST00000641020.1	871	339175	338304
ENST00000641023.2	89	33690	33601
ENST00000641025.1	3902	48271	44369
ENST00000641027.1	434	2286	1852
ENST00000641030.1	0	36655	36655
ENST00000641031.1	3	7018	7015
ENST00000641032.1	135491	178030	42539
ENST00000641036.1	0	1126	1126
ENST00000641039.1	6570	8434	1864
ENST00000641040.1	1286	3162	1876
ENST00000641041.1	142931	178043	35112
ENST00000641042.1	1721	3591	1870
ENST00000641044.2	5706	7564	1858
ENST00000641045.1	6700	8588	1888
ENST00000641047.1	926	91724	90798
ENST00000641050.1	1417	179710	178293
ENST00000641051.1	3357	181907	178550
ENST00000641052.1	14193	145480	131287
ENST00000641057.1	2037	3939	1902
ENST00000641061.1	0	35217	35217
ENST00000641064.1	3577	5447	1870
ENST00000641066.1	4740	183290	178550
ENST00000641067.1	106	9632	9526
ENST00000641068.1	5937	7795	1858
ENST00000641069.1	1635	3523	1888
ENST00000641071.2	1806	5113	3307
ENST00000641072.1	0	166415	166415
ENST00000641074.1	137	32406	32269
ENST00000641076.1	3322	5210	1888
ENST00000641081.1	1865	3807	1942
ENST00000641082.1	3536	5418	1882
ENST00000641083.1	1385	25456	24071
ENST00000641086.1	4916	6762	1846
ENST00000641090.1	24	1924	1900
ENST00000641092.1	3913	48083	44170
ENST00000641093.1	143	1995	1852
ENST00000641094.2	0	22220	22220
ENST00000641095.1	1409	6410	5001
ENST00000641098.1	75	10961	10886
ENST00000641102.1	1368	196193	194825
ENST00000641107.1	2530	10055	7525
ENST00000641109.1	235076	276010	40934
ENST00000641110.1	728	144183	143455
ENST00000641113.1	2226	4078	1852
ENST00000641114.1	1947	3799	1852
ENST00000641115.1	125	33464	33339
ENST00000641116.1	0	35077	35077
ENST00000641119.1	96	16463	16367
ENST00000641120.1	874	144072	143198
ENST00000641123.1	38	1968	1930
ENST00000641124.1	2384	4278	1894
ENST00000641125.1	9395	11277	1882
ENST00000641129.1	485	2337	1852
ENST00000641131.1	2463	4363	1900
ENST00000641133.1	21563	47997	26434
ENST00000641134.1	646	25695	25049
ENST00000641136.1	1414	8230	6816
ENST00000641137.2	445	4699	4254
ENST00000641139.1	879	2755	1876
ENST00000641141.1	9216	11104	1888
ENST00000641145.1	358	149942	149584
ENST00000641147.1	2744	40726	37982
ENST00000641148.1	135491	142935	7444
ENST00000641149.2	1850	3750	1900
ENST00000641151.2	3833	5697	1864
ENST00000641152.2	1193	3081	1888
ENST00000641156.1	2609	4485	1876
ENST00000641157.1	697	179247	178550
ENST00000641159.2	338	8172	7834
ENST00000641160.1	5096	6984	1888
ENST00000641161.1	4848	6718	1870
ENST00000641164.1	1031	2919	1888
ENST00000641166.1	741	144196	143455
ENST00000641167.1	222	2086	1864
ENST00000641169.1	2384	4278	1894
ENST00000641170.1	1276	179569	178293
ENST00000641172.1	4750	6614	1864
ENST00000641178.1	2744	41038	38294
ENST00000641181.1	1498	3440	1942
ENST00000641185.1	1286	3162	1876
ENST00000641186.1	2819	48748	45929
ENST00000641193.1	2624	4518	1894
ENST00000641196.1	2992	4952	1960
ENST00000641198.1	2101	9842	7741
ENST00000641199.1	6709	18233	11524
ENST00000641200.1	6819	8695	1876
ENST00000641202.1	8138	10008	1870
ENST00000641203.1	91607	126719	35112
ENST00000641205.1	51826	52034	208
ENST00000641206.2	4282	188360	184078
ENST00000641207.1	743	179293	178550
ENST00000641208.1	6931	150129	143198
ENST00000641211.1	5165	7245	2080
ENST00000641213.1	139	13064	12925
ENST00000641217.1	1271	92326	91055
ENST00000641220.1	2938	4856	1918
ENST00000641221.1	142810	143048	238
ENST00000641224.2	2825	4689	1864
ENST00000641225.1	10975	16273	5298
ENST00000641227.1	0	52326	52326
ENST00000641228.1	1705	45875	44170
ENST00000641237.1	871	144069	143198
ENST00000641238.1	3129	5011	1882
ENST00000641240.1	5514	7354	1840
ENST00000641243.1	697	33494	32797
ENST00000641244.1	3626	5496	1870
ENST00000641246.2	0	628	628
ENST00000641247.1	27	9615	9588
ENST00000641252.1	0	682	682
ENST00000641253.1	142809	143047	238
ENST00000641256.1	2619	4501	1882
ENST00000641258.1	2018	3912	1894
ENST00000641259.1	85	2471562	2471477
ENST00000641264.1	10926	32221	21295
ENST00000641265.1	47870	143823	95953
ENST00000641268.1	1934	3870	1936
ENST00000641270.1	3	1891	1888
ENST00000641272.1	40	24164	24124
ENST00000641274.1	758	179051	178293
ENST00000641275.1	1375	6569	5194
ENST00000641276.1	4480	6398	1918
ENST00000641278.1	3545	5427	1882
ENST00000641279.1	68	1944	1876
ENST00000641282.1	2581	4529	1948
ENST00000641283.1	1156	144611	143455
ENST00000641284.2	5884	21135	15251
ENST00000641287.1	2019	145474	143455
ENST00000641288.2	6803	8673	1870
ENST00000641291.1	1421	3303	1882
ENST00000641297.1	1099	144554	143455
ENST00000641306.1	142501	142739	238
ENST00000641310.1	3251	12518	9267
ENST00000641311.1	1356	3226	1870
ENST00000641313.1	871	144069	143198
ENST00000641317.1	85492	143253	57761
ENST00000641318.1	1238	3126	1888
ENST00000641319.1	2415	25406	22991
ENST00000641320.1	2765	4707	1942
ENST00000641322.1	8082	9934	1852
ENST00000641323.1	128	558	430
ENST00000641324.1	1998	170574	168576
ENST00000641329.1	3429	5305	1876
ENST00000641332.1	13725	46522	32797
ENST00000641339.1	67	3867	3800
ENST00000641340.1	12456	45206	32750
ENST00000641341.1	2200	180750	178550
ENST00000641342.2	1097	2949	1852
ENST00000641346.1	235000	235186	186
ENST00000641350.2	498	2422	1924
ENST00000641351.3	1925	3795	1870
ENST00000641358.1	135682	178169	42487
ENST00000641359.1	3	529	526
ENST00000641361.1	5013	6955	1942
ENST00000641363.1	0	1888	1888
ENST00000641364.1	1658	3522	1864
ENST00000641367.1	1238	8045	6807
ENST00000641369.1	0	11899	11899
ENST00000641371.1	83	23133	23050
ENST00000641374.1	154	2030	1876
ENST00000641375.1	87	13012	12925
ENST00000641376.1	0	13210	13210
ENST00000641377.2	86	5839	5753
ENST00000641379.1	85479	178335	92856
ENST00000641380.1	1907	3765	1858
ENST00000641381.1	385	17816	17431
ENST00000641384.1	699	144083	143384
ENST00000641385.1	143079	143317	238
ENST00000641386.2	6761	8631	1870
ENST00000641389.3	610	13903	13293
ENST00000641391.1	732	144187	143455
ENST00000641393.1	2773	40755	37982
ENST00000641394.1	0	718	718
ENST00000641397.1	3910	47967	44057
ENST00000641398.1	4855	6983	2128
ENST00000641400.1	0	1942	1942
ENST00000641405.1	12868	179250	166382
ENST00000641407.1	194	14682	14488
ENST00000641408.1	0	35089	35089
ENST00000641410.1	4861	183154	178293
ENST00000641412.1	5127	7027	1900
ENST00000641413.1	3467	12449	8982
ENST00000641415.1	234994	235180	186
ENST00000641416.1	1081	2933	1852
ENST00000641417.1	2729	4599	1870
ENST00000641419.1	2535	4441	1906
ENST00000641420.1	3	5513	5510
ENST00000641423.1	5065	6947	1882
ENST00000641429.1	4623	6487	1864
ENST00000641430.1	874	144072	143198
ENST00000641432.1	3988	5864	1876
ENST00000641434.1	2735	48777	46042
ENST00000641435.1	142941	178053	35112
ENST00000641439.1	1761	3643	1882
ENST00000641440.1	250	4346	4096
ENST00000641441.1	3907	5765	1858
ENST00000641444.1	396	2242	1846
ENST00000641446.1	1663	14685	13022
ENST00000641447.1	0	21808	21808
ENST00000641449.1	6705	8563	1858
ENST00000641450.1	2004	3880	1876
ENST00000641451.2	11	1887	1876
ENST00000641452.1	142809	178142	35333
ENST00000641458.2	119	75671	75552
ENST00000641459.1	743	344560	343817
ENST00000641460.1	3844	5720	1876
ENST00000641461.1	6698	8514	1816
ENST00000641462.2	6826	185376	178550
ENST00000641464.1	15238	40127	24889
ENST00000641465.1	1891	3779	1888
ENST00000641467.1	142566	177899	35333
ENST00000641470.1	396	2242	1846
ENST00000641471.1	1354	25523	24169
ENST00000641476.1	0	372	372
ENST00000641478.1	1761	3643	1882
ENST00000641482.1	3837	48206	44369
ENST00000641485.1	2747	169220	166473
ENST00000641486.1	100	2042	1942
ENST00000641490.1	3587	5457	1870
ENST00000641491.1	117	13042	12925
ENST00000641492.1	7357	9245	1888
ENST00000641493.1	13283	179665	166382
ENST00000641494.1	309928	338883	28955
ENST00000641498.1	60	20630	20570
ENST00000641499.1	39010	264550	225540
ENST00000641501.1	12111	14005	1894
ENST00000641503.1	320	33212	32892
ENST00000641504.1	7001	8919	1918
ENST00000641508.1	15259	48009	32750
ENST00000641509.1	2773	48503	45730
ENST00000641511.1	0	5404	5404
ENST00000641513.1	88	13013	12925
ENST00000641515.2	146	5562	5416
ENST00000641516.1	8145	10015	1870
ENST00000641521.1	2578	4442	1864
ENST00000641524.1	11248	13124	1876
ENST00000641525.1	83	1965	1882
ENST00000641526.1	0	1882	1882
ENST00000641527.1	1914	3814	1900
ENST00000641528.1	6255	8137	1882
ENST00000641530.1	0	1882	1882
ENST00000641531.1	142218	177551	35333
ENST00000641535.1	3728	5604	1876
ENST00000641536.1	214	5955	5741
ENST00000641537.1	876	144074	143198
ENST00000641538.1	0	28661	28661
ENST00000641540.1	2048	3948	1900
ENST00000641541.1	7001	8919	1918
ENST00000641544.1	2064	3934	1870
ENST00000641545.1	221	4389	4168
ENST00000641546.1	1026	2896	1870
ENST00000641548.1	2971	7858	4887
ENST00000641551.1	1238	3126	1888
ENST00000641553.1	2070	180620	178550
ENST00000641555.1	871	144069	143198
ENST00000641557.1	4823	6725	1902
ENST00000641558.1	0	15827	15827
ENST00000641559.1	2477	4359	1882
ENST00000641568.1	2369	2673	304
ENST00000641569.1	1625	3477	1852
ENST00000641570.1	87	13226	13139
ENST00000641572.1	3048	4906	1858
ENST00000641575.1	6607	94945	88338
ENST00000641576.1	2136	4006	1870
ENST00000641580.1	1084	2942	1858
ENST00000641581.1	1608	3478	1870
ENST00000641585.1	2056	3920	1864
ENST00000641587.1	87	9568	9481
ENST00000641590.1	1573	45829	44256
ENST00000641592.1	8830	10688	1858
ENST00000641593.1	7001	8919	1918
ENST00000641595.1	142075	142313	238
ENST00000641597.1	63612	97213	33601
ENST00000641599.1	4162	11466	7304
ENST00000641600.1	1668	3532	1864
ENST00000641603.1	6607	94700	88093
ENST00000641605.1	106	11786	11680
ENST00000641607.1	745	91800	91055
ENST00000641609.1	142886	177998	35112
ENST00000641622.1	2581	4529	1948
ENST00000641626.1	5803	7673	1870
ENST00000641627.1	6184	8060	1876
ENST00000641629.1	0	56487	56487
ENST00000641630.1	37	1955	1918
ENST00000641633.2	6761	8631	1870
ENST00000641634.1	143404	178516	35112
ENST00000641638.1	1581	3499	1918
ENST00000641641.1	405	4714	4309
ENST00000641643.2	3015	50345	47330
ENST00000641644.1	11863	13709	1846
ENST00000641645.1	1386	3304	1918
ENST00000641646.1	3408	5302	1894
ENST00000641647.1	1262	179812	178550
ENST00000641649.1	13846	15716	1870
ENST00000641651.1	0	1870	1870
ENST00000641652.1	96	1996	1900
ENST00000641653.1	142801	177913	35112
ENST00000641654.1	391	131047	130656
ENST00000641656.1	135491	143029	7538
ENST00000641657.1	1962	145417	143455
ENST00000641658.1	12714	37763	25049
ENST00000641659.2	1453	3323	1870
ENST00000641661.1	827	2733	1906
ENST00000641662.1	3163	5033	1870
ENST00000641663.1	4409	6267	1858
ENST00000641664.1	4448	6270	1822
ENST00000641665.1	1485	3439	1954
ENST00000641666.2	662	2580	1918
ENST00000641668.1	1608	3478	1870
ENST00000641669.1	3626	5496	1870
ENST00000641670.1	3460	5312	1852
ENST00000641672.1	65	2115	2050
ENST00000641673.1	5013	6955	1942
ENST00000641675.1	0	35041	35041
ENST00000641677.1	859	344419	343560
ENST00000641682.1	6542	8406	1864
ENST00000641683.2	3	1873	1870
ENST00000641686.2	2828	48870	46042
ENST00000641687.1	4265	6147	1882
ENST00000641688.3	2094	31775	29681
ENST00000641689.1	3163	5033	1870
ENST00000641690.1	2806	48649	45843
ENST00000641691.1	19749	24636	4887
ENST00000641692.1	2577	4441	1864
ENST00000641693.1	1454	3318	1864
ENST00000641695.1	6402	33415	27013
ENST00000641697.1	6570	8434	1864
ENST00000641698.1	3677	5541	1864
ENST00000641700.1	0	574	574
ENST00000641703.1	0	3003	3003
ENST00000641707.1	128	1992	1864
ENST00000641709.1	152	426	274
ENST00000641710.1	3	7241	7238
ENST00000641713.1	214	10088	9874
ENST00000641714.1	2100	3970	1870
ENST00000641717.1	2170	5027	2857
ENST00000641718.1	2088	180638	178550
ENST00000641720.1	3468	12906	9438
ENST00000641722.1	2578	4442	1864
ENST00000641724.1	863	144318	143455
ENST00000641726.1	3664	5534	1870
ENST00000641732.2	7954	9806	1852
ENST00000641737.1	740	144195	143455
ENST00000641740.2	955	2819	1864
ENST00000641742.1	12751	45548	32797
ENST00000641743.1	69	33074	33005
ENST00000641747.1	10547	13594	3047
ENST00000641748.1	2808	48850	46042
ENST00000641753.1	2744	48555	45811
ENST00000641754.2	1075	17647	16572
ENST00000641756.1	8815	12162	3347
ENST00000641760.1	3245	5115	1870
ENST00000641762.1	12747	179129	166382
ENST00000641767.1	2093	145291	143198
ENST00000641768.1	1484	3408	1924
ENST00000641771.1	8198	10068	1870
ENST00000641774.1	15264	47901	32637
ENST00000641776.1	9135	32315	23180
ENST00000641777.1	206	35545	35339
ENST00000641782.1	0	42	42
ENST00000641787.1	96	16446	16350
ENST00000641791.1	7305	9193	1888
ENST00000641792.2	2105	3993	1888
ENST00000641793.1	121	1979	1858
ENST00000641795.1	879	59399	58520
ENST00000641796.2	75	1957	1882
ENST00000641798.1	34297	69409	35112
ENST00000641801.2	0	628	628
ENST00000641802.1	6875	8793	1918
ENST00000641803.1	6623	150078	143455
ENST00000641804.1	13574	15468	1894
ENST00000641810.1	3670	5528	1858
ENST00000641811.1	0	23554	23554
ENST00000641812.1	214	8295	8081
ENST00000641815.1	59818	84672	24854
ENST00000641816.2	697	1738	1041
ENST00000641817.1	2314	4256	1942
ENST00000641819.1	4132	6020	1888
ENST00000641820.1	41	6833	6792
ENST00000641822.1	73	2243	2170
ENST00000641823.1	744	179294	178550
ENST00000641826.1	0	57787	57787
ENST00000641830.1	295	18758	18463
ENST00000641831.1	709	179259	178550
ENST00000641833.1	3577	5447	1870
ENST00000641835.1	2609	4485	1876
ENST00000641836.1	5165	7245	2080
ENST00000641837.1	396	5860	5464
ENST00000641840.1	2824	4694	1870
ENST00000641841.1	1036	2894	1858
ENST00000641843.1	12797	37733	24936
ENST00000641846.1	1511	3381	1870
ENST00000641848.1	3048	4906	1858
ENST00000641850.1	5564	7428	1864
ENST00000641851.1	1625	3477	1852
ENST00000641854.1	85895	143656	57761
ENST00000641855.1	0	52206	52206
ENST00000641856.1	89	3302	3213
ENST00000641858.1	603	11389	10786
ENST00000641861.1	168	2080	1912
ENST00000641862.1	860	179153	178293
ENST00000641863.3	4875	206981	202106
ENST00000641864.1	2674	134052	131378
ENST00000641865.1	4	1886	1882
ENST00000641866.1	255	2095	1840
ENST00000641868.1	7512	9376	1864
ENST00000641869.1	13822	22987	9165
ENST00000641870.1	13703	46500	32797
ENST00000641873.1	0	131094	131094
ENST00000641874.1	1977	3853	1876
ENST00000641879.2	6542	8406	1864
ENST00000641881.1	1243	86589	85346
ENST00000641882.1	12762	45446	32684
ENST00000641885.1	1126	3008	1882
ENST00000641888.1	106	11759	11653
ENST00000641891.1	87	13012	12925
ENST00000641893.1	4192	6062	1870
ENST00000641895.1	4989	6913	1924
ENST00000641896.1	5148	7090	1942
ENST00000641897.1	7012	8858	1846
ENST00000641898.1	3331	5207	1876
ENST00000641899.1	0	14918	14918
ENST00000641900.1	7415	9297	1882
ENST00000641902.1	2078	180628	178550
ENST00000641903.1	875	150235	149360
ENST00000641904.1	4448	6270	1822
ENST00000641905.1	5096	6984	1888
ENST00000641911.1	460	143915	143455
ENST00000641913.1	2053	3941	1888
ENST00000641917.1	24482	179028	154546
ENST00000641918.1	3	631	628
ENST00000641921.2	216	2098	1882
ENST00000641924.1	6432	23368	16936
ENST00000641925.2	7161	9103	1942
ENST00000641926.1	2134	4016	1882
ENST00000641928.1	15249	40138	24889
ENST00000641930.1	4166	6036	1870
ENST00000641931.1	7001	8919	1918
ENST00000641938.1	80	1962	1882
ENST00000641943.1	2000	145455	143455
ENST00000641945.2	766	2636	1870
ENST00000641946.1	145	5719	5574
ENST00000641947.1	139	33719	33580
ENST00000641949.1	847	46108	45261
ENST00000641952.1	3351	181901	178550
ENST00000641954.1	1541	171811	170270
ENST00000641960.1	3675	5539	1864
ENST00000641962.1	3374	5256	1882
ENST00000641971.1	3728	5604	1876
ENST00000641972.1	8581	10445	1864
ENST00000641976.1	0	508	508
ENST00000641978.1	1409	6742	5333
ENST00000641981.2	0	646	646
ENST00000641983.1	4753	183303	178550
ENST00000641987.1	105	11758	11653
ENST00000641989.1	869	144067	143198
ENST00000641992.2	8556	10420	1864
ENST00000641993.1	303	2143	1840
ENST00000641996.1	71800	89424	17624
ENST00000641997.1	48379	179427	131048
ENST00000641998.1	5564	7428	1864
ENST00000642000.1	9917	11835	1918
ENST00000642005.1	3100	5006	1906
ENST00000642006.1	1112	91910	90798
ENST00000642007.2	258	20508	20250
ENST00000642009.1	695	144150	143455
ENST00000642011.1	8198	10068	1870
ENST00000642013.1	198	150979	150781
ENST00000642015.1	1294	144749	143455
ENST00000642017.2	105	5984	5879
ENST00000642019.1	0	43528	43528
ENST00000642020.1	518	8097	7579
ENST00000642023.1	859	143986	143127
ENST00000642025.1	11679	14549	2870
ENST00000642029.1	3	601	598
ENST00000642030.1	9917	11835	1918
ENST00000642032.1	1400	144598	143198
ENST00000642034.1	3900	48156	44256
ENST00000642035.1	89479	182335	92856
ENST00000642036.1	1238	3126	1888
ENST00000642038.1	872	179165	178293
ENST00000642040.1	496	273143	272647
ENST00000642041.1	139	9727	9588
ENST00000642042.1	891	45869	44978
ENST00000642043.1	6803	8673	1870
ENST00000642044.1	652	200680	200028
ENST00000642046.1	5587	7541	1954
ENST00000642047.1	1408	3290	1882
ENST00000642048.1	0	106	106
ENST00000642050.2	1352	25435	24083
ENST00000642051.1	1069	2909	1840
ENST00000642052.1	774	2662	1888
ENST00000642057.1	6376	8222	1846
ENST00000642058.1	2053	3941	1888
ENST00000642060.1	148988	184100	35112
ENST00000642064.1	2708	4572	1864
ENST00000642065.1	1	19500	19499
ENST00000642069.2	22	1922	1900
ENST00000642071.3	496	65081	64585
ENST00000642078.1	12796	37845	25049
ENST00000642079.2	2920	10824	7904
ENST00000642080.1	1947	3799	1852
ENST00000642081.1	44929	52321	7392
ENST00000642087.2	1936	3152	1216
ENST00000642090.1	2346	4216	1870
ENST00000642092.2	6388	8276	1888
ENST00000642097.1	1293	3121	1828
ENST00000642103.1	1255	144710	143455
ENST00000642104.1	6257	8127	1870
ENST00000642105.1	0	1948	1948
ENST00000642108.1	3129	5011	1882
ENST00000642111.1	72	2026	1954
ENST00000642117.2	99	5756	5657
ENST00000642119.1	1309	3149	1840
ENST00000642122.1	453	32368	31915
ENST00000642123.1	2226	4078	1852
ENST00000642125.1	2919	4813	1894
ENST00000642128.1	0	1894	1894
ENST00000642129.1	235067	276866	41799
ENST00000642130.1	7286	9228	1942
ENST00000642146.1	55296	55372	76
ENST00000642151.1	0	736	736
ENST00000642160.1	907	4641	3734
ENST00000642164.1	482635	882622	399987
ENST00000642169.1	24436	57295	32859
ENST00000642171.1	4756	163689	158933
ENST00000642177.1	28	49239	49211
ENST00000642180.1	5520	13904	8384
ENST00000642185.1	200	571	371
ENST00000642186.1	24342	59762	35420
ENST00000642187.1	17717	87444	69727
ENST00000642192.1	3645	9411	5766
ENST00000642194.1	30	184718	184688
ENST00000642195.1	21	5237	5216
ENST00000642198.1	3634	33635	30001
ENST00000642200.1	3866	136812	132946
ENST00000642201.1	24411	45945	21534
ENST00000642206.2	637	45857	45220
ENST00000642207.1	0	14031	14031
ENST00000642209.1	93	36314	36221
ENST00000642214.1	54	32502	32448
ENST00000642219.2	14994	97905	82911
ENST00000642221.1	1119	24991	23872
ENST00000642222.1	1287	95851	94564
ENST00000642225.1	51996	138436	86440
ENST00000642227.1	14416	25042	10626
ENST00000642228.1	66109	191282	125173
ENST00000642230.1	35	28942	28907
ENST00000642232.1	777	278919	278142
ENST00000642236.1	982	65380	64398
ENST00000642238.2	20413	424174	403761
ENST00000642240.1	1592	5734	4142
ENST00000642241.1	23146	44394	21248
ENST00000642243.1	525	66666	66141
ENST00000642244.1	749	49600	48851
ENST00000642245.1	12622	22238	9616
ENST00000642246.1	44932	61581	16649
ENST00000642248.1	29176	46775	17599
ENST00000642250.1	11276	135287	124011
ENST00000642251.1	0	270	270
ENST00000642252.1	478	132069	131591
ENST00000642259.1	0	8677	8677
ENST00000642261.2	11429	39721	28292
ENST00000642265.1	0	100056	100056
ENST00000642270.1	17197	37050	19853
ENST00000642271.1	91	88574	88483
ENST00000642274.1	5618	161380	155762
ENST00000642278.1	971	65048	64077
ENST00000642281.1	0	92115	92115
ENST00000642285.1	6114	26057	19943
ENST00000642286.1	482580	538231	55651
ENST00000642288.1	0	109782	109782
ENST00000642289.1	0	4467	4467
ENST00000642291.1	13989	45408	31419
ENST00000642292.1	155	31507	31352
ENST00000642294.1	0	2993	2993
ENST00000642295.1	482	30213	29731
ENST00000642299.1	9229	25474	16245
ENST00000642304.1	0	1982	1982
ENST00000642307.1	3816	111263	107447
ENST00000642308.1	3113	5076	1963
ENST00000642309.1	52449	86237	33788
ENST00000642315.1	23926	41525	17599
ENST00000642316.2	6744	112231	105487
ENST00000642319.1	18713	233451	214738
ENST00000642322.2	10	15234	15224
ENST00000642324.1	615	19987	19372
ENST00000642330.1	36	81664	81628
ENST00000642331.1	28727	223998	195271
ENST00000642333.1	820	30164	29344
ENST00000642334.1	0	33715	33715
ENST00000642339.1	31	34587	34556
ENST00000642343.2	211	14125	13914
ENST00000642344.1	18171	22498	4327
ENST00000642349.1	0	26623	26623
ENST00000642350.1	0	70300	70300
ENST00000642351.1	8095	28190	20095
ENST00000642352.1	116	227313	227197
ENST00000642354.1	68	9158	9090
ENST00000642355.1	8542	54994	46452
ENST00000642356.2	3490	122509	119019
ENST00000642359.1	600	269909	269309
ENST00000642361.2	425	155973	155548
ENST00000642363.1	3	52288	52285
ENST00000642365.2	592	45960	45368
ENST00000642371.1	0	21337	21337
ENST00000642372.1	0	56193	56193
ENST00000642373.1	13162	23162	10000
ENST00000642376.1	196	82802	82606
ENST00000642377.1	13077	149428	136351
ENST00000642378.1	0	92	92
ENST00000642379.1	2704	11016	8312
ENST00000642383.1	0	12313	12313
ENST00000642384.2	3213	98577	95364
ENST00000642385.2	2927	37069	34142
ENST00000642389.2	8566	158998	150432
ENST00000642390.1	537	13783	13246
ENST00000642391.1	124813	157704	32891
ENST00000642393.1	969	37017	36048
ENST00000642394.1	217	71965	71748
ENST00000642395.2	466	60630	60164
ENST00000642402.1	368	14320	13952
ENST00000642404.1	29095	184383	155288
ENST00000642405.2	0	25465	25465
ENST00000642411.1	29654	184942	155288
ENST00000642412.2	772	2888	2116
ENST00000642416.1	12646	22262	9616
ENST00000642419.1	397	9397	9000
ENST00000642424.1	3222	9124	5902
ENST00000642426.1	24564	42163	17599
ENST00000642431.1	0	766	766
ENST00000642432.1	120	30430	30310
ENST00000642437.1	191477	212528	21051
ENST00000642438.1	17283	27016	9733
ENST00000642439.1	410	101735	101325
ENST00000642441.1	107	72159	72052
ENST00000642443.1	0	36515	36515
ENST00000642445.1	162	78084	77922
ENST00000642449.2	68	34459	34391
ENST00000642452.1	0	5051	5051
ENST00000642454.1	17201	60401	43200
ENST00000642455.1	4	92398	92394
ENST00000642456.1	128	31480	31352
ENST00000642459.1	1305	9068	7763
ENST00000642461.1	1565	130953	129388
ENST00000642462.1	8917	88179	79262
ENST00000642463.1	12637	52390	39753
ENST00000642466.2	17	160770	160753
ENST00000642474.1	0	82	82
ENST00000642475.1	2651	65771	63120
ENST00000642478.1	8223	8699	476
ENST00000642479.1	13	46506	46493
ENST00000642480.2	604	3630	3026
ENST00000642481.1	338	31845	31507
ENST00000642484.1	8402	111832	103430
ENST00000642488.1	5193	52522	47329
ENST00000642491.1	27	28679	28652
ENST00000642492.1	4734	10500	5766
ENST00000642493.1	10966	19968	9002
ENST00000642496.1	256	393571	393315
ENST00000642498.1	716	24717	24001
ENST00000642501.1	124989	270493	145504
ENST00000642502.1	2336	126378	124042
ENST00000642503.1	51314	85870	34556
ENST00000642504.1	28710	172164	143454
ENST00000642507.1	0	3887	3887
ENST00000642508.1	0	42442	42442
ENST00000642510.1	14408	15011	603
ENST00000642511.1	5300	7050	1750
ENST00000642515.1	24464	45998	21534
ENST00000642516.1	17636	48200	30564
ENST00000642518.1	0	16854	16854
ENST00000642524.1	99999	103353	3354
ENST00000642525.1	483272	592173	108901
ENST00000642527.1	12526	30437	17911
ENST00000642529.1	170	76853	76683
ENST00000642537.1	28	26332	26304
ENST00000642538.1	8004	23269	15265
ENST00000642541.1	66012	168239	102227
ENST00000642543.1	126	21626	21500
ENST00000642555.1	1330	2748	1418
ENST00000642556.1	1715	140675	138960
ENST00000642557.4	2625	3401	776
ENST00000642558.1	0	29526	29526
ENST00000642561.1	573	45804	45231
ENST00000642562.1	40	14971	14931
ENST00000642563.1	3588	49856	46268
ENST00000642566.2	39	13218	13179
ENST00000642578.1	370	54038	53668
ENST00000642579.1	96	38440	38344
ENST00000642580.1	18643	23345	4702
ENST00000642592.1	0	21845	21845
ENST00000642593.1	86	57193	57107
ENST00000642594.1	477	41744	41267
ENST00000642595.1	181	96538	96357
ENST00000642600.1	359	56875	56516
ENST00000642603.2	1054	6200	5146
ENST00000642610.2	12623	82897	70274
ENST00000642615.1	5529	34459	28930
ENST00000642616.1	18617	39858	21241
ENST00000642617.1	326	36428	36102
ENST00000642620.1	1026	10266	9240
ENST00000642625.1	12336	26390	14054
ENST00000642626.1	0	10956	10956
ENST00000642627.1	4885	40972	36087
ENST00000642628.1	23195	105760	82565
ENST00000642629.2	3	14500	14497
ENST00000642630.1	25766	111745	85979
ENST00000642633.1	0	214	214
ENST00000642637.1	7971	18728	10757
ENST00000642638.1	59282	70859	11577
ENST00000642639.1	24442	45976	21534
ENST00000642643.1	0	45309	45309
ENST00000642644.1	28	23248	23220
ENST00000642646.1	665	20417	19752
ENST00000642648.1	8747	15752	7005
ENST00000642651.1	60902	64176	3274
ENST00000642653.1	57539	80728	23189
ENST00000642654.1	250	764	514
ENST00000642664.1	0	12234	12234
ENST00000642668.1	167	7556	7389
ENST00000642669.1	81	32592	32511
ENST00000642671.1	76089	79198	3109
ENST00000642675.1	6200	25970	19770
ENST00000642676.1	5777	11313	5536
ENST00000642679.1	0	182	182
ENST00000642680.2	437668	497018	59350
ENST00000642681.2	7243	17250	10007
ENST00000642683.1	64	11653	11589
ENST00000642684.1	907	12874	11967
ENST00000642689.1	1253	26951	25698
ENST00000642691.1	1857	7846	5989
ENST00000642695.1	1798	31142	29344
ENST00000642696.1	921	157168	156247
ENST00000642700.2	18628	23330	4702
ENST00000642706.1	49279	74745	25466
ENST00000642707.1	208	72259	72051
ENST00000642710.1	557	1353	796
ENST00000642713.1	42	9558	9516
ENST00000642714.1	0	35017	35017
ENST00000642719.1	105	2055555	2055450
ENST00000642720.2	482832	882953	400121
ENST00000642721.1	73	50491	50418
ENST00000642726.1	23220	105785	82565
ENST00000642727.1	0	190	190
ENST00000642730.1	1256	42211	40955
ENST00000642734.1	211	453360	453149
ENST00000642735.1	24458	45992	21534
ENST00000642738.1	0	29589	29589
ENST00000642739.1	3065	59955	56890
ENST00000642744.2	2755	62450	59695
ENST00000642745.1	720	20472	19752
ENST00000642746.1	32823	38455	5632
ENST00000642748.1	379	2564	2185
ENST00000642751.1	0	84705	84705
ENST00000642752.1	196	8503	8307
ENST00000642762.1	0	2613	2613
ENST00000642767.1	24484	46018	21534
ENST00000642769.1	9655	51381	41726
ENST00000642771.1	947	79024	78077
ENST00000642772.1	28	37227	37199
ENST00000642777.1	3493	6151	2658
ENST00000642780.1	0	84688	84688
ENST00000642789.1	0	17495	17495
ENST00000642793.1	91	9211	9120
ENST00000642797.1	575	45750	45175
ENST00000642807.1	150729	155429	4700
ENST00000642809.1	10831	144461	133630
ENST00000642810.1	12564	40532	27968
ENST00000642811.1	30645	33915	3270
ENST00000642816.3	1138	5694	4556
ENST00000642817.1	209	74618	74409
ENST00000642819.1	40060	69267	29207
ENST00000642820.1	24458	45992	21534
ENST00000642825.1	164415	213359	48944
ENST00000642826.1	482181	881948	399767
ENST00000642835.1	423	81936	81513
ENST00000642836.1	25829	42943	17114
ENST00000642841.1	3	2868	2865
ENST00000642847.1	42942	43754	812
ENST00000642851.1	0	26511	26511
ENST00000642854.1	13675	17982	4307
ENST00000642864.1	1346	92696	91350
ENST00000642869.1	0	68408	68408
ENST00000642870.2	143	4382	4239
ENST00000642874.1	3	7698	7695
ENST00000642879.1	488	41904	41416
ENST00000642885.1	1962	26479	24517
ENST00000642886.1	24583	42070	17487
ENST00000642889.1	33	222553	222520
ENST00000642890.1	14579	84701	70122
ENST00000642892.1	1765	4986	3221
ENST00000642893.1	2385	2567	182
ENST00000642899.1	0	3376	3376
ENST00000642900.1	19	36235	36216
ENST00000642901.1	0	420	420
ENST00000642902.1	35702	85515	49813
ENST00000642903.1	119	45517	45398
ENST00000642908.1	92	6896	6804
ENST00000642909.1	6356	9176	2820
ENST00000642911.3	201	12456	12255
ENST00000642919.2	122	1018	896
ENST00000642920.2	17882	282546	264664
ENST00000642923.1	1909	21164	19255
ENST00000642928.2	7119	19816	12697
ENST00000642932.1	17643	42243	24600
ENST00000642933.1	238	72210	71972
ENST00000642934.1	28720	223450	194730
ENST00000642936.1	630	45870	45240
ENST00000642937.2	106389	230641	124252
ENST00000642939.1	1129	65256	64127
ENST00000642944.1	593	55363	54770
ENST00000642945.1	18016	29854	11838
ENST00000642948.1	202	186538	186336
ENST00000642949.1	28718	192532	163814
ENST00000642952.1	0	1473	1473
ENST00000642953.1	0	25414	25414
ENST00000642955.1	8672	495344	486672
ENST00000642957.1	17664	35371	17707
ENST00000642959.2	3617	97126	93509
ENST00000642965.1	0	1066	1066
ENST00000642969.1	3	1111	1108
ENST00000642970.1	2507	8391	5884
ENST00000642974.1	1024	85852	84828
ENST00000642978.1	35	4025	3990
ENST00000642980.1	4908	5716	808
ENST00000642985.1	316	144250	143934
ENST00000642986.1	25117	42119	17002
ENST00000642987.1	1170	68086	66916
ENST00000642989.2	282	43943	43661
ENST00000642992.1	25424	43023	17599
ENST00000642995.1	7	47210	47203
ENST00000642999.1	122	92098	91976
ENST00000643000.1	1533	59827	58294
ENST00000643001.1	10278	10758	480
ENST00000643004.1	798	31576	30778
ENST00000643006.1	204	91554	91350
ENST00000643007.1	3	5972	5969
ENST00000643009.1	12388	33930	21542
ENST00000643010.1	0	20262	20262
ENST00000643011.1	1857	8868	7011
ENST00000643019.1	0	472397	472397
ENST00000643020.1	0	68531	68531
ENST00000643023.1	713	60048	59335
ENST00000643024.1	2067	15329	13262
ENST00000643028.2	9788	11660	1872
ENST00000643029.1	18752	29298	10546
ENST00000643031.1	24635	42234	17599
ENST00000643034.1	55033	71344	16311
ENST00000643035.1	73285	122442	49157
ENST00000643041.1	13980	71824	57844
ENST00000643042.1	0	33617	33617
ENST00000643043.2	0	106820	106820
ENST00000643045.1	3293	4155	862
ENST00000643046.2	99	5971	5872
ENST00000643049.2	350	9188	8838
ENST00000643051.1	141415	283837	142422
ENST00000643056.1	3855	91162	87307
ENST00000643057.1	48434	54034	5600
ENST00000643059.1	12271	14563	2292
ENST00000643063.1	19797	54734	34937
ENST00000643064.1	0	218513	218513
ENST00000643072.1	40	35993	35953
ENST00000643073.1	33657	80162	46505
ENST00000643078.1	23023	39672	16649
ENST00000643085.1	1739	83252	81513
ENST00000643087.1	0	2979	2979
ENST00000643088.1	639	45805	45166
ENST00000643089.1	99547	321188	221641
ENST00000643092.1	988	31303	30315
ENST00000643094.1	8520	20360	11840
ENST00000643096.2	367	400618	400251
ENST00000643098.1	142	12295	12153
ENST00000643100.1	0	3946	3946
ENST00000643105.1	0	38899	38899
ENST00000643112.1	3	43369	43366
ENST00000643113.1	4673	5387	714
ENST00000643116.3	1188	53959	52771
ENST00000643119.1	12480	21915	9435
ENST00000643121.1	722	2286	1564
ENST00000643122.1	129	2033	1904
ENST00000643125.1	12659	70697	58038
ENST00000643128.1	391	58960	58569
ENST00000643129.1	0	8191	8191
ENST00000643134.1	0	159847	159847
ENST00000643137.1	1657	21820	20163
ENST00000643140.1	93	20972	20879
ENST00000643142.1	12620	60168	47548
ENST00000643143.2	3623	97216	93593
ENST00000643144.2	7189	34614	27425
ENST00000643148.1	47	29497	29450
ENST00000643150.1	318	47576	47258
ENST00000643155.1	100314	102727	2413
ENST00000643156.1	0	64236	64236
ENST00000643158.1	831	134372	133541
ENST00000643159.1	17294	60781	43487
ENST00000643160.1	2599	18705	16106
ENST00000643164.1	0	7077	7077
ENST00000643168.1	7174	70521	63347
ENST00000643171.1	450	235609	235159
ENST00000643173.1	72871	157006	84135
ENST00000643174.1	17632	33424	15792
ENST00000643175.1	119143	119975	832
ENST00000643183.1	179	12699	12520
ENST00000643185.2	1745	65265	63520
ENST00000643187.1	50252	87758	37506
ENST00000643188.1	352	24783	24431
ENST00000643191.1	134	7105	6971
ENST00000643192.1	0	91490	91490
ENST00000643193.1	1124	70877	69753
ENST00000643195.1	0	1888	1888
ENST00000643197.2	91729	147578	55849
ENST00000643206.1	38149	71008	32859
ENST00000643208.1	0	70429	70429
ENST00000643211.1	721	2285	1564
ENST00000643215.1	0	33399	33399
ENST00000643220.1	104	269166	269062
ENST00000643221.1	427	4298	3871
ENST00000643222.1	254	99201	98947
ENST00000643224.2	63	20197	20134
ENST00000643227.1	0	3956	3956
ENST00000643230.2	4351	287612	283261
ENST00000643231.1	70	44576	44506
ENST00000643233.1	48216	53816	5600
ENST00000643234.2	71	32804	32733
ENST00000643237.3	33695	45306	11611
ENST00000643238.1	12595	70524	57929
ENST00000643241.1	1407	3636	2229
ENST00000643242.1	14	24275	24261
ENST00000643244.1	603	22721	22118
ENST00000643246.1	0	52	52
ENST00000643250.1	1	21281	21280
ENST00000643252.1	28727	223953	195226
ENST00000643255.1	37570	37916	346
ENST00000643257.2	50	45789	45739
ENST00000643258.1	2010	79145	77135
ENST00000643260.1	91	88577	88486
ENST00000643264.1	27367	30457	3090
ENST00000643265.1	27899	78723	50824
ENST00000643266.1	7047	7159	112
ENST00000643268.1	4261	6291	2030
ENST00000643271.1	0	9673	9673
ENST00000643272.1	218	72195	71977
ENST00000643273.2	276	36871	36595
ENST00000643275.2	12453	39522	27069
ENST00000643283.1	28720	192579	163859
ENST00000643290.1	4795	18232	13437
ENST00000643293.1	0	45160	45160
ENST00000643296.1	23195	105674	82479
ENST00000643297.1	23958	41557	17599
ENST00000643298.1	604	8784	8180
ENST00000643299.1	345	83607	83262
ENST00000643305.1	522	155676	155154
ENST00000643307.1	25	30096	30071
ENST00000643312.1	229	7804	7575
ENST00000643313.1	0	202637	202637
ENST00000643316.1	3	47423	47420
ENST00000643318.1	3785	13531	9746
ENST00000643319.1	16661	30477	13816
ENST00000643322.1	14020	213566	199546
ENST00000643326.1	0	5320	5320
ENST00000643327.1	0	22818	22818
ENST00000643329.1	22467	101431	78964
ENST00000643334.1	0	11564	11564
ENST00000643335.1	495	41859	41364
ENST00000643337.1	435	81948	81513
ENST00000643338.1	18750	29296	10546
ENST00000643339.1	0	10016	10016
ENST00000643341.1	4	4854	4850
ENST00000643342.1	2202	3447	1245
ENST00000643344.1	111	21487	21376
ENST00000643345.1	8	21100	21092
ENST00000643347.1	279	32804	32525
ENST00000643348.1	169	216360	216191
ENST00000643349.2	16220	18429	2209
ENST00000643351.1	0	3999	3999
ENST00000643352.1	33	64689	64656
ENST00000643362.2	4889	40610	35721
ENST00000643370.1	0	6732	6732
ENST00000643371.1	219	27964	27745
ENST00000643374.2	534	26067	25533
ENST00000643375.1	3865	49222	45357
ENST00000643376.1	0	11899	11899
ENST00000643379.1	0	45526	45526
ENST00000643380.1	8348	9634	1286
ENST00000643388.1	0	4762	4762
ENST00000643390.1	3623	100662	97039
ENST00000643395.1	813	129228	128415
ENST00000643396.1	5553	27087	21534
ENST00000643399.2	10248	125380	115132
ENST00000643401.1	0	102598	102598
ENST00000643402.1	811	82324	81513
ENST00000643403.1	266	91914	91648
ENST00000643405.1	0	22030	22030
ENST00000643407.1	14508	31405	16897
ENST00000643410.1	51477	106602	55125
ENST00000643412.1	17621	56747	39126
ENST00000643413.1	3866	136726	132860
ENST00000643416.1	55	3172	3117
ENST00000643418.1	51480	86036	34556
ENST00000643434.1	12367	13739	1372
ENST00000643438.1	0	7106	7106
ENST00000643439.1	4891	6656	1765
ENST00000643440.1	0	6486	6486
ENST00000643443.1	14186	23286	9100
ENST00000643447.1	155325	173473	18148
ENST00000643448.1	14769	99697	84928
ENST00000643451.2	2767	31331	28564
ENST00000643454.1	661	96890	96229
ENST00000643457.1	645	5074	4429
ENST00000643459.1	0	89992	89992
ENST00000643460.2	1450	3922	2472
ENST00000643462.1	64	19645	19581
ENST00000643466.2	2678	26511	23833
ENST00000643469.1	121	53854	53733
ENST00000643471.2	41	4595	4554
ENST00000643474.1	0	30420	30420
ENST00000643477.1	21	11782	11761
ENST00000643483.2	9298	14168	4870
ENST00000643494.1	45	17079	17034
ENST00000643498.1	24464	45998	21534
ENST00000643499.1	243	32815	32572
ENST00000643500.1	87	27466	27379
ENST00000643501.2	18628	23330	4702
ENST00000643502.1	231	15449	15218
ENST00000643504.2	44	2480	2436
ENST00000643505.1	2989	3906	917
ENST00000643508.2	119	82950	82831
ENST00000643513.1	546	68631	68085
ENST00000643515.1	99	7447	7348
ENST00000643516.1	1717	7248	5531
ENST00000643519.1	127	18654	18527
ENST00000643522.1	1927	161474	159547
ENST00000643524.1	12620	47176	34556
ENST00000643529.1	0	50614	50614
ENST00000643534.1	0	68574	68574
ENST00000643536.1	18613	57833	39220
ENST00000643538.1	7713	19195	11482
ENST00000643539.1	23184	60529	37345
ENST00000643541.1	29328	46927	17599
ENST00000643543.1	8185	22336	14151
ENST00000643549.1	23220	105794	82574
ENST00000643551.1	52359	112981	60622
ENST00000643556.1	170425	205608	35183
ENST00000643561.1	58	5409	5351
ENST00000643562.1	35810	86277	50467
ENST00000643568.1	9234	43897	34663
ENST00000643575.1	47	16535	16488
ENST00000643579.2	71	25584	25513
ENST00000643581.2	787	88221	87434
ENST00000643582.1	81	833853	833772
ENST00000643583.1	260	36350	36090
ENST00000643584.1	197638	256911	59273
ENST00000643587.1	74907	466227	391320
ENST00000643595.1	25854	36201	10347
ENST00000643596.1	3650	18252	14602
ENST00000643597.1	28739	192335	163596
ENST00000643599.1	76944	80053	3109
ENST00000643600.1	232	19808	19576
ENST00000643604.1	72866	157048	84182
ENST00000643605.1	54170	71011	16841
ENST00000643606.3	96	8757	8661
ENST00000643607.3	31915	48466	16551
ENST00000643608.1	65	38895	38830
ENST00000643610.1	12517	72160	59643
ENST00000643611.1	59	1299	1240
ENST00000643612.1	96831	214041	117210
ENST00000643615.1	12620	47176	34556
ENST00000643617.1	1878	18682	16804
ENST00000643619.1	3323	33384	30061
ENST00000643623.1	169	38123	37954
ENST00000643624.1	52794	147198	94404
ENST00000643625.2	11393	39597	28204
ENST00000643632.1	20887	80112	59225
ENST00000643643.1	0	25320	25320
ENST00000643649.1	51	50981	50930
ENST00000643650.1	545	4968	4423
ENST00000643653.1	26487	49694	23207
ENST00000643660.1	11456	37204	25748
ENST00000643662.1	5758	126751	120993
ENST00000643663.2	6036	6412	376
ENST00000643665.1	4089	85641	81552
ENST00000643668.1	17	15685	15668
ENST00000643669.2	601	150292	149691
ENST00000643670.1	24842	52343	27501
ENST00000643672.1	256	12939	12683
ENST00000643680.1	0	16911	16911
ENST00000643681.1	1730	340008	338278
ENST00000643682.1	85	60836	60751
ENST00000643683.1	1025	19262	18237
ENST00000643686.1	13930	17621	3691
ENST00000643687.1	24640	24818	178
ENST00000643689.1	5894	130258	124364
ENST00000643691.2	4889	35254	30365
ENST00000643694.1	0	30098	30098
ENST00000643695.2	822	68566	67744
ENST00000643696.1	363	36419	36056
ENST00000643702.1	0	20542	20542
ENST00000643704.1	81	835198	835117
ENST00000643707.1	561	2414	1853
ENST00000643708.1	36001	71601	35600
ENST00000643712.1	0	10334	10334
ENST00000643713.1	91293	91323	30
ENST00000643715.1	8239	28254	20015
ENST00000643716.1	4122	11814	7692
ENST00000643721.2	139	14519	14380
ENST00000643724.1	15	21515	21500
ENST00000643728.2	26324	30546	4222
ENST00000643733.1	90	15138	15048
ENST00000643737.1	161	3782	3621
ENST00000643738.1	4644	7177	2533
ENST00000643740.1	230108	630004	399896
ENST00000643745.1	631	14141	13510
ENST00000643747.1	2946	55075	52129
ENST00000643750.1	458	109735	109277
ENST00000643751.2	940	129145	128205
ENST00000643752.1	45	37316	37271
ENST00000643754.2	18	5092	5074
ENST00000643758.1	51091	72811	21720
ENST00000643759.2	563	83018	82455
ENST00000643765.1	0	64652	64652
ENST00000643767.1	13112	18731	5619
ENST00000643770.2	26	4615	4589
ENST00000643772.1	3831	111278	107447
ENST00000643773.1	0	998	998
ENST00000643774.1	5668	47580	41912
ENST00000643776.1	391	1809	1418
ENST00000643777.4	1495	5533	4038
ENST00000643778.1	112	5156	5044
ENST00000643780.2	1574	135287	133713
ENST00000643784.1	78	20318	20240
ENST00000643789.1	85893	117311	31418
ENST00000643794.1	34	1048	1014
ENST00000643795.2	201	23267	23066
ENST00000643797.2	215	1571	1356
ENST00000643798.1	4905	13696	8791
ENST00000643799.1	21	5088	5067
ENST00000643802.2	5987	6363	376
ENST00000643806.1	2578	3057	479
ENST00000643809.1	482401	798120	315719
ENST00000643810.1	8019	23056	15037
ENST00000643812.1	0	7499	7499
ENST00000643813.1	0	82967	82967
ENST00000643815.1	495	34206	33711
ENST00000643817.2	1424	122700	121276
ENST00000643821.1	241	3812	3571
ENST00000643822.1	94	12164	12070
ENST00000643825.1	105	8140	8035
ENST00000643831.2	0	297472	297472
ENST00000643834.1	0	420	420
ENST00000643836.1	43201	60416	17215
ENST00000643839.1	5325	33101	27776
ENST00000643841.1	541	131334	130793
ENST00000643842.1	246365	281572	35207
ENST00000643847.1	246	36745	36499
ENST00000643850.1	335	19929	19594
ENST00000643851.1	2989	15291	12302
ENST00000643854.1	52462	86250	33788
ENST00000643857.1	0	68726	68726
ENST00000643859.1	0	146506	146506
ENST00000643860.1	656	4579	3923
ENST00000643861.1	15269	17606	2337
ENST00000643868.1	0	1670	1670
ENST00000643869.1	3713	6345	2632
ENST00000643871.1	5145	22875	17730
ENST00000643875.1	2885	38990	36105
ENST00000643876.1	79677	92005	12328
ENST00000643881.1	24562	33618	9056
ENST00000643884.1	8519	32622	24103
ENST00000643886.1	28739	107570	78831
ENST00000643887.1	15291	122735	107444
ENST00000643888.2	91769	147618	55849
ENST00000643890.1	324	20292	19968
ENST00000643892.1	40055	66718	26663
ENST00000643897.1	0	43632	43632
ENST00000643898.2	2092	134733	132641
ENST00000643903.1	311	58854	58543
ENST00000643910.1	0	200	200
ENST00000643915.1	0	109634	109634
ENST00000643916.1	34	3174	3140
ENST00000643918.1	1162	60647	59485
ENST00000643924.1	6	102502	102496
ENST00000643925.1	20013	35422	15409
ENST00000643927.1	193	380832	380639
ENST00000643932.2	220	27368	27148
ENST00000643934.1	756	25875	25119
ENST00000643936.1	0	518854	518854
ENST00000643939.1	372	48147	47775
ENST00000643940.1	1187	86903	85716
ENST00000643944.2	681	3730	3049
ENST00000643945.1	951	1964	1013
ENST00000643946.1	639	45936	45297
ENST00000643954.1	0	31773	31773
ENST00000643957.1	0	11821	11821
ENST00000643958.2	119	40160	40041
ENST00000643963.1	89	10180	10091
ENST00000643964.1	4994	30588	25594
ENST00000643966.1	193	12752	12559
ENST00000643968.1	5464	14767	9303
ENST00000643970.2	1366	79102	77736
ENST00000643977.1	24333	41932	17599
ENST00000643981.1	1032	40158	39126
ENST00000643988.1	192	1120	928
ENST00000643989.1	0	1830	1830
ENST00000643991.1	36682	43219	6537
ENST00000643992.1	24590	42189	17599
ENST00000643994.1	12624	47180	34556
ENST00000643995.1	0	79725	79725
ENST00000643996.1	2510	8394	5884
ENST00000643999.1	482570	798564	315994
ENST00000644000.1	3	7814	7811
ENST00000644003.1	1077	15608	14531
ENST00000644004.1	299	378217	377918
ENST00000644006.1	1851	14803	12952
ENST00000644009.1	0	24027	24027
ENST00000644011.1	352	14235	13883
ENST00000644020.1	5460	31287	25827
ENST00000644024.2	35	2199	2164
ENST00000644028.1	125	8576	8451
ENST00000644030.1	2024	238876	236852
ENST00000644032.2	753	59797	59044
ENST00000644033.1	0	85474	85474
ENST00000644034.1	164	46937	46773
ENST00000644036.2	204	48357	48153
ENST00000644037.1	12620	52373	39753
ENST00000644043.1	575	45818	45243
ENST00000644044.1	0	8638	8638
ENST00000644045.1	275	15956	15681
ENST00000644049.1	0	412875	412875
ENST00000644050.1	1925	60219	58294
ENST00000644054.2	24431	40827	16396
ENST00000644055.1	13462	39022	25560
ENST00000644065.1	0	74186	74186
ENST00000644067.1	0	165225	165225
ENST00000644068.1	525	26058	25533
ENST00000644072.2	10863	144576	133713
ENST00000644073.1	1551	15034	13483
ENST00000644074.1	91	15517	15426
ENST00000644076.2	2050	30078	28028
ENST00000644077.1	294	14398	14104
ENST00000644078.1	19249	53905	34656
ENST00000644087.1	59266	70843	11577
ENST00000644088.1	27	37226	37199
ENST00000644092.1	73	69544	69471
ENST00000644093.1	482605	882283	399678
ENST00000644094.1	6159	27620	21461
ENST00000644095.1	155	265101	264946
ENST00000644097.1	4885	40987	36102
ENST00000644099.1	5149	32210	27061
ENST00000644105.2	110	18763	18653
ENST00000644106.1	24976	49186	24210
ENST00000644108.1	0	7338	7338
ENST00000644109.1	91	15685	15594
ENST00000644110.2	29188	35916	6728
ENST00000644112.2	2729	3145	416
ENST00000644114.2	5733	60171	54438
ENST00000644116.1	100	72146	72046
ENST00000644122.1	2488	72238	69750
ENST00000644123.1	139	17753	17614
ENST00000644128.1	5352	6686	1334
ENST00000644132.1	0	4079	4079
ENST00000644135.1	633	19353	18720
ENST00000644136.1	1131	21477	20346
ENST00000644137.1	10442	41084	30642
ENST00000644138.1	24564	39328	14764
ENST00000644140.1	39023	84521	45498
ENST00000644142.1	2071	3531	1460
ENST00000644144.2	1525	8707	7182
ENST00000644145.1	26	2769	2743
ENST00000644146.1	31	25842	25811
ENST00000644150.1	0	5253	5253
ENST00000644153.1	69295	122442	53147
ENST00000644155.1	0	113557	113557
ENST00000644159.1	1492	132764	131272
ENST00000644162.1	958	57799	56841
ENST00000644167.1	2249	122680	120431
ENST00000644172.2	140	96694	96554
ENST00000644175.1	1529	3645	2116
ENST00000644176.1	607	179754	179147
ENST00000644177.1	0	13209	13209
ENST00000644178.1	138	12291	12153
ENST00000644183.1	0	25015	25015
ENST00000644184.2	4885	40948	36063
ENST00000644185.1	712	2959	2247
ENST00000644186.1	599	109102	108503
ENST00000644189.1	17236	43796	26560
ENST00000644193.1	14451	84380	69929
ENST00000644195.1	28422	223491	195069
ENST00000644196.1	162	2614	2452
ENST00000644200.2	2273	38963	36690
ENST00000644201.1	3672	56887	53215
ENST00000644203.1	2509	56515	54006
ENST00000644208.1	17	32526	32509
ENST00000644209.1	0	53255	53255
ENST00000644210.1	9	39068	39059
ENST00000644217.1	3	70343	70340
ENST00000644218.1	1763	8102	6339
ENST00000644219.1	3115	408414	405299
ENST00000644224.2	3637	20038	16401
ENST00000644227.1	10669	18630	7961
ENST00000644229.1	1655	339829	338174
ENST00000644232.1	0	1371	1371
ENST00000644236.1	0	646	646
ENST00000644238.1	227	59875	59648
ENST00000644244.1	390	15084	14694
ENST00000644245.1	5230	8526	3296
ENST00000644250.2	2541	63007	60466
ENST00000644251.1	88	68984	68896
ENST00000644252.3	28304	69264	40960
ENST00000644255.1	29635	32905	3270
ENST00000644256.1	1943	238774	236831
ENST00000644261.1	0	364	364
ENST00000644265.1	0	36158	36158
ENST00000644266.2	235	62911	62676
ENST00000644269.2	814	56935	56121
ENST00000644273.1	0	4633	4633
ENST00000644283.1	727	2291	1564
ENST00000644285.1	780	50572	49792
ENST00000644287.1	0	194869	194869
ENST00000644289.1	0	32465	32465
ENST00000644290.1	0	18560	18560
ENST00000644294.2	9295	14165	4870
ENST00000644295.1	290	280915	280625
ENST00000644296.1	4069	32721	28652
ENST00000644297.1	197	19729	19532
ENST00000644299.1	1357	59651	58294
ENST00000644313.1	1724	61422	59698
ENST00000644314.1	25198	45620	20422
ENST00000644317.1	32762	36968	4206
ENST00000644321.1	3815	111262	107447
ENST00000644324.1	71	135246	135175
ENST00000644325.1	719	3204	2485
ENST00000644327.1	0	69949	69949
ENST00000644329.1	583	45843	45260
ENST00000644331.1	1010	157284	156274
ENST00000644335.1	621	45790	45169
ENST00000644337.1	132	60111	59979
ENST00000644338.1	1583	30246	28663
ENST00000644341.1	317	51153	50836
ENST00000644342.1	106386	183800	77414
ENST00000644347.1	5489	410720	405231
ENST00000644350.1	199	10488	10289
ENST00000644351.1	497	140010	139513
ENST00000644352.1	466	28035	27569
ENST00000644354.1	23179	23663	484
ENST00000644357.2	6186	26090	19904
ENST00000644359.1	70854	99282	28428
ENST00000644362.1	199147	216245	17098
ENST00000644368.1	650	82163	81513
ENST00000644371.2	55	28631	28576
ENST00000644374.1	1158	65235	64077
ENST00000644375.1	184	72220	72036
ENST00000644377.1	0	133356	133356
ENST00000644379.2	595	84642	84047
ENST00000644384.2	875	24874	23999
ENST00000644386.1	778	15278	14500
ENST00000644388.1	108	12261	12153
ENST00000644393.1	42	8307	8265
ENST00000644397.2	3811	866674	862863
ENST00000644399.1	0	45286	45286
ENST00000644408.1	0	84837	84837
ENST00000644411.1	410	37469	37059
ENST00000644415.1	10158	23789	13631
ENST00000644417.2	630	8032	7402
ENST00000644418.1	67	59467	59400
ENST00000644421.1	2008	121845	119837
ENST00000644425.1	0	40698	40698
ENST00000644428.1	8607	55424	46817
ENST00000644435.1	0	8563	8563
ENST00000644440.1	3934	27470	23536
ENST00000644445.1	10863	144499	133636
ENST00000644447.1	1913	37092	35179
ENST00000644452.3	120	5639	5519
ENST00000644458.1	64	35503	35439
ENST00000644459.1	4865	163700	158835
ENST00000644462.1	0	10238	10238
ENST00000644463.1	0	22833	22833
ENST00000644469.1	482359	679724	197365
ENST00000644470.1	0	30546	30546
ENST00000644472.1	23805	69668	45863
ENST00000644474.1	1150	260130	258980
ENST00000644479.1	0	19324	19324
ENST00000644480.2	22025	54466	32441
ENST00000644483.1	163	19735	19572
ENST00000644484.1	35803	85538	49735
ENST00000644486.2	5771	49072	43301
ENST00000644491.1	182	78508	78326
ENST00000644493.1	62847	66699	3852
ENST00000644495.1	1945	32632	30687
ENST00000644498.1	23	33971	33948
ENST00000644499.1	0	64809	64809
ENST00000644506.1	168827	197299	28472
ENST00000644510.2	82	78712	78630
ENST00000644511.1	240	114537	114297
ENST00000644512.1	3865	49277	45412
ENST00000644513.1	91	15523	15432
ENST00000644515.1	158	88446	88288
ENST00000644516.1	27859	139908	112049
ENST00000644517.1	139	6127	5988
ENST00000644518.1	77	19609	19532
ENST00000644521.1	0	8011	8011
ENST00000644524.1	24454	41568	17114
ENST00000644526.2	122	79095	78973
ENST00000644527.1	1331	11059	9728
ENST00000644529.1	23	10982	10959
ENST00000644531.1	90	634	544
ENST00000644535.1	17680	49039	31359
ENST00000644537.1	0	35885	35885
ENST00000644542.1	63773	70476	6703
ENST00000644544.2	501	6500	5999
ENST00000644545.1	27441	130863	103422
ENST00000644551.1	233	72209	71976
ENST00000644553.1	2546	77724	75178
ENST00000644554.1	4376	4400	24
ENST00000644555.2	1377	64341	62964
ENST00000644560.2	0	22393	22393
ENST00000644576.1	0	370	370
ENST00000644578.1	12628	82783	70155
ENST00000644580.2	2032	10943	8911
ENST00000644585.1	387	280941	280554
ENST00000644587.1	417	13669	13252
ENST00000644591.1	48	37463	37415
ENST00000644592.1	23	68475	68452
ENST00000644593.1	465	122915	122450
ENST00000644595.1	162	98784	98622
ENST00000644596.1	9065	68515	59450
ENST00000644600.1	72894	157091	84197
ENST00000644608.1	0	180	180
ENST00000644609.1	174	72143	71969
ENST00000644611.1	645	43344	42699
ENST00000644613.1	2053	40204	38151
ENST00000644619.1	169	15202	15033
ENST00000644621.1	155	38109	37954
ENST00000644622.2	91725	147574	55849
ENST00000644624.1	35456	36389	933
ENST00000644629.1	0	31839	31839
ENST00000644630.1	0	87213	87213
ENST00000644631.4	77	6984	6907
ENST00000644635.1	1691	26810	25119
ENST00000644638.1	26	123774	123748
ENST00000644639.1	36677	71277	34600
ENST00000644641.2	580	37676	37096
ENST00000644642.1	119	357	238
ENST00000644644.1	1723	67765	66042
ENST00000644645.1	0	61328	61328
ENST00000644646.2	251	121895	121644
ENST00000644649.1	0	33880	33880
ENST00000644650.1	12867	67099	54232
ENST00000644652.1	8720	11456	2736
ENST00000644653.1	32	29466	29434
ENST00000644658.1	13624	38554	24930
ENST00000644661.2	37	2845	2808
ENST00000644667.1	214	1778	1564
ENST00000644671.1	0	46118	46118
ENST00000644675.1	35735	85695	49960
ENST00000644676.1	59	149535	149476
ENST00000644677.1	6171	14957	8786
ENST00000644678.1	25115	42229	17114
ENST00000644680.1	6492	34475	27983
ENST00000644681.1	176	44097	43921
ENST00000644682.1	144	72030	71886
ENST00000644683.1	4242	7004	2762
ENST00000644684.1	2219	2481	262
ENST00000644686.1	872	33595	32723
ENST00000644692.1	358	12547	12189
ENST00000644693.1	8492	11328	2836
ENST00000644695.1	121389	217748	96359
ENST00000644698.1	1553	46932	45379
ENST00000644700.1	732	8402	7670
ENST00000644701.1	2503	19159	16656
ENST00000644702.1	21450	56626	35176
ENST00000644704.2	122	16265	16143
ENST00000644710.1	1216	26914	25698
ENST00000644711.1	3716	42080	38364
ENST00000644712.1	1182	339353	338171
ENST00000644714.1	0	7362	7362
ENST00000644715.2	113	60216	60103
ENST00000644719.2	8	4191	4183
ENST00000644723.1	482319	591417	109098
ENST00000644736.1	13167	13209	42
ENST00000644737.1	23220	105699	82479
ENST00000644743.1	705	6006	5301
ENST00000644744.1	12406	88295	75889
ENST00000644747.1	9688	29714	20026
ENST00000644750.1	0	4959	4959
ENST00000644751.1	0	27324	27324
ENST00000644752.1	408	26073	25665
ENST00000644753.1	40092	69299	29207
ENST00000644757.1	39369	85523	46154
ENST00000644760.1	23142	25762	2620
ENST00000644764.2	75	22297	22222
ENST00000644766.1	6974	104930	97956
ENST00000644769.1	120893	202734	81841
ENST00000644770.1	120	179850	179730
ENST00000644772.1	496	89048	88552
ENST00000644773.3	92	1008	916
ENST00000644774.2	3	2757	2754
ENST00000644775.1	25082	56559	31477
ENST00000644777.1	0	3856	3856
ENST00000644779.1	1822	65519	63697
ENST00000644780.1	72869	158271	85402
ENST00000644781.1	15	51010	50995
ENST00000644782.1	909	20853	19944
ENST00000644784.1	1802	31146	29344
ENST00000644787.1	429	1693	1264
ENST00000644793.1	352	24783	24431
ENST00000644795.1	1017	27228	26211
ENST00000644798.1	477	129803	129326
ENST00000644801.1	11227	30927	19700
ENST00000644802.2	1581	27865	26284
ENST00000644803.1	131	21692	21561
ENST00000644807.2	8010	128962	120952
ENST00000644810.1	1767	8017	6250
ENST00000644811.1	0	6282	6282
ENST00000644813.1	6	153753	153747
ENST00000644815.1	0	42265	42265
ENST00000644816.1	244	72242	71998
ENST00000644820.1	2746	194253	191507
ENST00000644821.1	266	23713	23447
ENST00000644823.1	265	123673	123408
ENST00000644825.1	8201	9695	1494
ENST00000644828.1	0	14941	14941
ENST00000644830.1	11328	15463	4135
ENST00000644836.1	18	33471	33453
ENST00000644838.1	12620	67745	55125
ENST00000644841.1	22477	54506	32029
ENST00000644844.1	32579	141849	109270
ENST00000644846.1	0	16373	16373
ENST00000644848.1	0	52082	52082
ENST00000644850.1	0	21345	21345
ENST00000644852.1	48344	49320	976
ENST00000644855.1	25341	26941	1600
ENST00000644859.2	184	26891	26707
ENST00000644861.2	2071	219159	217088
ENST00000644862.1	0	60	60
ENST00000644863.2	56846	75511	18665
ENST00000644866.2	344	66024	65680
ENST00000644867.1	24448	42047	17599
ENST00000644868.1	899	100907	100008
ENST00000644873.1	24531	42127	17596
ENST00000644874.2	380	16868	16488
ENST00000644875.1	0	68	68
ENST00000644876.2	91	15523	15432
ENST00000644878.1	350	135309	134959
ENST00000644879.1	1832	203281	201449
ENST00000644881.2	119	99360	99241
ENST00000644883.1	1715	133527	131812
ENST00000644885.1	1240	26905	25665
ENST00000644893.1	144	81654	81510
ENST00000644894.1	537	10880	10343
ENST00000644895.1	31	37446	37415
ENST00000644900.2	36	109529	109493
ENST00000644901.1	15	21132	21117
ENST00000644902.1	79	121765	121686
ENST00000644903.1	3929	6201	2272
ENST00000644906.1	0	3521	3521
ENST00000644909.1	3840	10019	6179
ENST00000644910.1	0	4931	4931
ENST00000644912.1	578	156591	156013
ENST00000644913.1	111	47955	47844
ENST00000644914.1	0	3210	3210
ENST00000644916.1	0	36412	36412
ENST00000644917.1	3026	83760	80734
ENST00000644922.1	0	194666	194666
ENST00000644923.2	2117	24145	22028
ENST00000644926.1	12122	63204	51082
ENST00000644933.1	2867	4387	1520
ENST00000644935.1	4318	82785	78467
ENST00000644939.1	1358	1196452	1195094
ENST00000644942.1	53274	147705	94431
ENST00000644946.1	0	11728	11728
ENST00000644949.1	0	11193	11193
ENST00000644954.1	120	92001	91881
ENST00000644959.1	0	42286	42286
ENST00000644963.1	0	74117	74117
ENST00000644965.1	11600	38115	26515
ENST00000644966.1	21186	27833	6647
ENST00000644967.1	112175	189500	77325
ENST00000644968.1	50070	161421	111351
ENST00000644969.2	7160	207767	200607
ENST00000644971.2	199	69734	69535
ENST00000644972.1	2539	49342	46803
ENST00000644974.2	196	169704	169508
ENST00000644977.1	2	17539	17537
ENST00000644978.2	7208	244039	236831
ENST00000644983.1	0	7032	7032
ENST00000644989.1	13034	22650	9616
ENST00000644991.3	111	241637	241526
ENST00000644997.1	14267	18729	4462
ENST00000645002.1	150729	155429	4700
ENST00000645005.1	257	41654	41397
ENST00000645007.1	19525	30634	11109
ENST00000645008.1	0	64809	64809
ENST00000645009.2	6056	7752	1696
ENST00000645010.1	77	437443	437366
ENST00000645015.1	894	30545	29651
ENST00000645022.1	597	41967	41370
ENST00000645028.1	620	223805	223185
ENST00000645029.1	1765	23299	21534
ENST00000645031.1	11312	84856	73544
ENST00000645032.1	1135	46400	45265
ENST00000645033.1	26831	62251	35420
ENST00000645034.1	28615	215463	186848
ENST00000645035.1	220	12912	12692
ENST00000645039.2	119	89314	89195
ENST00000645041.1	0	68791	68791
ENST00000645042.1	15	39074	39059
ENST00000645045.1	549	13795	13246
ENST00000645050.1	22834	23318	484
ENST00000645053.1	162273	250210	87937
ENST00000645054.1	24458	45992	21534
ENST00000645057.1	3027	34202	31175
ENST00000645058.1	19632	111889	92257
ENST00000645061.1	0	64270	64270
ENST00000645063.1	15	50930	50915
ENST00000645065.1	196	8618	8422
ENST00000645066.1	14979	96390	81411
ENST00000645069.1	51283	85839	34556
ENST00000645072.1	328	120802	120474
ENST00000645074.1	288	268950	268662
ENST00000645075.2	3	83265	83262
ENST00000645076.1	14125	70898	56773
ENST00000645077.1	40330	48262	7932
ENST00000645079.1	722	2759	2037
ENST00000645080.1	91	3662	3571
ENST00000645081.1	1036	6278	5242
ENST00000645088.1	33	29467	29434
ENST00000645091.1	0	11199	11199
ENST00000645093.1	1603	218389	216786
ENST00000645094.1	60902	64176	3274
ENST00000645095.1	471	41947	41476
ENST00000645097.1	114	2336	2222
ENST00000645099.1	2311	67211	64900
ENST00000645100.1	728	97831	97103
ENST00000645101.1	218	72275	72057
ENST00000645102.1	0	9243	9243
ENST00000645104.1	1017	17167	16150
ENST00000645109.1	1549	60225	58676
ENST00000645114.2	108	61059	60951
ENST00000645117.1	0	163473	163473
ENST00000645119.1	58	10309	10251
ENST00000645124.1	17701	59476	41775
ENST00000645129.2	4889	40839	35950
ENST00000645139.1	3819	111266	107447
ENST00000645140.1	308	30030	29722
ENST00000645141.1	13	3420	3407
ENST00000645142.1	28716	192530	163814
ENST00000645143.1	470	3131	2661
ENST00000645147.2	26320	28316	1996
ENST00000645149.2	119	99701	99582
ENST00000645150.1	665	20417	19752
ENST00000645161.1	0	17366	17366
ENST00000645164.2	8541	54993	46452
ENST00000645165.1	28578	150868	122290
ENST00000645168.1	20171	45341	25170
ENST00000645172.1	40862	48794	7932
ENST00000645174.2	9353	14223	4870
ENST00000645176.1	340	24648	24308
ENST00000645184.1	72812	152578	79766
ENST00000645186.1	0	2589	2589
ENST00000645187.1	146	5697	5551
ENST00000645188.1	309	47619	47310
ENST00000645190.1	51	22541	22490
ENST00000645191.1	169	37835	37666
ENST00000645194.1	1060	59354	58294
ENST00000645195.1	0	2667	2667
ENST00000645197.1	8814	11106	2292
ENST00000645205.1	51477	121751	70274
ENST00000645208.2	70861	260442	189581
ENST00000645210.1	29221	46820	17599
ENST00000645214.2	4059	40378	36319
ENST00000645220.1	674	52898	52224
ENST00000645227.1	8340	9945	1605
ENST00000645233.1	35295	37258	1963
ENST00000645234.1	1308	26952	25644
ENST00000645236.1	0	49859	49859
ENST00000645237.2	1743	285423	283680
ENST00000645239.1	13327	13427	100
ENST00000645243.1	304	19868	19564
ENST00000645245.1	430	280895	280465
ENST00000645247.1	223	65886	65663
ENST00000645249.1	20291	25908	5617
ENST00000645250.1	0	23618	23618
ENST00000645255.1	0	7368	7368
ENST00000645258.1	0	9339	9339
ENST00000645259.1	1617	1645	28
ENST00000645260.1	2341	27980	25639
ENST00000645262.1	184	72034	71850
ENST00000645266.1	2588	8470	5882
ENST00000645268.1	31569	80428	48859
ENST00000645270.1	1594	83107	81513
ENST00000645271.2	503	1707	1204
ENST00000645274.1	372	55880	55508
ENST00000645276.1	24564	42169	17605
ENST00000645278.1	2507	28965	26458
ENST00000645279.1	2729	3145	416
ENST00000645280.1	4944	12937	7993
ENST00000645281.1	27525	45464	17939
ENST00000645283.1	515	2476	1961
ENST00000645284.1	180	37916	37736
ENST00000645285.1	2995	4327	1332
ENST00000645287.2	444	400795	400351
ENST00000645288.1	7803	13374	5571
ENST00000645290.1	1163	68006	66843
ENST00000645291.3	429	86728	86299
ENST00000645295.1	539	58127	57588
ENST00000645300.1	1609	10530	8921
ENST00000645303.1	1926	123167	121241
ENST00000645306.1	40059	69260	29201
ENST00000645311.1	12926	133091	120165
ENST00000645312.1	14542	48845	34303
ENST00000645319.2	3245	63249	60004
ENST00000645320.1	3518	21117	17599
ENST00000645323.1	123	39329	39206
ENST00000645324.1	287	989478	989191
ENST00000645327.1	0	13055	13055
ENST00000645328.1	364	8938	8574
ENST00000645337.1	233	13487	13254
ENST00000645339.1	73	232421	232348
ENST00000645345.1	25	33938	33913
ENST00000645348.1	39617	130326	90709
ENST00000645349.1	210	14552	14342
ENST00000645350.1	3003	5338	2335
ENST00000645351.1	51477	121751	70274
ENST00000645353.2	188529	252901	64372
ENST00000645354.1	0	20947	20947
ENST00000645355.1	0	14076	14076
ENST00000645357.1	0	3250	3250
ENST00000645358.1	8231	8707	476
ENST00000645361.2	78	5774	5696
ENST00000645363.1	0	13524	13524
ENST00000645366.1	870	33593	32723
ENST00000645370.1	0	41135	41135
ENST00000645371.1	0	72034	72034
ENST00000645372.1	12626	67135	54509
ENST00000645375.1	379	1797	1418
ENST00000645377.1	443	23373	22930
ENST00000645387.1	0	6379	6379
ENST00000645391.1	11040	20918	9878
ENST00000645393.2	518	157280	156762
ENST00000645394.1	28691	192413	163722
ENST00000645398.1	286	32841	32555
ENST00000645399.1	98153	98353	200
ENST00000645400.1	0	14107	14107
ENST00000645407.1	7	156305	156298
ENST00000645408.1	2632	13632	11000
ENST00000645410.1	379	1797	1418
ENST00000645415.1	56808	233371	176563
ENST00000645417.1	5363	15197	9834
ENST00000645421.1	0	3956	3956
ENST00000645424.1	76	87565	87489
ENST00000645425.1	12055	211886	199831
ENST00000645426.1	17611	41435	23824
ENST00000645433.2	362	47777	47415
ENST00000645434.1	0	4650	4650
ENST00000645438.1	93684	95836	2152
ENST00000645439.1	872	33595	32723
ENST00000645440.1	66	4519	4453
ENST00000645441.1	3040	30103	27063
ENST00000645442.1	33582	56477	22895
ENST00000645444.2	13129	48549	35420
ENST00000645445.1	217	72059	71842
ENST00000645446.1	4270	28203	23933
ENST00000645451.1	0	34973	34973
ENST00000645453.3	258	47905	47647
ENST00000645454.1	60903	64177	3274
ENST00000645458.1	78	109261	109183
ENST00000645460.1	23109	105576	82467
ENST00000645462.1	1840	6423	4583
ENST00000645467.1	26968	38096	11128
ENST00000645470.1	0	68020	68020
ENST00000645471.1	127	19640	19513
ENST00000645473.1	3597	5861	2264
ENST00000645477.1	395	120872	120477
ENST00000645478.1	3861	10571	6710
ENST00000645481.2	372	6610	6238
ENST00000645482.3	230	7728	7498
ENST00000645483.1	6079	139715	133636
ENST00000645487.1	88	2648	2560
ENST00000645489.1	3	8167	8164
ENST00000645491.1	13942	17633	3691
ENST00000645493.1	24833	41947	17114
ENST00000645494.1	863	78940	78077
ENST00000645495.2	2431	51987	49556
ENST00000645496.2	1959	6422	4463
ENST00000645500.1	870	33593	32723
ENST00000645504.1	10225	26049	15824
ENST00000645506.1	73	161744	161671
ENST00000645507.1	6007	14123	8116
ENST00000645515.1	332	67452	67120
ENST00000645518.1	2595	8549	5954
ENST00000645519.1	24350	38720	14370
ENST00000645520.1	33619	56531	22912
ENST00000645524.1	620	4023	3403
ENST00000645526.1	3478	97071	93593
ENST00000645527.1	310925	416986	106061
ENST00000645528.2	0	50095	50095
ENST00000645529.1	11208	84385	73177
ENST00000645531.1	355	40197	39842
ENST00000645532.1	0	105192	105192
ENST00000645533.1	7	23437	23430
ENST00000645534.1	949	7097	6148
ENST00000645535.1	174	44095	43921
ENST00000645538.1	3248	63163	59915
ENST00000645547.1	0	18907	18907
ENST00000645548.2	83	9404	9321
ENST00000645551.1	12619	60167	47548
ENST00000645553.1	91	101703	101612
ENST00000645558.1	40396	92018	51622
ENST00000645560.1	990	157097	156107
ENST00000645564.1	854	85572	84718
ENST00000645565.1	31905	36193	4288
ENST00000645566.1	1212	406513	405301
ENST00000645567.1	98	78124	78026
ENST00000645572.1	1005	9706	8701
ENST00000645575.1	24465	30130	5665
ENST00000645576.1	0	2571	2571
ENST00000645578.1	49583	84139	34556
ENST00000645580.1	84	21696	21612
ENST00000645582.1	12624	47180	34556
ENST00000645589.1	91	13838	13747
ENST00000645590.2	0	6635	6635
ENST00000645592.1	24450	45984	21534
ENST00000645599.1	0	76757	76757
ENST00000645603.2	31	7337	7306
ENST00000645606.1	18771	19033	262
ENST00000645618.1	17290	60596	43306
ENST00000645620.1	1748	4969	3221
ENST00000645623.1	10703	36451	25748
ENST00000645630.1	328	11470	11142
ENST00000645632.1	169	213898	213729
ENST00000645634.1	1547	59841	58294
ENST00000645635.1	464	89933	89469
ENST00000645636.1	349	145589	145240
ENST00000645638.1	144	382	238
ENST00000645640.1	28720	151010	122290
ENST00000645645.1	487	41839	41352
ENST00000645648.1	0	18558	18558
ENST00000645652.2	2176	4364	2188
ENST00000645654.1	0	616	616
ENST00000645655.1	51480	121754	70274
ENST00000645662.1	12564	47120	34556
ENST00000645664.1	723	17062	16339
ENST00000645668.2	26	21622	21596
ENST00000645671.1	0	84133	84133
ENST00000645673.2	3585	37012	33427
ENST00000645674.2	350	6195	5845
ENST00000645681.2	837	8969	8132
ENST00000645682.1	69	86328	86259
ENST00000645686.1	122604	186976	64372
ENST00000645688.1	6063	68075	62012
ENST00000645692.1	3493	6429	2936
ENST00000645693.1	1024	85602	84578
ENST00000645694.3	2865	6618	3753
ENST00000645696.1	1719	5858	4139
ENST00000645699.1	243	29450	29207
ENST00000645700.1	11316	14971	3655
ENST00000645702.1	904	11109	10205
ENST00000645703.1	0	162	162
ENST00000645705.1	28716	192077	163361
ENST00000645711.1	1022	157334	156312
ENST00000645722.2	385	454320	453935
ENST00000645724.1	1617	44728	43111
ENST00000645725.1	261	72211	71950
ENST00000645730.1	0	56649	56649
ENST00000645736.1	22037	37493	15456
ENST00000645739.1	127	5892	5765
ENST00000645744.1	39131	84675	45544
ENST00000645746.1	227	3752	3525
ENST00000645749.1	179	8584	8405
ENST00000645753.1	537	10880	10343
ENST00000645755.1	967	49790	48823
ENST00000645756.2	3623	90454	86831
ENST00000645759.1	94266	212873	118607
ENST00000645760.1	39367	85686	46319
ENST00000645773.1	70710	254619	183909
ENST00000645774.1	35950	86776	50826
ENST00000645775.1	1129	65206	64077
ENST00000645776.1	27518	45457	17939
ENST00000645780.1	232201	457573	225372
ENST00000645783.1	8	3579	3571
ENST00000645788.1	14490	30790	16300
ENST00000645791.1	227	269301	269074
ENST00000645793.1	1832	159154	157322
ENST00000645804.1	272	15554	15282
ENST00000645816.1	27039	90249	63210
ENST00000645817.1	4649	10415	5766
ENST00000645818.2	15	51055	51040
ENST00000645819.1	3621	206870	203249
ENST00000645829.3	80	105233	105153
ENST00000645831.2	531	3847	3316
ENST00000645832.1	38	19336	19298
ENST00000645836.1	51475	86031	34556
ENST00000645840.1	18910	27657	8747
ENST00000645843.2	17550	71784	54234
ENST00000645846.2	5878	161640	155762
ENST00000645850.1	715	125148	124433
ENST00000645851.1	2896	3252	356
ENST00000645858.1	185	6428	6243
ENST00000645860.1	814	46963	46149
ENST00000645862.1	1857	7846	5989
ENST00000645865.1	271	785	514
ENST00000645866.1	6751	140295	133544
ENST00000645884.1	14253	86754	72501
ENST00000645886.1	0	12127	12127
ENST00000645888.1	0	9943	9943
ENST00000645891.1	3	47954	47951
ENST00000645897.1	21	50602	50581
ENST00000645898.2	1459	126873	125414
ENST00000645899.1	12634	82638	70004
ENST00000645900.1	25064	42178	17114
ENST00000645907.1	1213	120199	118986
ENST00000645910.1	18445	27748	9303
ENST00000645912.1	0	22197	22197
ENST00000645920.1	43800	55377	11577
ENST00000645923.1	9930	14297	4367
ENST00000645927.1	0	10530	10530
ENST00000645929.1	415	53484	53069
ENST00000645933.1	28	23248	23220
ENST00000645935.1	41	6225	6184
ENST00000645936.1	0	13050	13050
ENST00000645953.1	74447	95344	20897
ENST00000645955.1	159	88276	88117
ENST00000645961.1	0	12986	12986
ENST00000645963.2	0	44651	44651
ENST00000645964.1	12555	68756	56201
ENST00000645966.1	0	4	4
ENST00000645967.1	60	29542	29482
ENST00000645972.2	55	8579	8524
ENST00000645974.1	24450	45984	21534
ENST00000645981.1	12343	18657	6314
ENST00000645982.1	24627	42226	17599
ENST00000645985.1	0	21045	21045
ENST00000645986.2	1156	406559	405403
ENST00000645988.1	29404	30220	816
ENST00000645990.1	24	60695	60671
ENST00000645991.1	7876	8882	1006
ENST00000646001.2	5061	46559	41498
ENST00000646002.1	7896	8016	120
ENST00000646003.1	35716	85561	49845
ENST00000646004.1	430	47296	46866
ENST00000646008.1	10275	27260	16985
ENST00000646010.1	0	12700	12700
ENST00000646012.1	16072	114642	98570
ENST00000646016.2	9700	16982	7282
ENST00000646020.1	26568	59351	32783
ENST00000646022.1	24457	45991	21534
ENST00000646025.1	31534	130959	99425
ENST00000646027.1	28714	214145	185431
ENST00000646029.1	0	314	314
ENST00000646031.1	19660	23547	3887
ENST00000646032.1	0	122	122
ENST00000646036.1	537	19254	18717
ENST00000646038.2	5907	64389	58482
ENST00000646039.1	0	147584	147584
ENST00000646045.2	2194	167817	165623
ENST00000646049.1	887	22484	21597
ENST00000646050.1	844	33486	32642
ENST00000646058.1	67	134026	133959
ENST00000646060.1	24419	45953	21534
ENST00000646063.1	0	7396	7396
ENST00000646065.1	0	202156	202156
ENST00000646066.1	3	60365	60362
ENST00000646069.1	28712	214099	185387
ENST00000646072.1	27528	45467	17939
ENST00000646074.1	24564	41004	16440
ENST00000646076.1	48366	77573	29207
ENST00000646080.1	211	101066	100855
ENST00000646082.1	0	52248	52248
ENST00000646085.1	156	35910	35754
ENST00000646087.2	1158	148246	147088
ENST00000646088.1	24290	26406	2116
ENST00000646089.2	83	143909	143826
ENST00000646092.1	5363	40804	35441
ENST00000646096.1	30439	95798	65359
ENST00000646097.1	169	29623	29454
ENST00000646098.1	208	72080	71872
ENST00000646099.1	457	156573	156116
ENST00000646100.2	14547	99958	85411
ENST00000646101.2	10985	20863	9878
ENST00000646102.2	217	190364	190147
ENST00000646104.1	12580	47136	34556
ENST00000646106.1	2591	8541	5950
ENST00000646107.1	6147	14933	8786
ENST00000646108.1	0	470	470
ENST00000646109.1	28724	130967	102243
ENST00000646110.1	14384	65081	50697
ENST00000646116.1	25009	42123	17114
ENST00000646117.1	478	98832	98354
ENST00000646118.1	83	18736	18653
ENST00000646119.1	2416	72034	69618
ENST00000646120.2	526	405759	405233
ENST00000646121.1	3885	24830	20945
ENST00000646122.1	91	15210	15119
ENST00000646123.1	943	65043	64100
ENST00000646124.2	75	17547	17472
ENST00000646131.1	0	137751	137751
ENST00000646137.1	2512	72156	69644
ENST00000646139.2	335	20886	20551
ENST00000646142.1	3	43586	43583
ENST00000646146.1	308	33593	33285
ENST00000646147.1	21022	27498	6476
ENST00000646150.1	12022	35133	23111
ENST00000646153.1	51	70954	70903
ENST00000646156.1	0	3970	3970
ENST00000646158.1	0	43677	43677
ENST00000646160.1	214	5646	5432
ENST00000646163.1	14297	25497	11200
ENST00000646164.1	2105	21128	19023
ENST00000646166.1	0	127545	127545
ENST00000646167.1	48	53237	53189
ENST00000646171.1	17326	29403	12077
ENST00000646172.1	655	64276	63621
ENST00000646174.1	25062	42176	17114
ENST00000646183.1	0	68794	68794
ENST00000646186.1	12620	52373	39753
ENST00000646188.1	9386	12192	2806
ENST00000646189.1	106386	185191	78805
ENST00000646191.1	3623	37065	33442
ENST00000646199.1	72	277824	277752
ENST00000646205.1	35824	36391	567
ENST00000646207.1	39312	85309	45997
ENST00000646208.1	1828	50507	48679
ENST00000646209.2	5734	113181	107447
ENST00000646215.1	751	9459	8708
ENST00000646219.2	18647	23349	4702
ENST00000646223.1	89	6682	6593
ENST00000646229.1	9691	17455	7764
ENST00000646235.1	94	18690	18596
ENST00000646236.1	0	6653	6653
ENST00000646240.1	3292	3602	310
ENST00000646241.3	234	8538	8304
ENST00000646248.1	310	14972	14662
ENST00000646249.1	2048	103373	101325
ENST00000646251.1	0	1472	1472
ENST00000646253.2	146514	281898	135384
ENST00000646255.1	18880	23102	4222
ENST00000646260.1	94067	173807	79740
ENST00000646262.1	225295	342081	116786
ENST00000646263.1	15	29961	29946
ENST00000646264.1	10160	19963	9803
ENST00000646265.1	122	72163	72041
ENST00000646268.1	12444	40269	27825
ENST00000646269.1	2173	127758	125585
ENST00000646272.1	1586	32927	31341
ENST00000646273.1	435	364150	363715
ENST00000646276.1	39214	85344	46130
ENST00000646277.1	162	52410	52248
ENST00000646281.1	51314	109831	58517
ENST00000646282.1	53	36917	36864
ENST00000646283.1	1015	10779	9764
ENST00000646284.1	0	11871	11871
ENST00000646285.1	48720	55632	6912
ENST00000646286.1	12620	46625	34005
ENST00000646288.1	0	514	514
ENST00000646290.1	273361	301652	28291
ENST00000646297.2	23	20800	20777
ENST00000646299.1	29488	184776	155288
ENST00000646301.1	59249	70648	11399
ENST00000646302.1	318	101442	101124
ENST00000646303.1	188	51824	51636
ENST00000646304.1	3338	35184	31846
ENST00000646305.1	2772	28520	25748
ENST00000646311.1	51199	130432	79233
ENST00000646319.1	78	15507	15429
ENST00000646322.1	9655	30490	20835
ENST00000646335.1	0	2217	2217
ENST00000646339.1	0	12667	12667
ENST00000646340.1	0	43953	43953
ENST00000646355.1	82	3812	3730
ENST00000646357.1	1798	112015	110217
ENST00000646367.1	427	14067	13640
ENST00000646369.1	24356	41955	17599
ENST00000646370.2	7047	14199	7152
ENST00000646371.1	33688	45299	11611
ENST00000646375.2	473	3162	2689
ENST00000646378.1	24	4280	4256
ENST00000646379.1	809	125110	124301
ENST00000646381.1	29681	46795	17114
ENST00000646382.1	1379	12370	10991
ENST00000646385.1	3934	30201	26267
ENST00000646388.1	607	45972	45365
ENST00000646389.1	783	3107	2324
ENST00000646391.1	29556	32826	3270
ENST00000646394.1	0	34820	34820
ENST00000646398.1	371	16757	16386
ENST00000646399.1	0	29093	29093
ENST00000646405.1	13365	23776	10411
ENST00000646407.1	6336	11968	5632
ENST00000646410.1	701	49514	48813
ENST00000646414.1	24199	36461	12262
ENST00000646415.1	73	207131	207058
ENST00000646419.2	5433	31260	25827
ENST00000646424.1	944	28065	27121
ENST00000646432.1	3844	111291	107447
ENST00000646433.1	21	45437	45416
ENST00000646434.1	59368	70941	11573
ENST00000646436.1	24562	31644	7082
ENST00000646437.1	0	12456	12456
ENST00000646438.2	27	18002	17975
ENST00000646439.1	24	283564	283540
ENST00000646440.2	4889	40994	36105
ENST00000646441.1	3298	46213	42915
ENST00000646444.1	18689	20703	2014
ENST00000646445.1	0	47822	47822
ENST00000646446.1	190	71105	70915
ENST00000646447.1	53	9569	9516
ENST00000646449.2	249	2574	2325
ENST00000646451.1	0	13524	13524
ENST00000646453.1	337	210978	210641
ENST00000646461.3	0	3207	3207
ENST00000646462.1	488	14938	14450
ENST00000646463.1	12620	52373	39753
ENST00000646464.2	622	8225	7603
ENST00000646465.1	854	156759	155905
ENST00000646466.1	59363	70940	11577
ENST00000646468.1	191	8613	8422
ENST00000646475.1	8173	8323	150
ENST00000646476.1	99	1385	1286
ENST00000646477.1	1240	15771	14531
ENST00000646481.1	48573	51682	3109
ENST00000646482.1	185	16439	16254
ENST00000646483.1	43040	53588	10548
ENST00000646484.1	23220	105690	82470
ENST00000646485.1	10024	12443	2419
ENST00000646487.1	24405	45518	21113
ENST00000646489.1	272	72275	72003
ENST00000646492.1	446	38112	37666
ENST00000646499.1	181178	209720	28542
ENST00000646501.1	138	1404	1266
ENST00000646505.1	2675	8569	5894
ENST00000646510.1	23160	105630	82470
ENST00000646511.1	831	134467	133636
ENST00000646513.1	0	25867	25867
ENST00000646515.1	945	122863	121918
ENST00000646519.1	478	92369	91891
ENST00000646520.1	4874	216154	211280
ENST00000646523.1	54802	148285	93483
ENST00000646525.1	158	88446	88288
ENST00000646528.1	6694	14827	8133
ENST00000646531.1	15	39074	39059
ENST00000646533.1	151	229241	229090
ENST00000646534.1	45885	84650	38765
ENST00000646536.1	12620	67745	55125
ENST00000646544.1	0	55954	55954
ENST00000646548.1	1470	95874	94404
ENST00000646554.1	18	21298	21280
ENST00000646559.1	59384	70961	11577
ENST00000646560.1	1609	6045	4436
ENST00000646561.1	11466	37214	25748
ENST00000646562.1	36020	43952	7932
ENST00000646563.1	9	100025	100016
ENST00000646564.2	91	396010	395919
ENST00000646570.1	24464	45998	21534
ENST00000646571.1	221	92618	92397
ENST00000646573.2	8882	42294	33412
ENST00000646575.2	90	19603	19513
ENST00000646582.1	560	4117	3557
ENST00000646589.1	8	22660	22652
ENST00000646590.1	79	26899	26820
ENST00000646591.1	565	21031	20466
ENST00000646592.1	35766	69649	33883
ENST00000646593.1	0	5252	5252
ENST00000646596.1	1804	23104	21300
ENST00000646600.1	59347	70924	11577
ENST00000646601.1	2215	11812	9597
ENST00000646602.1	422	30482	30060
ENST00000646605.1	2677	24366	21689
ENST00000646607.2	2716	24405	21689
ENST00000646608.1	327	34839	34512
ENST00000646610.1	469	81982	81513
ENST00000646611.1	797	68541	67744
ENST00000646619.1	112175	209907	97732
ENST00000646620.1	360	2155	1795
ENST00000646622.1	571	236015	235444
ENST00000646624.1	51479	121753	70274
ENST00000646625.1	4885	40990	36105
ENST00000646627.1	8108	14010	5902
ENST00000646630.1	200	35848	35648
ENST00000646632.1	111	13952	13841
ENST00000646633.1	85637	85977	340
ENST00000646638.1	870	33593	32723
ENST00000646640.1	122581	186953	64372
ENST00000646641.1	2414	4530	2116
ENST00000646643.1	0	4093	4093
ENST00000646647.2	417	54150	53733
ENST00000646648.1	34984	51555	16571
ENST00000646649.1	77	437137	437060
ENST00000646651.1	181	4682	4501
ENST00000646654.1	32513	37254	4741
ENST00000646657.1	78	112312	112234
ENST00000646660.1	0	8984	8984
ENST00000646663.1	4775	85858	81083
ENST00000646664.1	603	3629	3026
ENST00000646665.1	32579	46032	13453
ENST00000646667.1	4523	134931	130408
ENST00000646673.2	2706	63276	60570
ENST00000646677.2	5908	21159	15251
ENST00000646679.1	2161	8060	5899
ENST00000646680.1	1549	8635	7086
ENST00000646682.1	45811	57388	11577
ENST00000646685.1	23	19375	19352
ENST00000646686.1	26	195205	195179
ENST00000646688.1	0	3862	3862
ENST00000646693.2	23122	105785	82663
ENST00000646697.1	0	64696	64696
ENST00000646699.1	0	4467	4467
ENST00000646700.1	21	4871	4850
ENST00000646701.1	23	203032	203009
ENST00000646702.1	25026	46560	21534
ENST00000646703.2	609	25186	24577
ENST00000646704.1	0	89440	89440
ENST00000646708.1	1332	33509	32177
ENST00000646709.1	17159	47033	29874
ENST00000646710.1	28264	65294	37030
ENST00000646713.1	6930	140560	133630
ENST00000646714.1	6106	7700	1594
ENST00000646716.1	8	49981	49973
ENST00000646725.1	24433	42032	17599
ENST00000646727.1	39508	130628	91120
ENST00000646728.1	2661	7198	4537
ENST00000646730.1	38862	191954	153092
ENST00000646731.1	309	60945	60636
ENST00000646734.1	0	786	786
ENST00000646735.1	398	24499	24101
ENST00000646737.1	13452	29315	15863
ENST00000646740.1	10744	25398	14654
ENST00000646743.1	331	176120	175789
ENST00000646745.1	55891	61847	5956
ENST00000646746.1	0	68711	68711
ENST00000646753.1	153	3925	3772
ENST00000646754.1	2530	27754	25224
ENST00000646755.1	958	63118	62160
ENST00000646766.1	6998	16526	9528
ENST00000646769.1	69	1037	968
ENST00000646771.1	48244	77445	29201
ENST00000646773.1	120	66539	66419
ENST00000646775.1	0	915	915
ENST00000646779.1	0	2705	2705
ENST00000646783.1	0	18419	18419
ENST00000646789.1	649	2021	1372
ENST00000646790.1	46	145392	145346
ENST00000646793.1	131	101622	101491
ENST00000646796.1	1304	134024	132720
ENST00000646799.1	9	20888	20879
ENST00000646800.1	106386	180272	73886
ENST00000646804.1	685	55455	54770
ENST00000646806.1	491	41822	41331
ENST00000646814.1	1242	26990	25748
ENST00000646815.1	119	357	238
ENST00000646818.2	876	33599	32723
ENST00000646821.1	12601	67539	54938
ENST00000646825.1	11923	211751	199828
ENST00000646826.1	8	39067	39059
ENST00000646828.1	1125	65202	64077
ENST00000646834.1	17621	35072	17451
ENST00000646835.1	8469	10165	1696
ENST00000646838.1	1728	31072	29344
ENST00000646845.1	88	5870	5782
ENST00000646847.1	0	133299	133299
ENST00000646848.1	12620	69057	56437
ENST00000646856.1	9380	17806	8426
ENST00000646859.1	109895	285375	175480
ENST00000646861.1	6732	28459	21727
ENST00000646862.1	14	177456	177442
ENST00000646866.1	14114	35303	21189
ENST00000646869.1	2031	62601	60570
ENST00000646871.1	0	45666	45666
ENST00000646873.1	0	72657	72657
ENST00000646879.1	2145	70831	68686
ENST00000646880.1	482460	881472	399012
ENST00000646881.3	333	1610	1277
ENST00000646883.1	16610	23356	6746
ENST00000646887.1	23579	32113	8534
ENST00000646888.1	17	1529	1512
ENST00000646891.2	3935	196318	192383
ENST00000646892.1	3490	97086	93596
ENST00000646893.2	190	78657	78467
ENST00000646896.1	1167	1789	622
ENST00000646897.1	24568	86499	61931
ENST00000646898.1	537	19254	18717
ENST00000646900.2	18838	23540	4702
ENST00000646902.1	96	88549	88453
ENST00000646904.1	26944	62221	35277
ENST00000646906.1	0	8096	8096
ENST00000646907.2	430	107471	107041
ENST00000646908.1	0	8848	8848
ENST00000646909.1	294	6139	5845
ENST00000646914.1	0	15291	15291
ENST00000646917.1	0	83925	83925
ENST00000646918.1	1139	65216	64077
ENST00000646924.1	24450	45984	21534
ENST00000646925.1	291	8242	7951
ENST00000646926.2	16386	41875	25489
ENST00000646929.1	0	34510	34510
ENST00000646930.1	15	33984	33969
ENST00000646931.3	3349	128307	124958
ENST00000646932.1	718	59991	59273
ENST00000646935.2	40	12527	12487
ENST00000646938.1	453	40328	39875
ENST00000646939.1	1162	32134	30972
ENST00000646943.1	184	72256	72072
ENST00000646948.1	2722	24411	21689
ENST00000646950.1	59	2166	2107
ENST00000646954.1	1326	17482	16156
ENST00000646960.1	296	61354	61058
ENST00000646961.1	43	18191	18148
ENST00000646963.1	13	32133	32120
ENST00000646965.1	117	1515	1398
ENST00000646966.1	25702	110343	84641
ENST00000646968.1	17621	41014	23393
ENST00000646969.1	927	157034	156107
ENST00000646971.1	28716	223785	195069
ENST00000646974.2	87	34648	34561
ENST00000646975.1	189	29836	29647
ENST00000646978.1	0	13317	13317
ENST00000646979.1	0	1371	1371
ENST00000646984.1	0	4358	4358
ENST00000646985.1	243	82698	82455
ENST00000646988.1	0	6265	6265
ENST00000646991.2	274	2614	2340
ENST00000646993.1	38136	85544	47408
ENST00000646998.1	879	129526	128647
ENST00000647002.2	378	22046	21668
ENST00000647005.1	32542	161492	128950
ENST00000647006.2	58	70849	70791
ENST00000647009.1	2170	64818	62648
ENST00000647010.1	1475	23778	22303
ENST00000647013.1	36743	83947	47204
ENST00000647015.1	80	88319	88239
ENST00000647018.1	116	72050	71934
ENST00000647020.1	137	1995	1858
ENST00000647022.1	110	13386	13276
ENST00000647026.1	574	26212	25638
ENST00000647029.1	736	2300	1564
ENST00000647032.1	0	34745	34745
ENST00000647037.1	110	19623	19513
ENST00000647044.1	1011	10251	9240
ENST00000647048.1	2384	71800	69416
ENST00000647056.1	6375	22024	15649
ENST00000647057.1	187	16545	16358
ENST00000647060.1	93800	181904	88104
ENST00000647063.1	0	4016	4016
ENST00000647067.1	60	7051	6991
ENST00000647072.1	158	88446	88288
ENST00000647073.1	482541	797403	314862
ENST00000647076.1	6201	32682	26481
ENST00000647078.2	782	19745	18963
ENST00000647079.1	33121	68136	35015
ENST00000647080.1	862	33438	32576
ENST00000647082.1	0	4650	4650
ENST00000647086.1	37315	85939	48624
ENST00000647087.1	908	64985	64077
ENST00000647092.1	0	34	34
ENST00000647096.1	92	72175	72083
ENST00000647097.2	1290	132744	131454
ENST00000647098.1	11486	85030	73544
ENST00000647101.1	687	175534	174847
ENST00000647103.1	106398	230491	124093
ENST00000647104.1	87	58381	58294
ENST00000647107.1	0	34505	34505
ENST00000647109.1	0	237	237
ENST00000647110.1	174	72046	71872
ENST00000647113.1	10842	17286	6444
ENST00000647118.2	85131	262750	177619
ENST00000647124.1	537	10880	10343
ENST00000647125.1	69380	92586	23206
ENST00000647128.1	28637	150880	122243
ENST00000647129.1	48144	92997	44853
ENST00000647130.1	0	472	472
ENST00000647131.1	289	6060	5771
ENST00000647133.1	0	68324	68324
ENST00000647134.1	28573	171980	143407
ENST00000647136.1	713	37623	36910
ENST00000647139.1	0	122	122
ENST00000647140.1	0	30338	30338
ENST00000647146.1	469	67224	66755
ENST00000647148.1	28708	223865	195157
ENST00000647151.1	0	1206	1206
ENST00000647152.1	1740	4961	3221
ENST00000647158.1	35557	85402	49845
ENST00000647161.1	8796	57983	49187
ENST00000647163.1	26558	61978	35420
ENST00000647165.2	10045	80636	70591
ENST00000647166.1	0	420	420
ENST00000647167.1	2136	82340	80204
ENST00000647168.2	356	118363	118007
ENST00000647169.1	303	39190	38887
ENST00000647172.1	123226	157444	34218
ENST00000647186.1	51479	121753	70274
ENST00000647188.2	53602	148006	94404
ENST00000647194.1	24338	45872	21534
ENST00000647196.1	77	11776	11699
ENST00000647199.1	271	36839	36568
ENST00000647203.1	32542	140311	107769
ENST00000647209.1	5844	6484	640
ENST00000647210.1	157	3824	3667
ENST00000647211.2	3926	106489	102563
ENST00000647213.1	0	13621	13621
ENST00000647224.1	1086	65163	64077
ENST00000647226.1	4340	10106	5766
ENST00000647227.1	0	4502	4502
ENST00000647230.1	23195	105665	82470
ENST00000647231.1	4054	85929	81875
ENST00000647232.1	29282	127715	98433
ENST00000647236.1	125760	144654	18894
ENST00000647237.1	28727	223665	194938
ENST00000647238.1	581	17152	16571
ENST00000647243.1	702	2266	1564
ENST00000647244.1	145074	182104	37030
ENST00000647245.1	0	19210	19210
ENST00000647248.2	778	5906	5128
ENST00000647251.1	145	2346	2201
ENST00000647252.1	656	20055	19399
ENST00000647255.1	242	3332	3090
ENST00000647257.1	2131	59028	56897
ENST00000647259.2	252	21456	21204
ENST00000647261.1	173	24732	24559
ENST00000647264.1	25064	42112	17048
ENST00000647265.1	614	82127	81513
ENST00000647268.1	0	68719	68719
ENST00000647273.1	230106	546156	316050
ENST00000647275.1	0	1036	1036
ENST00000647277.1	14307	46806	32499
ENST00000647279.1	16525	33638	17113
ENST00000647280.1	246	109161	108915
ENST00000647291.1	1059	30360	29301
ENST00000647294.1	12325	18218	5893
ENST00000647296.1	351	14190	13839
ENST00000647301.1	49	15264	15215
ENST00000647303.1	21	15669	15648
ENST00000647305.1	647	132491	131844
ENST00000647309.1	0	2402	2402
ENST00000647317.2	5195	15277	10082
ENST00000647318.2	5890	41238	35348
ENST00000647322.1	0	15258	15258
ENST00000647330.1	6766	13884	7118
ENST00000647331.1	10203	49423	39220
ENST00000647332.1	12620	47176	34556
ENST00000647334.1	2372	72119	69747
ENST00000647335.1	30	3760	3730
ENST00000647337.2	397	220527	220130
ENST00000647341.1	0	75556	75556
ENST00000647342.1	10	21290	21280
ENST00000647343.1	908	156620	155712
ENST00000647348.1	173	25921	25748
ENST00000647351.1	488	72566	72078
ENST00000647358.2	42	23962	23920
ENST00000647361.1	48841	59013	10172
ENST00000647363.1	9255	9739	484
ENST00000647372.1	387	54055	53668
ENST00000647373.1	0	733	733
ENST00000647374.2	1196	6240	5044
ENST00000647377.1	4008	327069	323061
ENST00000647382.2	26559	114974	88415
ENST00000647384.1	81	21622	21541
ENST00000647387.1	14377	57577	43200
ENST00000647390.1	24583	42182	17599
ENST00000647395.1	581	5378	4797
ENST00000647396.1	3601	49964	46363
ENST00000647398.2	601	4013	3412
ENST00000647401.1	3842	135995	132153
ENST00000647406.1	39840	46550	6710
ENST00000647407.1	12624	63751	51127
ENST00000647408.1	361	15197	14836
ENST00000647410.1	8231	148096	139865
ENST00000647413.1	24333	41922	17589
ENST00000647417.1	7675	81542	73867
ENST00000647418.1	12627	47183	34556
ENST00000647424.1	8496	10192	1696
ENST00000647425.1	54585	148989	94404
ENST00000647427.1	3430	43950	40520
ENST00000647428.1	90871	121418	30547
ENST00000647431.2	41392	71627	30235
ENST00000647433.1	1952	107614	105662
ENST00000647434.1	14776	66640	51864
ENST00000647435.1	225	7723	7498
ENST00000647437.1	44	21185	21141
ENST00000647438.1	948	63025	62077
ENST00000647441.1	131	32512	32381
ENST00000647442.1	63	1040	977
ENST00000647444.2	2434	13140	10706
ENST00000647445.1	370	19114	18744
ENST00000647446.1	45	29446	29401
ENST00000647447.1	0	9927	9927
ENST00000647458.1	0	131234	131234
ENST00000647460.1	686	4277	3591
ENST00000647462.1	211	19960	19749
ENST00000647464.2	0	28345	28345
ENST00000647465.1	38	43735	43697
ENST00000647468.2	1850	50790	48940
ENST00000647469.1	78	4707	4629
ENST00000647472.1	26276	94614	68338
ENST00000647475.1	27295	37242	9947
ENST00000647478.1	16323	191567	175244
ENST00000647481.1	0	159772	159772
ENST00000647482.1	28697	191094	162397
ENST00000647483.1	360	29468	29108
ENST00000647484.1	2504	5102	2598
ENST00000647486.2	12672	54706	42034
ENST00000647488.1	5781	9890	4109
ENST00000647489.1	12620	47176	34556
ENST00000647492.1	2672	8566	5894
ENST00000647496.1	54	35998	35944
ENST00000647500.1	151	358744	358593
ENST00000647503.1	0	138559	138559
ENST00000647504.1	105827	147759	41932
ENST00000647508.1	1069	19202	18133
ENST00000647510.2	1212	43712	42500
ENST00000647515.1	1794	10581	8787
ENST00000647516.1	7789	13360	5571
ENST00000647517.1	0	85630	85630
ENST00000647524.1	28	34001	33973
ENST00000647529.1	444	23479	23035
ENST00000647530.1	8489	15494	7005
ENST00000647531.1	4321	28219	23898
ENST00000647536.1	60	111223	111163
ENST00000647540.1	1822	159144	157322
ENST00000647543.1	92	6958	6866
ENST00000647546.1	16038	114471	98433
ENST00000647547.1	3865	9100	5235
ENST00000647553.1	865	4512	3647
ENST00000647554.1	238	65313	65075
ENST00000647557.2	355	15462	15107
ENST00000647561.1	1352	8184	6832
ENST00000647563.2	866	11767	10901
ENST00000647564.1	9349	11639	2290
ENST00000647567.1	0	229982	229982
ENST00000647568.1	4048	63206	59158
ENST00000647572.1	0	9929	9929
ENST00000647574.1	44151	48510	4359
ENST00000647578.1	112	29227	29115
ENST00000647584.2	3990	43582	39592
ENST00000647586.1	1685	8201	6516
ENST00000647587.1	6522	7094	572
ENST00000647590.1	5739	335975	330236
ENST00000647594.1	1301	244301	243000
ENST00000647595.1	103	62260	62157
ENST00000647596.1	340	467204	466864
ENST00000647599.1	0	3345	3345
ENST00000647605.1	1102	21762	20660
ENST00000647606.1	210847	217207	6360
ENST00000647610.1	38127	65906	27779
ENST00000647612.1	51131	73721	22590
ENST00000647613.1	267192	271330	4138
ENST00000647614.1	0	38790	38790
ENST00000647618.1	2092	193992	191900
ENST00000647619.2	3242	123077	119835
ENST00000647621.1	859	15751	14892
ENST00000647622.1	23220	57245	34025
ENST00000647633.1	198	70473	70275
ENST00000647634.2	179	15576	15397
ENST00000647636.1	20	7748	7728
ENST00000647637.1	15977	197636	181659
ENST00000647640.1	25	9496	9471
ENST00000647642.1	238	137352	137114
ENST00000647644.1	104	7589	7485
ENST00000647645.1	522	34850	34328
ENST00000647647.1	2255	2966	711
ENST00000647650.1	65925	121382	55457
ENST00000647654.1	498	244128	243630
ENST00000647656.1	51	141250	141199
ENST00000647658.1	91426	384795	293369
ENST00000647659.1	2040	46067	44027
ENST00000647664.1	72	78705	78633
ENST00000647666.1	16258	197686	181428
ENST00000647669.1	0	41105	41105
ENST00000647672.1	0	14075	14075
ENST00000647676.1	46615	63497	16882
ENST00000647678.1	13636	17572	3936
ENST00000647683.1	545	57134	56589
ENST00000647684.1	215	17792	17577
ENST00000647685.1	482	32124	31642
ENST00000647687.2	102927	135527	32600
ENST00000647694.1	2551	193996	191445
ENST00000647698.1	0	14852	14852
ENST00000647699.1	30868	79990	49122
ENST00000647702.1	244	25722	25478
ENST00000647707.1	0	27504	27504
ENST00000647709.2	7942	10750	2808
ENST00000647711.1	533	4020	3487
ENST00000647715.1	117	36312	36195
ENST00000647720.2	107	166085	165978
ENST00000647721.1	2254	5534	3280
ENST00000647723.1	2161	4738	2577
ENST00000647724.1	25	9466	9441
ENST00000647725.1	24	241170	241146
ENST00000647727.1	3	22418	22415
ENST00000647728.1	0	2106	2106
ENST00000647730.1	567	6246	5679
ENST00000647731.1	698	86133	85435
ENST00000647733.1	2002	297485	295483
ENST00000647738.2	2757	194202	191445
ENST00000647742.1	146	76193	76047
ENST00000647743.1	1786	2903	1117
ENST00000647746.1	232	13070	12838
ENST00000647748.1	1962	67502	65540
ENST00000647753.1	2004	4464	2460
ENST00000647755.1	2126	194082	191956
ENST00000647760.1	23615	26439	2824
ENST00000647764.1	8092	169706	161614
ENST00000647765.1	860	14131	13271
ENST00000647766.1	38	10010	9972
ENST00000647767.1	2467	6277	3810
ENST00000647768.3	1978	657681	655703
ENST00000647769.1	0	4395	4395
ENST00000647771.1	3803	4344	541
ENST00000647773.2	499	11253	10754
ENST00000647774.1	109	15103	14994
ENST00000647775.1	0	4394	4394
ENST00000647778.1	0	78606	78606
ENST00000647779.1	53	132251	132198
ENST00000647788.1	569	6248	5679
ENST00000647789.2	1252	11411	10159
ENST00000647790.1	211078	231908	20830
ENST00000647793.1	0	3801	3801
ENST00000647795.1	194	12883	12689
ENST00000647797.1	853	46381	45528
ENST00000647799.1	36294	54352	18058
ENST00000647800.2	155	28807	28652
ENST00000647801.1	0	1317	1317
ENST00000647810.1	651	5794	5143
ENST00000647811.1	2492	19013	16521
ENST00000647814.1	205	73591	73386
ENST00000647816.2	197	177837	177640
ENST00000647818.1	3403	44935	41532
ENST00000647819.1	197	45328	45131
ENST00000647821.1	34703	655514	620811
ENST00000647833.1	12170	16078	3908
ENST00000647834.1	7528	7598	70
ENST00000647835.1	69	3356	3287
ENST00000647837.1	249161	334967	85806
ENST00000647839.1	0	2012	2012
ENST00000647841.1	54	4078	4024
ENST00000647844.1	39814	47925	8111
ENST00000647848.1	202	2119	1917
ENST00000647849.1	7806	25190	17384
ENST00000647852.1	0	13564	13564
ENST00000647854.1	878	8405	7527
ENST00000647857.1	14	11727	11713
ENST00000647859.1	1301	244301	243000
ENST00000647860.1	0	15968	15968
ENST00000647861.1	6498	17061	10563
ENST00000647865.1	0	13835	13835
ENST00000647869.1	59	18418	18359
ENST00000647873.1	172	32542	32370
ENST00000647874.1	138	16894	16756
ENST00000647876.1	905	2697	1792
ENST00000647877.1	0	4905	4905
ENST00000647880.1	515	2979	2464
ENST00000647882.1	0	77608	77608
ENST00000647883.1	0	9859	9859
ENST00000647885.1	383	85905	85522
ENST00000647886.1	500	244401	243901
ENST00000647887.1	4619	5451	832
ENST00000647889.1	10904	31696	20792
ENST00000647890.1	16439	16843	404
ENST00000647893.1	16	85238	85222
ENST00000647897.1	113	3311	3198
ENST00000647899.1	0	39766	39766
ENST00000647902.1	0	2913	2913
ENST00000647903.1	0	4395	4395
ENST00000647907.1	4972	29403	24431
ENST00000647909.1	9	11734	11725
ENST00000647911.1	17	10843	10826
ENST00000647912.1	28294	37942	9648
ENST00000647915.1	2142	3966	1824
ENST00000647920.1	457	3181	2724
ENST00000647926.1	5341	47509	42168
ENST00000647928.1	139	54321	54182
ENST00000647930.1	2773	99796	97023
ENST00000647932.1	890	21990	21100
ENST00000647933.1	153	55405	55252
ENST00000647936.1	1246	102267	101021
ENST00000647937.1	665	32511	31846
ENST00000647941.2	1240	15413	14173
ENST00000647945.2	3340	96419	93079
ENST00000647947.1	60	1060	1000
ENST00000647955.1	91	1701	1610
ENST00000647956.2	316	14273	13957
ENST00000647958.1	362	2631	2269
ENST00000647959.1	24569	31194	6625
ENST00000647960.1	94584	119304	24720
ENST00000647964.1	210	115757	115547
ENST00000647974.1	94586	98695	4109
ENST00000647975.1	29	15207	15178
ENST00000647978.2	84	25324	25240
ENST00000647979.1	38349	66128	27779
ENST00000647980.1	489	244307	243818
ENST00000647984.1	101	9078	8977
ENST00000647986.1	89509	126235	36726
ENST00000647988.1	0	6356	6356
ENST00000647990.1	472	10766	10294
ENST00000647998.2	24	100625	100601
ENST00000648001.1	5084	27145	22061
ENST00000648002.1	113	14322	14209
ENST00000648006.3	30	5176	5146
ENST00000648008.1	21858	44494	22636
ENST00000648009.1	452	4997	4545
ENST00000648012.1	109	50492	50383
ENST00000648013.1	2115	16085	13970
ENST00000648014.1	113	18985	18872
ENST00000648016.1	0	165657	165657
ENST00000648017.1	3565	28837	25272
ENST00000648020.2	3585	18817	15232
ENST00000648022.1	5662	49093	43431
ENST00000648026.1	0	8115	8115
ENST00000648033.1	11772	14103	2331
ENST00000648036.1	1268	100084	98816
ENST00000648037.1	3712	6695	2983
ENST00000648038.1	0	181330	181330
ENST00000648039.1	8867	88129	79262
ENST00000648042.1	0	28466	28466
ENST00000648043.1	3825	103466	99641
ENST00000648046.1	892	74795	73903
ENST00000648047.1	271	69803	69532
ENST00000648048.1	16258	206530	190272
ENST00000648056.1	1591	85447	83856
ENST00000648057.3	345	7753	7408
ENST00000648059.1	190	12058	11868
ENST00000648061.2	9084	20467	11383
ENST00000648062.1	68748	190200	121452
ENST00000648064.1	373	10532	10159
ENST00000648068.1	4033	102738	98705
ENST00000648071.1	22	6052	6030
ENST00000648076.2	952	53823	52871
ENST00000648078.1	123	25776	25653
ENST00000648081.1	2020	27335	25315
ENST00000648083.1	7463	12162	4699
ENST00000648086.1	1195	269725	268530
ENST00000648095.1	8144	18226	10082
ENST00000648098.1	1331	84714	83383
ENST00000648100.1	279	58262	57983
ENST00000648109.1	90239	205295	115056
ENST00000648111.1	39332	49151	9819
ENST00000648112.1	23	50302	50279
ENST00000648114.1	233	385879	385646
ENST00000648117.1	251	36090	35839
ENST00000648119.1	2999	23114	20115
ENST00000648120.1	77	399	322
ENST00000648122.1	30947	40905	9958
ENST00000648124.1	85	68563	68478
ENST00000648128.1	0	3760	3760
ENST00000648129.1	362	86046	85684
ENST00000648130.1	10204	23867	13663
ENST00000648139.1	214	222326	222112
ENST00000648145.1	0	6198	6198
ENST00000648146.1	4468	67482	63014
ENST00000648151.1	121	33072	32951
ENST00000648156.1	11881	22003	10122
ENST00000648159.1	17603	199242	181639
ENST00000648164.1	1140	86991	85851
ENST00000648167.1	5	56918	56913
ENST00000648168.1	330	115877	115547
ENST00000648172.8	821	31238	30417
ENST00000648174.1	0	4395	4395
ENST00000648177.1	10269	55470	45201
ENST00000648179.1	102	81552	81450
ENST00000648180.1	17916	58804	40888
ENST00000648181.1	72869	152416	79547
ENST00000648182.1	0	15619	15619
ENST00000648187.1	65	81797	81732
ENST00000648189.1	0	4471	4471
ENST00000648193.1	14088	64151	50063
ENST00000648194.1	3292	82203	78911
ENST00000648195.1	509	72164	71655
ENST00000648198.1	165	49834	49669
ENST00000648212.1	0	170720	170720
ENST00000648216.1	272	15079	14807
ENST00000648219.1	894	18165	17271
ENST00000648227.1	62	10311	10249
ENST00000648229.1	92	153446	153354
ENST00000648230.1	0	2688	2688
ENST00000648231.2	2742	22468	19726
ENST00000648236.1	48429	58387	9958
ENST00000648237.1	0	1835	1835
ENST00000648240.1	12867	17277	4410
ENST00000648244.1	57	3376	3319
ENST00000648252.1	62636	171750	109114
ENST00000648253.1	36	26146	26110
ENST00000648254.1	215	27795	27580
ENST00000648256.1	0	5501	5501
ENST00000648260.1	84	150295	150211
ENST00000648261.1	70783	83272	12489
ENST00000648262.1	17	104723	104706
ENST00000648263.1	0	11952	11952
ENST00000648266.1	23038	360955	337917
ENST00000648267.1	7862	13962	6100
ENST00000648268.1	358	30510	30152
ENST00000648271.1	546	6225	5679
ENST00000648272.1	66	56129	56063
ENST00000648273.1	867	16640	15773
ENST00000648276.1	151	135288	135137
ENST00000648280.1	806	9344	8538
ENST00000648282.1	0	179051	179051
ENST00000648287.1	0	9849	9849
ENST00000648289.1	7465	12383	4918
ENST00000648290.1	14959	49941	34982
ENST00000648294.1	0	138091	138091
ENST00000648296.1	85682	87234	1552
ENST00000648298.1	4557	116400	111843
ENST00000648300.1	2843	130466	127623
ENST00000648303.1	67934	121498	53564
ENST00000648304.1	4043	38611	34568
ENST00000648305.1	56	174047	173991
ENST00000648306.1	1300	84683	83383
ENST00000648309.1	5	337878	337873
ENST00000648311.1	2702	22428	19726
ENST00000648314.1	28	6029	6001
ENST00000648315.1	0	4395	4395
ENST00000648316.1	2406	193845	191439
ENST00000648318.1	3165	194040	190875
ENST00000648319.1	1013	15601	14588
ENST00000648321.1	28823	240154	211331
ENST00000648323.1	1371	3625	2254
ENST00000648324.1	140	14320	14180
ENST00000648326.1	439	2387	1948
ENST00000648328.1	2154	18880	16726
ENST00000648329.1	34	70577	70543
ENST00000648332.1	8891	66961	58070
ENST00000648335.1	0	120805	120805
ENST00000648336.2	5412	77984	72572
ENST00000648338.1	4766	87943	83177
ENST00000648339.1	3175	194050	190875
ENST00000648344.1	0	4395	4395
ENST00000648346.1	709	4012	3303
ENST00000648349.2	170	39639	39469
ENST00000648350.1	119	16443	16324
ENST00000648352.1	2249	32356	30107
ENST00000648354.1	354	35951	35597
ENST00000648358.2	13091	47035	33944
ENST00000648359.1	13782	349856	336074
ENST00000648360.1	0	3141	3141
ENST00000648361.1	2290	17930	15640
ENST00000648362.1	1750	58585	56835
ENST00000648364.1	2044	87479	85435
ENST00000648366.1	845	9484	8639
ENST00000648368.2	140	3654	3514
ENST00000648369.1	238	180905	180667
ENST00000648370.1	17323	206918	189595
ENST00000648371.1	79	82041	81962
ENST00000648373.1	5618	37117	31499
ENST00000648374.1	278	6304	6026
ENST00000648375.1	311	45882	45571
ENST00000648377.1	134823	392697	257874
ENST00000648378.1	343	5091	4748
ENST00000648380.1	13	241159	241146
ENST00000648384.1	28815	240143	211328
ENST00000648386.1	0	30763	30763
ENST00000648388.1	19636	37175	17539
ENST00000648390.1	0	140581	140581
ENST00000648392.1	75	249494	249419
ENST00000648394.1	201	115748	115547
ENST00000648395.1	49828	102467	52639
ENST00000648397.1	14070	24028	9958
ENST00000648400.1	0	130	130
ENST00000648402.1	7367	16223	8856
ENST00000648405.2	172	5703	5531
ENST00000648407.1	247	18089	17842
ENST00000648408.1	187	15566	15379
ENST00000648412.1	1321	84704	83383
ENST00000648414.1	0	42878	42878
ENST00000648421.1	26	15388	15362
ENST00000648423.1	0	1256	1256
ENST00000648426.1	59	241253	241194
ENST00000648427.1	14416	28324	13908
ENST00000648430.2	1175	87854	86679
ENST00000648431.1	0	176495	176495
ENST00000648433.1	108	54155	54047
ENST00000648435.1	3	4397	4394
ENST00000648437.1	55	8257	8202
ENST00000648440.1	3081	117086	114005
ENST00000648444.1	386	48714	48328
ENST00000648445.1	30	249553	249523
ENST00000648446.1	1543	24625	23082
ENST00000648450.1	25539	33333	7794
ENST00000648451.1	124398	166797	42399
ENST00000648452.1	519	244453	243934
ENST00000648453.1	30030	98533	68503
ENST00000648458.1	270	28409	28139
ENST00000648459.1	498	238986	238488
ENST00000648462.1	81	12415	12334
ENST00000648466.1	31429	46292	14863
ENST00000648467.1	5603	63809	58206
ENST00000648469.1	748	84497	83749
ENST00000648472.1	207018	232170	25152
ENST00000648473.1	2012	85348	83336
ENST00000648476.1	1322	84705	83383
ENST00000648477.1	353	3628	3275
ENST00000648480.1	650	2940	2290
ENST00000648482.1	565	73126	72561
ENST00000648483.1	17244	198063	180819
ENST00000648485.1	1628	1854	226
ENST00000648487.1	12464	90752	78288
ENST00000648488.1	286	3626	3340
ENST00000648490.1	15299	277233	261934
ENST00000648501.1	23340	43129	19789
ENST00000648504.1	132533	243988	111455
ENST00000648509.2	11409	41304	29895
ENST00000648511.1	14550	24508	9958
ENST00000648515.1	0	33795	33795
ENST00000648516.1	2474	18471	15997
ENST00000648517.1	1786	18396	16610
ENST00000648519.1	193	1610	1417
ENST00000648523.1	0	4222	4222
ENST00000648529.1	74182	74563	381
ENST00000648530.1	7454	18171	10717
ENST00000648531.1	25	14048	14023
ENST00000648538.1	20	13823	13803
ENST00000648539.1	16262	17628	1366
ENST00000648542.1	1594	17014	15420
ENST00000648544.1	170	43000	42830
ENST00000648545.1	0	1947	1947
ENST00000648550.1	3227	90661	87434
ENST00000648554.1	0	1759	1759
ENST00000648560.1	13403	33259	19856
ENST00000648564.1	0	29850	29850
ENST00000648566.1	1854	11272	9418
ENST00000648567.1	1954	85213	83259
ENST00000648570.1	73	19308	19235
ENST00000648577.1	9502	88483	78981
ENST00000648579.1	317	11825	11508
ENST00000648580.1	107072	561583	454511
ENST00000648582.1	16610	31213	14603
ENST00000648585.1	23	51747	51724
ENST00000648588.1	2605	11384	8779
ENST00000648590.1	3	4399	4396
ENST00000648592.1	25	39585	39560
ENST00000648595.1	78	25748	25670
ENST00000648599.1	7	4310	4303
ENST00000648608.1	20221	28654	8433
ENST00000648610.2	398	11013	10615
ENST00000648613.1	4245	45046	40801
ENST00000648614.1	2391	5960	3569
ENST00000648615.1	214	25536	25322
ENST00000648616.1	2091	20813	18722
ENST00000648618.1	81	141280	141199
ENST00000648619.1	2	34720	34718
ENST00000648621.1	219	55201	54982
ENST00000648622.1	1902	1265125	1263223
ENST00000648626.1	1057	152375	151318
ENST00000648627.1	2108	193099	190991
ENST00000648628.1	40914	140907	99993
ENST00000648630.1	0	7781	7781
ENST00000648635.1	79649	114546	34897
ENST00000648638.1	58131	82807	24676
ENST00000648640.1	230	2653	2423
ENST00000648649.1	701	1357	656
ENST00000648651.1	1543	31458	29915
ENST00000648654.1	37660	75986	38326
ENST00000648656.1	0	2022	2022
ENST00000648658.1	0	8530	8530
ENST00000648661.1	55	65839	65784
ENST00000648663.1	28953	112336	83383
ENST00000648664.1	15026	26498	11472
ENST00000648665.2	1900	193862	191962
ENST00000648670.1	0	29339	29339
ENST00000648674.1	321	8124	7803
ENST00000648676.1	1709	5089	3380
ENST00000648678.1	27450	45529	18079
ENST00000648680.1	1656	87117	85461
ENST00000648682.1	10	7708	7698
ENST00000648685.1	98	75166	75068
ENST00000648686.1	12547	13847	1300
ENST00000648689.1	205	11948	11743
ENST00000648690.1	49850	85978	36128
ENST00000648692.1	0	1941	1941
ENST00000648693.1	13462	13748	286
ENST00000648694.1	3601	18585	14984
ENST00000648695.1	1821	1937	116
ENST00000648696.1	0	6386	6386
ENST00000648702.1	139076	142110	3034
ENST00000648706.1	154	31219	31065
ENST00000648710.2	449	241592	241143
ENST00000648711.1	110470	221576	111106
ENST00000648713.2	306	958	652
ENST00000648714.2	8208	28667	20459
ENST00000648718.1	19	241162	241143
ENST00000648719.1	2813	10455	7642
ENST00000648724.3	184	22219	22035
ENST00000648725.1	17922	212310	194388
ENST00000648728.1	29452	37173	7721
ENST00000648731.1	164775	243596	78821
ENST00000648738.1	0	50613	50613
ENST00000648742.1	281	2556	2275
ENST00000648743.1	188	115735	115547
ENST00000648745.1	16636	16994	358
ENST00000648748.3	46	96268	96222
ENST00000648750.1	7066	8157	1091
ENST00000648752.1	0	12796	12796
ENST00000648753.2	1982	136935	134953
ENST00000648754.1	260	22406	22146
ENST00000648755.1	251	53050	52799
ENST00000648758.1	178	10337	10159
ENST00000648760.1	0	498	498
ENST00000648761.1	0	86	86
ENST00000648766.1	0	760	760
ENST00000648771.1	3657	181822	178165
ENST00000648772.1	18719	78960	60241
ENST00000648774.1	0	22614	22614
ENST00000648777.1	186	70006	69820
ENST00000648783.1	0	212	212
ENST00000648784.1	25	9496	9471
ENST00000648791.1	6	4949	4943
ENST00000648792.1	1494	145327	143833
ENST00000648794.2	3	96222	96219
ENST00000648795.1	254	2916	2662
ENST00000648799.1	0	67283	67283
ENST00000648805.1	16449	55218	38769
ENST00000648806.1	7136	10670	3534
ENST00000648807.1	577	34815	34238
ENST00000648810.1	158	3528	3370
ENST00000648817.1	261	26733	26472
ENST00000648823.1	89251	223855	134604
ENST00000648824.2	223	32153	31930
ENST00000648827.1	13	45703	45690
ENST00000648828.1	17931	18159	228
ENST00000648832.1	1298	84681	83383
ENST00000648834.1	110671	222252	111581
ENST00000648835.1	0	42028	42028
ENST00000648836.1	26	125179	125153
ENST00000648839.1	51	5226	5175
ENST00000648843.3	44	103961	103917
ENST00000648844.2	1711	86035	84324
ENST00000648848.1	69	249436	249367
ENST00000648850.1	164834	164888	54
ENST00000648853.1	1124	108524	107400
ENST00000648856.1	1072	248822	247750
ENST00000648859.1	258	939	681
ENST00000648861.1	19373	90954	71581
ENST00000648866.1	51701	62284	10583
ENST00000648867.1	5743	22155	16412
ENST00000648869.1	6252	10987	4735
ENST00000648870.1	3049	116356	113307
ENST00000648871.1	0	5539	5539
ENST00000648872.1	3331	51657	48326
ENST00000648873.1	6289	72684	66395
ENST00000648874.1	21876	66073	44197
ENST00000648875.1	110	12034	11924
ENST00000648877.1	1260	84643	83383
ENST00000648878.1	1062	225104	224042
ENST00000648882.1	1	677	676
ENST00000648884.1	5739	125166	119427
ENST00000648885.2	58495	91326	32831
ENST00000648890.1	11	9010	8999
ENST00000648891.1	72866	121945	49079
ENST00000648892.1	16445	209957	193512
ENST00000648893.1	10513	29553	19040
ENST00000648894.1	55135	58939	3804
ENST00000648895.1	0	86015	86015
ENST00000648896.1	36	25406	25370
ENST00000648897.1	141203	248317	107114
ENST00000648899.1	17300	198967	181667
ENST00000648908.2	2065	89107	87042
ENST00000648911.1	3217	48063	44846
ENST00000648914.1	3586	30428	26842
ENST00000648915.2	28	11729	11701
ENST00000648917.1	5739	329947	324208
ENST00000648919.1	1289	9416	8127
ENST00000648921.1	4505	16973	12468
ENST00000648922.1	0	272608	272608
ENST00000648925.1	64	16419	16355
ENST00000648928.1	2731	194170	191439
ENST00000648929.1	0	32132	32132
ENST00000648931.2	2998	136852	133854
ENST00000648933.1	2616	193084	190468
ENST00000648936.2	522	72418	71896
ENST00000648939.1	132533	244114	111581
ENST00000648943.2	0	124380	124380
ENST00000648945.2	38	7446	7408
ENST00000648947.1	1346	122063	120717
ENST00000648948.2	3339	727070	723731
ENST00000648953.1	1306	84689	83383
ENST00000648957.1	2258	9989	7731
ENST00000648960.1	577	34487	33910
ENST00000648962.1	1246	99957	98711
ENST00000648964.1	3375	37040	33665
ENST00000648965.1	11420	16968	5548
ENST00000648966.1	55	33329	33274
ENST00000648971.1	16026	31630	15604
ENST00000648973.1	1040	16708	15668
ENST00000648974.1	0	3931	3931
ENST00000648977.1	44	21027	20983
ENST00000648982.1	0	248024	248024
ENST00000648983.1	839	43506	42667
ENST00000648987.1	667	18277	17610
ENST00000648989.1	124	5473	5349
ENST00000648990.1	1064	42832	41768
ENST00000648993.1	217	70951	70734
ENST00000648994.2	152	64411	64259
ENST00000648997.1	59046	134111	75065
ENST00000649002.1	75	174227	174152
ENST00000649003.1	11253	13543	2290
ENST00000649006.1	17374	210886	193512
ENST00000649011.1	262	122651	122389
ENST00000649012.1	63	37420	37357
ENST00000649014.1	4063	86242	82179
ENST00000649015.2	23144	361088	337944
ENST00000649020.1	151	16127	15976
ENST00000649022.2	2740	22466	19726
ENST00000649028.1	230	115777	115547
ENST00000649030.2	855	2779	1924
ENST00000649031.1	3837	6875	3038
ENST00000649042.1	2713	22439	19726
ENST00000649044.1	32349	107817	75468
ENST00000649046.1	1557	249176	247619
ENST00000649051.1	0	34529	34529
ENST00000649054.1	25839	114963	89124
ENST00000649057.1	68207	114768	46561
ENST00000649059.1	0	43095	43095
ENST00000649060.1	5307	5785	478
ENST00000649063.2	93	18163	18070
ENST00000649065.1	50	62513	62463
ENST00000649067.1	567	33700	33133
ENST00000649075.1	1614	5018	3404
ENST00000649076.2	1068	24178	23110
ENST00000649078.1	2739	16709	13970
ENST00000649083.1	0	4116	4116
ENST00000649084.1	21610	34687	13077
ENST00000649089.1	12097	23003	10906
ENST00000649091.1	0	2271	2271
ENST00000649092.2	2070	104653	102583
ENST00000649095.1	581	7887	7306
ENST00000649096.1	3606	89015	85409
ENST00000649097.1	20375	244337	223962
ENST00000649098.1	1779	56605	54826
ENST00000649099.1	0	130	130
ENST00000649100.1	13	10839	10826
ENST00000649101.1	646	50585	49939
ENST00000649102.1	72473	81004	8531
ENST00000649103.1	46767	96988	50221
ENST00000649106.1	0	21284	21284
ENST00000649107.1	0	9135	9135
ENST00000649114.1	91	81566	81475
ENST00000649116.1	37850	115778	77928
ENST00000649117.1	138	201360	201222
ENST00000649119.1	17273	17317	44
ENST00000649124.2	3570	32277	28707
ENST00000649130.1	0	18259	18259
ENST00000649131.1	0	2663	2663
ENST00000649134.1	7	52336	52329
ENST00000649139.1	492	32134	31642
ENST00000649141.2	3	29836	29833
ENST00000649142.1	29222	30913	1691
ENST00000649152.1	96	8592	8496
ENST00000649153.1	10930	63818	52888
ENST00000649155.1	0	130	130
ENST00000649156.2	19755	37294	17539
ENST00000649158.1	268	55797	55529
ENST00000649163.1	1224	3490	2266
ENST00000649166.1	72280	121466	49186
ENST00000649170.1	59	17127	17068
ENST00000649173.1	40057	57530	17473
ENST00000649177.1	1207	2153	946
ENST00000649178.1	5	11498	11493
ENST00000649181.1	159417	243659	84242
ENST00000649185.1	23887	33370	9483
ENST00000649186.1	129	15430	15301
ENST00000649187.1	0	1433	1433
ENST00000649191.2	652	25329	24677
ENST00000649195.1	627	3302	2675
ENST00000649200.1	1846	38062	36216
ENST00000649205.1	32534	41879	9345
ENST00000649206.1	1021	57682	56661
ENST00000649207.1	2556	193995	191439
ENST00000649211.1	1092	9188	8096
ENST00000649213.1	24	8915	8891
ENST00000649214.1	309	54234	53925
ENST00000649215.1	105	23014	22909
ENST00000649217.2	179	78829	78650
ENST00000649219.1	6583	8867	2284
ENST00000649224.1	10284	11454	1170
ENST00000649225.1	367111	450494	83383
ENST00000649226.1	148	14550	14402
ENST00000649227.1	47535	66491	18956
ENST00000649231.1	7959	55352	47393
ENST00000649232.1	0	152028	152028
ENST00000649233.1	3576	18560	14984
ENST00000649234.1	54	27295	27241
ENST00000649235.1	260	10612	10352
ENST00000649238.3	91	1521	1430
ENST00000649242.1	34094	113075	78981
ENST00000649243.1	39946	98389	58443
ENST00000649246.1	0	130	130
ENST00000649247.1	139193	327866	188673
ENST00000649248.1	2413	37839	35426
ENST00000649251.1	209	102878	102669
ENST00000649256.2	87	37865	37778
ENST00000649263.1	205248	885751	680503
ENST00000649266.1	21247	29234	7987
ENST00000649267.1	1203	84586	83383
ENST00000649271.1	2070	16040	13970
ENST00000649273.1	123044	155232	32188
ENST00000649274.1	242362	243049	687
ENST00000649275.1	2519	21753	19234
ENST00000649276.2	66	7591	7525
ENST00000649278.1	479	3174	2695
ENST00000649279.2	20459	387590	367131
ENST00000649282.1	640	17815	17175
ENST00000649283.1	109	15948	15839
ENST00000649285.1	6840	22477	15637
ENST00000649286.2	4057	102762	98705
ENST00000649289.1	6857	22497	15640
ENST00000649294.1	6941	21373	14432
ENST00000649297.1	221	25172	24951
ENST00000649301.1	2465	6163	3698
ENST00000649303.1	5989	32231	26242
ENST00000649306.1	374	85884	85510
ENST00000649307.1	1127	9223	8096
ENST00000649309.2	82	2015	1933
ENST00000649310.2	2696	32411	29715
ENST00000649313.2	0	58957	58957
ENST00000649315.1	0	1452	1452
ENST00000649316.2	38837	65314	26477
ENST00000649323.1	61	28637	28576
ENST00000649326.1	48041	57999	9958
ENST00000649334.1	84924	147934	63010
ENST00000649340.2	21	17658	17637
ENST00000649341.1	5283	7651	2368
ENST00000649344.1	2428	13851	11423
ENST00000649352.1	57600	149958	92358
ENST00000649360.1	32503	41848	9345
ENST00000649363.1	85	224499	224414
ENST00000649364.1	67	7466	7399
ENST00000649365.1	4064	43613	39549
ENST00000649368.1	15	25699	25684
ENST00000649374.1	0	54111	54111
ENST00000649375.1	16255	201190	184935
ENST00000649377.1	1694	29851	28157
ENST00000649382.2	2798	22426	19628
ENST00000649383.1	1487	3777	2290
ENST00000649386.2	353	3628	3275
ENST00000649389.1	1003	140524	139521
ENST00000649398.1	1661	27118	25457
ENST00000649406.1	84	151326	151242
ENST00000649408.2	4746	29055	24309
ENST00000649409.2	75	249771	249696
ENST00000649414.1	0	38665	38665
ENST00000649416.1	1756	91824	90068
ENST00000649420.1	0	1827	1827
ENST00000649423.1	0	315294	315294
ENST00000649427.1	17800	59828	42028
ENST00000649428.1	3491	18475	14984
ENST00000649429.1	2	55313	55311
ENST00000649431.2	0	221891	221891
ENST00000649435.1	3606	7528	3922
ENST00000649436.1	273	3400	3127
ENST00000649441.1	6136	33843	27707
ENST00000649442.1	16278	134320	118042
ENST00000649443.1	371	5950	5579
ENST00000649448.1	643	49513	48870
ENST00000649451.1	82	1746	1664
ENST00000649452.1	142	23386	23244
ENST00000649454.1	55215	104337	49122
ENST00000649457.1	69149	93098	23949
ENST00000649463.1	17366	211754	194388
ENST00000649464.1	64	46352	46288
ENST00000649465.1	56558	76258	19700
ENST00000649473.1	17422	103201	85779
ENST00000649474.1	68899	138342	69443
ENST00000649478.1	874	43203	42329
ENST00000649479.1	119	555	436
ENST00000649480.1	0	873	873
ENST00000649484.1	228	33243	33015
ENST00000649487.1	1213	84596	83383
ENST00000649488.2	968	6759	5791
ENST00000649490.1	4133	7941	3808
ENST00000649491.1	3058	30047	26989
ENST00000649492.1	3095	428027	424932
ENST00000649493.1	42	14238	14196
ENST00000649499.1	0	15434	15434
ENST00000649500.1	10	41532	41522
ENST00000649501.1	25103	44338	19235
ENST00000649513.1	0	89120	89120
ENST00000649518.1	34011	112992	78981
ENST00000649519.1	55459	64443	8984
ENST00000649520.1	816	16117	15301
ENST00000649521.1	1820	63899	62079
ENST00000649522.1	0	512875	512875
ENST00000649524.1	0	7795	7795
ENST00000649525.1	6840	38061	31221
ENST00000649528.3	4542	245688	241146
ENST00000649529.1	77	1471	1394
ENST00000649536.1	285	28699	28414
ENST00000649537.2	1990	9036	7046
ENST00000649540.1	399	29862	29463
ENST00000649543.1	143209	222190	78981
ENST00000649545.1	0	6034	6034
ENST00000649547.1	53453	73850	20397
ENST00000649550.1	1893	70761	68868
ENST00000649551.3	37662	45434	7772
ENST00000649552.2	411	133247	132836
ENST00000649557.1	16173	19882	3709
ENST00000649563.1	149	32618	32469
ENST00000649564.1	4972	267610	262638
ENST00000649566.1	2855	90047	87192
ENST00000649567.1	12623	38792	26169
ENST00000649570.1	3335	44730	41395
ENST00000649572.1	0	43302	43302
ENST00000649575.2	1961	132864	130903
ENST00000649578.2	13801	22096	8295
ENST00000649579.1	228823	231565	2742
ENST00000649581.1	3589	6572	2983
ENST00000649582.1	19431	31870	12439
ENST00000649585.1	4254	9716	5462
ENST00000649586.2	403	77579	77176
ENST00000649587.1	311	7573	7262
ENST00000649591.1	962	9108	8146
ENST00000649592.1	3	96225	96222
ENST00000649596.1	471	241611	241140
ENST00000649598.1	30092	41348	11256
ENST00000649601.1	1870	4161	2291
ENST00000649602.1	2559	16529	13970
ENST00000649607.1	1926	54048	52122
ENST00000649610.2	25	241168	241143
ENST00000649611.1	0	1957	1957
ENST00000649612.3	0	33307	33307
ENST00000649616.1	0	1878	1878
ENST00000649620.1	34893	42099	7206
ENST00000649621.1	0	1835	1835
ENST00000649624.1	0	10304	10304
ENST00000649631.1	19	241165	241146
ENST00000649633.1	520	85361	84841
ENST00000649634.1	82	82804	82722
ENST00000649637.2	3206	9041	5835
ENST00000649639.1	9558	62250	52692
ENST00000649641.2	0	78720	78720
ENST00000649642.1	5365	26362	20997
ENST00000649643.1	716	25485	24769
ENST00000649644.1	7047	64634	57587
ENST00000649649.1	1286	16549	15263
ENST00000649650.1	7161	43960	36799
ENST00000649657.1	16306	197638	181332
ENST00000649658.1	0	2642	2642
ENST00000649662.1	1488	15734	14246
ENST00000649663.1	2973	193848	190875
ENST00000649664.1	35041	152560	117519
ENST00000649666.2	49	11808	11759
ENST00000649673.1	33304	122074	88770
ENST00000649676.1	959	46334	45375
ENST00000649678.1	13416	59668	46252
ENST00000649679.1	346	115893	115547
ENST00000649680.1	3557	18541	14984
ENST00000649683.1	108	1865	1757
ENST00000649685.1	1286	16549	15263
ENST00000649688.1	7	4310	4303
ENST00000649689.2	557	34947	34390
ENST00000649690.2	21	47411	47390
ENST00000649695.3	44	96263	96219
ENST00000649696.1	17416	38076	20660
ENST00000649697.1	81	1987	1906
ENST00000649698.1	137	1976	1839
ENST00000649699.1	0	97414	97414
ENST00000649704.1	40079	57618	17539
ENST00000649708.2	28	41655	41627
ENST00000649709.2	0	68482	68482
ENST00000649716.1	0	1049	1049
ENST00000649717.1	106365	230282	123917
ENST00000649721.1	0	122395	122395
ENST00000649722.1	13763	15615	1852
ENST00000649724.1	2702	22428	19726
ENST00000649731.1	127	11715	11588
ENST00000649734.1	1879	21480	19601
ENST00000649735.1	5547	12644	7097
ENST00000649741.2	834	14261	13427
ENST00000649742.1	181	83214	83033
ENST00000649746.2	2696	32411	29715
ENST00000649747.1	7194	14162	6968
ENST00000649748.1	51088	67955	16867
ENST00000649749.1	2702	22428	19726
ENST00000649752.1	4338	115910	111572
ENST00000649759.1	16	233838	233822
ENST00000649763.1	100	28676	28576
ENST00000649764.2	1124	13813	12689
ENST00000649765.2	119	18097	17978
ENST00000649766.1	3074	58068	54994
ENST00000649769.1	30141	37862	7721
ENST00000649770.1	1387	85020	83633
ENST00000649771.1	642	180772	180130
ENST00000649772.1	83409	147252	63843
ENST00000649773.1	88	78326	78238
ENST00000649775.1	23187	33549	10362
ENST00000649778.1	36741	104768	68027
ENST00000649779.1	11	2415	2404
ENST00000649781.2	84	191325	191241
ENST00000649785.1	2530	9631	7101
ENST00000649786.1	378	109153	108775
ENST00000649787.1	867	57456	56589
ENST00000649788.1	7354	19348	11994
ENST00000649790.1	49848	73253	23405
ENST00000649792.2	1572	75113	73541
ENST00000649794.3	119	49345	49226
ENST00000649795.1	48564	96349	47785
ENST00000649796.2	330	83713	83383
ENST00000649797.1	2476	8341	5865
ENST00000649800.1	1170	38120	36950
ENST00000649801.1	657	17819	17162
ENST00000649803.1	261726	262034	308
ENST00000649804.1	54	9415	9361
ENST00000649805.1	759	4509	3750
ENST00000649807.2	1311	29287	27976
ENST00000649809.1	54	8342	8288
ENST00000649810.1	1515	98065	96550
ENST00000649812.1	433	130603	130170
ENST00000649813.2	2921	10576	7655
ENST00000649815.2	995	24721	23726
ENST00000649817.1	1446	48654	47208
ENST00000649819.1	1275	13378	12103
ENST00000649820.1	110	50777	50667
ENST00000649822.1	0	10640	10640
ENST00000649824.1	5463	7831	2368
ENST00000649825.1	7734	10070	2336
ENST00000649826.1	0	180624	180624
ENST00000649827.1	44241	115616	71375
ENST00000649828.1	3491	9934	6443
ENST00000649830.1	772	2015	1243
ENST00000649838.1	247	18572	18325
ENST00000649840.2	2731	130192	127461
ENST00000649841.1	592	11298	10706
ENST00000649842.1	221	10479	10258
ENST00000649844.1	2031	38500	36469
ENST00000649845.1	12206	20817	8611
ENST00000649846.1	31	5636	5605
ENST00000649847.1	0	2301	2301
ENST00000649849.1	1801	54501	52700
ENST00000649850.2	84	25324	25240
ENST00000649851.1	2506	6895	4389
ENST00000649854.1	160	6185	6025
ENST00000649855.1	1502	84885	83383
ENST00000649856.1	1095	1399	304
ENST00000649857.1	29548	69007	39459
ENST00000649859.1	507	3511	3004
ENST00000649863.1	44	134750	134706
ENST00000649864.1	3586	31561	27975
ENST00000649865.1	1043	312977	311934
ENST00000649866.2	465	5407	4942
ENST00000649868.1	35	4846	4811
ENST00000649870.2	1402	10977	9575
ENST00000649872.1	122	15008	14886
ENST00000649874.1	0	121863	121863
ENST00000649876.1	3557	18541	14984
ENST00000649878.2	0	14772	14772
ENST00000649884.1	15049	18161	3112
ENST00000649885.1	6919	10637	3718
ENST00000649896.1	365	60365	60000
ENST00000649897.1	4196	28527	24331
ENST00000649901.1	7445	12981	5536
ENST00000649902.1	362	7452	7090
ENST00000649905.1	271186	350123	78937
ENST00000649906.1	527	8078	7551
ENST00000649908.1	462	32104	31642
ENST00000649909.1	201165	204761	3596
ENST00000649911.2	3289	131902	128613
ENST00000649912.1	3	379	376
ENST00000649913.1	0	3783	3783
ENST00000649914.1	43381	102742	59361
ENST00000649915.2	22488	28852	6364
ENST00000649917.1	5790	42971	37181
ENST00000649918.1	307	115854	115547
ENST00000649919.1	697	18300	17603
ENST00000649922.1	308	54222	53914
ENST00000649928.2	10259	23716	13457
ENST00000649929.1	298	10699	10401
ENST00000649932.1	140	11883	11743
ENST00000649934.3	2151	124475	122324
ENST00000649935.1	12235	15902	3667
ENST00000649939.1	7567	16555	8988
ENST00000649943.1	91	81895	81804
ENST00000649945.1	23	23791	23768
ENST00000649947.1	0	165702	165702
ENST00000649949.1	1588	3902	2314
ENST00000649951.1	0	431	431
ENST00000649953.1	20	55469	55449
ENST00000649954.1	339	4951	4612
ENST00000649957.1	30874	74933	44059
ENST00000649958.1	65918	121252	55334
ENST00000649960.2	0	15825	15825
ENST00000649963.1	46557	54715	8158
ENST00000649966.1	0	25878	25878
ENST00000649970.1	0	79960	79960
ENST00000649971.1	148	18463	18315
ENST00000649973.1	204	18407	18203
ENST00000649979.2	129	54292	54163
ENST00000649981.1	14594	57669	43075
ENST00000649983.2	13660	151482	137822
ENST00000649985.1	979	71621	70642
ENST00000649994.1	260	3651	3391
ENST00000649995.1	11036	134623	123587
ENST00000649996.1	173910	507590	333680
ENST00000649998.1	6806	34086	27280
ENST00000650005.1	8891	67210	58319
ENST00000650006.1	28	96073	96045
ENST00000650009.1	0	11300	11300
ENST00000650012.1	1831	77569	75738
ENST00000650014.1	11740	13985	2245
ENST00000650015.1	13207	26013	12806
ENST00000650026.1	1357	37768	36411
ENST00000650027.1	20638	49273	28635
ENST00000650030.1	28	23756	23728
ENST00000650031.1	3333	19238	15905
ENST00000650034.1	0	4163	4163
ENST00000650035.1	109	115656	115547
ENST00000650044.2	895	9919	9024
ENST00000650045.1	78	63711	63633
ENST00000650046.1	47	16013	15966
ENST00000650048.1	238	181257	181019
ENST00000650049.2	6	12512	12506
ENST00000650052.2	8852	9396	544
ENST00000650053.1	384	85793	85409
ENST00000650058.1	3	37540	37537
ENST00000650060.2	2763	125367	122604
ENST00000650064.2	1342	6051	4709
ENST00000650065.1	49833	51276	1443
ENST00000650068.2	3	241149	241146
ENST00000650070.2	3595	32302	28707
ENST00000650072.1	15309	74207	58898
ENST00000650076.1	483	166087	165604
ENST00000650081.1	39273	96044	56771
ENST00000650084.1	0	52750	52750
ENST00000650085.1	41564	46242	4678
ENST00000650089.1	2896	55079	52183
ENST00000650094.1	80847	106704	25857
ENST00000650096.1	9270	21822	12552
ENST00000650097.1	6840	34207	27367
ENST00000650101.1	3051	9059	6008
ENST00000650102.1	2597	17581	14984
ENST00000650106.1	0	2012	2012
ENST00000650107.1	210	115757	115547
ENST00000650108.1	1020	97327	96307
ENST00000650109.1	2180	11090	8910
ENST00000650110.1	1893	74015	72122
ENST00000650111.1	7837	50886	43049
ENST00000650112.2	44	2927	2883
ENST00000650113.1	97310	132625	35315
ENST00000650114.2	2527	15103	12576
ENST00000650115.1	1552	7031	5479
ENST00000650116.1	46966	65913	18947
ENST00000650119.1	35	10021	9986
ENST00000650120.1	0	13855	13855
ENST00000650123.1	534224	731177	196953
ENST00000650124.1	66004	121338	55334
ENST00000650125.1	629	8725	8096
ENST00000650126.1	1268	100013	98745
ENST00000650127.1	3192	23781	20589
ENST00000650130.1	391	86075	85684
ENST00000650134.1	180	53516	53336
ENST00000650135.1	856	427866	427010
ENST00000650136.1	21441	29295	7854
ENST00000650137.1	0	14082	14082
ENST00000650142.1	30673	31948	1275
ENST00000650145.1	2186	27713	25527
ENST00000650147.1	0	5347	5347
ENST00000650149.1	97	9964	9867
ENST00000650153.1	0	1734	1734
ENST00000650154.1	36296	54274	17978
ENST00000650156.1	0	100	100
ENST00000650162.1	118	44853	44735
ENST00000650167.2	315	89239	88924
ENST00000650171.1	21735	111105	89370
ENST00000650172.1	103	2039	1936
ENST00000650178.1	89	101357	101268
ENST00000650182.1	9365	29863	20498
ENST00000650185.1	5465	26590	21125
ENST00000650188.1	13	96232	96219
ENST00000650197.1	98	117063	116965
ENST00000650202.1	992	140713	139721
ENST00000650206.1	28	146776	146748
ENST00000650207.1	936	42779	41843
ENST00000650210.1	33588	51799	18211
ENST00000650215.1	1294	16557	15263
ENST00000650216.1	7	17870	17863
ENST00000650220.1	0	21305	21305
ENST00000650221.1	2716	36168	33452
ENST00000650226.1	2008	324505	322497
ENST00000650229.1	3	4613	4610
ENST00000650232.1	17331	206296	188965
ENST00000650233.1	0	10205	10205
ENST00000650237.1	0	5137	5137
ENST00000650242.1	128	18696	18568
ENST00000650244.1	0	326	326
ENST00000650247.1	1998	3547	1549
ENST00000650252.1	26640	47438	20798
ENST00000650260.1	76396	189052	112656
ENST00000650262.2	126	2806	2680
ENST00000650263.1	0	29354	29354
ENST00000650265.1	72869	158448	85579
ENST00000650267.1	181	49295	49114
ENST00000650269.1	17164	103015	85851
ENST00000650270.1	0	9560	9560
ENST00000650271.1	535	32129	31594
ENST00000650274.1	5011	38952	33941
ENST00000650276.1	3552	31972	28420
ENST00000650277.2	702	1270	568
ENST00000650278.1	890	28854	27964
ENST00000650279.2	9600	47634	38034
ENST00000650281.1	134	48570	48436
ENST00000650283.1	281	2657	2376
ENST00000650284.1	5512	7188	1676
ENST00000650285.1	1043	312980	311937
ENST00000650287.1	188	24380	24192
ENST00000650288.1	3	4400	4397
ENST00000650290.2	0	3359	3359
ENST00000650293.1	1708	9321	7613
ENST00000650294.1	22931	360834	337903
ENST00000650295.1	0	86097	86097
ENST00000650296.1	1784	22614	20830
ENST00000650298.1	1569	28745	27176
ENST00000650301.1	0	3301	3301
ENST00000650305.1	124	34001	33877
ENST00000650306.1	237	991	754
ENST00000650309.2	86	6027	5941
ENST00000650310.1	78	13563	13485
ENST00000650311.1	11247	50808	39561
ENST00000650315.1	5405	11482	6077
ENST00000650332.1	172	27123	26951
ENST00000650333.1	38180	103437	65257
ENST00000650338.1	0	1876	1876
ENST00000650339.1	119	3730	3611
ENST00000650344.2	113	267907	267794
ENST00000650348.1	15514	95752	80238
ENST00000650349.1	0	5594	5594
ENST00000650350.1	0	146634	146634
ENST00000650354.1	158	44063	43905
ENST00000650359.2	12893	46407	33514
ENST00000650362.1	0	12508	12508
ENST00000650365.1	4060	45327	41267
ENST00000650367.1	54	24253	24199
ENST00000650368.1	2952	38849	35897
ENST00000650370.1	69	2319	2250
ENST00000650372.1	2844	101280	98436
ENST00000650373.2	149	382676	382527
ENST00000650376.1	11127	17781	6654
ENST00000650385.1	1322	8592	7270
ENST00000650386.1	915	53016	52101
ENST00000650387.1	39	96261	96222
ENST00000650388.1	0	41849	41849
ENST00000650389.1	19383	45442	26059
ENST00000650392.1	59222	271393	212171
ENST00000650396.1	0	821	821
ENST00000650397.1	2626	9509	6883
ENST00000650399.2	2722	192645	189923
ENST00000650400.1	94	8796	8702
ENST00000650402.1	17730	95764	78034
ENST00000650403.1	54	1919	1865
ENST00000650409.1	757	10610	9853
ENST00000650417.1	44642	80387	35745
ENST00000650424.1	1255	21696	20441
ENST00000650426.1	0	4395	4395
ENST00000650427.1	9466	11756	2290
ENST00000650431.1	359	64542	64183
ENST00000650433.1	61111	84671	23560
ENST00000650434.1	17290	18656	1366
ENST00000650436.1	34262	125612	91350
ENST00000650437.1	0	5222	5222
ENST00000650440.1	3	32255	32252
ENST00000650442.1	10034	24873	14839
ENST00000650449.1	61816	86501	24685
ENST00000650450.2	261	8454	8193
ENST00000650451.1	82	8806	8724
ENST00000650452.1	0	40134	40134
ENST00000650454.1	1418	49199	47781
ENST00000650455.1	16843	50119	33276
ENST00000650460.1	0	33413	33413
ENST00000650461.1	166	179029	178863
ENST00000650466.1	221	68946	68725
ENST00000650467.2	4972	267390	262418
ENST00000650471.1	161199	243362	82163
ENST00000650473.1	68055	73519	5464
ENST00000650478.1	0	5042	5042
ENST00000650479.1	155	6170	6015
ENST00000650481.1	22	22483	22461
ENST00000650484.1	34	15396	15362
ENST00000650485.2	2719	194164	191445
ENST00000650486.1	680	124113	123433
ENST00000650489.1	151	36241	36090
ENST00000650491.1	1105	3621	2516
ENST00000650493.1	0	35540	35540
ENST00000650494.1	3351	44824	41473
ENST00000650505.1	12336	28444	16108
ENST00000650507.1	0	18079	18079
ENST00000650508.1	1170	37998	36828
ENST00000650509.1	14034	85375	71341
ENST00000650516.2	87	38777	38690
ENST00000650521.1	6	7601	7595
ENST00000650523.1	0	4249	4249
ENST00000650524.1	14412	26710	12298
ENST00000650528.1	447	7939	7492
ENST00000650530.1	390337	425802	35465
ENST00000650532.1	11015	11483	468
ENST00000650533.1	983	152859	151876
ENST00000650540.1	547	140578	140031
ENST00000650543.2	113	5465	5352
ENST00000650544.1	75	249667	249592
ENST00000650546.1	78	67945	67867
ENST00000650547.1	3903	102608	98705
ENST00000650560.1	2701	194143	191442
ENST00000650563.1	2519	11181	8662
ENST00000650565.1	0	6284	6284
ENST00000650566.1	1546	7040	5494
ENST00000650567.1	33713	79167	45454
ENST00000650569.1	1594	85331	83737
ENST00000650571.1	78	43521	43443
ENST00000650573.1	352	4925	4573
ENST00000650574.1	0	6013	6013
ENST00000650576.1	857	19238	18381
ENST00000650578.1	66	19071	19005
ENST00000650581.1	0	6012	6012
ENST00000650585.2	341	99792	99451
ENST00000650587.1	285	28779	28494
ENST00000650588.1	0	448	448
ENST00000650589.2	0	37781	37781
ENST00000650590.1	71	74903	74832
ENST00000650591.1	1124	102733	101609
ENST00000650592.2	3158	92818	89660
ENST00000650595.1	0	448	448
ENST00000650596.1	374	8385	8011
ENST00000650599.1	121	15000	14879
ENST00000650601.1	129	2033	1904
ENST00000650603.1	0	841625	841625
ENST00000650604.1	489	243745	243256
ENST00000650615.1	29221	52710	23489
ENST00000650617.1	355	14052	13697
ENST00000650623.2	213	105103	104890
ENST00000650628.1	2515	16485	13970
ENST00000650630.1	1902	2171707	2169805
ENST00000650632.1	2760	17744	14984
ENST00000650636.1	242	10986	10744
ENST00000650639.1	1589	4005	2416
ENST00000650640.1	10895	24067	13172
ENST00000650642.1	309	23576	23267
ENST00000650644.1	1087	58418	57331
ENST00000650645.1	1424	3612	2188
ENST00000650649.1	0	368	368
ENST00000650651.1	111	10290	10179
ENST00000650653.1	2385	166586	164201
ENST00000650655.1	34296	79221	44925
ENST00000650656.1	334	13952	13618
ENST00000650667.1	24660	31388	6728
ENST00000650673.1	418	100763	100345
ENST00000650681.1	318	194181	193863
ENST00000650682.1	9313	13818	4505
ENST00000650685.1	398	140796	140398
ENST00000650687.2	203	3682	3479
ENST00000650688.1	8475	19512	11037
ENST00000650694.1	0	35065	35065
ENST00000650695.1	1860	3844	1984
ENST00000650696.1	1045	58376	57331
ENST00000650697.1	305	42432	42127
ENST00000650698.1	4339	15430	11091
ENST00000650705.1	0	262	262
ENST00000650708.1	0	37615	37615
ENST00000650709.1	117	16730	16613
ENST00000650711.1	4140	29516	25376
ENST00000650713.1	1076	2064	988
ENST00000650714.1	6	55163	55157
ENST00000650715.1	716	19057	18341
ENST00000650719.1	0	4369	4369
ENST00000650721.1	27	30587	30560
ENST00000650722.2	612	13369	12757
ENST00000650723.1	100	1255	1155
ENST00000650725.2	448	1310	862
ENST00000650728.1	339	192487	192148
ENST00000650730.1	0	547	547
ENST00000650731.1	607	25654	25047
ENST00000650733.1	1497	3481	1984
ENST00000650734.1	92881	180618	87737
ENST00000650735.1	31	16087	16056
ENST00000650736.1	190	20663	20473
ENST00000650739.1	17067	32918	15851
ENST00000650741.1	0	1159	1159
ENST00000650743.1	27108	77228	50120
ENST00000650744.1	4147	14339	10192
ENST00000650747.1	0	466	466
ENST00000650750.1	21256	25278	4022
ENST00000650752.1	21	32958	32937
ENST00000650753.1	107	34636	34529
ENST00000650755.1	2089	13713	11624
ENST00000650757.1	258	17848	17590
ENST00000650760.1	1991	18436	16445
ENST00000650762.1	8127	51158	43031
ENST00000650764.1	334	93372	93038
ENST00000650770.1	116356	180579	64223
ENST00000650772.1	205	78515	78310
ENST00000650773.1	0	1295	1295
ENST00000650774.1	38	8109	8071
ENST00000650780.1	948	167699	166751
ENST00000650786.1	3733	5763	2030
ENST00000650790.1	3770	51444	47674
ENST00000650792.2	5893	161655	155762
ENST00000650794.1	2341	17927	15586
ENST00000650797.1	91	30389	30298
ENST00000650799.2	317	62511	62194
ENST00000650805.1	13596	15557	1961
ENST00000650807.1	88	112047	111959
ENST00000650808.1	264	24706	24442
ENST00000650809.1	1127	7454	6327
ENST00000650810.1	884	58215	57331
ENST00000650811.1	101	29237	29136
ENST00000650812.1	279	1297	1018
ENST00000650814.1	0	7481	7481
ENST00000650817.1	7885	93255	85370
ENST00000650819.1	601	114731	114130
ENST00000650821.1	2087	51795	49708
ENST00000650824.1	0	2822	2822
ENST00000650826.1	348	192573	192225
ENST00000650827.1	5127	16218	11091
ENST00000650828.1	6	13285	13279
ENST00000650831.1	165	24674	24509
ENST00000650832.1	3990	23185	19195
ENST00000650833.1	23174	31963	8789
ENST00000650836.2	4474	69013	64539
ENST00000650839.1	27	18066	18039
ENST00000650843.1	1137	58468	57331
ENST00000650844.1	5052	18414	13362
ENST00000650847.1	67309	152376	85067
ENST00000650848.1	648	385545	384897
ENST00000650852.1	4016	16352	12336
ENST00000650856.1	86	1117749	1117663
ENST00000650858.1	818	39952	39134
ENST00000650860.2	1512	86983	85471
ENST00000650865.2	167	74403	74236
ENST00000650866.1	91	1126954	1126863
ENST00000650867.1	11447	37741	26294
ENST00000650871.1	80409	147556	67147
ENST00000650873.1	71	64882	64811
ENST00000650874.1	0	2530	2530
ENST00000650883.1	2888	5923	3035
ENST00000650888.1	309	32244	31935
ENST00000650893.1	1296	24664	23368
ENST00000650900.1	1413	58744	57331
ENST00000650903.2	1827	20897	19070
ENST00000650904.1	572	124769	124197
ENST00000650905.2	40	3505	3465
ENST00000650912.1	22265	41061	18796
ENST00000650919.1	492	195246	194754
ENST00000650920.1	39248	73863	34615
ENST00000650932.1	1385	53662	52277
ENST00000650937.1	0	2688	2688
ENST00000650938.1	627	48295	47668
ENST00000650940.1	9682	17107	7425
ENST00000650945.1	0	2818	2818
ENST00000650952.1	878	58209	57331
ENST00000650953.2	116	9615	9499
ENST00000650955.1	5109	35101	29992
ENST00000650960.1	21566	171149	149583
ENST00000650966.1	2041	24781	22740
ENST00000650967.1	400	195054	194654
ENST00000650969.1	141754	188545	46791
ENST00000650973.1	3020	7534	4514
ENST00000650978.1	42137	69836	27699
ENST00000650980.1	65	216038	215973
ENST00000650983.1	1122	22018	20896
ENST00000650987.1	297	87697	87400
ENST00000650990.1	809	196181	195372
ENST00000650995.1	0	1060	1060
ENST00000650997.1	3751	49174	45423
ENST00000650999.1	2678	4590	1912
ENST00000651002.1	436	8689	8253
ENST00000651004.1	1150	58481	57331
ENST00000651008.1	22000	41558	19558
ENST00000651014.1	8116	51248	43132
ENST00000651020.1	0	147473	147473
ENST00000651022.1	0	35840	35840
ENST00000651023.2	804	198401	197597
ENST00000651024.2	1210	26292	25082
ENST00000651027.1	46	80067	80021
ENST00000651028.1	1976	60053	58077
ENST00000651035.1	496939	755395	258456
ENST00000651036.1	363	27134	26771
ENST00000651039.2	788	7480	6692
ENST00000651042.1	10350	37761	27411
ENST00000651045.3	1795	8459	6664
ENST00000651046.1	857	67925	67068
ENST00000651048.1	8085	40400	32315
ENST00000651049.1	1041	171148	170107
ENST00000651057.1	0	92299	92299
ENST00000651059.1	31395	147174	115779
ENST00000651060.1	59	8864	8805
ENST00000651061.1	283	8524	8241
ENST00000651062.1	0	50814	50814
ENST00000651065.1	411	192579	192168
ENST00000651066.1	12	1412	1400
ENST00000651068.1	10987	29359	18372
ENST00000651070.1	6	30566	30560
ENST00000651077.1	1211	4983	3772
ENST00000651079.1	42	1260	1218
ENST00000651083.1	0	168	168
ENST00000651086.1	40256	57766	17510
ENST00000651087.1	7372	8104	732
ENST00000651088.1	131	1683	1552
ENST00000651089.1	58773	63254	4481
ENST00000651091.1	0	44891	44891
ENST00000651092.1	0	132701	132701
ENST00000651093.1	2078	21109	19031
ENST00000651097.1	70747	90521	19774
ENST00000651106.1	2154	85172	83018
ENST00000651109.1	918	33855	32937
ENST00000651111.1	5645	22089	16444
ENST00000651112.1	0	35633	35633
ENST00000651114.1	25734	57426	31692
ENST00000651117.1	1828	3812	1984
ENST00000651121.1	5471	8088	2617
ENST00000651122.1	782	9272	8490
ENST00000651128.1	7288	10820	3532
ENST00000651129.1	480	56724	56244
ENST00000651131.1	99	7261	7162
ENST00000651132.1	8465	22892	14427
ENST00000651133.1	21	12219	12198
ENST00000651137.1	90	6503	6413
ENST00000651139.1	584	768	184
ENST00000651144.2	5311	8585	3274
ENST00000651146.1	5873	46159	40286
ENST00000651147.1	595	2579	1984
ENST00000651149.1	91	1089235	1089144
ENST00000651150.1	401	1168	767
ENST00000651154.1	12687	13789	1102
ENST00000651155.1	156	10855	10699
ENST00000651160.1	344	37931	37587
ENST00000651164.1	142	3621	3479
ENST00000651166.2	224	2765	2541
ENST00000651167.1	1373	58704	57331
ENST00000651168.1	334	14041	13707
ENST00000651171.1	25769	34356	8587
ENST00000651172.1	3	375237	375234
ENST00000651176.1	1653	14986	13333
ENST00000651177.1	47080	204666	157586
ENST00000651178.1	1748	3732	1984
ENST00000651183.1	162826	260612	97786
ENST00000651184.1	11720	14515	2795
ENST00000651185.1	39733	61310	21577
ENST00000651186.1	52081	82628	30547
ENST00000651187.1	53807	56181	2374
ENST00000651188.1	118916	230568	111652
ENST00000651192.1	3046	6140	3094
ENST00000651196.1	0	978	978
ENST00000651198.1	1458	158418	156960
ENST00000651200.2	923	8368	7445
ENST00000651202.1	5232	12156	6924
ENST00000651204.2	5507	22828	17321
ENST00000651206.1	9801	30138	20337
ENST00000651207.1	27	12393	12366
ENST00000651208.1	138	10369	10231
ENST00000651213.1	1677	2510	833
ENST00000651219.1	0	36492	36492
ENST00000651222.2	392	149685	149293
ENST00000651225.1	20	240	220
ENST00000651226.1	27	14376	14349
ENST00000651228.1	4779	41102	36323
ENST00000651231.1	0	54338	54338
ENST00000651234.1	450	26723	26273
ENST00000651235.1	422967	426827	3860
ENST00000651237.1	9298	13916	4618
ENST00000651239.1	176	2251	2075
ENST00000651242.2	914	41057	40143
ENST00000651245.1	0	7212	7212
ENST00000651246.1	346	79168	78822
ENST00000651249.1	0	25058	25058
ENST00000651250.1	305	59607	59302
ENST00000651253.2	192	24745	24553
ENST00000651254.1	1822	3806	1984
ENST00000651255.1	1276	30770	29494
ENST00000651256.1	38239	38457	218
ENST00000651257.2	616	225224	224608
ENST00000651258.1	32065	92357	60292
ENST00000651259.3	142	31565	31423
ENST00000651260.1	7172	28975	21803
ENST00000651262.1	3751	45895	42144
ENST00000651265.1	144438	147673	3235
ENST00000651267.2	158	7261	7103
ENST00000651268.1	667	7570	6903
ENST00000651269.1	50495	57915	7420
ENST00000651275.1	0	78481	78481
ENST00000651278.1	441	8460	8019
ENST00000651280.1	20503	39348	18845
ENST00000651282.1	1642	3235	1593
ENST00000651284.1	65	14982	14917
ENST00000651288.1	274	13714	13440
ENST00000651289.1	950	25891	24941
ENST00000651292.1	1842	3826	1984
ENST00000651296.2	559	375433	374874
ENST00000651298.1	179	23547	23368
ENST00000651300.1	191756	194270	2514
ENST00000651301.1	13609	15558	1949
ENST00000651302.1	68	6216	6148
ENST00000651303.1	49988	230972	180984
ENST00000651305.1	712	2696	1984
ENST00000651307.1	450	8223	7773
ENST00000651314.1	42	7440	7398
ENST00000651315.1	0	53729	53729
ENST00000651316.1	2093	13177	11084
ENST00000651318.1	1099	34036	32937
ENST00000651320.1	19	194747	194728
ENST00000651323.1	3368	26849	23481
ENST00000651328.1	0	2890	2890
ENST00000651330.1	356	114280	113924
ENST00000651332.1	203	29499	29296
ENST00000651333.2	629	117803	117174
ENST00000651334.1	0	23943	23943
ENST00000651335.1	0	1215036	1215036
ENST00000651341.1	9244	23769	14525
ENST00000651342.1	12533	36345	23812
ENST00000651347.1	237	96639	96402
ENST00000651348.1	150445	195248	44803
ENST00000651351.2	2009	42992	40983
ENST00000651352.1	2078	18049	15971
ENST00000651354.1	31	16336	16305
ENST00000651356.1	4264	63725	59461
ENST00000651358.1	2783	60628	57845
ENST00000651359.1	0	632	632
ENST00000651368.1	94	23947	23853
ENST00000651371.1	46231	63930	17699
ENST00000651372.2	22842	194153	171311
ENST00000651373.1	0	65768	65768
ENST00000651376.1	1018	7199	6181
ENST00000651378.1	920	76787	75867
ENST00000651379.1	1854	3838	1984
ENST00000651380.1	1842	3826	1984
ENST00000651383.1	933	5336	4403
ENST00000651385.1	1512	61584	60072
ENST00000651386.1	6367	8297	1930
ENST00000651388.1	11372	33353	21981
ENST00000651390.1	334	193743	193409
ENST00000651391.1	260	17452	17192
ENST00000651397.1	177182	324706	147524
ENST00000651401.1	0	1840	1840
ENST00000651402.1	185	9915	9730
ENST00000651407.1	7	30567	30560
ENST00000651410.1	17	23885	23868
ENST00000651418.1	446	81966	81520
ENST00000651419.1	4585	62792	58207
ENST00000651420.1	3	13570	13567
ENST00000651425.1	334	21228	20894
ENST00000651427.1	305	42259	41954
ENST00000651428.1	7761	15328	7567
ENST00000651430.1	1861	3124	1263
ENST00000651434.1	0	67437	67437
ENST00000651435.1	55	11112	11057
ENST00000651436.1	237	113428	113191
ENST00000651438.1	66	111205	111139
ENST00000651441.1	2118	56689	54571
ENST00000651443.1	54	8907	8853
ENST00000651448.1	48	20616	20568
ENST00000651454.1	20117	37914	17797
ENST00000651455.1	22	41056	41034
ENST00000651459.1	3750	11795	8045
ENST00000651460.1	1854	3838	1984
ENST00000651461.1	274	12761	12487
ENST00000651465.1	95	9363	9268
ENST00000651467.1	1229	58560	57331
ENST00000651468.1	0	112886	112886
ENST00000651469.1	4280	25196	20916
ENST00000651470.1	59	28835	28776
ENST00000651472.1	2344	26431	24087
ENST00000651476.1	830	4320	3490
ENST00000651477.1	1037	28975	27938
ENST00000651485.1	8116	8760	644
ENST00000651487.1	314	2802	2488
ENST00000651489.1	100	4163	4063
ENST00000651490.1	21	821	800
ENST00000651495.1	1419	58750	57331
ENST00000651498.1	26206	39111	12905
ENST00000651500.1	2575	15431	12856
ENST00000651501.1	47462	115769	68307
ENST00000651502.1	56	7560	7504
ENST00000651503.2	1405	583565	582160
ENST00000651505.1	0	2456	2456
ENST00000651509.1	756	2740	1984
ENST00000651510.1	25	22244	22219
ENST00000651512.1	189	9484	9295
ENST00000651514.1	1169	28610	27441
ENST00000651516.1	1369	58700	57331
ENST00000651520.1	324	53336	53012
ENST00000651522.1	109	6991	6882
ENST00000651523.1	0	15893	15893
ENST00000651528.2	903	157242	156339
ENST00000651529.1	11225	24182	12957
ENST00000651530.1	19564	30286	10722
ENST00000651531.1	50674	135373	84699
ENST00000651532.1	65975	223704	157729
ENST00000651534.1	107	38775	38668
ENST00000651537.1	62	72712	72650
ENST00000651541.1	18931	36493	17562
ENST00000651543.1	58	19192	19134
ENST00000651544.1	0	84772	84772
ENST00000651545.1	2763	5399	2636
ENST00000651546.1	3627	34534	30907
ENST00000651547.2	450	34815	34365
ENST00000651549.1	5878	122640	116762
ENST00000651550.1	7291	182651	175360
ENST00000651554.2	1479	8050	6571
ENST00000651555.1	1445	142501	141056
ENST00000651556.1	252	17116	16864
ENST00000651557.1	898	17659	16761
ENST00000651561.1	254	10648	10394
ENST00000651564.2	1468	139094	137626
ENST00000651565.1	676	6399	5723
ENST00000651566.2	888	91126	90238
ENST00000651567.1	11440	168750	157310
ENST00000651570.2	107	8909	8802
ENST00000651571.1	148012	149287	1275
ENST00000651577.1	10741	21573	10832
ENST00000651578.1	3788	19102	15314
ENST00000651579.1	7100	21488	14388
ENST00000651580.1	51331	91100	39769
ENST00000651583.1	106	8648	8542
ENST00000651586.1	31	16292	16261
ENST00000651590.1	83	18236	18153
ENST00000651591.1	2108	9982	7874
ENST00000651593.1	69012	300370	231358
ENST00000651595.2	1521	144746	143225
ENST00000651596.1	0	8117	8117
ENST00000651598.1	2851	58535	55684
ENST00000651599.1	51329	91098	39769
ENST00000651600.1	199	3059	2860
ENST00000651602.1	9899	41936	32037
ENST00000651603.1	0	16824	16824
ENST00000651606.1	0	3582	3582
ENST00000651609.2	76	16296	16220
ENST00000651610.1	0	1831	1831
ENST00000651613.1	1634	58965	57331
ENST00000651614.1	12247	41541	29294
ENST00000651615.1	1966	24116	22150
ENST00000651616.1	80653	149141	68488
ENST00000651619.1	399	24830	24431
ENST00000651622.2	149	16452	16303
ENST00000651623.1	377	2458	2081
ENST00000651624.1	1529	40695	39166
ENST00000651626.1	2904	6311	3407
ENST00000651629.1	8866	19815	10949
ENST00000651634.1	466	171089	170623
ENST00000651639.1	2388	7792	5404
ENST00000651641.1	6127	31050	24923
ENST00000651642.1	0	17542	17542
ENST00000651643.1	3136	19543	16407
ENST00000651644.1	1322	21947	20625
ENST00000651646.2	350	59779	59429
ENST00000651648.1	32790	41563	8773
ENST00000651650.1	142	2146	2004
ENST00000651652.1	0	3767	3767
ENST00000651655.1	16	9745	9729
ENST00000651669.1	35	1576	1541
ENST00000651671.1	1641	58984	57343
ENST00000651672.1	11384	41306	29922
ENST00000651675.1	3404	26727	23323
ENST00000651676.1	172	14599	14427
ENST00000651684.1	0	2540	2540
ENST00000651686.1	1854	3838	1984
ENST00000651687.1	10704	37934	27230
ENST00000651689.1	1840	3824	1984
ENST00000651691.1	6991	9227	2236
ENST00000651692.1	3629	13599	9970
ENST00000651693.1	120940	154588	33648
ENST00000651694.1	0	1920	1920
ENST00000651695.2	1058	758490	757432
ENST00000651696.1	0	80409	80409
ENST00000651698.2	7135	22901	15766
ENST00000651699.1	626	7197	6571
ENST00000651701.1	8435	64732	56297
ENST00000651704.1	11398	22230	10832
ENST00000651706.1	0	95232	95232
ENST00000651709.1	1356	4530	3174
ENST00000651714.1	3861	16058	12197
ENST00000651716.2	6222	9268	3046
ENST00000651717.1	12950	47866	34916
ENST00000651718.1	188	20806	20618
ENST00000651721.2	23022	71409	48387
ENST00000651722.1	403	6442	6039
ENST00000651723.1	183	463	280
ENST00000651725.2	1223	51797	50574
ENST00000651731.1	5099	15095	9996
ENST00000651735.1	90642	146491	55849
ENST00000651736.1	18	8198	8180
ENST00000651738.1	0	8681	8681
ENST00000651746.1	266	7561	7295
ENST00000651747.1	58	29434	29376
ENST00000651748.1	0	35610	35610
ENST00000651750.1	0	30996	30996
ENST00000651757.1	155	10229	10074
ENST00000651759.1	0	45465	45465
ENST00000651760.1	181719	191556	9837
ENST00000651761.1	69	11554	11485
ENST00000651763.1	139	31562	31423
ENST00000651764.1	989	231868	230879
ENST00000651766.1	2397	19483	17086
ENST00000651767.1	8313	13673	5360
ENST00000651776.1	1263	19340	18077
ENST00000651779.1	622	1820	1198
ENST00000651781.1	0	33114	33114
ENST00000651785.1	7119	19816	12697
ENST00000651786.1	15	45123	45108
ENST00000651790.1	975	52723	51748
ENST00000651791.1	1832	3816	1984
ENST00000651792.1	0	15369	15369
ENST00000651800.2	40	3057	3017
ENST00000651801.1	1855	3118	1263
ENST00000651803.1	116353	180576	64223
ENST00000651808.1	6906	16797	9891
ENST00000651811.1	1407	58738	57331
ENST00000651814.1	7414	26779	19365
ENST00000651816.1	10400	167710	157310
ENST00000651817.1	0	10941	10941
ENST00000651820.1	0	17774	17774
ENST00000651827.1	4252	67420	63168
ENST00000651833.1	0	6749	6749
ENST00000651834.1	16943	20538	3595
ENST00000651836.1	119383	225420	106037
ENST00000651841.1	0	48252	48252
ENST00000651842.1	334	193743	193409
ENST00000651846.1	2619	38342	35723
ENST00000651848.1	714	58045	57331
ENST00000651849.1	4667	196667	192000
ENST00000651852.1	0	79598	79598
ENST00000651853.1	1554	12578	11024
ENST00000651854.1	352	27123	26771
ENST00000651855.1	5991	8170	2179
ENST00000651856.1	27391	35150	7759
ENST00000651860.1	291	44573	44282
ENST00000651862.1	99	28188	28089
ENST00000651863.1	173	194921	194748
ENST00000651864.1	15285	29097	13812
ENST00000651865.1	1020	196244	195224
ENST00000651866.1	746	58077	57331
ENST00000651870.1	1839	5569	3730
ENST00000651873.1	16377	26108	9731
ENST00000651874.1	20895	34355	13460
ENST00000651877.1	520	90567	90047
ENST00000651878.1	3531	28104	24573
ENST00000651882.1	0	2706	2706
ENST00000651883.2	4264	63725	59461
ENST00000651885.1	80	56859	56779
ENST00000651890.2	1636	6464	4828
ENST00000651892.2	1370	151164	149794
ENST00000651893.1	6893	9505	2612
ENST00000651894.2	46	918	872
ENST00000651899.1	26	4654	4628
ENST00000651901.2	239	136205	135966
ENST00000651911.2	4677	50645	45968
ENST00000651913.1	0	79375	79375
ENST00000651915.1	1784	17395	15611
ENST00000651916.1	1745	3729	1984
ENST00000651917.1	4797	6709	1912
ENST00000651918.1	31515	84151	52636
ENST00000651921.1	0	8363	8363
ENST00000651925.1	13924	29396	15472
ENST00000651928.1	325	114976	114651
ENST00000651929.2	58968	63392	4424
ENST00000651931.1	2380	11935	9555
ENST00000651933.1	70008	103655	33647
ENST00000651937.1	577	34980	34403
ENST00000651943.2	1290	758707	757417
ENST00000651945.1	1742	86938	85196
ENST00000651949.1	22000	41558	19558
ENST00000651950.1	102	227885	227783
ENST00000651952.1	1389	2817	1428
ENST00000651953.1	1849	3833	1984
ENST00000651955.1	1691	32048	30357
ENST00000651961.1	1372	21059	19687
ENST00000651962.1	18	6648	6630
ENST00000651965.1	466	9456	8990
ENST00000651968.1	1167	8621	7454
ENST00000651971.1	90628	180556	89928
ENST00000651972.1	1851	3835	1984
ENST00000651974.1	1092	12230	11138
ENST00000651975.2	1001	10153	9152
ENST00000651977.1	1221	17295	16074
ENST00000651981.1	1289	2992	1703
ENST00000651982.1	125368	211803	86435
ENST00000651984.1	21268	34728	13460
ENST00000651989.2	718	558660	557942
ENST00000651991.1	1226	8358	7132
ENST00000651992.1	1505	40915	39410
ENST00000651994.1	341	2022	1681
ENST00000651996.1	0	122	122
ENST00000651998.1	80	1800	1720
ENST00000652001.1	2203	6365	4162
ENST00000652003.1	8152	18875	10723
ENST00000652005.2	1386	57452	56066
ENST00000652006.1	8130	36304	28174
ENST00000652011.2	1013	50232	49219
ENST00000652016.1	346	39413	39067
ENST00000652018.1	453	27749	27296
ENST00000652021.1	31	40721	40690
ENST00000652026.1	31866	46942	15076
ENST00000652027.2	15	14762	14747
ENST00000652028.1	811	58142	57331
ENST00000652031.1	17372	43582	26210
ENST00000652032.1	78	2062	1984
ENST00000652033.1	521	22279	21758
ENST00000652036.1	780	48837	48057
ENST00000652039.1	76	58634	58558
ENST00000652040.2	1355	11817	10462
ENST00000652041.1	218	4872	4654
ENST00000652042.1	869	15040	14171
ENST00000652043.1	470	18537	18067
ENST00000652044.1	1249	13361	12112
ENST00000652045.1	21268	27141	5873
ENST00000652046.1	79	24645	24566
ENST00000652047.1	163	231039	230876
ENST00000652051.1	122102	195132	73030
ENST00000652053.1	0	1394	1394
ENST00000652054.1	339	55166	54827
ENST00000652055.1	0	260	260
ENST00000652059.1	1840	3824	1984
ENST00000652066.1	95089	192518	97429
ENST00000652073.1	23685	28303	4618
ENST00000652082.1	27024	88323	61299
ENST00000652084.1	6613	40707	34094
ENST00000652086.1	1985	13344	11359
ENST00000652090.1	32	6602	6570
ENST00000652092.2	38	14449	14411
ENST00000652093.1	1285	14824	13539
ENST00000652094.1	0	2868	2868
ENST00000652095.2	1104	126231	125127
ENST00000652096.1	165	49911	49746
ENST00000652097.1	2318	180873	178555
ENST00000652098.1	116832	145951	29119
ENST00000652099.1	37132	71006	33874
ENST00000652100.1	0	893	893
ENST00000652102.1	0	18922	18922
ENST00000652103.1	0	5403	5403
ENST00000652107.1	95145	114812	19667
ENST00000652108.2	91	81375	81284
ENST00000652110.1	577	6760	6183
ENST00000652111.1	1854	3838	1984
ENST00000652119.1	86	64188	64102
ENST00000652121.1	46490	136163	89673
ENST00000652122.1	38	14506	14468
ENST00000652125.1	353	27124	26771
ENST00000652132.1	44	6397	6353
ENST00000652135.1	5848	11237	5389
ENST00000652143.1	1513	3497	1984
ENST00000652148.1	3212	101221	98009
ENST00000652150.1	88	1507	1419
ENST00000652156.1	923	8368	7445
ENST00000652159.1	1003	231882	230879
ENST00000652161.1	27	13594	13567
ENST00000652165.1	2042	5395	3353
ENST00000652169.1	18	26848	26830
ENST00000652171.1	887	1823	936
ENST00000652175.2	453	7117	6664
ENST00000652176.1	485	273692	273207
ENST00000652179.1	27047	72525	45478
ENST00000652180.1	3440	14915	11475
ENST00000652182.1	386	5994	5608
ENST00000652185.1	2127	15193	13066
ENST00000652188.1	0	17639	17639
ENST00000652189.1	258	16835	16577
ENST00000652191.1	40345	74221	33876
ENST00000652192.3	128	85646	85518
ENST00000652194.1	147	6751	6604
ENST00000652197.2	23	17382	17359
ENST00000652201.1	15085	32148	17063
ENST00000652202.1	10760	13380	2620
ENST00000652203.1	19000	25365	6365
ENST00000652208.1	0	91161	91161
ENST00000652209.1	3559	5417	1858
ENST00000652213.1	68	3246	3178
ENST00000652214.1	35	15099	15064
ENST00000652218.1	791	7424	6633
ENST00000652219.1	1728	2875	1147
ENST00000652222.2	263	23554	23291
ENST00000652225.2	235	33411	33176
ENST00000652226.1	2256	342503	340247
ENST00000652231.1	728	18758	18030
ENST00000652232.1	511	16951	16440
ENST00000652233.1	1784	64408	62624
ENST00000652235.1	119	6721	6602
ENST00000652239.1	0	8754	8754
ENST00000652243.1	1447	34384	32937
ENST00000652245.1	447	101430	100983
ENST00000652248.1	1668	16342	14674
ENST00000652249.1	1688	2805	1117
ENST00000652250.1	623	4165	3542
ENST00000652253.1	153	19766	19613
ENST00000652258.1	0	14	14
ENST00000652259.1	459	18348	17889
ENST00000652263.1	682	34083	33401
ENST00000652264.1	0	32995	32995
ENST00000652266.1	1295	28921	27626
ENST00000652267.1	0	24317	24317
ENST00000652268.1	150	20528	20378
ENST00000652269.1	43	7048	7005
ENST00000652270.1	485	151265	150780
ENST00000652271.1	689	7260	6571
ENST00000652272.2	54	15145	15091
ENST00000652273.1	67	22370	22303
ENST00000652274.1	35132	92409	57277
ENST00000652276.1	0	11608	11608
ENST00000652277.1	267	9355	9088
ENST00000652278.1	22	22241	22219
ENST00000652287.1	59	4317	4258
ENST00000652288.1	642	4649	4007
ENST00000652290.1	1383	108771	107388
ENST00000652294.1	57	14683	14626
ENST00000652295.2	17	2432	2415
ENST00000652297.1	0	2142	2142
ENST00000652298.1	143	194755	194612
ENST00000652299.1	4417	50851	46434
ENST00000652302.1	815	74362	73547
ENST00000652303.1	31	16710	16679
ENST00000652304.1	1781	5896	4115
ENST00000652308.1	18	84784	84766
ENST00000652309.1	0	1506	1506
ENST00000652310.1	159	2081	1922
ENST00000652315.1	2718	299012	296294
ENST00000652320.1	94804	116381	21577
ENST00000652321.2	1028	322132	321104
ENST00000652323.1	581	18370	17789
ENST00000652326.2	546	124823	124277
ENST00000652332.1	735	27271	26536
ENST00000652335.1	10182	11402	1220
ENST00000652336.1	5534	53793	48259
ENST00000652337.1	75	72725	72650
ENST00000652340.1	0	2716	2716
ENST00000652342.2	113	5589	5476
ENST00000652346.1	7	17346	17339
ENST00000652347.2	214	68037	67823
ENST00000652352.1	934	2928	1994
ENST00000652353.1	35290	86366	51076
ENST00000652354.1	527	8833	8306
ENST00000652357.1	1	12367	12366
ENST00000652358.1	1365	9763	8398
ENST00000652361.2	3333	6049	2716
ENST00000652365.1	12197	13299	1102
ENST00000652369.1	450	26657	26207
ENST00000652377.1	1614	3598	1984
ENST00000652380.1	3022	12767	9745
ENST00000652382.1	3027	38599	35572
ENST00000652385.1	1713	69980	68267
ENST00000652386.1	758	7447	6689
ENST00000652388.1	651	33760	33109
ENST00000652389.1	3754	39583	35829
ENST00000652390.1	0	9806	9806
ENST00000652391.1	147	174602	174455
ENST00000652395.1	0	1390	1390
ENST00000652396.1	1591	3019	1428
ENST00000652397.1	8912	75768	66856
ENST00000652398.1	12596	14557	1961
ENST00000652400.1	472	1900	1428
ENST00000652401.1	0	2695	2695
ENST00000652405.1	838	4148	3310
ENST00000652409.1	36501	39781	3280
ENST00000652414.1	0	55771	55771
ENST00000652415.1	833	24832	23999
ENST00000652417.2	21267	45481	24214
ENST00000652423.1	18229	31840	13611
ENST00000652424.1	21303	58596	37293
ENST00000652427.1	6491	15715	9224
ENST00000652429.1	153	9468	9315
ENST00000652431.1	92347	146183	53836
ENST00000652434.1	0	93543	93543
ENST00000652435.1	13401	16517	3116
ENST00000652436.1	0	2404	2404
ENST00000652443.1	1512	2250	738
ENST00000652444.1	294	38825	38531
ENST00000652446.2	106	89916	89810
ENST00000652448.1	86483	91376	4893
ENST00000652449.1	17206	33057	15851
ENST00000652450.2	16617	32612	15995
ENST00000652453.1	3522	11089	7567
ENST00000652454.1	109	114086	113977
ENST00000652457.1	58900	62655	3755
ENST00000652462.1	418	27121	26703
ENST00000652463.1	906	58237	57331
ENST00000652466.1	11627	17399	5772
ENST00000652467.1	0	492	492
ENST00000652468.1	114	23129	23015
ENST00000652469.1	35802	101792	65990
ENST00000652472.1	152089	159769	7680
ENST00000652473.1	381	2417	2036
ENST00000652477.1	3968	5100	1132
ENST00000652478.1	343	122300	121957
ENST00000652479.1	3	1393	1390
ENST00000652485.1	344	50616	50272
ENST00000652486.1	17	17801	17784
ENST00000652487.1	0	111130	111130
ENST00000652489.1	83	4586	4503
ENST00000652493.1	23247	60766	37519
ENST00000652494.1	27	22246	22219
ENST00000652495.1	714	7469	6755
ENST00000652497.1	169	22997	22828
ENST00000652501.1	183	81203	81020
ENST00000652506.1	1413	58744	57331
ENST00000652508.1	0	400	400
ENST00000652509.1	0	35368	35368
ENST00000652513.2	121	24439	24318
ENST00000652514.1	0	611	611
ENST00000652515.1	4621	89829	85208
ENST00000652520.1	2053	10989	8936
ENST00000652521.1	16627	29936	13309
ENST00000652522.1	90645	129158	38513
ENST00000652525.1	4625	4909	284
ENST00000652529.1	4157	6146	1989
ENST00000652533.1	41	12775	12734
ENST00000652535.1	7614	15674	8060
ENST00000652536.2	4929	131788	126859
ENST00000652537.1	3779	45604	41825
ENST00000652541.1	191251	194397	3146
ENST00000652542.1	2822	11190	8368
ENST00000652543.1	398	5733	5335
ENST00000652547.1	27528	34010	6482
ENST00000652548.2	2578	34701	32123
ENST00000652555.1	88	119002	118914
ENST00000652557.1	3623	90118	86495
ENST00000652559.1	0	2174	2174
ENST00000652564.1	15749	18395	2646
ENST00000652569.1	0	53449	53449
ENST00000652570.1	3448	9754	6306
ENST00000652573.1	0	128133	128133
ENST00000652575.1	0	370	370
ENST00000652576.1	56	39436	39380
ENST00000652580.1	22808	26449	3641
ENST00000652582.1	25767	34468	8701
ENST00000652585.2	229	156857	156628
ENST00000652587.1	50	54388	54338
ENST00000652588.1	137	213188	213051
ENST00000652592.1	751	119523	118772
ENST00000652593.1	2353	2549	196
ENST00000652596.1	603	2587	1984
ENST00000652598.1	119	37982	37863
ENST00000652600.1	13020	65982	52962
ENST00000652601.1	81	24311	24230
ENST00000652603.2	0	264	264
ENST00000652604.1	1041	58343	57302
ENST00000652605.1	140005	147562	7557
ENST00000652607.2	337	13143	12806
ENST00000652613.1	10222	33076	22854
ENST00000652615.1	29396	41991	12595
ENST00000652616.1	31	12397	12366
ENST00000652617.2	302	5512	5210
ENST00000652619.1	9528	96960	87432
ENST00000652621.1	10407	167717	157310
ENST00000652622.1	5144	6738	1594
ENST00000652624.1	12665	15547	2882
ENST00000652626.1	145	49348	49203
ENST00000652629.1	55	8886	8831
ENST00000652630.1	5555	6453	898
ENST00000652639.1	1101	2311	1210
ENST00000652641.2	2288	107185	104897
ENST00000652644.1	0	7930	7930
ENST00000652648.1	3201	5539	2338
ENST00000652649.1	7	227	220
ENST00000652654.3	152	19018	18866
ENST00000652657.1	3759	51362	47603
ENST00000652658.2	5761	164379	158618
ENST00000652664.2	1417	8110	6693
ENST00000652669.1	670	2654	1984
ENST00000652672.2	1386	67659	66273
ENST00000652674.1	51331	53668	2337
ENST00000652678.1	7117	19814	12697
ENST00000652680.1	7686	15253	7567
ENST00000652682.1	294	10372	10078
ENST00000652684.1	38966	45689	6723
ENST00000652686.1	710	121886	121176
ENST00000652689.1	1862	41242	39380
ENST00000652691.1	482	2880	2398
ENST00000652692.1	0	12095	12095
ENST00000652693.1	124	70887	70763
ENST00000652696.1	57	12576	12519
ENST00000652698.1	150	1126963	1126813
ENST00000652700.1	559	13846	13287
ENST00000652707.1	283	192380	192097
ENST00000652708.1	0	50526	50526
ENST00000652713.1	0	17217	17217
ENST00000652715.1	790	3862	3072
ENST00000652716.1	114	31395	31281
ENST00000652718.1	0	14091	14091
ENST00000652720.1	1067	89210	88143
ENST00000652721.1	522	142616	142094
ENST00000652727.1	801	195928	195127
ENST00000652729.1	792	2474	1682
ENST00000652730.1	1832	3816	1984
ENST00000652732.1	1735	15304	13569
ENST00000652737.1	0	74	74
ENST00000652738.1	31058	46962	15904
ENST00000652741.1	13596	15557	1961
ENST00000652743.1	309	15312	15003
ENST00000652745.1	58900	59730	830
ENST00000652747.1	900	10750	9850
ENST00000652752.1	923	8305	7382
ENST00000652755.1	6326	43507	37181
ENST00000652756.1	0	91161	91161
ENST00000652762.2	185	1773	1588
ENST00000652763.1	81642	83942	2300
ENST00000652764.1	3193	3613	420
ENST00000652766.1	7951	33282	25331
ENST00000652770.1	1198	25273	24075
ENST00000652771.1	111	7350	7239
ENST00000652845.1	14222	56428	42206
ENST00000652847.1	155	53775	53620
ENST00000652901.1	76856	195591	118735
ENST00000652974.1	10591	16486	5895
ENST00000652975.2	94	4714	4620
ENST00000652986.1	6473	21943	15470
ENST00000653024.2	391	6563	6172
ENST00000653169.1	563	10534	9971
ENST00000653217.1	1430	33887	32457
ENST00000653241.1	589	75684	75095
ENST00000653251.1	6297	104739	98442
ENST00000653262.1	47858	105787	57929
ENST00000653273.2	59	2958	2899
ENST00000653274.1	4172	75565	71393
ENST00000653324.2	326	81186	80860
ENST00000653331.1	32906	142597	109691
ENST00000653392.1	19893	35982	16089
ENST00000653405.1	3	2460	2457
ENST00000653423.1	68233	140265	72032
ENST00000653442.1	0	89752	89752
ENST00000653454.1	23136	28858	5722
ENST00000653512.1	40124	104814	64690
ENST00000653623.1	40105	104616	64511
ENST00000653642.1	1941	16190	14249
ENST00000653668.2	132	880	748
ENST00000653735.1	0	99452	99452
ENST00000653738.2	348	142140	141792
ENST00000653795.1	1683	143341	141658
ENST00000653810.1	1476	27303	25827
ENST00000653819.1	39800	73475	33675
ENST00000653858.1	92	114203	114111
ENST00000653862.1	0	553070	553070
ENST00000653892.1	40161	73836	33675
ENST00000653904.2	53	14187	14134
ENST00000653908.1	3816	98841	95025
ENST00000653917.1	68343	120237	51894
ENST00000653979.1	0	10483	10483
ENST00000654015.1	113	9699	9586
ENST00000654051.1	13780	27102	13322
ENST00000654053.1	19612	35656	16044
ENST00000654056.1	4310	22130	17820
ENST00000654405.1	6027	104294	98267
ENST00000654459.1	18208	24593	6385
ENST00000654597.1	23124	28846	5722
ENST00000654604.1	17223	175510	158287
ENST00000654683.1	17331	19904	2573
ENST00000654719.1	9626	25477	15851
ENST00000654733.1	3221	215203	211982
ENST00000654737.1	1636	256709	255073
ENST00000654766.1	363	75235	74872
ENST00000654803.1	2142	55642	53500
ENST00000654846.1	30501	49538	19037
ENST00000654931.1	6000	6508	508
ENST00000654939.1	7755	20733	12978
ENST00000654947.1	330	10948	10618
ENST00000655012.1	720	100308	99588
ENST00000655029.1	626	116496	115870
ENST00000655142.1	17894	58764	40870
ENST00000655164.1	17266	127370	110104
ENST00000655275.1	550	103073	102523
ENST00000655324.1	31257	103853	72596
ENST00000655340.1	3040	59010	55970
ENST00000655399.1	1602	9131	7529
ENST00000655425.1	271962	371321	99359
ENST00000655446.1	609	12623	12014
ENST00000655447.1	17222	19795	2573
ENST00000655450.1	609	2753	2144
ENST00000655488.1	2026	257193	255167
ENST00000655548.1	49642	99929	50287
ENST00000655556.1	375	361921	361546
ENST00000655597.2	5820	147822	142002
ENST00000655644.1	457	3535	3078
ENST00000655703.1	14208	46577	32369
ENST00000655728.1	440	2584	2144
ENST00000655761.1	434	75529	75095
ENST00000655770.1	75212	122412	47200
ENST00000655819.1	6363	438611	432248
ENST00000655845.1	17240	19813	2573
ENST00000655992.1	5900	11995	6095
ENST00000656001.1	31220	100886	69666
ENST00000656021.1	39997	43542	3545
ENST00000656087.1	1683	256885	255202
ENST00000656198.1	14275	60490	46215
ENST00000656200.1	26322	33506	7184
ENST00000656203.1	0	3882	3882
ENST00000656230.1	3437	361462	358025
ENST00000656232.1	0	505	505
ENST00000656300.1	0	8733	8733
ENST00000656302.1	55501	904755	849254
ENST00000656419.1	4	3548	3544
ENST00000656428.1	2045	186065	184020
ENST00000656435.1	800	36427	35627
ENST00000656437.1	0	297471	297471
ENST00000656470.1	0	47443	47443
ENST00000656486.1	426	32234	31808
ENST00000656538.1	574	2718	2144
ENST00000656590.1	1341	118681	117340
ENST00000656666.1	4729	103171	98442
ENST00000656746.1	14235	47614	33379
ENST00000656750.1	0	23478	23478
ENST00000656825.1	25770	39373	13603
ENST00000656841.1	485	116355	115870
ENST00000656849.1	14274	73493	59219
ENST00000656872.2	65899	72381	6482
ENST00000656873.1	37305	37768	463
ENST00000656932.1	199	15118	14919
ENST00000656944.1	3	255233	255230
ENST00000656985.1	4224	180862	176638
ENST00000656998.1	0	194204	194204
ENST00000657000.1	26786	38812	12026
ENST00000657001.1	3494	58567	55073
ENST00000657047.1	3017	12436	9419
ENST00000657090.1	55867	72036	16169
ENST00000657098.1	31768	141409	109641
ENST00000657122.1	168	1883	1715
ENST00000657123.1	4945	25240	20295
ENST00000657172.1	12664	51730	39066
ENST00000657176.2	76	378281	378205
ENST00000657191.1	4945	25240	20295
ENST00000657234.1	77376	180927	103551
ENST00000657241.1	0	86313	86313
ENST00000657318.1	38797	103308	64511
ENST00000657321.1	22073	50655	28582
ENST00000657333.1	39965	73640	33675
ENST00000657361.1	680	150079	149399
ENST00000657381.1	1641	256871	255230
ENST00000657391.1	800	36427	35627
ENST00000657462.1	24508	55312	30804
ENST00000657480.1	416	127938	127522
ENST00000657597.2	17266	193533	176267
ENST00000657706.1	3330	54322	50992
ENST00000657785.1	68132	132870	64738
ENST00000657892.1	41935	74017	32082
ENST00000657895.1	1475	84719	83244
ENST00000657942.1	86	86084	85998
ENST00000657973.1	6010	12844	6834
ENST00000657994.1	0	51761	51761
ENST00000658155.1	782	216267	215485
ENST00000658209.1	34075	53483	19408
ENST00000658259.1	42	223926	223884
ENST00000658277.1	1476	84476	83000
ENST00000658393.1	13778	27100	13322
ENST00000658476.1	21	15326	15305
ENST00000658652.1	2123	85836	83713
ENST00000658689.1	0	162	162
ENST00000658691.1	47898	59119	11221
ENST00000658701.1	1683	256870	255187
ENST00000658729.1	5994	21432	15438
ENST00000658773.1	800	8569	7769
ENST00000658780.2	544	298460	297916
ENST00000658812.1	17254	72118	54864
ENST00000658847.1	51245	103347	52102
ENST00000658882.1	2049	10103	8054
ENST00000658883.1	47898	89803	41905
ENST00000658954.1	567	55873	55306
ENST00000659024.1	96468	127397	30929
ENST00000659050.1	40117	104634	64517
ENST00000659051.1	0	10965	10965
ENST00000659065.2	529	4620	4091
ENST00000659108.1	26071	41236	15165
ENST00000659110.1	0	9813	9813
ENST00000659122.2	0	8715	8715
ENST00000659177.1	3641	7357	3716
ENST00000659194.3	338	805238	804900
ENST00000659221.1	1641	256871	255230
ENST00000659264.1	3437	252116	248679
ENST00000659283.1	19612	35656	16044
ENST00000659302.1	0	17218	17218
ENST00000659388.1	89	2371	2282
ENST00000659463.1	0	8383	8383
ENST00000659595.1	117	10175	10058
ENST00000659642.2	529	4620	4091
ENST00000659705.1	1343	173538	172195
ENST00000659716.1	1551	256718	255167
ENST00000659728.1	348	125058	124710
ENST00000659760.1	18925	23676	4751
ENST00000659812.2	10065	42650	32585
ENST00000659826.1	9160	13143	3983
ENST00000659882.1	0	10600	10600
ENST00000659924.1	1528	220722	219194
ENST00000659926.1	1370	141363	139993
ENST00000659993.1	701	78883	78182
ENST00000659997.3	65890	72372	6482
ENST00000660000.2	105223	305713	200490
ENST00000660013.1	0	54641	54641
ENST00000660039.1	65	26747	26682
ENST00000660083.1	17258	192845	175587
ENST00000660144.1	40102	105829	65727
ENST00000660237.1	97207	140050	42843
ENST00000660240.1	31158	103629	72471
ENST00000660292.2	338	805276	804938
ENST00000660295.1	205	15095	14890
ENST00000660337.1	30501	146796	116295
ENST00000660420.1	68286	70673	2387
ENST00000660432.1	227785	254590	26805
ENST00000660435.1	68707	78984	10277
ENST00000660553.1	1499	143116	141617
ENST00000660610.1	410	60074	59664
ENST00000660624.1	281	23046	22765
ENST00000660626.1	125	4857	4732
ENST00000660642.1	50	3187	3137
ENST00000660676.1	5992	46187	40195
ENST00000660752.1	6033	44992	38959
ENST00000660857.1	0	7520	7520
ENST00000660898.1	1662	256990	255328
ENST00000660938.1	17330	168653	151323
ENST00000661013.1	473	255703	255230
ENST00000661030.1	1197	117067	115870
ENST00000661047.1	276	93037	92761
ENST00000661229.1	21379	254441	233062
ENST00000661310.1	79	137045	136966
ENST00000661330.1	0	35056	35056
ENST00000661336.1	1683	256863	255180
ENST00000661339.1	51863	103965	52102
ENST00000661429.1	858	8387	7529
ENST00000661438.1	46947	95484	48537
ENST00000661440.1	227056	253861	26805
ENST00000661453.1	1681	256848	255167
ENST00000661457.1	68188	82625	14437
ENST00000661532.1	3907	23099	19192
ENST00000661543.1	255	9346	9091
ENST00000661591.1	245	5432	5187
ENST00000661701.1	0	895	895
ENST00000661808.1	182	135269	135087
ENST00000661864.1	17213	104132	86919
ENST00000661883.1	20	1566	1546
ENST00000661898.1	4257	75392	71135
ENST00000661952.1	24448	55252	30804
ENST00000661974.1	0	9719	9719
ENST00000662015.1	369	29573	29204
ENST00000662078.1	141	8919	8778
ENST00000662132.1	31226	103939	72713
ENST00000662147.1	36081	41564	5483
ENST00000662159.1	2986	14408	11422
ENST00000662184.1	68346	120152	51806
ENST00000662198.1	1475	84850	83375
ENST00000662201.2	0	7163	7163
ENST00000662216.1	476	96941	96465
ENST00000662305.1	632	14881	14249
ENST00000662352.3	61	3229	3168
ENST00000662363.1	312	33998	33686
ENST00000662438.1	0	192347	192347
ENST00000662483.1	526	30495	29969
ENST00000662522.1	23766	60785	37019
ENST00000662525.1	5460	103902	98442
ENST00000662530.1	0	8349	8349
ENST00000662531.1	59137	73968	14831
ENST00000662555.1	0	81845	81845
ENST00000662562.2	24993	38596	13603
ENST00000662584.2	6687	25780	19093
ENST00000662603.1	68302	143683	75381
ENST00000662604.1	463	83534	83071
ENST00000662629.1	0	6397	6397
ENST00000662640.1	0	58900	58900
ENST00000662670.1	31200	58380	27180
ENST00000662684.1	71912	222434	150522
ENST00000662716.1	32051	104814	72763
ENST00000662727.1	359	255561	255202
ENST00000662802.1	8404	11053	2649
ENST00000662815.1	0	416	416
ENST00000662884.1	941	99762	98821
ENST00000662895.1	30937	56131	25194
ENST00000662915.2	0	550	550
ENST00000662930.1	3053	288662	285609
ENST00000662933.1	326	6048	5722
ENST00000663044.1	31530	104293	72763
ENST00000663089.1	2762	22223	19461
ENST00000663135.1	2268	5984	3716
ENST00000663148.1	2028	257195	255167
ENST00000663165.1	513	1771	1258
ENST00000663169.1	14297	60471	46174
ENST00000663171.1	117	13274	13157
ENST00000663220.1	261	8755	8494
ENST00000663400.1	68347	124231	55884
ENST00000663479.2	54028	70200	16172
ENST00000663595.2	338	4627	4289
ENST00000663597.1	148995	252573	103578
ENST00000663749.1	35	4655	4620
ENST00000663774.1	31048	32174	1126
ENST00000663835.1	31266	103898	72632
ENST00000663843.1	13018	14403	1385
ENST00000663866.1	17236	118972	101736
ENST00000663895.1	669	60333	59664
ENST00000664003.1	0	3874	3874
ENST00000664070.1	767	10403	9636
ENST00000664084.1	532	63868	63336
ENST00000664120.1	42	26456	26414
ENST00000664131.1	1757	59603	57846
ENST00000664149.1	394	362649	362255
ENST00000664192.1	16836	71700	54864
ENST00000664196.1	35	16311	16276
ENST00000664209.1	68313	143684	75371
ENST00000664217.1	116	139042	138926
ENST00000664306.2	105963	440393	334430
ENST00000664330.1	40333	74008	33675
ENST00000664353.1	0	6010	6010
ENST00000664366.1	436	75531	75095
ENST00000664374.2	529	4620	4091
ENST00000664402.2	404	29169	28765
ENST00000664418.1	9945	19452	9507
ENST00000664447.2	3442	38040	34598
ENST00000664460.1	704	35535	34831
ENST00000664495.1	39	108675	108636
ENST00000664521.1	293	167290	166997
ENST00000664561.1	0	13662	13662
ENST00000664564.1	93714	255140	161426
ENST00000664587.1	582	60109	59527
ENST00000664602.1	0	59021	59021
ENST00000664640.1	68309	169617	101308
ENST00000664692.1	0	90165	90165
ENST00000664697.1	40102	104834	64732
ENST00000664783.1	627	85200	84573
ENST00000664805.1	17240	192827	175587
ENST00000664837.1	4270	35098	30828
ENST00000664852.1	30506	116199	85693
ENST00000664864.1	710	398836	398126
ENST00000664870.2	433	6890	6457
ENST00000664957.1	0	3808	3808
ENST00000664974.1	0	87171	87171
ENST00000664991.1	1037	256196	255159
ENST00000665020.1	0	27168	27168
ENST00000665070.1	65	6472	6407
ENST00000665077.4	389	6376	5987
ENST00000665145.1	742	9902	9160
ENST00000665176.1	17209	192159	174950
ENST00000665212.1	4777	9908	5131
ENST00000665241.1	180	109848	109668
ENST00000665346.1	30496	147160	116664
ENST00000665428.1	49322	75405	26083
ENST00000665484.2	30577	147024	116447
ENST00000665495.1	0	3342	3342
ENST00000665513.1	612	1147	535
ENST00000665583.1	252	25645	25393
ENST00000665585.2	953	68297	67344
ENST00000665637.1	4173	241447	237274
ENST00000665648.1	13166	46359	33193
ENST00000665674.2	627	3526	2899
ENST00000665728.1	95421	217876	122455
ENST00000665763.1	162	103484	103322
ENST00000665764.1	70	143896	143826
ENST00000665805.1	0	27600	27600
ENST00000665812.1	17328	36143	18815
ENST00000665825.1	854	24396	23542
ENST00000665872.1	31043	32169	1126
ENST00000665913.1	121	45575	45454
ENST00000665936.1	31606	104369	72763
ENST00000665949.1	67026	79441	12415
ENST00000665987.1	35636	57819	22183
ENST00000666007.1	643	255757	255114
ENST00000666018.1	19893	35937	16044
ENST00000666055.1	214	34300	34086
ENST00000666110.2	105909	204692	98783
ENST00000666124.1	31220	103852	72632
ENST00000666143.1	4246	7216	2970
ENST00000666163.1	47930	106977	59047
ENST00000666210.1	38794	105323	66529
ENST00000666250.1	191	755866	755675
ENST00000666252.1	160866	183397	22531
ENST00000666299.1	14224	59184	44960
ENST00000666307.1	31043	32169	1126
ENST00000666315.1	106	89913	89807
ENST00000666449.1	2323	14911	12588
ENST00000666593.2	953	77686	76733
ENST00000666609.1	886	8415	7529
ENST00000666617.1	0	10965	10965
ENST00000666746.1	10895	17988	7093
ENST00000666778.1	4052	18301	14249
ENST00000666893.1	0	76726	76726
ENST00000666894.1	179	3667	3488
ENST00000666923.1	2430	46642	44212
ENST00000666956.1	0	16969	16969
ENST00000666973.1	327	53290	52963
ENST00000666974.1	38861	103599	64738
ENST00000667046.1	1918	3516	1598
ENST00000667069.1	34	224359	224325
ENST00000667104.1	1683	256832	255149
ENST00000667157.1	2066	257299	255233
ENST00000667201.2	29867	52721	22854
ENST00000667205.1	17315	192902	175587
ENST00000667214.1	71939	133574	61635
ENST00000667240.1	481	29957	29476
ENST00000667261.1	1078	4312	3234
ENST00000667288.1	8546	27426	18880
ENST00000667293.2	6801	22970	16169
ENST00000667377.1	335	85127	84792
ENST00000667384.2	25828	34721	8893
ENST00000667466.1	4140	18494	14354
ENST00000667521.1	333	59997	59664
ENST00000667629.1	3862	57777	53915
ENST00000667706.1	5544	80181	74637
ENST00000667758.1	29831	50670	20839
ENST00000667790.1	11158	23676	12518
ENST00000667800.1	1055	153186	152131
ENST00000667857.1	26521	61004	34483
ENST00000667863.2	63	1097	1034
ENST00000667884.1	738	9898	9160
ENST00000667897.1	1594	9019	7425
ENST00000667947.1	17261	19463	2202
ENST00000667949.2	6958	13174	6216
ENST00000667971.1	925	256117	255192
ENST00000667991.1	762	5508	4746
ENST00000668036.1	19194	82280	63086
ENST00000668066.1	0	35171	35171
ENST00000668071.1	1474	84615	83141
ENST00000668113.1	151	755357	755206
ENST00000668164.2	13954	125413	111459
ENST00000668220.1	0	34300	34300
ENST00000668273.1	12164	60701	48537
ENST00000668382.1	416	75511	75095
ENST00000668385.1	29540	50439	20899
ENST00000668421.1	24	1389	1365
ENST00000668448.1	1476	85013	83537
ENST00000668452.1	68473	133205	64732
ENST00000668458.1	4569	23325	18756
ENST00000668486.1	0	26077	26077
ENST00000668499.1	36996	58181	21185
ENST00000668547.1	71585	221985	150400
ENST00000668559.1	5892	64022	58130
ENST00000668629.1	0	3773	3773
ENST00000668657.1	1850	58588	56738
ENST00000668663.1	17258	192845	175587
ENST00000668667.1	574	2718	2144
ENST00000668706.1	47858	96800	48942
ENST00000668754.1	928	109940	109012
ENST00000668808.1	141	6275	6134
ENST00000668943.1	0	2174	2174
ENST00000668949.1	281	59987	59706
ENST00000668964.1	114	1030	916
ENST00000668990.2	282	53645	53363
ENST00000669138.1	17303	44363	27060
ENST00000669179.1	16	16953	16937
ENST00000669250.1	13272	72319	59047
ENST00000669332.1	32828	218962	186134
ENST00000669443.1	0	7125	7125
ENST00000669493.1	40377	104823	64446
ENST00000669516.2	2932	13974	11042
ENST00000669565.1	1683	256916	255233
ENST00000669573.1	291	105255	104964
ENST00000669601.1	5417	103859	98442
ENST00000669674.2	241	10670	10429
ENST00000669714.1	69588	214772	145184
ENST00000669741.1	2189	33054	30865
ENST00000669891.1	0	53003	53003
ENST00000669930.1	245	53439	53194
ENST00000669994.1	691	13885	13194
ENST00000670016.1	348	98095	97747
ENST00000670063.1	13241	14367	1126
ENST00000670074.1	760	4943	4183
ENST00000670091.1	273	42010	41737
ENST00000670120.1	40124	104635	64511
ENST00000670151.1	394	291301	290907
ENST00000670279.1	116	140973	140857
ENST00000670281.1	0	8202	8202
ENST00000670292.1	1242	3815	2573
ENST00000670301.1	542	55543	55001
ENST00000670318.1	231	42424	42193
ENST00000670357.1	76	196637	196561
ENST00000670366.1	93726	217897	124171
ENST00000670382.1	5	267	262
ENST00000670407.1	188	9630	9442
ENST00000670443.1	52474	104355	51881
ENST00000670455.1	1683	256916	255233
ENST00000670516.1	30532	147187	116655
ENST00000670577.1	0	31915	31915
ENST00000670598.1	0	38202	38202
ENST00000670667.1	1218	17743	16525
ENST00000670741.1	141	6126	5985
ENST00000670768.2	1408	173541	172133
ENST00000670783.1	91	54955	54864
ENST00000670849.1	778	36405	35627
ENST00000670904.1	6313	104755	98442
ENST00000670907.1	4970	46647	41677
ENST00000670935.1	925	256190	255265
ENST00000670982.1	17091	118719	101628
ENST00000671038.1	84565	126075	41510
ENST00000671076.1	0	250	250
ENST00000671089.2	100	286572	286472
ENST00000671097.1	3926	20791	16865
ENST00000671102.1	3028	28427	25399
ENST00000671185.1	1688	256855	255167
ENST00000671191.1	1343	172119	170776
ENST00000671209.1	1238	118617	117379
ENST00000671246.1	1683	143306	141623
ENST00000671281.1	17240	127344	110104
ENST00000671377.2	4035	89235	85200
ENST00000671397.1	31216	68306	37090
ENST00000671413.3	0	63204	63204
ENST00000671421.1	31220	31524	304
ENST00000671445.1	21942	23000	1058
ENST00000671528.1	706	32802	32096
ENST00000671538.1	0	166190	166190
ENST00000671567.1	0	14661	14661
ENST00000671668.1	5930	104372	98442
ENST00000671676.1	47903	106991	59088
ENST00000671696.1	120	5246	5126
ENST00000671701.1	7908	233896	225988
ENST00000671704.1	43474	525835	482361
ENST00000671727.1	207	337693	337486
ENST00000671730.1	38	66606	66568
ENST00000671733.1	89	61224	61135
ENST00000671734.1	0	11005	11005
ENST00000671741.2	3064	151737	148673
ENST00000671746.2	49774	53288	3514
ENST00000671753.1	820	35061	34241
ENST00000671755.1	5593	20304	14711
ENST00000671756.1	86389	568609	482220
ENST00000671762.1	207	337644	337437
ENST00000671766.1	0	17497	17497
ENST00000671767.1	0	8360	8360
ENST00000671770.1	816	61254	60438
ENST00000671775.2	146	32718	32572
ENST00000671784.1	1390	16762	15372
ENST00000671788.1	35695	117704	82009
ENST00000671792.1	7683	89325	81642
ENST00000671793.1	86400	569156	482756
ENST00000671800.1	38894	66294	27400
ENST00000671809.1	86389	575062	488673
ENST00000671817.1	137	17147	17010
ENST00000671824.1	805	46066	45261
ENST00000671825.1	86400	568882	482482
ENST00000671830.1	4603	26046	21443
ENST00000671844.1	195	35043	34848
ENST00000671846.1	2593	44166	41573
ENST00000671854.1	86390	568858	482468
ENST00000671855.1	347	48704	48357
ENST00000671858.1	1548	17737	16189
ENST00000671863.1	86389	549518	463129
ENST00000671868.1	8458	32067	23609
ENST00000671871.1	16703	478434	461731
ENST00000671876.2	362	9327	8965
ENST00000671878.1	191	38166	37975
ENST00000671880.1	0	3887	3887
ENST00000671881.1	3222	71582	68360
ENST00000671882.1	0	218631	218631
ENST00000671883.1	77	9042	8965
ENST00000671886.1	609	8558	7949
ENST00000671890.1	23194	478198	455004
ENST00000671891.2	3	28739	28736
ENST00000671893.1	86389	568390	482001
ENST00000671898.1	1254	130527	129273
ENST00000671902.2	46131	47863	1732
ENST00000671906.1	86389	575004	488615
ENST00000671907.1	3047	120866	117819
ENST00000671912.1	983	14525	13542
ENST00000671915.1	2153	26626	24473
ENST00000671916.1	3348	84739	81391
ENST00000671923.1	68343	120229	51886
ENST00000671928.2	33695	48275	14580
ENST00000671929.2	1331	56468	55137
ENST00000671937.1	35223	46089	10866
ENST00000671940.1	53235	86317	33082
ENST00000671942.1	609	8558	7949
ENST00000671951.1	43551	525814	482263
ENST00000671952.1	16431	508038	491607
ENST00000671954.2	1331	56468	55137
ENST00000671960.1	6631	30240	23609
ENST00000671963.1	47952	477935	429983
ENST00000671971.1	593	276641	276048
ENST00000671972.1	0	14462	14462
ENST00000671979.1	87118	121374	34256
ENST00000671986.3	2383	9053	6670
ENST00000672002.1	34940	42531	7591
ENST00000672003.1	8458	23087	14629
ENST00000672005.1	75	1915	1840
ENST00000672008.1	14	17621	17607
ENST00000672010.1	294	587030	586736
ENST00000672011.1	3157	11612	8455
ENST00000672019.1	42423	122280	79857
ENST00000672024.1	820	28235	27415
ENST00000672026.1	163038	208576	45538
ENST00000672027.1	3	26700	26697
ENST00000672031.1	40	25574	25534
ENST00000672036.2	3	10178	10175
ENST00000672037.1	77	4559	4482
ENST00000672045.1	180	337511	337331
ENST00000672063.1	13563	26001	12438
ENST00000672068.1	86389	575119	488730
ENST00000672073.1	817	10745	9928
ENST00000672074.1	1904	18369	16465
ENST00000672075.1	5535	9352	3817
ENST00000672079.2	2715	7637	4922
ENST00000672084.1	110	166686	166576
ENST00000672088.1	86400	568943	482543
ENST00000672089.1	7155	69583	62428
ENST00000672090.1	86389	575027	488638
ENST00000672093.1	0	101282	101282
ENST00000672097.1	195	27514	27319
ENST00000672098.1	0	2269	2269
ENST00000672099.1	0	13197	13197
ENST00000672100.1	609	8558	7949
ENST00000672107.1	816	330295	329479
ENST00000672114.1	644	17356	16712
ENST00000672117.1	968	10245	9277
ENST00000672121.1	613	107347	106734
ENST00000672122.1	2269	133758	131489
ENST00000672125.1	999	5217	4218
ENST00000672126.2	10	11419	11409
ENST00000672130.1	0	6376	6376
ENST00000672135.1	102	47998	47896
ENST00000672138.1	79	21176	21097
ENST00000672141.1	33695	108734	75039
ENST00000672143.1	40550	99656	59106
ENST00000672145.1	0	14826	14826
ENST00000672146.3	12639	19995	7356
ENST00000672154.1	821	29330	28509
ENST00000672160.1	505	20173	19668
ENST00000672163.1	703	2005	1302
ENST00000672169.1	885	32137	31252
ENST00000672177.1	86389	568785	482396
ENST00000672178.1	53	20967	20914
ENST00000672179.2	1331	56468	55137
ENST00000672186.1	192	22867	22675
ENST00000672188.1	4168	14607	10439
ENST00000672191.1	360	9325	8965
ENST00000672194.1	3016	86224	83208
ENST00000672197.1	0	97430	97430
ENST00000672204.1	0	512429	512429
ENST00000672206.1	3	347576	347573
ENST00000672209.1	86389	575301	488912
ENST00000672221.1	43429	525811	482382
ENST00000672233.1	76205	113892	37687
ENST00000672238.1	2844	185930	183086
ENST00000672240.1	593	276676	276083
ENST00000672244.1	3079	18851	15772
ENST00000672246.1	86389	568594	482205
ENST00000672247.2	1331	56468	55137
ENST00000672251.1	180	343548	343368
ENST00000672256.1	0	219001	219001
ENST00000672258.1	2006	17386	15380
ENST00000672264.2	1833	6439	4606
ENST00000672269.1	26052	353847	327795
ENST00000672274.1	4863	8621	3758
ENST00000672279.1	24	73115	73091
ENST00000672280.1	422	22365	21943
ENST00000672282.1	2498	43825	41327
ENST00000672284.1	17558	31694	14136
ENST00000672285.1	8430	32039	23609
ENST00000672287.2	1100	1539	439
ENST00000672303.1	3077	9166	6089
ENST00000672304.1	795	8513	7718
ENST00000672312.1	86400	568784	482384
ENST00000672314.2	54	6798	6744
ENST00000672315.1	86400	568635	482235
ENST00000672327.1	976	103011	102035
ENST00000672328.1	8432	32041	23609
ENST00000672331.1	8843	22681	13838
ENST00000672336.1	33676	40846	7170
ENST00000672337.1	8460	32069	23609
ENST00000672341.1	8460	32069	23609
ENST00000672350.1	86390	568893	482503
ENST00000672352.1	0	39690	39690
ENST00000672354.1	35	27105	27070
ENST00000672356.1	86462	568907	482445
ENST00000672357.1	249	28291	28042
ENST00000672358.1	1544	17532	15988
ENST00000672362.1	86389	568998	482609
ENST00000672365.3	125	1431	1306
ENST00000672366.1	207	337419	337212
ENST00000672367.1	40	26730	26690
ENST00000672389.1	190	34488	34298
ENST00000672390.1	0	18095	18095
ENST00000672394.1	217492	532593	315101
ENST00000672396.1	617	69493	68876
ENST00000672397.1	159	24977	24818
ENST00000672400.1	159	41878	41719
ENST00000672401.1	2697	44024	41327
ENST00000672402.1	86400	568974	482574
ENST00000672406.1	9282	20152	10870
ENST00000672411.1	459	91621	91162
ENST00000672414.2	66165	93987	27822
ENST00000672415.1	86	32472	32386
ENST00000672419.1	9164	13637	4473
ENST00000672422.2	3305	44588	41283
ENST00000672427.1	33681	121175	87494
ENST00000672429.1	77	558145	558068
ENST00000672434.2	1331	56468	55137
ENST00000672438.1	850	15868	15018
ENST00000672442.1	25649	185897	160248
ENST00000672452.2	786	25802	25016
ENST00000672455.1	20	4231	4211
ENST00000672460.1	5479	166222	160743
ENST00000672461.1	396	81203	80807
ENST00000672465.1	798	38773	37975
ENST00000672479.1	3117	71445	68328
ENST00000672480.1	3861	5424	1563
ENST00000672487.1	184	13051	12867
ENST00000672498.1	248	12420	12172
ENST00000672502.1	207	343673	343466
ENST00000672513.1	3028	90999	87971
ENST00000672515.2	10	16962	16952
ENST00000672517.1	2481	3783	1302
ENST00000672519.1	44219	46144	1925
ENST00000672535.1	14735	16660	1925
ENST00000672542.1	0	5744	5744
ENST00000672548.1	820	8467	7647
ENST00000672554.1	204	9222	9018
ENST00000672557.1	0	7759	7759
ENST00000672560.1	0	7765	7765
ENST00000672566.1	419	20553	20134
ENST00000672567.1	0	37442	37442
ENST00000672570.1	22390	58612	36222
ENST00000672574.2	1330	56362	55032
ENST00000672575.1	107	12598	12491
ENST00000672578.1	3470	164333	160863
ENST00000672580.1	54	20647	20593
ENST00000672582.1	1031	64508	63477
ENST00000672591.1	0	10478	10478
ENST00000672593.1	2166	3296	1130
ENST00000672596.1	644	17528	16884
ENST00000672602.2	952	6100	5148
ENST00000672604.1	0	394149	394149
ENST00000672606.1	0	17731	17731
ENST00000672613.1	601	150254	149653
ENST00000672621.1	335	474697	474362
ENST00000672623.1	3391	6376	2985
ENST00000672625.1	0	18894	18894
ENST00000672630.1	0	24956	24956
ENST00000672636.2	784	10778	9994
ENST00000672640.1	535	7554	7019
ENST00000672652.1	0	20768	20768
ENST00000672656.2	391	22335	21944
ENST00000672660.1	0	60579	60579
ENST00000672666.1	0	5809	5809
ENST00000672669.1	0	1989	1989
ENST00000672671.1	23467	83491	60024
ENST00000672673.2	173	26904	26731
ENST00000672675.1	440	23475	23035
ENST00000672681.1	2769	115556	112787
ENST00000672684.1	86390	568676	482286
ENST00000672696.1	86400	568810	482410
ENST00000672698.1	129441	181182	51741
ENST00000672699.1	171	21881	21710
ENST00000672709.1	0	25481	25481
ENST00000672715.1	5198	29553	24355
ENST00000672716.1	183	371181	370998
ENST00000672717.1	36696	498201	461505
ENST00000672722.1	57679	144179	86500
ENST00000672724.1	839	151151	150312
ENST00000672725.1	90492	163118	72626
ENST00000672731.1	86390	568587	482197
ENST00000672739.1	152932	163753	10821
ENST00000672742.1	54751	64153	9402
ENST00000672750.1	362	9327	8965
ENST00000672751.2	1331	56468	55137
ENST00000672752.1	1795	69849	68054
ENST00000672756.2	6058	562691	556633
ENST00000672759.1	86389	568652	482263
ENST00000672760.1	33659	109061	75402
ENST00000672761.1	177	27338	27161
ENST00000672764.1	699	3397	2698
ENST00000672766.1	582	2134	1552
ENST00000672774.1	792	117874	117082
ENST00000672779.1	53	337407	337354
ENST00000672785.1	923	69218	68295
ENST00000672787.1	324	4371	4047
ENST00000672793.1	86389	568865	482476
ENST00000672801.1	632	15156	14524
ENST00000672802.1	0	43771	43771
ENST00000672805.1	431	33411	32980
ENST00000672806.1	226	67365	67139
ENST00000672812.1	105	180721	180616
ENST00000672815.1	0	3033	3033
ENST00000672817.1	3561	229549	225988
ENST00000672818.3	67	12634	12567
ENST00000672824.1	578	996	418
ENST00000672825.1	466	35069	34603
ENST00000672829.1	1203	69289	68086
ENST00000672830.1	86400	575136	488736
ENST00000672837.1	53	37744	37691
ENST00000672838.1	304	22473	22169
ENST00000672841.1	349	171505	171156
ENST00000672844.1	8	60983	60975
ENST00000672846.1	101510	103435	1925
ENST00000672850.1	28	60672	60644
ENST00000672854.1	180	337294	337114
ENST00000672857.1	0	95724	95724
ENST00000672858.2	0	56073	56073
ENST00000672859.1	1624	382128	380504
ENST00000672860.3	496	15525	15029
ENST00000672869.2	161	845029	844868
ENST00000672871.1	229	22779	22550
ENST00000672877.1	338	134578	134240
ENST00000672880.1	86389	568955	482566
ENST00000672886.1	0	1955	1955
ENST00000672887.2	820	28374	27554
ENST00000672890.1	0	23058	23058
ENST00000672892.2	33695	109698	76003
ENST00000672896.1	366	81173	80807
ENST00000672902.1	5768	386190	380422
ENST00000672907.1	40	26777	26737
ENST00000672910.1	9164	13637	4473
ENST00000672911.1	8432	32041	23609
ENST00000672915.1	9859	91502	81643
ENST00000672916.2	0	44328	44328
ENST00000672920.1	289	162927	162638
ENST00000672922.2	858	31926	31068
ENST00000672924.1	5173	8977	3804
ENST00000672930.1	86389	574863	488474
ENST00000672934.1	86390	574930	488540
ENST00000672935.1	674	6895	6221
ENST00000672937.2	321	20589	20268
ENST00000672940.1	294	117198	116904
ENST00000672951.1	22	19930	19908
ENST00000672955.1	86441	568802	482361
ENST00000672957.1	1305	118328	117023
ENST00000672962.1	104	6320	6216
ENST00000672965.1	86389	568808	482419
ENST00000672969.1	0	21390	21390
ENST00000672973.1	16693	441174	424481
ENST00000672974.1	21598	38281	16683
ENST00000672976.1	0	845	845
ENST00000672981.2	4084	14697	10613
ENST00000672986.1	86336	568486	482150
ENST00000672987.1	1522	27193	25671
ENST00000672990.1	86389	568990	482601
ENST00000673001.1	40468	99503	59035
ENST00000673016.1	2428	43755	41327
ENST00000673018.1	4533	28142	23609
ENST00000673024.1	88	8937	8849
ENST00000673027.1	110	532650	532540
ENST00000673032.1	314	27475	27161
ENST00000673035.1	997	5579	4582
ENST00000673037.1	0	9593	9593
ENST00000673038.1	820	32325	31505
ENST00000673044.1	86400	568635	482235
ENST00000673046.1	1322	56453	55131
ENST00000673047.2	182	20345	20163
ENST00000673048.1	144	91456	91312
ENST00000673056.1	16433	508150	491717
ENST00000673058.2	171	99553	99382
ENST00000673072.2	2282	40896	38614
ENST00000673094.1	193	11221	11028
ENST00000673097.2	1966	4022	2056
ENST00000673109.1	86389	574906	488517
ENST00000673121.1	145	20307	20162
ENST00000673123.1	8455	32064	23609
ENST00000673126.2	21662	37019	15357
ENST00000673134.1	3527	4657	1130
ENST00000673136.1	819	28544	27725
ENST00000673139.1	505	30670	30165
ENST00000673163.1	106896	193133	86237
ENST00000673173.1	892	34942	34050
ENST00000673178.1	7323	129671	122348
ENST00000673182.1	3	352961	352958
ENST00000673187.1	0	12820	12820
ENST00000673199.1	13415	17219	3804
ENST00000673205.1	68	12605	12537
ENST00000673217.1	132	4101	3969
ENST00000673219.1	16456	23317	6861
ENST00000673220.1	43073	53304	10231
ENST00000673223.1	0	47554	47554
ENST00000673225.1	0	41407	41407
ENST00000673227.1	1143	17478	16335
ENST00000673231.1	437	91763	91326
ENST00000673232.1	0	97432	97432
ENST00000673233.2	0	34963	34963
ENST00000673234.1	76252	105971	29719
ENST00000673240.1	593	270387	269794
ENST00000673243.1	117	7091	6974
ENST00000673246.2	1331	56339	55008
ENST00000673248.1	730	15748	15018
ENST00000673254.1	1303	56308	55005
ENST00000673255.1	86389	562372	475983
ENST00000673273.1	3595	34194	30599
ENST00000673281.1	0	137141	137141
ENST00000673283.1	286	149677	149391
ENST00000673284.1	1953	47098	45145
ENST00000673285.2	3489	26537	23048
ENST00000673291.1	2519	19849	17330
ENST00000673298.1	86389	575209	488820
ENST00000673310.1	322	351899	351577
ENST00000673312.2	366	52037	51671
ENST00000673315.1	857	1946	1089
ENST00000673317.1	40559	103822	63263
ENST00000673324.1	1031	64508	63477
ENST00000673328.1	0	97602	97602
ENST00000673334.1	86389	574780	488391
ENST00000673352.1	39	557985	557946
ENST00000673353.1	372	91845	91473
ENST00000673360.1	13373	18618	5245
ENST00000673363.1	593	276543	275950
ENST00000673374.1	10372	25108	14736
ENST00000673384.1	25649	208392	182743
ENST00000673388.1	0	168986	168986
ENST00000673391.1	840	31806	30966
ENST00000673400.1	71	155736	155665
ENST00000673403.1	163	111294	111131
ENST00000673406.1	0	31445	31445
ENST00000673413.1	36663	57848	21185
ENST00000673416.1	2050	17068	15018
ENST00000673420.1	820	28330	27510
ENST00000673426.1	785	25801	25016
ENST00000673427.1	54	11381	11327
ENST00000673430.1	86389	569047	482658
ENST00000673431.1	23171	406990	383819
ENST00000673436.1	601	150260	149659
ENST00000673439.1	256	185996	185740
ENST00000673443.1	690	8008	7318
ENST00000673445.1	13663	26101	12438
ENST00000673449.1	132	149859	149727
ENST00000673451.1	13209	31830	18621
ENST00000673453.1	86389	568631	482242
ENST00000673455.1	0	17236	17236
ENST00000673459.1	0	9724	9724
ENST00000673460.1	11014	20118	9104
ENST00000673462.1	16936	223150	206214
ENST00000673466.1	5528	344870	339342
ENST00000673467.1	33662	67066	33404
ENST00000673471.2	444	42329	41885
ENST00000673475.1	1090	47468	46378
ENST00000673477.1	120	25977	25857
ENST00000673481.1	999	5605	4606
ENST00000673487.1	15474	17399	1925
ENST00000673498.1	156	11497	11341
ENST00000673510.1	79052	204762	125710
ENST00000673511.1	2558	6424	3866
ENST00000673512.1	0	12691	12691
ENST00000673518.1	260	18386	18126
ENST00000673524.1	7754	39440	31686
ENST00000673531.1	12686	26822	14136
ENST00000673536.1	414073	568443	154370
ENST00000673538.1	296	72332	72036
ENST00000673546.1	86390	568711	482321
ENST00000673551.2	2012	12319	10307
ENST00000673555.1	86389	574955	488566
ENST00000673557.1	333	150028	149695
ENST00000673559.1	0	3903	3903
ENST00000673563.1	2282	4907	2625
ENST00000673573.1	86390	574965	488575
ENST00000673591.1	2220	21671	19451
ENST00000673598.1	840	13830	12990
ENST00000673599.1	111604	116966	5362
ENST00000673600.1	12745	32763	20018
ENST00000673603.2	46111	47843	1732
ENST00000673604.1	0	6850	6850
ENST00000673615.1	213	43164	42951
ENST00000673620.1	33714	70321	36607
ENST00000673621.2	73424	212859	139435
ENST00000673623.2	213	3979	3766
ENST00000673626.1	76480	77632	1152
ENST00000673628.2	0	156536	156536
ENST00000673630.1	79052	204762	125710
ENST00000673631.1	3181	29751	26570
ENST00000673633.1	46632	85246	38614
ENST00000673635.2	19	3619	3600
ENST00000673636.2	295	63513	63218
ENST00000673637.1	7813	27480	19667
ENST00000673639.2	148	18082	17934
ENST00000673641.2	0	156571	156571
ENST00000673642.1	0	25034	25034
ENST00000673643.1	61	20516	20455
ENST00000673644.1	0	78554	78554
ENST00000673645.1	570	44783	44213
ENST00000673646.1	0	2304	2304
ENST00000673647.1	2884	10207	7323
ENST00000673648.1	0	7477	7477
ENST00000673650.1	13407	142437	129030
ENST00000673651.1	2322	28736	26414
ENST00000673655.1	0	3001	3001
ENST00000673657.1	51492	103328	51836
ENST00000673664.1	0	16962	16962
ENST00000673665.1	3100	55820	52720
ENST00000673669.1	18607	24294	5687
ENST00000673673.2	322	59509	59187
ENST00000673675.1	3101	33984	30883
ENST00000673676.1	1926	24960	23034
ENST00000673677.2	19	7497	7478
ENST00000673678.1	14278	14895	617
ENST00000673679.1	7186	109057	101871
ENST00000673682.1	2533	3550	1017
ENST00000673683.1	29362	56970	27608
ENST00000673685.1	70	136474	136404
ENST00000673688.1	54	2962	2908
ENST00000673689.1	11224	55460	44236
ENST00000673691.1	157	66637	66480
ENST00000673692.1	5009	7450	2441
ENST00000673694.1	8008	38094	30086
ENST00000673697.1	0	122	122
ENST00000673698.1	0	56183	56183
ENST00000673699.1	887	4780	3893
ENST00000673701.2	811	3940	3129
ENST00000673702.1	7643	8175	532
ENST00000673703.1	0	37376	37376
ENST00000673704.1	1904	86560	84656
ENST00000673705.1	0	15361	15361
ENST00000673706.1	0	40070	40070
ENST00000673708.1	40239	65583	25344
ENST00000673709.1	3100	20538	17438
ENST00000673711.1	79025	204735	125710
ENST00000673712.1	253	36985	36732
ENST00000673715.1	25	56046	56021
ENST00000673716.1	27	145423	145396
ENST00000673718.1	2516	111967	109451
ENST00000673719.1	0	57028	57028
ENST00000673720.1	3100	55820	52720
ENST00000673722.1	42337	80951	38614
ENST00000673723.4	1155	5199	4044
ENST00000673724.1	395	12083	11688
ENST00000673725.1	526	12981	12455
ENST00000673726.1	391	12592	12201
ENST00000673727.1	8195	46809	38614
ENST00000673730.1	3168	32563	29395
ENST00000673731.1	136	3746	3610
ENST00000673732.1	2490	43417	40927
ENST00000673734.1	25857	41496	15639
ENST00000673735.1	11578	442958	431380
ENST00000673737.2	614	8092	7478
ENST00000673739.2	25749	33124	7375
ENST00000673740.1	172148	202248	30100
ENST00000673742.1	5951	27484	21533
ENST00000673743.1	5214	7366	2152
ENST00000673744.1	3	2526	2523
ENST00000673745.1	0	25379	25379
ENST00000673746.1	0	2509	2509
ENST00000673747.1	21	152135	152114
ENST00000673750.1	4917	7907	2990
ENST00000673754.1	195	24690	24495
ENST00000673757.1	3100	56382	53282
ENST00000673758.1	9853	9935	82
ENST00000673760.1	0	81435	81435
ENST00000673761.1	1650	7826	6176
ENST00000673763.1	906	73160	72254
ENST00000673765.1	2264	12055	9791
ENST00000673768.1	0	27487	27487
ENST00000673771.1	5029	7470	2441
ENST00000673772.1	73	80792	80719
ENST00000673777.1	1394	42912	41518
ENST00000673778.1	0	60951	60951
ENST00000673780.1	3100	55820	52720
ENST00000673781.1	37	76819	76782
ENST00000673783.1	7313	7930	617
ENST00000673784.1	3100	10205	7105
ENST00000673785.1	221993	262548	40555
ENST00000673786.1	232	7152	6920
ENST00000673792.1	75	16614	16539
ENST00000673793.1	2667	8014	5347
ENST00000673796.1	18974	28223	9249
ENST00000673797.1	105	21258	21153
ENST00000673801.1	21629	52166	30537
ENST00000673802.2	0	128987	128987
ENST00000673803.1	11158	99275	88117
ENST00000673806.1	0	29882	29882
ENST00000673807.1	2992	39617	36625
ENST00000673810.1	35	76741	76706
ENST00000673816.1	535	103764	103229
ENST00000673817.1	76479	110797	34318
ENST00000673820.1	110	45539	45429
ENST00000673822.2	10016	119030	109014
ENST00000673824.1	0	53701	53701
ENST00000673826.1	29615	57169	27554
ENST00000673828.2	313	3065	2752
ENST00000673831.1	0	5766	5766
ENST00000673834.1	76480	77717	1237
ENST00000673835.1	802	7297	6495
ENST00000673836.1	1045	29660	28615
ENST00000673839.1	4958	6931	1973
ENST00000673841.1	274	36581	36307
ENST00000673842.1	353	156910	156557
ENST00000673846.1	7016	21531	14515
ENST00000673847.1	856	67614	66758
ENST00000673851.1	4977	7418	2441
ENST00000673852.1	13554	14197	643
ENST00000673855.1	64	16704	16640
ENST00000673858.1	28702	41308	12606
ENST00000673860.1	73562	156741	83179
ENST00000673861.1	0	4417	4417
ENST00000673863.1	14451	40721	26270
ENST00000673864.2	39958	80156	40198
ENST00000673865.1	946	4535	3589
ENST00000673868.1	0	6469	6469
ENST00000673869.1	122	10171	10049
ENST00000673870.1	0	25872	25872
ENST00000673871.1	95367	1096943	1001576
ENST00000673873.1	0	368	368
ENST00000673875.1	36842	94565	57723
ENST00000673876.1	429	221213	220784
ENST00000673879.1	10345	46970	36625
ENST00000673880.1	521	16476	15955
ENST00000673881.1	203	8133	7930
ENST00000673882.2	23803	31178	7375
ENST00000673883.1	0	6007	6007
ENST00000673885.1	3349	36132	32783
ENST00000673886.1	4984	7425	2441
ENST00000673888.1	76431	77583	1152
ENST00000673890.1	5045	7486	2441
ENST00000673891.1	45	28956	28911
ENST00000673892.1	76467	77619	1152
ENST00000673893.1	0	256	256
ENST00000673895.1	29283	44298	15015
ENST00000673896.1	1646	10785	9139
ENST00000673897.1	17	243	226
ENST00000673899.1	59	58682	58623
ENST00000673900.1	8208	46822	38614
ENST00000673902.1	1977	135770	133793
ENST00000673903.1	3716	24976	21260
ENST00000673905.1	0	1853	1853
ENST00000673908.1	3687	175543	171856
ENST00000673910.1	624	3412	2788
ENST00000673911.1	0	15661	15661
ENST00000673912.1	1563	227168	225605
ENST00000673913.2	376	23644	23268
ENST00000673914.2	0	120365	120365
ENST00000673916.1	0	1451	1451
ENST00000673917.1	3	2490	2487
ENST00000673918.2	46	28623	28577
ENST00000673919.1	33460	36435	2975
ENST00000673920.1	241	233667	233426
ENST00000673926.1	0	1546	1546
ENST00000673928.1	4936	7377	2441
ENST00000673929.1	148834	331393	182559
ENST00000673930.1	168	108004	107836
ENST00000673931.1	0	38959	38959
ENST00000673932.3	63	6838	6775
ENST00000673933.1	1128	4817	3689
ENST00000673934.1	13062	22678	9616
ENST00000673935.2	629	11933	11304
ENST00000673936.1	5047	7488	2441
ENST00000673939.1	5026	6351	1325
ENST00000673940.1	571	9734	9163
ENST00000673942.1	1394	42912	41518
ENST00000673943.1	0	165490	165490
ENST00000673944.1	36	186865	186829
ENST00000673945.1	2640	39050	36410
ENST00000673946.1	0	381	381
ENST00000673947.1	9	235	226
ENST00000673948.1	190	59442	59252
ENST00000673951.1	241	233464	233223
ENST00000673952.1	646	38305	37659
ENST00000673953.1	770	2406	1636
ENST00000673956.1	7643	21353	13710
ENST00000673957.2	0	120467	120467
ENST00000673963.1	3	2853	2850
ENST00000673965.1	3748	24998	21250
ENST00000673966.2	1063	5927	4864
ENST00000673968.1	1607	14843	13236
ENST00000673969.1	1944	3638	1694
ENST00000673970.1	3100	55820	52720
ENST00000673971.2	227	33060	32833
ENST00000673972.1	33	259	226
ENST00000673973.1	14023	32953	18930
ENST00000673974.1	4729	45733	41004
ENST00000673977.1	0	26904	26904
ENST00000673978.1	3886	7535	3649
ENST00000673980.1	0	6174	6174
ENST00000673981.1	949	8731	7782
ENST00000673984.1	42050	71023	28973
ENST00000673985.1	1539	46912	45373
ENST00000673987.1	4945	6270	1325
ENST00000673989.1	14798	31831	17033
ENST00000673991.1	7607	35315	27708
ENST00000673992.1	3100	10205	7105
ENST00000673995.1	0	949	949
ENST00000673997.1	6068	59690	53622
ENST00000673999.1	5318	6613	1295
ENST00000674000.1	919	2238	1319
ENST00000674001.1	3101	15915	12814
ENST00000674002.1	25	25450	25425
ENST00000674003.1	147250	236015	88765
ENST00000674005.2	201	25635	25434
ENST00000674008.2	0	92781	92781
ENST00000674009.1	13491	200497	187006
ENST00000674011.1	4915	6240	1325
ENST00000674014.1	16914	107117	90203
ENST00000674015.1	29647	57122	27475
ENST00000674017.1	1831	9613	7782
ENST00000674018.1	4990	7431	2441
ENST00000674019.1	20714	58420	37706
ENST00000674025.1	13260	49885	36625
ENST00000674029.1	3908	4086	178
ENST00000674030.1	42117	103994	61877
ENST00000674031.1	0	32100	32100
ENST00000674034.1	13407	142413	129006
ENST00000674036.8	612	78111	77499
ENST00000674038.1	1042	30544	29502
ENST00000674039.1	29001	29115	114
ENST00000674040.2	0	92781	92781
ENST00000674041.1	4924	7137	2213
ENST00000674042.1	38007	74632	36625
ENST00000674043.1	2450	13627	11177
ENST00000674044.1	446	35302	34856
ENST00000674046.1	81489	206131	124642
ENST00000674049.1	3100	11515	8415
ENST00000674051.1	5	14298	14293
ENST00000674052.1	1135	7662	6527
ENST00000674054.1	2357	36886	34529
ENST00000674056.1	2224	5222	2998
ENST00000674057.1	604	4204	3600
ENST00000674058.1	2450	13441	10991
ENST00000674059.1	45	28956	28911
ENST00000674060.1	0	76490	76490
ENST00000674061.1	0	14445	14445
ENST00000674062.1	3100	11515	8415
ENST00000674063.1	2694	109833	107139
ENST00000674065.1	0	1506	1506
ENST00000674067.2	595	4624	4029
ENST00000674068.1	282164	282252	88
ENST00000674069.1	10931	13222	2291
ENST00000674071.1	2303	2619	316
ENST00000674072.1	77247	115861	38614
ENST00000674073.2	5430	34911	29481
ENST00000674075.1	0	190	190
ENST00000674077.2	15968	17916	1948
ENST00000674079.1	183	127354	127171
ENST00000674080.1	4857	41540	36683
ENST00000674081.1	6109	42862	36753
ENST00000674082.1	6068	59690	53622
ENST00000674083.1	2893	815051	812158
ENST00000674084.1	246	29389	29143
ENST00000674085.2	207	4251	4044
ENST00000674086.1	912	9265	8353
ENST00000674088.1	95	10163	10068
ENST00000674089.4	3101	15517	12416
ENST00000674093.1	5090	7531	2441
ENST00000674094.1	897	9206	8309
ENST00000674096.1	253	2368	2115
ENST00000674097.1	1973	9755	7782
ENST00000674100.1	29	20291	20262
ENST00000674101.1	0	2185	2185
ENST00000674102.1	172278	244582	72304
ENST00000674103.1	0	9424	9424
ENST00000674104.1	7348	32333	24985
ENST00000674106.1	27626	55180	27554
ENST00000674108.1	76511	77688	1177
ENST00000674110.1	0	1623	1623
ENST00000674111.1	53	55749	55696
ENST00000674112.2	743	19766	19023
ENST00000674113.1	20006	32040	12034
ENST00000674114.2	0	1650	1650
ENST00000674115.1	0	26905	26905
ENST00000674116.1	22	76804	76782
ENST00000674117.1	509	473869	473360
ENST00000674118.1	148583	330499	181916
ENST00000674119.1	5016	7457	2441
ENST00000674120.1	168214	168422	208
ENST00000674121.1	375	156844	156469
ENST00000674122.1	91022	116717	25695
ENST00000674123.1	49941	80696	30755
ENST00000674124.2	0	16771	16771
ENST00000674127.2	2935	10745	7810
ENST00000674128.1	752	146041	145289
ENST00000674129.1	1288	110794	109506
ENST00000674131.1	2934	3014	80
ENST00000674133.1	0	27694	27694
ENST00000674134.1	49	20311	20262
ENST00000674135.1	3452	7034	3582
ENST00000674137.11	2091	38636	36545
ENST00000674139.1	4981	7422	2441
ENST00000674141.1	8231	16346	8115
ENST00000674144.1	326	91835	91509
ENST00000674146.1	5026	7467	2441
ENST00000674147.2	2085	82420	80335
ENST00000674149.1	5030	7471	2441
ENST00000674151.1	3141	13083	9942
ENST00000674152.1	0	58431	58431
ENST00000674153.1	3036	36355	33319
ENST00000674155.1	0	93082	93082
ENST00000674156.1	118	8286	8168
ENST00000674158.1	3543	65290	61747
ENST00000674160.1	2692	3899	1207
ENST00000674163.1	4086	20928	16842
ENST00000674164.1	373	14448	14075
ENST00000674165.1	0	27933	27933
ENST00000674166.1	213	22016	21803
ENST00000674167.1	3587	35724	32137
ENST00000674168.1	36607	194998	158391
ENST00000674170.1	34088	73540	39452
ENST00000674171.1	0	41885	41885
ENST00000674172.1	479	8235	7756
ENST00000674173.1	13073	29260	16187
ENST00000674174.1	3543	65507	61964
ENST00000674175.1	1072	31855	30783
ENST00000674177.1	4717	5430	713
ENST00000674178.1	2358	11264	8906
ENST00000674179.1	11137	21575	10438
ENST00000674180.1	898	22235	21337
ENST00000674181.1	29096	33408	4312
ENST00000674182.1	4257	16809	12552
ENST00000674184.1	48	2541	2493
ENST00000674187.1	3820	7997	4177
ENST00000674188.1	225	275715	275490
ENST00000674189.1	31831	45943	14112
ENST00000674191.1	3543	65215	61672
ENST00000674194.1	6470	13445	6975
ENST00000674196.1	5222	21395	16173
ENST00000674197.1	3587	165886	162299
ENST00000674199.1	18910	80914	62004
ENST00000674200.2	18	13034	13016
ENST00000674202.1	2866	11367	8501
ENST00000674203.2	12496	90784	78288
ENST00000674204.1	6104	102034	95930
ENST00000674205.1	3587	73199	69612
ENST00000674207.1	21980	24077	2097
ENST00000674208.1	35987	192938	156951
ENST00000674209.1	36607	195082	158475
ENST00000674210.1	0	2144	2144
ENST00000674211.1	137	12684	12547
ENST00000674213.1	204	128578	128374
ENST00000674214.1	198	43366	43168
ENST00000674220.1	2852	32924	30072
ENST00000674222.1	2849	11350	8501
ENST00000674225.1	2363	32126	29763
ENST00000674228.1	39218	80500	41282
ENST00000674229.1	2384	13496	11112
ENST00000674233.1	213	42370	42157
ENST00000674235.1	2398	9630	7232
ENST00000674237.1	70953	118233	47280
ENST00000674238.1	11044	31897	20853
ENST00000674240.1	124	54967	54843
ENST00000674242.1	370	7165	6795
ENST00000674244.1	0	1539	1539
ENST00000674247.1	341	11340	10999
ENST00000674249.1	19820	20883	1063
ENST00000674250.1	58	103509	103451
ENST00000674251.1	242	7110	6868
ENST00000674252.1	155	21958	21803
ENST00000674256.1	15	7656	7641
ENST00000674260.1	1140	3265	2125
ENST00000674261.1	143	276076	275933
ENST00000674262.1	479	8235	7756
ENST00000674263.1	2167	41570	39403
ENST00000674267.1	1872	22939	21067
ENST00000674268.1	33386	43770	10384
ENST00000674269.1	4117	201324	197207
ENST00000674270.1	3543	75286	71743
ENST00000674272.1	79169	94141	14972
ENST00000674273.1	2621	11122	8501
ENST00000674277.1	1066	63027	61961
ENST00000674278.1	4491	11689	7198
ENST00000674280.1	48732	138262	89530
ENST00000674281.1	70941	118221	47280
ENST00000674284.1	681	35933	35252
ENST00000674285.1	328	86221	85893
ENST00000674286.1	174498	275274	100776
ENST00000674287.1	58	21861	21803
ENST00000674288.1	201	29757	29556
ENST00000674289.1	13053	29240	16187
ENST00000674290.1	3543	75387	71844
ENST00000674294.1	517	26013	25496
ENST00000674295.1	2820	5692	2872
ENST00000674297.1	898	5589	4691
ENST00000674298.1	0	275007	275007
ENST00000674301.2	23084	240272	217188
ENST00000674303.1	171	21974	21803
ENST00000674306.1	263	42298	42035
ENST00000674307.1	36607	195152	158545
ENST00000674308.1	2235	102820	100585
ENST00000674309.1	18540	74452	55912
ENST00000674310.1	4831	71564	66733
ENST00000674311.1	2307	32070	29763
ENST00000674312.1	0	8718	8718
ENST00000674313.1	391	41700	41309
ENST00000674316.1	470	276403	275933
ENST00000674318.1	0	1540	1540
ENST00000674323.1	242	7528	7286
ENST00000674324.2	1387	38086	36699
ENST00000674325.1	249	943	694
ENST00000674326.1	202	16644	16442
ENST00000674327.1	928	21492	20564
ENST00000674330.1	13043	29230	16187
ENST00000674334.2	2805	17218	14413
ENST00000674335.1	6741	11262	4521
ENST00000674339.1	62	1744	1682
ENST00000674343.2	227	5179	4952
ENST00000674344.1	3587	22550	18963
ENST00000674345.1	121	128780	128659
ENST00000674347.1	8547	71946	63399
ENST00000674349.1	3785	24751	20966
ENST00000674351.1	6104	102034	95930
ENST00000674352.1	0	32868	32868
ENST00000674355.1	256	25102	24846
ENST00000674357.1	1127	9223	8096
ENST00000674358.1	1158	4042	2884
ENST00000674359.1	318	20781	20463
ENST00000674360.1	3820	7997	4177
ENST00000674365.1	2215	6389	4174
ENST00000674370.2	3864	12523	8659
ENST00000674371.1	38	6597	6559
ENST00000674373.1	36555	141189	104634
ENST00000674374.1	4641	6157	1516
ENST00000674376.1	1248	5758	4510
ENST00000674377.1	863	21541	20678
ENST00000674380.1	32027	46139	14112
ENST00000674381.2	21	40146	40125
ENST00000674384.1	79150	94085	14935
ENST00000674385.1	0	17706	17706
ENST00000674387.1	56	38186	38130
ENST00000674388.1	2879	49896	47017
ENST00000674391.1	363	182152	181789
ENST00000674393.1	35998	194345	158347
ENST00000674394.1	21267	71526	50259
ENST00000674397.2	375	8366	7991
ENST00000674398.1	1066	72943	71877
ENST00000674399.1	5222	21395	16173
ENST00000674401.1	3587	35724	32137
ENST00000674405.1	116	49940	49824
ENST00000674406.1	3820	7997	4177
ENST00000674407.1	36607	192914	156307
ENST00000674411.1	0	41954	41954
ENST00000674413.1	0	28442	28442
ENST00000674414.1	479	8235	7756
ENST00000674415.1	1147	37342	36195
ENST00000674418.1	2820	5692	2872
ENST00000674419.1	36609	194994	158385
ENST00000674420.1	2319	31966	29647
ENST00000674421.1	904	21870	20966
ENST00000674422.1	0	96713	96713
ENST00000674426.1	213	39151	38938
ENST00000674428.1	912	20714	19802
ENST00000674429.1	105488	204271	98783
ENST00000674432.1	3440	146935	143495
ENST00000674435.1	3299	44205	40906
ENST00000674437.1	833	1149	316
ENST00000674438.1	769	63458	62689
ENST00000674441.1	5490	7006	1516
ENST00000674442.1	36609	190385	153776
ENST00000674443.1	440	45232	44792
ENST00000674444.1	330	19869	19539
ENST00000674447.1	3543	75343	71800
ENST00000674449.1	77932	146487	68555
ENST00000674452.1	0	95424	95424
ENST00000674453.1	5309	42193	36884
ENST00000674456.1	642	104756	104114
ENST00000674457.1	3357	6262	2905
ENST00000674459.1	3587	35724	32137
ENST00000674460.1	15	2095	2080
ENST00000674465.1	904	21870	20966
ENST00000674467.1	32305	73998	41693
ENST00000674472.1	11163	41946	30783
ENST00000674473.1	29918	36187	6269
ENST00000674475.1	889	103375	102486
ENST00000674477.1	13046	29233	16187
ENST00000674480.1	5292	21391	16099
ENST00000674484.1	184	21150	20966
ENST00000674489.1	36609	190710	154101
ENST00000674490.1	0	12	12
ENST00000674491.1	34168	71407	37239
ENST00000674492.1	36555	141189	104634
ENST00000674496.2	83920	186551	102631
ENST00000674497.1	0	21795	21795
ENST00000674498.1	2384	32147	29763
ENST00000674500.2	2052	185018	182966
ENST00000674503.1	26848	26912	64
ENST00000674504.1	27025	41038	14013
ENST00000674505.1	10680	34498	23818
ENST00000674507.1	3914	66650	62736
ENST00000674508.1	2288	2320	32
ENST00000674510.1	1346	92696	91350
ENST00000674512.1	419	33321	32902
ENST00000674516.1	2973	47759	44786
ENST00000674517.1	31238	107542	76304
ENST00000674518.1	2800	23331	20531
ENST00000674520.1	0	14107	14107
ENST00000674521.1	475	1390	915
ENST00000674522.1	0	4807	4807
ENST00000674523.1	4408	19005	14597
ENST00000674527.1	0	6764	6764
ENST00000674528.1	2411	34464	32053
ENST00000674535.1	582	66467	65885
ENST00000674537.2	26508	68195	41687
ENST00000674538.1	14551	75230	60679
ENST00000674539.1	1472	43845	42373
ENST00000674541.1	364	162199	161835
ENST00000674542.1	360	15156	14796
ENST00000674543.1	20066	490148	470082
ENST00000674544.1	2374	41957	39583
ENST00000674546.1	622	38049	37427
ENST00000674547.1	40	1620	1580
ENST00000674548.1	8953	33600	24647
ENST00000674549.1	9617	11313	1696
ENST00000674551.1	3582	30247	26665
ENST00000674552.1	0	94	94
ENST00000674554.1	14516	74982	60466
ENST00000674555.1	20145	36535	16390
ENST00000674556.1	3	10227	10224
ENST00000674557.1	121	44305	44184
ENST00000674558.1	3319	43075	39756
ENST00000674559.1	2437	69236	66799
ENST00000674561.2	8066	19182	11116
ENST00000674563.1	16895	66106	49211
ENST00000674564.1	364	238188	237824
ENST00000674567.1	115	51762	51647
ENST00000674568.2	867	3071	2204
ENST00000674569.1	140	52456	52316
ENST00000674571.1	124	52440	52316
ENST00000674572.1	1132	82242	81110
ENST00000674574.1	0	27394	27394
ENST00000674575.1	171	52481	52310
ENST00000674579.1	28841	85233	56392
ENST00000674581.1	14516	47428	32912
ENST00000674583.1	0	8588	8588
ENST00000674586.1	364	242471	242107
ENST00000674587.1	19872	70674	50802
ENST00000674588.1	14551	75230	60679
ENST00000674589.1	524	19191	18667
ENST00000674590.1	52	44792	44740
ENST00000674595.1	1942	571256	569314
ENST00000674596.1	1136	21713	20577
ENST00000674597.1	0	2260	2260
ENST00000674600.1	2800	15014	12214
ENST00000674601.1	25	8285	8260
ENST00000674602.1	0	2138	2138
ENST00000674605.1	0	766	766
ENST00000674607.1	0	2021	2021
ENST00000674608.1	44336	89119	44783
ENST00000674610.1	2411	34464	32053
ENST00000674612.1	38714	43667	4953
ENST00000674615.1	4224	40259	36035
ENST00000674616.1	44	5028	4984
ENST00000674617.1	5957	12416	6459
ENST00000674619.1	245	36237	35992
ENST00000674620.1	54342	78697	24355
ENST00000674622.1	0	9236	9236
ENST00000674623.1	3319	43075	39756
ENST00000674624.1	279	80257	79978
ENST00000674625.1	4945	37095	32150
ENST00000674626.1	214898	406897	191999
ENST00000674628.2	4273	52970	48697
ENST00000674629.1	31260	42085	10825
ENST00000674630.1	5219	43782	38563
ENST00000674631.1	0	7503	7503
ENST00000674632.1	267	81514	81247
ENST00000674633.1	28	71106	71078
ENST00000674634.2	3	10703	10700
ENST00000674635.1	1165	122519	121354
ENST00000674637.1	1084	571141	570057
ENST00000674638.1	40	1826	1786
ENST00000674641.1	35869	136322	100453
ENST00000674643.1	90	19672	19582
ENST00000674644.1	51868	102768	50900
ENST00000674645.1	4257	40280	36023
ENST00000674646.1	0	1534	1534
ENST00000674648.1	3032	69831	66799
ENST00000674649.1	124	35988	35864
ENST00000674650.1	14	1764	1750
ENST00000674651.1	1130	31413	30283
ENST00000674652.1	16067	31277	15210
ENST00000674654.1	22552	42366	19814
ENST00000674655.1	1784	5487	3703
ENST00000674657.1	157	44341	44184
ENST00000674658.1	15914	33197	17283
ENST00000674659.1	364	162199	161835
ENST00000674660.1	30	29415	29385
ENST00000674662.1	0	12040	12040
ENST00000674664.1	0	210	210
ENST00000674665.1	1637	17426	15789
ENST00000674666.1	0	266	266
ENST00000674667.1	43503	79558	36055
ENST00000674668.1	1353	490528	489175
ENST00000674669.1	36449	77070	40621
ENST00000674670.1	8841	41421	32580
ENST00000674673.1	1147	31430	30283
ENST00000674675.1	0	3043	3043
ENST00000674676.1	0	1534	1534
ENST00000674677.1	2207	79893	77686
ENST00000674679.2	1392	2444	1052
ENST00000674680.1	65944	140239	74295
ENST00000674681.1	1342	4368	3026
ENST00000674684.1	1844	80854	79010
ENST00000674686.1	0	104	104
ENST00000674691.1	454	33377	32923
ENST00000674696.1	1173	88122	86949
ENST00000674697.1	0	40882	40882
ENST00000674699.1	4369	38884	34515
ENST00000674700.1	19862	54256	34394
ENST00000674701.1	26887	45943	19056
ENST00000674702.1	93	111431	111338
ENST00000674703.1	181	5081	4900
ENST00000674707.1	1125	10064	8939
ENST00000674709.1	127780	150551	22771
ENST00000674710.1	62	142613	142551
ENST00000674713.1	3	19185	19182
ENST00000674717.1	73048	88880	15832
ENST00000674720.1	8221	31817	23596
ENST00000674722.1	10402	36971	26569
ENST00000674723.1	20220	21000	780
ENST00000674725.1	10	124658	124648
ENST00000674726.1	226	79867	79641
ENST00000674728.1	23624	86970	63346
ENST00000674730.1	226	79524	79298
ENST00000674731.1	19872	42779	22907
ENST00000674732.1	483	502388	501905
ENST00000674733.1	38838	79388	40550
ENST00000674736.1	127795	175973	48178
ENST00000674737.1	44	9423	9379
ENST00000674738.1	0	114825	114825
ENST00000674742.1	2739	181991	179252
ENST00000674744.1	155	136673	136518
ENST00000674745.1	0	11352	11352
ENST00000674746.1	220	697175	696955
ENST00000674748.1	71779	87781	16002
ENST00000674749.1	1165	122466	121301
ENST00000674752.1	0	40455	40455
ENST00000674754.1	67	9933	9866
ENST00000674756.1	28	9894	9866
ENST00000674757.1	0	16077	16077
ENST00000674758.1	4214	40237	36023
ENST00000674759.1	0	191075	191075
ENST00000674763.1	0	7120	7120
ENST00000674764.1	123100	282898	159798
ENST00000674765.1	566	33475	32909
ENST00000674767.1	28	21941	21913
ENST00000674768.1	8777	32005	23228
ENST00000674769.1	258	79833	79575
ENST00000674770.2	44707	52559	7852
ENST00000674771.1	3023	35576	32553
ENST00000674773.1	201	8131	7930
ENST00000674776.1	0	2897	2897
ENST00000674778.1	171	52487	52316
ENST00000674779.1	106	1226	1120
ENST00000674780.1	1353	300733	299380
ENST00000674782.1	21	6477	6456
ENST00000674783.1	150	53531	53381
ENST00000674784.1	3018	28192	25174
ENST00000674786.1	65923	77556	11633
ENST00000674789.1	210	489364	489154
ENST00000674790.1	17296	18502	1206
ENST00000674791.1	1157	18049	16892
ENST00000674792.1	12427	204426	191999
ENST00000674793.1	7783	8649	866
ENST00000674794.1	0	8415	8415
ENST00000674796.1	12	116258	116246
ENST00000674797.2	13421	105766	92345
ENST00000674799.1	1590	5323	3733
ENST00000674801.1	67292	119557	52265
ENST00000674804.1	0	124	124
ENST00000674806.1	10046	14999	4953
ENST00000674807.1	90	35377	35287
ENST00000674809.1	0	25760	25760
ENST00000674811.1	6863	31432	24569
ENST00000674815.1	5149	40847	35698
ENST00000674817.1	8980	33627	24647
ENST00000674820.1	1044	1606	562
ENST00000674821.1	106	786	680
ENST00000674822.1	0	2489	2489
ENST00000674824.1	18094	42028	23934
ENST00000674826.1	113	351	238
ENST00000674827.1	0	99163	99163
ENST00000674831.1	3703	76589	72886
ENST00000674832.1	234	18840	18606
ENST00000674835.2	842	3046	2204
ENST00000674837.1	1095	35859	34764
ENST00000674839.1	0	124	124
ENST00000674843.1	0	8516	8516
ENST00000674844.1	10897	12593	1696
ENST00000674845.1	277	10074	9797
ENST00000674846.1	0	12031	12031
ENST00000674847.1	237	79973	79736
ENST00000674849.1	2336	19743	17407
ENST00000674850.1	1092	42445	41353
ENST00000674851.1	5084	40782	35698
ENST00000674852.1	0	33926	33926
ENST00000674853.1	1283	486880	485597
ENST00000674857.1	0	2593	2593
ENST00000674858.1	0	150	150
ENST00000674860.1	1555	88527	86972
ENST00000674862.1	3	25998	25995
ENST00000674864.1	220	751248	751028
ENST00000674865.1	943	14811	13868
ENST00000674867.1	364	242258	241894
ENST00000674868.1	201	30484	30283
ENST00000674869.1	20220	21000	780
ENST00000674870.1	724	3773	3049
ENST00000674872.1	48079	114820	66741
ENST00000674874.1	117958	184756	66798
ENST00000674876.1	65279	132077	66798
ENST00000674878.1	0	1322	1322
ENST00000674880.1	121	4461	4340
ENST00000674881.1	12019	27154	15135
ENST00000674884.1	121	136663	136542
ENST00000674887.1	5359	15980	10621
ENST00000674888.1	21168	81634	60466
ENST00000674890.1	26503	66367	39864
ENST00000674892.1	0	13517	13517
ENST00000674895.3	5623	220620	214997
ENST00000674896.1	258	79887	79629
ENST00000674897.1	11033	28273	17240
ENST00000674898.1	172	145178	145006
ENST00000674900.1	14552	41444	26892
ENST00000674902.1	15517	15923	406
ENST00000674903.1	73661	133651	59990
ENST00000674905.1	2120	18047	15927
ENST00000674907.1	0	210	210
ENST00000674908.1	15768	32642	16874
ENST00000674909.1	898	17832	16934
ENST00000674910.1	8888	33535	24647
ENST00000674914.1	8573	55032	46459
ENST00000674915.1	229	21493	21264
ENST00000674916.1	267	81112	80845
ENST00000674917.1	0	34344	34344
ENST00000674920.3	884	3088	2204
ENST00000674923.1	5435	93809	88374
ENST00000674924.1	2411	34464	32053
ENST00000674925.1	0	2517	2517
ENST00000674926.1	66	9932	9866
ENST00000674927.1	778	22700	21922
ENST00000674928.1	1177	6368	5191
ENST00000674929.1	690	3247	2557
ENST00000674930.1	140	41568	41428
ENST00000674931.1	2760	6995	4235
ENST00000674932.1	40604	45528	4924
ENST00000674933.1	25246	136380	111134
ENST00000674934.1	66	1280	1214
ENST00000674935.1	258	79902	79644
ENST00000674936.1	30	27352	27322
ENST00000674937.1	21	20352	20331
ENST00000674938.1	1580	63496	61916
ENST00000674939.1	726	2692	1966
ENST00000674942.1	1140	130287	129147
ENST00000674944.1	59	9925	9866
ENST00000674945.1	1524	126721	125197
ENST00000674946.1	18	150891	150873
ENST00000674947.1	920	31556	30636
ENST00000674948.1	1580	63496	61916
ENST00000674950.1	32781	91341	58560
ENST00000674951.1	81	93197	93116
ENST00000674955.1	20	30792	30772
ENST00000674956.1	140	52456	52316
ENST00000674957.1	7508	21723	14215
ENST00000674960.1	0	6933	6933
ENST00000674961.1	0	114527	114527
ENST00000674963.1	741	33664	32923
ENST00000674964.1	200	421453	421253
ENST00000674965.1	40	1469	1429
ENST00000674967.1	65943	213088	147145
ENST00000674968.1	2411	34464	32053
ENST00000674970.1	2845	9880	7035
ENST00000674971.1	4725	99207	94482
ENST00000674973.1	59	14723	14664
ENST00000674974.1	54731	91327	36596
ENST00000674975.1	0	1725	1725
ENST00000674976.1	65943	132741	66798
ENST00000674977.2	399	35690	35291
ENST00000674980.1	0	150	150
ENST00000674983.1	5145	28171	23026
ENST00000674984.1	0	111530	111530
ENST00000674985.1	24587	41455	16868
ENST00000674989.1	2411	34464	32053
ENST00000674991.1	0	16415	16415
ENST00000674992.1	19792	23079	3287
ENST00000674993.1	31	134959	134928
ENST00000674994.1	0	5377	5377
ENST00000674995.1	14516	75111	60595
ENST00000674996.1	658	35219	34561
ENST00000674997.1	20173	36410	16237
ENST00000674999.1	1353	379544	378191
ENST00000675001.1	19778	23065	3287
ENST00000675004.1	148	4713	4565
ENST00000675007.1	18	9884	9866
ENST00000675008.1	1092	41378	40286
ENST00000675009.1	155	41583	41428
ENST00000675011.1	4257	33493	29236
ENST00000675016.1	4476	13487	9011
ENST00000675017.1	19344	389713	370369
ENST00000675018.1	7312	17961	10649
ENST00000675020.1	18628	87016	68388
ENST00000675022.1	2411	92802	90391
ENST00000675023.1	228	1036	808
ENST00000675026.1	15264	67944	52680
ENST00000675028.1	27	23702	23675
ENST00000675030.1	54731	91327	36596
ENST00000675032.1	293	6309	6016
ENST00000675033.1	19852	70825	50973
ENST00000675035.1	2329	32809	30480
ENST00000675037.1	2375	37600	35225
ENST00000675039.1	127754	195464	67710
ENST00000675040.1	12335	87135	74800
ENST00000675041.1	5359	15926	10567
ENST00000675042.2	796	49336	48540
ENST00000675045.1	419	33369	32950
ENST00000675046.1	0	6201	6201
ENST00000675047.1	4391	40414	36023
ENST00000675048.1	527	32514	31987
ENST00000675050.1	4894	42801	37907
ENST00000675051.1	37	55323	55286
ENST00000675052.1	2010	66693	64683
ENST00000675053.1	8978	33625	24647
ENST00000675054.1	65935	132733	66798
ENST00000675057.1	4892	188615	183723
ENST00000675060.1	59	9935	9876
ENST00000675061.1	90221	120458	30237
ENST00000675063.1	65940	132830	66890
ENST00000675066.1	1403	4788	3385
ENST00000675067.1	356	40885	40529
ENST00000675068.1	0	2258	2258
ENST00000675069.1	674	11107	10433
ENST00000675073.1	159	120479	120320
ENST00000675078.1	8177	67491	59314
ENST00000675079.1	48327	195484	147157
ENST00000675081.1	104922	170351	65429
ENST00000675082.1	0	5682	5682
ENST00000675083.1	0	1167	1167
ENST00000675086.1	8388	54664	46276
ENST00000675087.1	8407	54866	46459
ENST00000675089.1	1502	13960	12458
ENST00000675090.1	102	51583	51481
ENST00000675091.1	27421	606894	579473
ENST00000675092.1	198	38144	37946
ENST00000675093.1	0	3306	3306
ENST00000675095.1	1092	41378	40286
ENST00000675096.1	124	136443	136319
ENST00000675098.1	3	235	232
ENST00000675100.1	245	10146	9901
ENST00000675101.1	266	34956	34690
ENST00000675104.1	43503	79423	35920
ENST00000675105.1	1449	26247	24798
ENST00000675108.1	39632	40517	885
ENST00000675110.1	0	283	283
ENST00000675113.1	8725	33372	24647
ENST00000675116.1	25259	36248	10989
ENST00000675117.1	106	151081	150975
ENST00000675118.1	0	3734	3734
ENST00000675119.1	0	2623	2623
ENST00000675120.1	8837	32126	23289
ENST00000675121.1	670	3719	3049
ENST00000675122.1	220	96466	96246
ENST00000675123.1	296	12606	12310
ENST00000675124.1	0	3004	3004
ENST00000675125.1	93	74478	74385
ENST00000675126.1	0	1860	1860
ENST00000675127.1	0	23192	23192
ENST00000675128.1	15674	18961	3287
ENST00000675129.1	6025	6587	562
ENST00000675130.1	153	1153	1000
ENST00000675131.1	131672	180715	49043
ENST00000675132.1	4961	47050	42089
ENST00000675133.1	419	33315	32896
ENST00000675134.1	40	2088	2048
ENST00000675136.1	65942	77575	11633
ENST00000675138.1	26	44020	43994
ENST00000675141.1	3013	53428	50415
ENST00000675143.1	3951	180951	177000
ENST00000675144.1	26537	33764	7227
ENST00000675146.1	53537	114116	60579
ENST00000675147.1	9184	353414	344230
ENST00000675148.1	2	32035	32033
ENST00000675150.1	1515	350237	348722
ENST00000675151.1	39	1304	1265
ENST00000675152.1	0	210	210
ENST00000675153.1	113	71911	71798
ENST00000675158.1	2648	18244	15596
ENST00000675159.1	65238	132036	66798
ENST00000675160.1	846	44118	43272
ENST00000675161.1	2606	13609	11003
ENST00000675163.1	6017	12476	6459
ENST00000675164.1	24610	87956	63346
ENST00000675165.1	59	15026	14967
ENST00000675168.1	1353	44486	43133
ENST00000675171.1	14571	27923	13352
ENST00000675172.1	1941	5956	4015
ENST00000675173.1	216	58626	58410
ENST00000675174.1	2411	34464	32053
ENST00000675177.1	3	38941	38938
ENST00000675179.1	47	111642	111595
ENST00000675181.1	0	190	190
ENST00000675184.1	520495	524033	3538
ENST00000675185.1	0	21765	21765
ENST00000675187.1	52497	60606	8109
ENST00000675193.1	7402	57256	49854
ENST00000675195.1	1092	43405	42313
ENST00000675196.1	2411	34464	32053
ENST00000675200.1	16832	42337	25505
ENST00000675202.1	44339	89069	44730
ENST00000675203.2	333	275458	275125
ENST00000675204.1	683	18904	18221
ENST00000675206.1	3676	9532	5856
ENST00000675207.1	144	19789	19645
ENST00000675209.1	8522	10218	1696
ENST00000675210.1	258	73118	72860
ENST00000675211.1	0	272	272
ENST00000675213.1	2597	53066	50469
ENST00000675215.1	50100	64187	14087
ENST00000675216.1	228	13591	13363
ENST00000675217.1	21492	65112	43620
ENST00000675218.1	0	241933	241933
ENST00000675220.1	39074	44027	4953
ENST00000675221.1	106	202155	202049
ENST00000675223.1	1453	107974	106521
ENST00000675224.1	3039	51475	48436
ENST00000675226.1	40	1852	1812
ENST00000675227.1	193	74693	74500
ENST00000675229.1	223	42257	42034
ENST00000675230.1	171	99655	99484
ENST00000675231.1	8870	33517	24647
ENST00000675232.1	1380	24600	23220
ENST00000675234.1	31914	64574	32660
ENST00000675235.1	4991	112299	107308
ENST00000675239.1	65943	121501	55558
ENST00000675240.1	584	37939	37355
ENST00000675241.1	1077	2869	1792
ENST00000675243.1	4150	40185	36035
ENST00000675246.1	4257	40110	35853
ENST00000675247.2	3	17309	17306
ENST00000675250.1	0	1285	1285
ENST00000675251.1	1524	52454	50930
ENST00000675253.1	2845	37146	34301
ENST00000675256.1	0	1088	1088
ENST00000675257.1	202	315732	315530
ENST00000675259.1	113	1437	1324
ENST00000675263.1	0	178	178
ENST00000675265.1	8	9874	9866
ENST00000675266.1	0	31894	31894
ENST00000675267.1	106	59972	59866
ENST00000675268.1	0	310	310
ENST00000675275.1	0	6864	6864
ENST00000675277.1	45	378236	378191
ENST00000675278.1	187	39024	38837
ENST00000675280.1	571	3620	3049
ENST00000675281.2	1575	520804	519229
ENST00000675282.1	39	4148	4109
ENST00000675284.1	140	108081	107941
ENST00000675286.1	2221	79132	76911
ENST00000675288.1	2411	30967	28556
ENST00000675291.1	26330	36008	9678
ENST00000675292.1	4304	7353	3049
ENST00000675293.1	65943	132741	66798
ENST00000675297.1	10062	32047	21985
ENST00000675298.1	8960	36674	27714
ENST00000675299.1	0	394	394
ENST00000675300.1	0	5487	5487
ENST00000675303.1	3777	257749	253972
ENST00000675305.1	0	2939	2939
ENST00000675306.2	9937	134649	124712
ENST00000675307.1	2184	188987	186803
ENST00000675309.1	5044	13296	8252
ENST00000675311.1	124	44308	44184
ENST00000675312.1	258	79559	79301
ENST00000675314.1	0	1644	1644
ENST00000675315.1	117893	184691	66798
ENST00000675318.3	39	1347	1308
ENST00000675319.1	0	22818	22818
ENST00000675320.1	32781	91341	58560
ENST00000675321.1	9544	65551	56007
ENST00000675322.1	0	1534	1534
ENST00000675323.1	2700	18432	15732
ENST00000675326.1	1158	88107	86949
ENST00000675329.1	0	17672	17672
ENST00000675330.1	1627	80906	79279
ENST00000675331.1	44118	88848	44730
ENST00000675332.1	1483	350568	349085
ENST00000675335.1	41948	63358	21410
ENST00000675336.1	59	11696	11637
ENST00000675339.1	0	372	372
ENST00000675340.1	65940	132681	66741
ENST00000675341.1	1078	25429	24351
ENST00000675342.1	69205	87872	18667
ENST00000675343.1	48079	93636	45557
ENST00000675344.1	119	30615	30496
ENST00000675345.1	0	5303	5303
ENST00000675347.1	0	406	406
ENST00000675348.1	226	18963	18737
ENST00000675350.1	208	30491	30283
ENST00000675353.1	0	2797	2797
ENST00000675354.1	5489	410740	405251
ENST00000675357.1	0	19931	19931
ENST00000675358.1	0	290	290
ENST00000675359.1	0	5755	5755
ENST00000675360.1	161284	163010	1726
ENST00000675361.1	166	5308	5142
ENST00000675362.1	2411	34464	32053
ENST00000675365.1	28844	85221	56377
ENST00000675366.1	1225	19667	18442
ENST00000675367.1	740	13092	12352
ENST00000675368.1	8496	10192	1696
ENST00000675371.1	2324	32640	30316
ENST00000675372.1	5717	8487	2770
ENST00000675375.1	2374	41956	39582
ENST00000675376.1	20583	25536	4953
ENST00000675377.1	3	107340	107337
ENST00000675378.1	16486	72290	55804
ENST00000675379.1	0	27628	27628
ENST00000675380.1	322	19466	19144
ENST00000675381.1	3707	170616	166909
ENST00000675382.1	31323	489784	458461
ENST00000675384.1	65940	132738	66798
ENST00000675386.2	4283	76154	71871
ENST00000675390.1	1705	46435	44730
ENST00000675391.1	9706	12698	2992
ENST00000675395.1	51	72448	72397
ENST00000675398.1	2554	420425	417871
ENST00000675399.1	90	51633	51543
ENST00000675401.1	54997	91723	36726
ENST00000675406.1	1580	67568	65988
ENST00000675407.1	1164	122465	121301
ENST00000675408.1	171	99511	99340
ENST00000675410.1	14933	38870	23937
ENST00000675411.1	65943	87675	21732
ENST00000675412.1	258	18998	18740
ENST00000675416.1	1353	490653	489300
ENST00000675418.2	4236	102752	98516
ENST00000675419.1	4337	262530	258193
ENST00000675420.1	4229	40252	36023
ENST00000675423.1	172	118854	118682
ENST00000675424.1	0	104	104
ENST00000675425.1	65940	132407	66467
ENST00000675426.1	150	44334	44184
ENST00000675427.1	198	38114	37916
ENST00000675428.1	107	139550	139443
ENST00000675433.1	0	150	150
ENST00000675436.1	47881	86654	38773
ENST00000675438.1	1204	33165	31961
ENST00000675439.1	8920	41170	32250
ENST00000675441.1	330	9049	8719
ENST00000675442.1	1627	76431	74804
ENST00000675443.1	16911	46614	29703
ENST00000675445.1	145	7233	7088
ENST00000675448.1	3017	53530	50513
ENST00000675451.1	15483	18770	3287
ENST00000675452.2	54829	71140	16311
ENST00000675453.1	3720	122405	118685
ENST00000675454.1	2411	34464	32053
ENST00000675455.1	208	510	302
ENST00000675456.1	239	78711	78472
ENST00000675458.1	51663	62583	10920
ENST00000675459.1	568311	1226477	658166
ENST00000675461.1	0	4667	4667
ENST00000675462.1	229	18966	18737
ENST00000675463.1	53	15100	15047
ENST00000675464.1	0	3401	3401
ENST00000675469.1	0	2207	2207
ENST00000675470.1	0	5064	5064
ENST00000675471.1	116776	124933	8157
ENST00000675472.1	53	11643	11590
ENST00000675476.1	171	100534	100363
ENST00000675477.1	2411	34464	32053
ENST00000675478.1	24508	68506	43998
ENST00000675479.1	23627	70449	46822
ENST00000675481.1	0	17699	17699
ENST00000675482.1	11745	12525	780
ENST00000675484.1	0	645	645
ENST00000675487.1	36896	275318	238422
ENST00000675489.1	1201	33254	32053
ENST00000675490.1	953	135556	134603
ENST00000675491.1	3089	6215	3126
ENST00000675492.1	65942	132409	66467
ENST00000675497.1	816	19483	18667
ENST00000675499.1	4391	40426	36035
ENST00000675502.1	261139	337443	76304
ENST00000675504.1	5957	51396	45439
ENST00000675505.1	7671	396162	388491
ENST00000675508.1	2174	19581	17407
ENST00000675510.1	2126	27466	25340
ENST00000675512.1	8725	12017	3292
ENST00000675514.1	364	216052	215688
ENST00000675515.1	599	3625	3026
ENST00000675517.1	3983	5126	1143
ENST00000675518.1	117951	264765	146814
ENST00000675519.1	8042	9925	1883
ENST00000675523.1	25225	136445	111220
ENST00000675526.1	25990	59897	33907
ENST00000675529.1	90	1241	1151
ENST00000675530.1	8954	12750	3796
ENST00000675535.1	29679	66016	36337
ENST00000675536.1	1434	13893	12459
ENST00000675537.1	116152	124309	8157
ENST00000675538.1	40	1888	1848
ENST00000675540.2	17806	50465	32659
ENST00000675543.1	4391	38995	34604
ENST00000675548.1	8381	29743	21362
ENST00000675551.1	1293	31438	30145
ENST00000675552.1	150	52466	52316
ENST00000675553.1	4324	40359	36035
ENST00000675555.1	1054	46830	45776
ENST00000675559.1	2059	25840	23781
ENST00000675560.1	59	9925	9866
ENST00000675561.1	9264	77570	68306
ENST00000675562.1	134	407727	407593
ENST00000675563.1	47	3572	3525
ENST00000675567.1	258	68650	68392
ENST00000675568.1	0	2410	2410
ENST00000675569.1	17514	31288	13774
ENST00000675570.1	7062	7541	479
ENST00000675571.1	2845	13494	10649
ENST00000675572.1	3023	53438	50415
ENST00000675573.1	0	38108	38108
ENST00000675575.1	127	4236	4109
ENST00000675576.1	30	29368	29338
ENST00000675577.1	364	242293	241929
ENST00000675578.1	27802	53970	26168
ENST00000675582.2	882	2998	2116
ENST00000675583.1	0	11966	11966
ENST00000675584.1	2651	19940	17289
ENST00000675585.1	408	36672	36264
ENST00000675586.1	4257	38849	34592
ENST00000675591.1	4246	23657	19411
ENST00000675592.1	3	11177	11174
ENST00000675594.1	166941	219161	52220
ENST00000675595.1	4540	78830	74290
ENST00000675596.1	1415	44380	42965
ENST00000675597.1	688	3245	2557
ENST00000675598.1	499	588651	588152
ENST00000675600.1	0	15904	15904
ENST00000675605.1	809	177962	177153
ENST00000675606.1	25225	35960	10735
ENST00000675609.1	8474	10170	1696
ENST00000675611.1	48079	113720	65641
ENST00000675612.1	73	393722	393649
ENST00000675613.1	3	107291	107288
ENST00000675614.1	24034	70912	46878
ENST00000675615.1	90	38295	38205
ENST00000675621.1	44347	84638	40291
ENST00000675623.1	65943	111500	45557
ENST00000675625.1	67	9933	9866
ENST00000675627.1	65943	71849	5906
ENST00000675629.1	0	2924	2924
ENST00000675630.1	0	1041	1041
ENST00000675631.1	269	63265	62996
ENST00000675633.1	59	13218	13159
ENST00000675634.1	0	1014	1014
ENST00000675636.1	2411	34464	32053
ENST00000675637.2	156	1600	1444
ENST00000675638.1	0	17615	17615
ENST00000675641.1	3023	35576	32553
ENST00000675642.1	750	180289	179539
ENST00000675643.1	741	33664	32923
ENST00000675644.1	609	1394	785
ENST00000675645.1	1252	87600	86348
ENST00000675649.1	5123	48122	42999
ENST00000675650.1	2844	20083	17239
ENST00000675651.1	44	41197	41153
ENST00000675652.1	2411	34464	32053
ENST00000675653.1	568257	1228105	659848
ENST00000675654.1	2658	20065	17407
ENST00000675656.1	0	421252	421252
ENST00000675657.1	2845	39077	36232
ENST00000675660.1	2411	30967	28556
ENST00000675661.1	18	9884	9866
ENST00000675663.1	133	110904	110771
ENST00000675666.1	3134	43193	40059
ENST00000675667.1	8221	34454	26233
ENST00000675668.1	16902	63180	46278
ENST00000675670.1	535	34305	33770
ENST00000675672.1	45401	106532	61131
ENST00000675673.1	65942	132832	66890
ENST00000675675.1	0	1534	1534
ENST00000675677.1	3319	42878	39559
ENST00000675680.1	188	33257	33069
ENST00000675681.1	124	77442	77318
ENST00000675683.1	0	6508	6508
ENST00000675684.1	0	11981	11981
ENST00000675685.1	1140	122441	121301
ENST00000675686.1	73569	78310	4741
ENST00000675687.1	116794	124980	8186
ENST00000675688.1	4396	51803	47407
ENST00000675690.1	58	50409	50351
ENST00000675691.1	421	33216	32795
ENST00000675692.1	4257	40327	36070
ENST00000675693.1	44	41010	40966
ENST00000675694.1	438	13441	13003
ENST00000675695.1	16903	65852	48949
ENST00000675697.1	0	2550	2550
ENST00000675698.1	1225	19577	18352
ENST00000675701.1	439	16910	16471
ENST00000675707.1	372	124736	124364
ENST00000675708.1	14114	64248	50134
ENST00000675709.1	81378	82374	996
ENST00000675710.1	71554	132464	60910
ENST00000675711.1	15747	65275	49528
ENST00000675714.1	148	102783	102635
ENST00000675717.1	229	8888	8659
ENST00000675718.1	0	224455	224455
ENST00000675719.1	1347	92668	91321
ENST00000675720.1	0	3364	3364
ENST00000675721.1	29798	43463	13665
ENST00000675724.1	0	9894	9894
ENST00000675726.1	187	136625	136438
ENST00000675727.1	8740	65965	57225
ENST00000675728.1	112	14932	14820
ENST00000675729.1	7212	25893	18681
ENST00000675730.1	5096	52445	47349
ENST00000675731.1	422	15330	14908
ENST00000675732.1	2641	130462	127821
ENST00000675735.1	88	93228	93140
ENST00000675736.1	16895	46598	29703
ENST00000675738.1	206	79778	79572
ENST00000675739.1	3	10362	10359
ENST00000675741.1	270	8057	7787
ENST00000675744.1	65941	111498	45557
ENST00000675745.1	118105	184903	66798
ENST00000675746.1	0	41308	41308
ENST00000675749.1	220	697203	696983
ENST00000675750.1	29068	40897	11829
ENST00000675751.1	16062	31272	15210
ENST00000675753.2	9437	14222	4785
ENST00000675754.1	33	9622	9589
ENST00000675759.1	3946	8336	4390
ENST00000675764.1	44339	71570	27231
ENST00000675765.1	29102	66282	37180
ENST00000675769.1	26552	72071	45519
ENST00000675771.1	0	7624	7624
ENST00000675772.1	140	189140	189000
ENST00000675773.1	4626	258598	253972
ENST00000675774.1	11483	27720	16237
ENST00000675775.1	1222	46563	45341
ENST00000675777.1	93	168420	168327
ENST00000675778.1	1299	13253	11954
ENST00000675779.1	911	6480	5569
ENST00000675780.1	65943	132684	66741
ENST00000675781.1	8723	12361	3638
ENST00000675782.1	122939	183849	60910
ENST00000675783.1	234	58622	58388
ENST00000675784.1	2259	7026	4767
ENST00000675785.2	675	43360	42685
ENST00000675786.1	49825	62896	13071
ENST00000675787.1	106	3130	3024
ENST00000675789.1	3018	53353	50335
ENST00000675790.1	2653	19742	17089
ENST00000675792.1	0	4233	4233
ENST00000675793.1	34194	62709	28515
ENST00000675794.1	66165	93987	27822
ENST00000675795.1	777	36027	35250
ENST00000675797.1	0	7637	7637
ENST00000675799.1	1034	10633	9599
ENST00000675801.1	276725	353029	76304
ENST00000675802.1	2835	287876	285041
ENST00000675803.1	299	30487	30188
ENST00000675804.1	258	70622	70364
ENST00000675806.2	6014	12473	6459
ENST00000675807.1	1204	29760	28556
ENST00000675808.1	1134	31417	30283
ENST00000675809.1	0	12091	12091
ENST00000675810.1	89	41123	41034
ENST00000675811.1	23614	86960	63346
ENST00000675812.1	0	36	36
ENST00000675813.1	29098	43618	14520
ENST00000675814.1	64956	78659	13703
ENST00000675817.1	8960	33738	24778
ENST00000675818.1	0	514	514
ENST00000675819.1	1141	31424	30283
ENST00000675820.1	9891	15260	5369
ENST00000675821.1	39541	44494	4953
ENST00000675822.1	0	48139	48139
ENST00000675825.1	1578	67608	66030
ENST00000675827.1	3131	18201	15070
ENST00000675828.1	423	12481	12058
ENST00000675831.1	123	136257	136134
ENST00000675832.1	59	9878	9819
ENST00000675833.1	171	100442	100271
ENST00000675835.1	65940	132738	66798
ENST00000675838.1	65944	213089	147145
ENST00000675839.1	77	103723	103646
ENST00000675840.1	1318	3392	2074
ENST00000675842.1	569344	1229192	659848
ENST00000675843.1	4558	151544	146986
ENST00000675844.1	25902	48672	22770
ENST00000675846.1	37577	60966	23389
ENST00000675848.1	2411	30967	28556
ENST00000675850.1	127785	195495	67710
ENST00000675851.1	1225	19456	18231
ENST00000675853.1	417	33388	32971
ENST00000675854.1	1141	10080	8939
ENST00000675855.1	692	22436	21744
ENST00000675857.1	198	38111	37913
ENST00000675858.1	19878	70697	50819
ENST00000675859.1	44	35331	35287
ENST00000675864.1	69232	98350	29118
ENST00000675865.1	126971	203275	76304
ENST00000675866.1	0	1649	1649
ENST00000675868.2	78	11855	11777
ENST00000675869.1	9907	134699	124792
ENST00000675870.1	1104	6068	4964
ENST00000675873.1	0	8588	8588
ENST00000675874.1	2800	22663	19863
ENST00000675875.1	0	5705	5705
ENST00000675876.1	0	7584	7584
ENST00000675879.1	0	30609	30609
ENST00000675880.1	279	27147	26868
ENST00000675881.1	208	22259	22051
ENST00000675883.1	2906	53339	50433
ENST00000675887.1	140	36258	36118
ENST00000675888.1	25337	28386	3049
ENST00000675890.1	4257	39529	35272
ENST00000675892.1	3	108836	108833
ENST00000675893.1	59032	64015	4983
ENST00000675896.1	60710	102392	41682
ENST00000675899.1	48079	114889	66810
ENST00000675901.1	95	22788	22693
ENST00000675902.1	0	1241	1241
ENST00000675903.1	3720	122402	118682
ENST00000675905.1	229	35617	35388
ENST00000675906.1	40	1620	1580
ENST00000675907.1	0	3242	3242
ENST00000675909.1	1832	5565	3733
ENST00000675910.1	54857	91276	36419
ENST00000675912.1	1092	43405	42313
ENST00000675915.1	0	25045	25045
ENST00000675916.1	0	3613	3613
ENST00000675919.1	8725	33372	24647
ENST00000675921.1	0	3260	3260
ENST00000675922.1	32714	91336	58622
ENST00000675926.1	14532	74998	60466
ENST00000675927.1	727	157777	157050
ENST00000675928.1	67	14864	14797
ENST00000675930.1	0	16847	16847
ENST00000675932.1	0	1560	1560
ENST00000675933.1	2411	34464	32053
ENST00000675935.1	50	43221	43171
ENST00000675936.1	733	54348	53615
ENST00000675937.1	231	23192	22961
ENST00000675939.1	15885	42049	26164
ENST00000675940.1	0	210	210
ENST00000675942.1	7534	8756	1222
ENST00000675944.1	1247	15115	13868
ENST00000675945.1	2845	35398	32553
ENST00000675947.1	2760	6995	4235
ENST00000675950.1	1135	31418	30283
ENST00000675951.1	14567	75033	60466
ENST00000675953.1	421	33260	32839
ENST00000675955.1	9875	134780	124905
ENST00000675956.1	2328	19735	17407
ENST00000675958.1	4257	39541	35284
ENST00000675961.1	127737	195447	67710
ENST00000675962.1	363	43281	42918
ENST00000675963.1	19194	25155	5961
ENST00000675971.1	116026	124183	8157
ENST00000675972.1	286	9624	9338
ENST00000675973.1	124	77314	77190
ENST00000675976.1	69	2291	2222
ENST00000675977.1	237	79869	79632
ENST00000675979.1	50119	64264	14145
ENST00000675980.1	0	17714	17714
ENST00000675981.1	2411	34464	32053
ENST00000675983.1	0	124	124
ENST00000675985.1	1494	66702	65208
ENST00000675987.1	8725	28861	20136
ENST00000675991.1	156	52472	52316
ENST00000675992.1	1132	27296	26164
ENST00000675994.1	19	52335	52316
ENST00000675995.1	27254	45745	18491
ENST00000675999.1	59	89290	89231
ENST00000676001.1	665	172308	171643
ENST00000676003.1	3665	76378	72713
ENST00000676004.1	30317	30603	286
ENST00000676005.1	0	25473	25473
ENST00000676009.1	14291	42517	28226
ENST00000676013.1	2241	79046	76805
ENST00000676014.1	2902	53359	50457
ENST00000676015.1	237	18843	18606
ENST00000676016.1	0	11936	11936
ENST00000676017.1	120	5677	5557
ENST00000676019.1	1059	12620	11561
ENST00000676021.1	124	71922	71798
ENST00000676024.1	209	354375	354166
ENST00000676025.1	1092	46353	45261
ENST00000676027.1	2411	30967	28556
ENST00000676028.1	356	83360	83004
ENST00000676029.1	65943	71849	5906
ENST00000676031.1	32491	489897	457406
ENST00000676033.1	48079	53985	5906
ENST00000676037.1	171	99875	99704
ENST00000676038.2	169	1613	1444
ENST00000676039.1	2241	2345	104
ENST00000676040.1	17514	31288	13774
ENST00000676043.1	0	15463	15463
ENST00000676044.1	30624	66022	35398
ENST00000676045.1	100201	103989	3788
ENST00000676049.1	28	260	232
ENST00000676050.1	0	1186	1186
ENST00000676051.1	1132	31382	30250
ENST00000676052.1	3319	43093	39774
ENST00000676053.1	356	83354	82998
ENST00000676054.1	4257	38772	34515
ENST00000676055.1	0	856	856
ENST00000676056.1	28876	51902	23026
ENST00000676058.1	4009	5909	1900
ENST00000676059.2	0	7136	7136
ENST00000676061.1	28667	141609	112942
ENST00000676062.1	364	237443	237079
ENST00000676063.1	8345	31901	23556
ENST00000676064.1	0	124	124
ENST00000676067.1	49	1314	1265
ENST00000676070.1	1353	490653	489300
ENST00000676073.1	0	6664	6664
ENST00000676074.1	4725	99043	94318
ENST00000676075.1	15839	15975	136
ENST00000676076.1	203	9292	9089
ENST00000676077.1	73042	80492	7450
ENST00000676079.1	309	44307	43998
ENST00000676080.1	30	12114	12084
ENST00000676084.1	26740	31230	4490
ENST00000676085.1	364	162199	161835
ENST00000676088.1	84	1235	1151
ENST00000676090.1	15411	17915	2504
ENST00000676091.1	86	45960	45874
ENST00000676092.1	18	21692	21674
ENST00000676094.1	106	2606	2500
ENST00000676096.1	29433	92770	63337
ENST00000676098.1	44332	89062	44730
ENST00000676102.1	55	213525	213470
ENST00000676104.1	647	40370	39723
ENST00000676105.1	0	510	510
ENST00000676107.1	3849	41816	37967
ENST00000676111.1	4136	38728	34592
ENST00000676112.1	66	15101	15035
ENST00000676113.1	11827	136771	124944
ENST00000676114.1	8707	39767	31060
ENST00000676115.1	29074	43594	14520
ENST00000676116.1	1656	57776	56120
ENST00000676118.1	6450	12909	6459
ENST00000676119.1	36663	45757	9094
ENST00000676120.1	16	9882	9866
ENST00000676123.1	22	125356	125334
ENST00000676125.1	7258	40134	32876
ENST00000676126.1	1353	490375	489022
ENST00000676128.1	5102	31097	25995
ENST00000676132.1	1353	490653	489300
ENST00000676133.1	364	138190	137826
ENST00000676139.1	127777	177655	49878
ENST00000676140.1	44	22079	22035
ENST00000676143.1	38460	43413	4953
ENST00000676144.1	11155	13047	1892
ENST00000676146.1	32781	91341	58560
ENST00000676147.1	0	1593	1593
ENST00000676153.1	520884	524422	3538
ENST00000676154.1	0	2569	2569
ENST00000676156.1	3	11338	11335
ENST00000676158.1	65932	89065	23133
ENST00000676159.1	2191	572248	570057
ENST00000676161.1	1125	31268	30143
ENST00000676164.1	33	6878	6845
ENST00000676166.1	2411	34464	32053
ENST00000676167.1	48040	114850	66810
ENST00000676168.1	2329	32645	30316
ENST00000676170.1	3018	53611	50593
ENST00000676171.1	39121	409490	370369
ENST00000676172.1	65943	132741	66798
ENST00000676176.1	3	108635	108632
ENST00000676177.1	49594	91276	41682
ENST00000676178.1	21	17378	17357
ENST00000676179.1	21759	171414	149655
ENST00000676180.1	1836	10499	8663
ENST00000676182.1	0	971	971
ENST00000676183.1	6132	41473	35341
ENST00000676184.1	8377	54829	46452
ENST00000676185.1	8164	79730	71566
ENST00000676187.1	1536	125326	123790
ENST00000676188.1	43962	88692	44730
ENST00000676189.1	1482	2960	1478
ENST00000676191.1	258	78733	78475
ENST00000676192.1	793	26911	26118
ENST00000676193.1	10051	30424	20373
ENST00000676196.1	258	79571	79313
ENST00000676202.1	258	73106	72848
ENST00000676205.1	0	268	268
ENST00000676206.1	0	614	614
ENST00000676207.1	49	139142	139093
ENST00000676208.1	2800	24851	22051
ENST00000676209.1	10069	32054	21985
ENST00000676210.1	79	12300	12221
ENST00000676211.1	16069	31279	15210
ENST00000676212.1	2408	32758	30350
ENST00000676213.1	1140	122646	121506
ENST00000676214.1	101699	120366	18667
ENST00000676218.1	12427	206030	193603
ENST00000676220.1	48079	69811	21732
ENST00000676221.1	1136	31419	30283
ENST00000676222.1	0	4003	4003
ENST00000676223.1	25	353405	353380
ENST00000676224.1	65925	111482	45557
ENST00000676225.1	287	66134	65847
ENST00000676226.1	127003	203307	76304
ENST00000676227.1	100	9487	9387
ENST00000676228.1	90	8275	8185
ENST00000676229.1	2107	40014	37907
ENST00000676231.1	40	2138	2098
ENST00000676232.1	2102	66703	64601
ENST00000676234.1	96084	331221	235137
ENST00000676236.1	74	51721	51647
ENST00000676237.1	1578	67510	65932
ENST00000676243.1	1320	44509	43189
ENST00000676245.1	61	5958	5897
ENST00000676247.1	10062	32047	21985
ENST00000676250.1	18106	18266	160
ENST00000676252.1	13007	79805	66798
ENST00000676255.1	354	1199	845
ENST00000676257.1	43	75179	75136
ENST00000676259.1	44	6809	6765
ENST00000676260.1	4282	5057	775
ENST00000676261.1	1190	33243	32053
ENST00000676264.1	13012	79810	66798
ENST00000676266.1	599	15129	14530
ENST00000676268.1	17843	91739	73896
ENST00000676271.1	21	81155	81134
ENST00000676272.1	2411	34464	32053
ENST00000676276.1	4257	38711	34454
ENST00000676279.1	888	27715	26827
ENST00000676280.1	1408	18924	17516
ENST00000676282.1	229	26397	26168
ENST00000676287.1	0	3302	3302
ENST00000676288.1	2269	56654	54385
ENST00000676291.1	258	58649	58391
ENST00000676292.1	29449	92875	63426
ENST00000676293.1	8725	33372	24647
ENST00000676296.1	3	38298	38295
ENST00000676297.1	29479	42632	13153
ENST00000676299.1	17663	38096	20433
ENST00000676302.1	558	362205	361647
ENST00000676306.1	6247	17363	11116
ENST00000676307.1	1388	32448	31060
ENST00000676308.1	4391	38983	34592
ENST00000676310.1	26	78484	78458
ENST00000676312.1	1383	31571	30188
ENST00000676314.1	0	25039	25039
ENST00000676315.1	1514	350427	348913
ENST00000676316.1	4183	5338	1155
ENST00000676317.1	31	134856	134825
ENST00000676318.1	2845	35398	32553
ENST00000676319.1	604	2628	2024
ENST00000676320.1	4652	156927	152275
ENST00000676322.1	0	178	178
ENST00000676323.1	60	18671	18611
ENST00000676324.2	49492	518708	469216
ENST00000676325.1	478	316112	315634
ENST00000676327.1	1225	19676	18451
ENST00000676328.1	194	38110	37916
ENST00000676329.1	1141	31525	30384
ENST00000676334.1	0	118	118
ENST00000676335.1	53615	114525	60910
ENST00000676336.1	3018	39175	36157
ENST00000676337.1	10857	96328	85471
ENST00000676339.1	932	27116	26184
ENST00000676340.1	5962	12421	6459
ENST00000676343.1	364	237974	237610
ENST00000676346.2	870	3074	2204
ENST00000676347.1	0	52239	52239
ENST00000676348.1	118050	184848	66798
ENST00000676349.1	3018	10077	7059
ENST00000676351.1	16078	26683	10605
ENST00000676352.1	0	3605	3605
ENST00000676353.1	73048	88880	15832
ENST00000676355.1	1634	12803	11169
ENST00000676358.1	666	1864	1198
ENST00000676359.1	228	14400	14172
ENST00000676361.1	16445	39729	23284
ENST00000676365.1	0	2773	2773
ENST00000676366.1	0	16766	16766
ENST00000676369.1	8954	12750	3796
ENST00000676370.1	1353	490653	489300
ENST00000676371.1	28	26421	26393
ENST00000676372.1	967	10899	9932
ENST00000676374.1	13047	79845	66798
ENST00000676375.1	0	22544	22544
ENST00000676377.1	39322	44275	4953
ENST00000676378.1	2411	34464	32053
ENST00000676379.1	2467	110044	107577
ENST00000676381.1	223	127174	126951
ENST00000676385.2	21579	47654	26075
ENST00000676387.2	1425	520636	519211
ENST00000676388.1	32714	91336	58622
ENST00000676391.2	189	19527	19338
ENST00000676392.2	2567	20024	17457
ENST00000676395.1	4073	40108	36035
ENST00000676397.1	839	3508	2669
ENST00000676402.1	3147	14297	11150
ENST00000676403.1	79	39215	39136
ENST00000676404.1	19877	43198	23321
ENST00000676408.1	118048	184858	66810
ENST00000676410.1	270	5362	5092
ENST00000676411.1	4270	31097	26827
ENST00000676413.1	40941	81378	40437
ENST00000676414.1	116739	127006	10267
ENST00000676415.1	18	14263	14245
ENST00000676416.1	1578	63536	61958
ENST00000676418.1	243	24345	24102
ENST00000676420.1	62572	64975	2403
ENST00000676421.1	84	51636	51552
ENST00000676423.1	118223	185021	66798
ENST00000676425.1	69232	85742	16510
ENST00000676426.1	8910	22295	13385
ENST00000676427.1	13059	13839	780
ENST00000676428.1	1504	88453	86949
ENST00000676431.1	4223	40246	36023
ENST00000676433.1	294124	297662	3538
ENST00000676434.1	2800	24851	22051
ENST00000676435.1	140	53094	52954
ENST00000676436.1	187	38094	37907
ENST00000676437.1	0	1326	1326
ENST00000676440.1	2411	34464	32053
ENST00000676441.1	53	71584	71531
ENST00000676442.1	171	136567	136396
ENST00000676443.1	67	14989	14922
ENST00000676445.1	501	64620	64119
ENST00000676446.1	899	38900	38001
ENST00000676448.1	43305	74707	31402
ENST00000676449.1	1511	88460	86949
ENST00000676453.1	0	4188	4188
ENST00000676454.1	2361	19547	17186
ENST00000676455.1	32	26563	26531
ENST00000676457.1	167	36035	35868
ENST00000676458.1	117363	184161	66798
ENST00000676459.1	6024	12483	6459
ENST00000676460.1	2013	31592	29579
ENST00000676461.1	5824	7467	1643
ENST00000676462.1	104	19934	19830
ENST00000676464.1	37829	93623	55794
ENST00000676465.1	8231	15982	7751
ENST00000676467.1	11141	13123	1982
ENST00000676468.1	43	2598	2555
ENST00000676469.1	31	8838	8807
ENST00000676470.1	3584	21513	17929
ENST00000676471.1	37	134612	134575
ENST00000676472.1	0	1081	1081
ENST00000676473.1	8216	22025	13809
ENST00000676474.1	0	719	719
ENST00000676478.1	61	7116	7055
ENST00000676479.1	55224	81938	26714
ENST00000676480.1	1143	5635	4492
ENST00000676482.1	0	918	918
ENST00000676483.1	23	22908	22885
ENST00000676487.1	2903	38180	35277
ENST00000676488.1	76	7556	7480
ENST00000676490.1	0	1913	1913
ENST00000676491.1	1545	68965	67420
ENST00000676493.1	2768	2886	118
ENST00000676496.1	1934	5842	3908
ENST00000676497.1	2562	11633	9071
ENST00000676498.1	2028	38482	36454
ENST00000676501.1	899	6240	5341
ENST00000676502.1	1058	11283	10225
ENST00000676505.1	16101	19135	3034
ENST00000676507.1	0	3827	3827
ENST00000676508.1	21775	55203	33428
ENST00000676509.1	35	115200	115165
ENST00000676510.1	13302	24941	11639
ENST00000676511.1	964	60262	59298
ENST00000676512.1	1917	77035	75118
ENST00000676513.1	13568	142500	128932
ENST00000676515.1	1167	2899	1732
ENST00000676516.1	1212	17034	15822
ENST00000676517.1	755	1456	701
ENST00000676518.1	605	26663	26058
ENST00000676520.1	17504	114720	97216
ENST00000676521.1	0	480	480
ENST00000676524.1	2578	11649	9071
ENST00000676525.1	0	24429	24429
ENST00000676526.1	355	2966	2611
ENST00000676531.1	1869	6361	4492
ENST00000676532.1	1681	164119	162438
ENST00000676533.1	1036	10562	9526
ENST00000676536.1	9200	12138	2938
ENST00000676537.1	0	431	431
ENST00000676538.1	4102	35353	31251
ENST00000676539.1	0	679	679
ENST00000676540.1	2181	124723	122542
ENST00000676541.1	419	26022	25603
ENST00000676542.1	329	30494	30165
ENST00000676543.1	4946	16768	11822
ENST00000676545.1	50487	54547	4060
ENST00000676546.1	135	19992	19857
ENST00000676547.1	3398	31840	28442
ENST00000676548.1	3114	9720	6606
ENST00000676549.1	418	8721	8303
ENST00000676550.1	70	65156	65086
ENST00000676553.1	1134	59397	58263
ENST00000676554.1	35	4134	4099
ENST00000676555.1	5043	24216	19173
ENST00000676558.1	0	588	588
ENST00000676559.1	152	40389	40237
ENST00000676561.1	0	640	640
ENST00000676562.1	4592	7509	2917
ENST00000676563.1	44159	44463	304
ENST00000676564.1	615	43319	42704
ENST00000676567.1	9830	48644	38814
ENST00000676568.1	0	63033	63033
ENST00000676570.1	87787	230376	142589
ENST00000676571.1	106	16229	16123
ENST00000676572.1	0	188	188
ENST00000676573.1	31	134178	134147
ENST00000676574.1	8686	83256	74570
ENST00000676577.1	1174	3535	2361
ENST00000676578.1	22260	23433	1173
ENST00000676581.1	2486	6883	4397
ENST00000676582.1	1489	58452	56963
ENST00000676583.1	99	8194	8095
ENST00000676584.1	3584	21611	18027
ENST00000676585.1	911	24529	23618
ENST00000676587.1	0	11443	11443
ENST00000676589.1	118	23688	23570
ENST00000676590.1	0	214	214
ENST00000676591.1	12554	18947	6393
ENST00000676593.1	0	1278	1278
ENST00000676594.1	1497	12534	11037
ENST00000676595.2	35851	387086	351235
ENST00000676596.1	5175	23935	18760
ENST00000676597.1	0	4644	4644
ENST00000676599.1	39250	45585	6335
ENST00000676600.1	4988	18167	13179
ENST00000676601.1	2855	9098	6243
ENST00000676603.1	1298	3751	2453
ENST00000676605.1	37	134984	134947
ENST00000676606.1	0	711	711
ENST00000676608.1	22779	23121	342
ENST00000676609.1	22853	23195	342
ENST00000676610.1	2262	66340	64078
ENST00000676612.1	41473	44222	2749
ENST00000676613.1	254	5593	5339
ENST00000676614.1	4702	13235	8533
ENST00000676615.2	106	16196	16090
ENST00000676617.1	150	80969	80819
ENST00000676618.1	8302	14695	6393
ENST00000676620.1	1917	76939	75022
ENST00000676621.1	246	40751	40505
ENST00000676624.1	54478	82068	27590
ENST00000676628.1	2037	38318	36281
ENST00000676629.1	76	7696	7620
ENST00000676630.1	1563	31679	30116
ENST00000676631.1	971	24553	23582
ENST00000676633.1	46260	80569	34309
ENST00000676635.1	65	32997	32932
ENST00000676636.1	10030	36753	26723
ENST00000676637.1	4770	34999	30229
ENST00000676639.1	13302	24941	11639
ENST00000676640.1	1313	22353	21040
ENST00000676642.1	33214	40367	7153
ENST00000676643.1	150	108885	108735
ENST00000676644.1	14691	15176	485
ENST00000676645.1	615	119785	119170
ENST00000676647.1	14662	65000	50338
ENST00000676648.1	15763	46200	30437
ENST00000676652.1	0	11252	11252
ENST00000676657.1	203	3305	3102
ENST00000676658.1	35	115138	115103
ENST00000676659.1	1194	37585	36391
ENST00000676661.1	0	104	104
ENST00000676662.1	2250	17891	15641
ENST00000676663.1	61	39219	39158
ENST00000676664.1	0	11865	11865
ENST00000676665.1	0	476	476
ENST00000676666.1	3584	21513	17929
ENST00000676667.1	1134	59397	58263
ENST00000676669.1	150	97118	96968
ENST00000676670.1	87	17887	17800
ENST00000676672.1	49124	283005	233881
ENST00000676673.1	0	2607	2607
ENST00000676674.1	21026	114636	93610
ENST00000676675.1	79	9570	9491
ENST00000676676.1	0	3811	3811
ENST00000676677.1	43	65930	65887
ENST00000676678.1	21156	28171	7015
ENST00000676679.1	37	9862	9825
ENST00000676680.1	3417	11291	7874
ENST00000676681.1	76	7556	7480
ENST00000676682.1	13392	108663	95271
ENST00000676686.1	393	5682	5289
ENST00000676687.1	8845	39390	30545
ENST00000676688.1	553	29092	28539
ENST00000676690.1	232	11460	11228
ENST00000676691.1	2604	11938	9334
ENST00000676692.1	8903	27673	18770
ENST00000676694.1	641	43345	42704
ENST00000676695.1	0	28670	28670
ENST00000676696.1	17254	24374	7120
ENST00000676698.1	135	48284	48149
ENST00000676699.1	23071	60090	37019
ENST00000676701.1	70	13622	13552
ENST00000676702.1	0	188	188
ENST00000676704.1	0	1015	1015
ENST00000676705.1	13060	27188	14128
ENST00000676706.1	33369	47331	13962
ENST00000676707.1	0	1375	1375
ENST00000676710.1	298	3890	3592
ENST00000676712.2	1072	16774	15702
ENST00000676713.1	9	4089	4080
ENST00000676714.1	30	38632	38602
ENST00000676715.1	0	3928	3928
ENST00000676716.1	594	11455	10861
ENST00000676721.1	56	2571	2515
ENST00000676724.1	1112	2787	1675
ENST00000676729.1	1013	19850	18837
ENST00000676730.1	4702	13235	8533
ENST00000676731.1	464	39927	39463
ENST00000676732.1	2203	46451	44248
ENST00000676733.1	10288	10550	262
ENST00000676734.1	0	406	406
ENST00000676735.1	0	1193	1193
ENST00000676736.1	51	7582	7531
ENST00000676740.1	177	118392	118215
ENST00000676742.1	411	3952	3541
ENST00000676746.1	2578	11684	9106
ENST00000676747.1	11304	28311	17007
ENST00000676748.1	51959	83004	31045
ENST00000676749.1	8446	17517	9071
ENST00000676751.1	485	11581	11096
ENST00000676753.1	10	20718	20708
ENST00000676754.1	87485	245006	157521
ENST00000676755.1	1120	10454	9334
ENST00000676756.1	19610	55338	35728
ENST00000676757.1	32290	82628	50338
ENST00000676760.1	2029	38483	36454
ENST00000676761.1	790	2889	2099
ENST00000676763.1	10966	14920	3954
ENST00000676764.1	6362	11994	5632
ENST00000676765.1	298	81117	80819
ENST00000676766.1	1978	657547	655569
ENST00000676767.1	88936	217214	128278
ENST00000676768.1	1349	82549	81200
ENST00000676769.1	1900	5766	3866
ENST00000676771.1	1134	59353	58219
ENST00000676773.1	82	32428	32346
ENST00000676775.1	53113	79118	26005
ENST00000676777.1	69	79023	78954
ENST00000676779.1	8266	23541	15275
ENST00000676780.1	15222	16647	1425
ENST00000676781.1	165	79852	79687
ENST00000676782.1	262	87991	87729
ENST00000676783.1	51432	56371	4939
ENST00000676785.1	1668	9690	8022
ENST00000676787.1	641	15320	14679
ENST00000676789.1	938	58915	57977
ENST00000676790.1	1298	3659	2361
ENST00000676791.2	2750	30660	27910
ENST00000676792.1	33647	61651	28004
ENST00000676793.1	1011	18512	17501
ENST00000676794.1	3111	3668	557
ENST00000676795.1	14	6957	6943
ENST00000676796.1	13649	70052	56403
ENST00000676797.1	8251	17569	9318
ENST00000676799.1	64369	65275	906
ENST00000676801.1	919	10634	9715
ENST00000676803.1	7442	21384	13942
ENST00000676804.1	0	42153	42153
ENST00000676808.1	15707	23353	7646
ENST00000676809.1	3777	44190	40413
ENST00000676810.1	1041	84005	82964
ENST00000676811.1	236	575124	574888
ENST00000676812.1	24	115103	115079
ENST00000676813.1	14667	19059	4392
ENST00000676814.1	127189	191375	64186
ENST00000676816.1	8980	124607	115627
ENST00000676818.1	181	112250	112069
ENST00000676823.1	834	7657	6823
ENST00000676824.1	594	11577	10983
ENST00000676825.1	2604	11938	9334
ENST00000676826.2	552	61213	60661
ENST00000676827.1	14682	33536	18854
ENST00000676828.1	59	45841	45782
ENST00000676829.1	106	12417	12311
ENST00000676830.1	638	105317	104679
ENST00000676832.1	16101	19754	3653
ENST00000676834.1	8234	84806	76572
ENST00000676835.1	4484	7665	3181
ENST00000676837.1	27	4016	3989
ENST00000676838.1	650	43354	42704
ENST00000676839.1	3584	21513	17929
ENST00000676840.1	11336	21116	9780
ENST00000676842.1	0	425	425
ENST00000676843.1	785	10119	9334
ENST00000676844.1	8581	10027	1446
ENST00000676845.1	0	3530	3530
ENST00000676846.1	161	65425	65264
ENST00000676847.1	37	134856	134819
ENST00000676848.1	427	71973	71546
ENST00000676849.1	2432	104005	101573
ENST00000676850.1	0	22253	22253
ENST00000676851.1	0	462	462
ENST00000676853.1	0	1177	1177
ENST00000676854.1	0	1795	1795
ENST00000676857.1	1497	12428	10931
ENST00000676858.1	9798	90156	80358
ENST00000676859.1	887	7697	6810
ENST00000676861.1	0	25013	25013
ENST00000676862.1	726	5931	5205
ENST00000676866.1	7100	71750	64650
ENST00000676867.1	50487	58866	8379
ENST00000676869.1	1735	38019	36284
ENST00000676870.1	15301	46390	31089
ENST00000676874.1	59	7613	7554
ENST00000676876.1	24	16094	16070
ENST00000676877.1	0	561	561
ENST00000676878.1	0	406	406
ENST00000676879.1	0	413	413
ENST00000676880.1	360	24297	23937
ENST00000676881.1	1482	5974	4492
ENST00000676882.1	21	134748	134727
ENST00000676884.1	11724	26726	15002
ENST00000676885.1	15580	77030	61450
ENST00000676886.1	0	1366	1366
ENST00000676887.1	13053	52921	39868
ENST00000676888.1	11458	21238	9780
ENST00000676889.1	1134	59042	57908
ENST00000676891.1	121081	354962	233881
ENST00000676892.1	1905	48662	46757
ENST00000676895.1	21358	36356	14998
ENST00000676896.1	59	37099	37040
ENST00000676897.1	638	120184	119546
ENST00000676898.1	0	1690	1690
ENST00000676899.1	0	4215	4215
ENST00000676900.1	0	1283	1283
ENST00000676903.1	20833	29904	9071
ENST00000676904.1	52	4262	4210
ENST00000676905.1	605	106662	106057
ENST00000676906.1	94	9765	9671
ENST00000676907.1	11347	15530	4183
ENST00000676910.1	222	50522	50300
ENST00000676912.1	8144	51276	43132
ENST00000676913.1	980	11339	10359
ENST00000676914.1	8234	84806	76572
ENST00000676915.1	1275	7598	6323
ENST00000676916.1	3301	41234	37933
ENST00000676918.1	5482	7125	1643
ENST00000676920.1	11	55594	55583
ENST00000676921.1	15565	53836	38271
ENST00000676922.1	16069	19910	3841
ENST00000676924.1	2259	5973	3714
ENST00000676925.1	0	104	104
ENST00000676926.1	2066	3296	1230
ENST00000676927.1	0	563	563
ENST00000676929.1	3763	68998	65235
ENST00000676930.1	3740	51069	47329
ENST00000676933.1	463	13875	13412
ENST00000676934.1	0	1114	1114
ENST00000676935.1	4553	51684	47131
ENST00000676936.1	150	25369	25219
ENST00000676937.1	3705	41124	37419
ENST00000676938.1	641	120032	119391
ENST00000676939.1	13441	142373	128932
ENST00000676941.1	5581	27210	21629
ENST00000676942.1	1489	58452	56963
ENST00000676943.1	2623	15274	12651
ENST00000676945.1	11347	48669	37322
ENST00000676946.1	1892	6384	4492
ENST00000676948.1	37174	42550	5376
ENST00000676951.1	0	1198	1198
ENST00000676952.1	2604	11938	9334
ENST00000676953.1	294	37982	37688
ENST00000676954.1	8231	84420	76189
ENST00000676955.1	1787	11884	10097
ENST00000676958.1	24930	65899	40969
ENST00000676959.1	30	57235	57205
ENST00000676963.1	0	1113	1113
ENST00000676964.1	1240	31903	30663
ENST00000676965.1	3243	12174	8931
ENST00000676966.1	594	11577	10983
ENST00000676967.1	148	2421	2273
ENST00000676968.1	0	37032	37032
ENST00000676970.1	594	11589	10995
ENST00000676972.1	19	13198	13179
ENST00000676973.1	1840	35291	33451
ENST00000676974.1	3584	21611	18027
ENST00000676975.1	3638	4524	886
ENST00000676977.1	44	3127	3083
ENST00000676978.1	14711	33565	18854
ENST00000676979.1	15605	65342	49737
ENST00000676982.1	1107	2839	1732
ENST00000676983.1	0	4793	4793
ENST00000676984.1	2623	15076	12453
ENST00000676985.1	0	1353	1353
ENST00000676986.1	802	15653	14851
ENST00000676988.1	701	11059	10358
ENST00000676989.1	3435	10533	7098
ENST00000676992.1	4812	24540	19728
ENST00000676993.1	13268	142188	128920
ENST00000676994.1	3848	10088	6240
ENST00000676997.1	1441	59439	57998
ENST00000676998.1	35	7184	7149
ENST00000676999.1	1134	59263	58129
ENST00000677000.1	177	97993	97816
ENST00000677001.1	22256	35947	13691
ENST00000677002.1	900	35925	35025
ENST00000677003.1	14007	20365	6358
ENST00000677004.1	150	109310	109160
ENST00000677005.1	504	6521	6017
ENST00000677006.1	992	16756	15764
ENST00000677007.1	30	52049	52019
ENST00000677009.1	37	134206	134169
ENST00000677010.1	43	6559	6516
ENST00000677011.1	1075	17027	15952
ENST00000677012.1	0	1744	1744
ENST00000677013.1	47131	61805	14674
ENST00000677014.1	6988	8310	1322
ENST00000677016.1	0	2304	2304
ENST00000677017.1	0	2910	2910
ENST00000677018.1	524	24736	24212
ENST00000677019.1	1961	5827	3866
ENST00000677021.1	64	11299	11235
ENST00000677022.1	2336	4595	2259
ENST00000677024.1	301	965	664
ENST00000677025.1	3	6209	6206
ENST00000677026.1	0	29037	29037
ENST00000677028.1	3158	7029	3871
ENST00000677029.1	6020	21887	15867
ENST00000677030.1	3384	37214	33830
ENST00000677034.1	0	91715	91715
ENST00000677035.1	633	53000	52367
ENST00000677037.1	6488	11104	4616
ENST00000677040.1	145	41289	41144
ENST00000677041.1	446	51161	50715
ENST00000677042.1	105215	191406	86191
ENST00000677043.1	76	7556	7480
ENST00000677044.1	104	20215	20111
ENST00000677045.1	72	4433	4361
ENST00000677046.1	0	39397	39397
ENST00000677047.1	2094	11285	9191
ENST00000677051.1	605	52988	52383
ENST00000677053.1	9	9085	9076
ENST00000677055.1	168944	427648	258704
ENST00000677056.1	92889	96526	3637
ENST00000677059.1	329	30494	30165
ENST00000677060.1	2822	20363	17541
ENST00000677061.1	0	104	104
ENST00000677063.1	72	4433	4361
ENST00000677064.1	2284	23355	21071
ENST00000677066.1	2284	21842	19558
ENST00000677068.1	21158	388289	367131
ENST00000677069.1	4083	29538	25455
ENST00000677070.1	0	45690	45690
ENST00000677072.1	0	104	104
ENST00000677073.1	25932	35772	9840
ENST00000677077.1	4183	371314	367131
ENST00000677079.1	2071	124536	122465
ENST00000677080.1	528	34739	34211
ENST00000677081.1	4962	16854	11892
ENST00000677082.1	804	10138	9334
ENST00000677084.1	485	39643	39158
ENST00000677085.1	2653	5590	2937
ENST00000677086.1	1102	12139	11037
ENST00000677087.1	190	22876	22686
ENST00000677090.1	124	11119	10995
ENST00000677091.1	19450	48327	28877
ENST00000677096.1	106875	121944	15069
ENST00000677098.1	0	1565	1565
ENST00000677099.1	1207	4489	3282
ENST00000677100.1	0	1446	1446
ENST00000677101.1	71150	79308	8158
ENST00000677104.1	638	107158	106520
ENST00000677105.1	14667	33550	18883
ENST00000677106.1	296	11939	11643
ENST00000677107.1	2791	5050	2259
ENST00000677109.1	104	19925	19821
ENST00000677111.1	3107	14730	11623
ENST00000677112.1	0	5034	5034
ENST00000677114.1	44553	65162	20609
ENST00000677115.1	133	10164	10031
ENST00000677116.1	15602	53873	38271
ENST00000677118.1	615	52998	52383
ENST00000677119.1	108	10101	9993
ENST00000677120.1	79	93429	93350
ENST00000677121.1	16	7415	7399
ENST00000677123.1	483	15363	14880
ENST00000677125.1	1057	18986	17929
ENST00000677128.1	54884	146341	91457
ENST00000677130.1	551	367682	367131
ENST00000677131.1	0	39473	39473
ENST00000677132.1	0	1134	1134
ENST00000677133.1	615	119715	119100
ENST00000677137.1	150	80969	80819
ENST00000677138.1	4962	16162	11200
ENST00000677140.1	2250	21417	19167
ENST00000677141.1	2203	46704	44501
ENST00000677142.1	198	26254	26056
ENST00000677144.1	28326	82011	53685
ENST00000677145.1	0	188	188
ENST00000677146.1	0	541	541
ENST00000677147.1	995	16222	15227
ENST00000677148.1	87787	308212	220425
ENST00000677149.1	2556	15207	12651
ENST00000677150.1	1134	59397	58263
ENST00000677151.1	90	1066	976
ENST00000677152.1	900	35940	35040
ENST00000677153.1	30661	61706	31045
ENST00000677155.1	47905	68514	20609
ENST00000677156.1	0	26090	26090
ENST00000677158.1	9837	115967	106130
ENST00000677161.1	3680	20341	16661
ENST00000677162.1	690	18717	18027
ENST00000677163.1	0	16237	16237
ENST00000677164.1	175	195795	195620
ENST00000677165.1	150	76173	76023
ENST00000677167.1	903	6114	5211
ENST00000677169.1	31270	177514	146244
ENST00000677170.1	21511	28764	7253
ENST00000677171.1	3584	21611	18027
ENST00000677172.1	1013	4485	3472
ENST00000677174.1	5433	52564	47131
ENST00000677176.1	8229	51739	43510
ENST00000677177.2	0	4923	4923
ENST00000677180.1	181	118488	118307
ENST00000677182.1	55569	93243	37674
ENST00000677188.1	0	1009	1009
ENST00000677191.1	0	585	585
ENST00000677194.1	1489	58452	56963
ENST00000677198.1	35	23874	23839
ENST00000677200.1	2203	46514	44311
ENST00000677201.1	2625	20652	18027
ENST00000677202.1	852	10567	9715
ENST00000677203.1	766	50123	49357
ENST00000677204.1	1160	2892	1732
ENST00000677206.1	16072	19288	3216
ENST00000677207.1	364	14702	14338
ENST00000677208.1	15721	44401	28680
ENST00000677209.1	2995	3173	178
ENST00000677210.1	145	4753	4608
ENST00000677211.1	0	3503	3503
ENST00000677213.1	2376	195097	192721
ENST00000677216.1	4541	22013	17472
ENST00000677219.1	0	8581	8581
ENST00000677220.1	0	6012	6012
ENST00000677224.1	0	1330	1330
ENST00000677225.1	46	19855	19809
ENST00000677226.1	10	56952	56942
ENST00000677227.1	153219	191691	38472
ENST00000677228.1	638	83809	83171
ENST00000677230.1	181	116699	116518
ENST00000677231.1	4962	17795	12833
ENST00000677234.1	3245	23405	20160
ENST00000677236.1	294	3886	3592
ENST00000677239.1	1134	59397	58263
ENST00000677240.1	13418	142341	128923
ENST00000677243.1	104	19931	19827
ENST00000677245.1	7013	13368	6355
ENST00000677246.1	63	15194	15131
ENST00000677247.1	13418	142254	128836
ENST00000677248.1	2203	46451	44248
ENST00000677249.1	117	4567	4450
ENST00000677250.1	29970	62321	32351
ENST00000677251.1	4702	13235	8533
ENST00000677253.1	16067	19902	3835
ENST00000677256.1	9891	14354	4463
ENST00000677257.1	1744	19372	17628
ENST00000677259.1	181	116613	116432
ENST00000677260.1	97	65224	65127
ENST00000677262.1	1485	5977	4492
ENST00000677263.1	633	38346	37713
ENST00000677264.1	1212	9745	8533
ENST00000677265.1	3584	21513	17929
ENST00000677266.1	4723	51854	47131
ENST00000677269.1	0	457	457
ENST00000677271.1	10146	36404	26258
ENST00000677272.1	10	48059	48049
ENST00000677273.1	108	6235	6127
ENST00000677274.1	24609	35447	10838
ENST00000677277.1	100	9410	9310
ENST00000677278.1	790	2851	2061
ENST00000677279.1	0	1327	1327
ENST00000677280.1	391	139289	138898
ENST00000677282.1	4869	24639	19770
ENST00000677283.1	7497	11280	3783
ENST00000677284.1	14650	14838	188
ENST00000677286.1	2390	42370	39980
ENST00000677287.1	0	11823	11823
ENST00000677288.1	3384	192019	188635
ENST00000677289.1	24619	48955	24336
ENST00000677291.1	0	646	646
ENST00000677292.1	111932	146241	34309
ENST00000677293.1	7441	12901	5460
ENST00000677294.1	3730	68793	65063
ENST00000677295.2	1209	1453	244
ENST00000677297.1	192	23169	22977
ENST00000677301.1	199	23817	23618
ENST00000677302.1	402	41565	41163
ENST00000677303.1	0	3435	3435
ENST00000677304.1	109618	160456	50838
ENST00000677305.1	27571	35539	7968
ENST00000677307.1	0	1144	1144
ENST00000677308.1	8598	35321	26723
ENST00000677309.1	19363	36451	17088
ENST00000677310.1	1182	37591	36409
ENST00000677311.1	1355	46035	44680
ENST00000677312.1	0	8581	8581
ENST00000677313.1	0	2238	2238
ENST00000677314.1	0	1913	1913
ENST00000677315.1	3	355	352
ENST00000677316.1	364	18259	17895
ENST00000677319.1	3967	4157	190
ENST00000677320.1	21052	21296	244
ENST00000677321.1	2853	11805	8952
ENST00000677323.1	14348	33202	18854
ENST00000677325.1	2747	22631	19884
ENST00000677328.1	19288	50568	31280
ENST00000677332.1	0	462	462
ENST00000677333.1	3584	21611	18027
ENST00000677335.1	3130	24333	21203
ENST00000677337.1	76	7693	7617
ENST00000677338.1	0	174	174
ENST00000677339.1	21320	30391	9071
ENST00000677340.1	5901	115108	109207
ENST00000677342.1	60	7144	7084
ENST00000677347.1	605	119831	119226
ENST00000677348.1	649	26707	26058
ENST00000677353.1	14	9580	9566
ENST00000677355.1	65	26468	26403
ENST00000677356.1	155	9160	9005
ENST00000677357.1	106	23622	23516
ENST00000677359.1	150	96610	96460
ENST00000677360.1	607	119851	119244
ENST00000677361.1	8107	14500	6393
ENST00000677362.1	0	69759	69759
ENST00000677363.1	6795	34827	28032
ENST00000677364.1	28458	105206	76748
ENST00000677366.1	2297	11631	9334
ENST00000677368.1	17362	37971	20609
ENST00000677369.1	14650	14838	188
ENST00000677370.1	32	93316	93284
ENST00000677371.1	0	5911	5911
ENST00000677372.1	0	657	657
ENST00000677373.1	0	2162	2162
ENST00000677375.1	145	4616	4471
ENST00000677377.1	27	10066	10039
ENST00000677378.1	35	9747	9712
ENST00000677379.1	4102	17871	13769
ENST00000677380.1	1506	17147	15641
ENST00000677381.1	14667	23901	9234
ENST00000677382.1	38458	94252	55794
ENST00000677384.1	34716	35374	658
ENST00000677385.1	145	2772	2627
ENST00000677386.1	10225	20115	9890
ENST00000677388.1	221	3637	3416
ENST00000677389.1	208	24756	24548
ENST00000677390.1	0	1425	1425
ENST00000677391.1	1212	9745	8533
ENST00000677393.1	1520	4149	2629
ENST00000677394.1	1027	9627	8600
ENST00000677395.1	57326	68630	11304
ENST00000677396.1	2562	11633	9071
ENST00000677397.1	21	5490	5469
ENST00000677400.1	0	3646	3646
ENST00000677403.1	2630	13378	10748
ENST00000677404.1	641	115303	114662
ENST00000677406.1	0	49290	49290
ENST00000677407.1	1426	76763	75337
ENST00000677408.1	14737	14925	188
ENST00000677409.1	680	41824	41144
ENST00000677412.1	0	7309	7309
ENST00000677413.1	11625	114989	103364
ENST00000677414.1	11340	26342	15002
ENST00000677415.1	1884	11218	9334
ENST00000677417.1	1134	59397	58263
ENST00000677418.1	2101	11435	9334
ENST00000677420.1	1213	21203	19990
ENST00000677421.1	2327	37479	35152
ENST00000677422.1	21181	56549	35368
ENST00000677423.1	0	174	174
ENST00000677424.1	1528	2343	815
ENST00000677425.1	2284	23490	21206
ENST00000677426.1	0	1966	1966
ENST00000677428.1	554	42707	42153
ENST00000677429.1	30352	35464	5112
ENST00000677430.1	9865	96916	87051
ENST00000677432.1	605	119961	119356
ENST00000677433.1	14665	25908	11243
ENST00000677434.1	26387	123514	97127
ENST00000677435.1	0	7139	7139
ENST00000677436.1	153	3707	3554
ENST00000677437.1	66	26319	26253
ENST00000677438.1	99077	99381	304
ENST00000677439.1	13418	142302	128884
ENST00000677440.1	2099	64957	62858
ENST00000677441.1	3611	46557	42946
ENST00000677442.1	2327	37355	35028
ENST00000677443.1	11083	45297	34214
ENST00000677446.1	35824	46662	10838
ENST00000677447.1	3506	19090	15584
ENST00000677449.1	0	3557	3557
ENST00000677450.1	294	92114	91820
ENST00000677451.1	27	12356	12329
ENST00000677452.1	87	9955	9868
ENST00000677453.1	116	13357	13241
ENST00000677454.1	3982	13221	9239
ENST00000677456.1	8231	51741	43510
ENST00000677457.1	4962	17872	12910
ENST00000677459.1	20917	24023	3106
ENST00000677460.1	4821	20157	15336
ENST00000677461.1	0	75587	75587
ENST00000677463.1	0	1232	1232
ENST00000677466.1	0	499	499
ENST00000677468.1	2101	11762	9661
ENST00000677469.1	1075	2921	1846
ENST00000677473.1	31	87166	87135
ENST00000677476.1	1134	24805	23671
ENST00000677478.1	1506	20412	18906
ENST00000677479.1	3359	37186	33827
ENST00000677480.1	3860	5372	1512
ENST00000677481.1	28777	33594	4817
ENST00000677482.1	2654	24614	21960
ENST00000677483.1	6404	29553	23149
ENST00000677484.1	104	19979	19875
ENST00000677486.1	8420	14055	5635
ENST00000677488.1	0	189	189
ENST00000677489.1	0	188	188
ENST00000677490.1	14846	53569	38723
ENST00000677491.1	0	72498	72498
ENST00000677493.1	14693	28943	14250
ENST00000677496.1	524	19878	19354
ENST00000677498.1	54	5108	5054
ENST00000677499.1	3781	45606	41825
ENST00000677503.1	50468	59541	9073
ENST00000677504.1	0	2133	2133
ENST00000677505.1	457	136099	135642
ENST00000677509.1	2203	46654	44451
ENST00000677511.1	0	213	213
ENST00000677514.1	22906	26293	3387
ENST00000677516.1	30	49821	49791
ENST00000677517.1	524	19878	19354
ENST00000677518.1	0	279	279
ENST00000677520.1	0	2623	2623
ENST00000677522.1	0	66492	66492
ENST00000677523.1	10	2754	2744
ENST00000677525.1	227	693	466
ENST00000677526.1	1906	5638	3732
ENST00000677527.1	20062	21674	1612
ENST00000677528.1	3375	188264	184889
ENST00000677531.1	624	8655	8031
ENST00000677532.1	10	61819	61809
ENST00000677533.1	1594	19674	18080
ENST00000677534.1	357	24530	24173
ENST00000677535.1	3967	4157	190
ENST00000677536.1	214	5375	5161
ENST00000677537.1	196	27607	27411
ENST00000677539.1	0	188	188
ENST00000677540.1	29	9269	9240
ENST00000677541.1	9156	12177	3021
ENST00000677542.1	301	965	664
ENST00000677544.1	2131	11465	9334
ENST00000677545.1	8138	8280	142
ENST00000677546.1	4893	10683	5790
ENST00000677547.1	4962	13975	9013
ENST00000677550.1	5014	17924	12910
ENST00000677552.1	55	12384	12329
ENST00000677553.1	20062	21727	1665
ENST00000677554.1	41	61635	61594
ENST00000677555.1	1138	21128	19990
ENST00000677556.1	1134	27121	25987
ENST00000677557.1	0	1718	1718
ENST00000677558.1	2057	2271	214
ENST00000677559.1	18	55626	55608
ENST00000677560.1	63529	119739	56210
ENST00000677562.1	1029	15403	14374
ENST00000677566.1	690	18717	18027
ENST00000677567.1	280	65663	65383
ENST00000677569.1	38644	123412	84768
ENST00000677570.1	20453	21154	701
ENST00000677571.1	2662	11876	9214
ENST00000677572.1	136	35954	35818
ENST00000677573.1	4820	47100	42280
ENST00000677574.1	2853	11924	9071
ENST00000677575.1	349	1496	1147
ENST00000677579.1	4962	17934	12972
ENST00000677580.1	9	6505	6496
ENST00000677581.1	716	10153	9437
ENST00000677582.1	150	109024	108874
ENST00000677583.1	3584	21513	17929
ENST00000677584.1	16069	19910	3841
ENST00000677587.1	472	6503	6031
ENST00000677588.1	13474	82458	68984
ENST00000677591.1	26294	95554	69260
ENST00000677592.1	31	134838	134807
ENST00000677594.1	302	331307	331005
ENST00000677595.1	1029	49814	48785
ENST00000677596.1	11281	13263	1982
ENST00000677597.1	0	1432	1432
ENST00000677599.1	11347	49689	38342
ENST00000677601.1	19826	36409	16583
ENST00000677603.1	900	35860	34960
ENST00000677604.1	605	26663	26058
ENST00000677605.1	3384	267030	263646
ENST00000677606.1	3584	21611	18027
ENST00000677608.1	0	1200	1200
ENST00000677609.1	844	16808	15964
ENST00000677610.1	4553	51681	47128
ENST00000677612.1	6984	17822	10838
ENST00000677613.1	4962	16916	11954
ENST00000677614.1	94	67923	67829
ENST00000677616.1	6492	50493	44001
ENST00000677618.1	13418	142046	128628
ENST00000677619.1	9891	134229	124338
ENST00000677620.1	3584	21611	18027
ENST00000677622.1	8643	61168	52525
ENST00000677623.1	15407	38786	23379
ENST00000677624.1	585	8472	7887
ENST00000677625.1	87	17833	17746
ENST00000677626.1	3206	21963	18757
ENST00000677627.1	0	2390	2390
ENST00000677631.1	18948	28019	9071
ENST00000677632.1	3751	51410	47659
ENST00000677633.1	13584	23679	10095
ENST00000677634.1	7505	64853	57348
ENST00000677636.1	0	1820	1820
ENST00000677637.1	8229	51739	43510
ENST00000677638.1	1411	2020	609
ENST00000677640.1	35	6382	6347
ENST00000677641.1	3781	51452	47671
ENST00000677642.1	0	1013	1013
ENST00000677645.1	0	1087	1087
ENST00000677647.1	3463	37399	33936
ENST00000677648.1	4083	29550	25467
ENST00000677650.1	2604	11938	9334
ENST00000677651.1	4144	7487	3343
ENST00000677653.1	99	8194	8095
ENST00000677654.1	668	6427	5759
ENST00000677655.1	13418	140118	126700
ENST00000677656.1	2370	11441	9071
ENST00000677658.1	0	3311	3311
ENST00000677660.1	3237	23397	20160
ENST00000677661.1	18961	44481	25520
ENST00000677662.1	0	2723	2723
ENST00000677663.1	0	220	220
ENST00000677664.1	32	90737	90705
ENST00000677665.1	555	2023	1468
ENST00000677666.1	0	104	104
ENST00000677667.1	2203	46419	44216
ENST00000677671.1	2604	11938	9334
ENST00000677673.1	0	14886	14886
ENST00000677674.1	672	48888	48216
ENST00000677680.1	13145	34517	21372
ENST00000677681.1	20451	21152	701
ENST00000677683.1	0	54415	54415
ENST00000677684.1	6012	13286	7274
ENST00000677685.1	33312	62085	28773
ENST00000677687.1	0	14845	14845
ENST00000677688.1	6657	17378	10721
ENST00000677689.1	665	16760	16095
ENST00000677690.1	8250	21232	12982
ENST00000677691.1	432	3652	3220
ENST00000677693.1	20369	21686	1317
ENST00000677694.1	925	12601	11676
ENST00000677698.1	0	30626	30626
ENST00000677699.1	20459	387420	366961
ENST00000677700.1	25588	31622	6034
ENST00000677701.1	1365	11080	9715
ENST00000677702.1	39	2149	2110
ENST00000677704.1	165	104071	103906
ENST00000677706.1	0	515	515
ENST00000677710.1	35	56941	56906
ENST00000677711.2	35	9750	9715
ENST00000677713.2	6896	597425	590529
ENST00000677715.1	140	20130	19990
ENST00000677716.1	20275	73124	52849
ENST00000677719.1	0	2284	2284
ENST00000677720.1	246	46281	46035
ENST00000677721.1	50435	54188	3753
ENST00000677723.1	2327	37379	35052
ENST00000677724.1	177	97993	97816
ENST00000677726.1	3749	9067	5318
ENST00000677727.1	14007	20365	6358
ENST00000677728.1	0	657	657
ENST00000677729.1	1299	7266	5967
ENST00000677730.1	805	16091	15286
ENST00000677735.1	626	1298	672
ENST00000677739.1	0	8149	8149
ENST00000677744.1	168482	193653	25171
ENST00000677747.1	391	136046	135655
ENST00000677751.1	673	4463	3790
ENST00000677752.1	3297	46510	43213
ENST00000677754.1	2611	15208	12597
ENST00000677756.1	73	100613	100540
ENST00000677758.1	214	4600	4386
ENST00000677759.1	0	2864	2864
ENST00000677760.1	1336	11051	9715
ENST00000677761.1	1352	5844	4492
ENST00000677762.1	1161	2893	1732
ENST00000677764.1	42996	68792	25796
ENST00000677765.1	2250	20794	18544
ENST00000677767.1	35	9275	9240
ENST00000677768.1	8041	23316	15275
ENST00000677770.1	3	151	148
ENST00000677771.1	4550	34776	30226
ENST00000677772.1	2498	10431	7933
ENST00000677774.1	825	126292	125467
ENST00000677776.1	0	5294	5294
ENST00000677777.1	112	65376	65264
ENST00000677778.1	0	4487	4487
ENST00000677780.1	2318	10299	7981
ENST00000677781.1	0	15148	15148
ENST00000677787.1	2250	21289	19039
ENST00000677789.1	243	23998	23755
ENST00000677792.1	2643	13143	10500
ENST00000677793.1	155	84101	83946
ENST00000677794.1	3768	7079	3311
ENST00000677796.1	8977	11726	2749
ENST00000677797.1	0	1057	1057
ENST00000677798.1	0	4726	4726
ENST00000677799.1	12961	19354	6393
ENST00000677800.1	17350	23539	6189
ENST00000677801.1	8599	74861	66262
ENST00000677802.1	18961	44481	25520
ENST00000677803.1	1134	51716	50582
ENST00000677808.1	53636	64868	11232
ENST00000677810.1	1075	24791	23716
ENST00000677812.1	99067	99371	304
ENST00000677813.1	1134	59397	58263
ENST00000677814.1	1134	59397	58263
ENST00000677816.1	94	26433	26339
ENST00000677817.1	7969	37342	29373
ENST00000677818.1	0	556	556
ENST00000677819.1	1908	11242	9334
ENST00000677820.1	10030	36753	26723
ENST00000677821.1	1518	6010	4492
ENST00000677822.1	56	29001	28945
ENST00000677824.1	270	149199	148929
ENST00000677825.1	2376	195094	192718
ENST00000677827.1	1495	9908	8413
ENST00000677828.1	11599	16698	5099
ENST00000677829.1	615	119789	119174
ENST00000677830.1	127	12157	12030
ENST00000677831.1	3731	45455	41724
ENST00000677832.1	0	104	104
ENST00000677835.1	22560	78354	55794
ENST00000677836.1	0	26478	26478
ENST00000677837.1	21	4382	4361
ENST00000677838.1	0	7662	7662
ENST00000677839.1	2586	11657	9071
ENST00000677840.1	0	3556	3556
ENST00000677841.1	15284	51558	36274
ENST00000677842.1	0	1198	1198
ENST00000677843.1	391	139221	138830
ENST00000677844.1	2358	6923	4565
ENST00000677845.1	9827	54899	45072
ENST00000677846.1	4962	18203	13241
ENST00000677847.1	0	249	249
ENST00000677848.1	1174	1460	286
ENST00000677849.1	99067	99371	304
ENST00000677850.1	876	57965	57089
ENST00000677851.1	158	8463	8305
ENST00000677853.1	3224	9676	6452
ENST00000677854.1	0	1195	1195
ENST00000677855.1	0	66444	66444
ENST00000677857.1	605	72081	71476
ENST00000677858.1	0	2680	2680
ENST00000677859.1	12061	19295	7234
ENST00000677863.1	76	7607	7531
ENST00000677864.1	1947	5813	3866
ENST00000677865.1	4803	9531	4728
ENST00000677868.1	393	5655	5262
ENST00000677869.1	605	26663	26058
ENST00000677871.1	0	68859	68859
ENST00000677872.1	0	1194	1194
ENST00000677873.1	2604	11938	9334
ENST00000677874.1	17326	23275	5949
ENST00000677875.1	0	24171	24171
ENST00000677876.1	3584	21513	17929
ENST00000677877.1	11360	11808	448
ENST00000677878.1	0	79169	79169
ENST00000677879.1	7013	17671	10658
ENST00000677880.1	14998	25861	10863
ENST00000677881.1	59	34291	34232
ENST00000677885.1	0	31520	31520
ENST00000677886.1	0	29257	29257
ENST00000677887.1	594	12102	11508
ENST00000677889.1	3584	16931	13347
ENST00000677890.1	21	35672	35651
ENST00000677891.1	391	139292	138901
ENST00000677893.1	971	24583	23612
ENST00000677894.1	0	4740	4740
ENST00000677895.1	146	5076	4930
ENST00000677896.1	472	6452	5980
ENST00000677899.1	560	2678	2118
ENST00000677900.1	112	9603	9491
ENST00000677901.1	2203	46081	43878
ENST00000677903.1	0	174	174
ENST00000677906.1	2853	11924	9071
ENST00000677907.1	2723	22521	19798
ENST00000677908.1	150	75860	75710
ENST00000677910.1	8544	33715	25171
ENST00000677911.1	156	14740	14584
ENST00000677912.1	139	23500	23361
ENST00000677913.1	463	13970	13507
ENST00000677914.1	87273	307873	220600
ENST00000677915.1	585	14853	14268
ENST00000677917.1	0	1529	1529
ENST00000677919.1	2456	11430	8974
ENST00000677920.1	2250	5372	3122
ENST00000677921.1	23376	23620	244
ENST00000677922.1	1250	37779	36529
ENST00000677923.1	14348	28941	14593
ENST00000677924.1	0	10813	10813
ENST00000677926.1	11	5440	5429
ENST00000677928.1	1134	59397	58263
ENST00000677931.1	78	12867	12789
ENST00000677932.1	33	177434	177401
ENST00000677933.1	1134	59397	58263
ENST00000677934.1	166	23042	22876
ENST00000677936.1	1140	24051	22911
ENST00000677942.1	638	103709	103071
ENST00000677944.1	0	3325	3325
ENST00000677945.1	0	1626	1626
ENST00000677946.1	644	66401	65757
ENST00000677947.1	13418	13608	190
ENST00000677948.1	21	4382	4361
ENST00000677949.1	26	45175	45149
ENST00000677950.1	9	4089	4080
ENST00000677951.1	1427	16005	14578
ENST00000677952.1	2788	20329	17541
ENST00000677954.1	0	6171	6171
ENST00000677955.1	1438	2047	609
ENST00000677958.1	4175	10872	6697
ENST00000677960.1	2203	46419	44216
ENST00000677964.1	0	9153	9153
ENST00000677967.1	1656	11699	10043
ENST00000677968.1	489	39936	39447
ENST00000677969.1	16	37487	37471
ENST00000677970.1	220	13567	13347
ENST00000677971.1	6203	15532	9329
ENST00000677973.1	0	13296	13296
ENST00000677974.1	20	16118	16098
ENST00000677976.1	323	11932	11609
ENST00000677978.1	7632	92400	84768
ENST00000677979.1	60470	68531	8061
ENST00000677980.1	5509	7314	1805
ENST00000677981.1	665	20276	19611
ENST00000677984.1	154	40514	40360
ENST00000677988.1	20369	21686	1317
ENST00000677989.1	947	4419	3472
ENST00000677992.1	2362	9981	7619
ENST00000677993.1	2432	103990	101558
ENST00000677995.1	36327	39951	3624
ENST00000677997.1	1263	29031	27768
ENST00000677998.1	31	21155	21124
ENST00000677999.1	1240	37604	36364
ENST00000678002.1	0	1223	1223
ENST00000678003.1	12902	16885	3983
ENST00000678004.1	33231	47106	13875
ENST00000678005.2	995	9773	8778
ENST00000678007.1	0	605	605
ENST00000678008.1	870	1547	677
ENST00000678009.1	1174	2906	1732
ENST00000678010.1	1139	3818	2679
ENST00000678012.1	28	3091	3063
ENST00000678013.1	222	79868	79646
ENST00000678014.1	0	388	388
ENST00000678015.1	2528	22518	19990
ENST00000678016.1	538	830	292
ENST00000678017.1	31325	133757	102432
ENST00000678018.1	12875	17104	4229
ENST00000678019.1	87787	308328	220541
ENST00000678021.1	11296	15100	3804
ENST00000678022.1	633	43337	42704
ENST00000678023.1	95	67924	67829
ENST00000678025.1	224	2245	2021
ENST00000678029.1	6804	10308	3504
ENST00000678030.1	115	1403	1288
ENST00000678031.1	10255	23715	13460
ENST00000678035.1	2853	8687	5834
ENST00000678036.1	13418	138200	124782
ENST00000678037.1	3156	48461	45305
ENST00000678038.1	112	9603	9491
ENST00000678039.1	5782	7425	1643
ENST00000678040.1	0	924	924
ENST00000678042.1	2501	87422	84921
ENST00000678043.1	2327	37361	35034
ENST00000678044.1	2336	37391	35055
ENST00000678046.1	361	52491	52130
ENST00000678047.1	224	13081	12857
ENST00000678048.1	2327	37299	34972
ENST00000678049.1	2215	11812	9597
ENST00000678051.1	2284	19024	16740
ENST00000678053.1	16101	19754	3653
ENST00000678055.1	0	612	612
ENST00000678056.1	391	139224	138833
ENST00000678057.1	18602	23358	4756
ENST00000678058.1	13049	19051	6002
ENST00000678059.1	2752	16012	13260
ENST00000678060.1	15735	65472	49737
ENST00000678061.1	489	39936	39447
ENST00000678062.1	3584	21611	18027
ENST00000678063.1	35	14197	14162
ENST00000678064.1	11752	13198	1446
ENST00000678066.1	236	12854	12618
ENST00000678067.1	1311	9707	8396
ENST00000678070.1	14727	33581	18854
ENST00000678073.1	4869	46269	41400
ENST00000678075.1	2853	8687	5834
ENST00000678076.1	131	5074	4943
ENST00000678077.1	926	4256	3330
ENST00000678078.1	458	3069	2611
ENST00000678079.1	0	2980	2980
ENST00000678081.1	1134	59263	58129
ENST00000678083.1	5071	19118	14047
ENST00000678087.1	2432	103880	101448
ENST00000678088.1	19700	55419	35719
ENST00000678089.1	13763	32452	18689
ENST00000678090.1	4702	20804	16102
ENST00000678092.1	2604	11938	9334
ENST00000678094.1	4304	94396	90092
ENST00000678095.1	21448	25036	3588
ENST00000678096.1	135	19933	19798
ENST00000678098.1	981	2713	1732
ENST00000678099.1	2528	2718	190
ENST00000678100.1	3584	21611	18027
ENST00000678101.1	14667	33521	18854
ENST00000678102.1	301	965	664
ENST00000678105.1	3006	19726	16720
ENST00000678109.1	12915	14496	1581
ENST00000678111.1	76	7696	7620
ENST00000678112.1	177	97993	97816
ENST00000678116.1	363	76199	75836
ENST00000678117.1	2376	195097	192721
ENST00000678118.1	523	3787	3264
ENST00000678120.1	20056	36353	16297
ENST00000678122.1	3584	21513	17929
ENST00000678123.1	3584	21611	18027
ENST00000678124.1	8242	115004	106762
ENST00000678125.1	0	816	816
ENST00000678126.1	0	1050	1050
ENST00000678127.1	0	2155	2155
ENST00000678131.1	722	11267	10545
ENST00000678132.1	9	5102	5093
ENST00000678134.1	178511	195912	17401
ENST00000678135.1	4486	7093	2607
ENST00000678136.1	8503	24123	15620
ENST00000678137.1	66	41196	41130
ENST00000678139.2	4883	6951	2068
ENST00000678140.1	147	10176	10029
ENST00000678142.1	0	744	744
ENST00000678144.1	20491	48145	27654
ENST00000678145.1	1946	11280	9334
ENST00000678147.1	62	2207	2145
ENST00000678150.1	35	14201	14166
ENST00000678152.1	20059	387190	367131
ENST00000678154.1	4170	5340	1170
ENST00000678158.1	3715	68950	65235
ENST00000678159.1	14160	16781	2621
ENST00000678160.1	391	125325	124934
ENST00000678161.1	123017	384098	261081
ENST00000678162.1	24	9647	9623
ENST00000678163.1	68	61462	61394
ENST00000678167.1	16064	19905	3841
ENST00000678169.1	615	43319	42704
ENST00000678170.1	463	13700	13237
ENST00000678171.1	1818	35309	33491
ENST00000678172.1	10523	58395	47872
ENST00000678174.1	432	8101	7669
ENST00000678175.1	615	119759	119144
ENST00000678176.1	0	699	699
ENST00000678179.1	653	120217	119564
ENST00000678180.1	3748	51321	47573
ENST00000678181.1	0	84201	84201
ENST00000678182.1	1134	59397	58263
ENST00000678183.1	2853	11855	9002
ENST00000678190.1	229	2309	2080
ENST00000678191.1	59	36752	36693
ENST00000678192.1	112	65284	65172
ENST00000678193.1	24	5453	5429
ENST00000678194.1	0	3865	3865
ENST00000678195.1	0	2212	2212
ENST00000678196.1	104	19697	19593
ENST00000678199.1	0	104	104
ENST00000678200.1	1073	17025	15952
ENST00000678203.1	180	3104	2924
ENST00000678204.1	29	21870	21841
ENST00000678205.1	6894	7172	278
ENST00000678206.1	13887	36999	23112
ENST00000678207.1	607	43311	42704
ENST00000678212.1	0	1098	1098
ENST00000678215.1	0	1564	1564
ENST00000678217.1	0	4028	4028
ENST00000678219.1	3967	4157	190
ENST00000678220.1	820	32325	31505
ENST00000678221.1	1787	8941	7154
ENST00000678224.1	2179	5289	3110
ENST00000678225.2	1869	93705	91836
ENST00000678228.1	25	2889	2864
ENST00000678230.1	1511	95781	94270
ENST00000678231.1	6986	17824	10838
ENST00000678233.1	11347	26349	15002
ENST00000678234.1	77	459	382
ENST00000678237.1	66540	119651	53111
ENST00000678241.1	177	23753	23576
ENST00000678242.1	2568	11902	9334
ENST00000678243.1	1103	47887	46784
ENST00000678244.1	3584	16833	13249
ENST00000678246.1	442	11654	11212
ENST00000678247.1	2473	3958	1485
ENST00000678250.1	3450	13657	10207
ENST00000678253.1	91	17207	17116
ENST00000678254.1	2825	16301	13476
ENST00000678255.1	8740	15755	7015
ENST00000678258.1	313	6163	5850
ENST00000678259.1	10	802	792
ENST00000678260.1	196	12917	12721
ENST00000678262.1	32	90737	90705
ENST00000678263.1	22162	56549	34387
ENST00000678264.2	781	1025	244
ENST00000678265.1	3584	21611	18027
ENST00000678267.1	192	4000	3808
ENST00000678269.1	17	61877	61860
ENST00000678270.1	168	44070	43902
ENST00000678273.1	1057	18986	17929
ENST00000678274.1	13652	24399	10747
ENST00000678275.1	10074	10703	629
ENST00000678276.1	2220	2800	580
ENST00000678277.1	7142	11381	4239
ENST00000678278.1	615	107070	106455
ENST00000678280.1	122	19342	19220
ENST00000678281.1	13946	23619	9673
ENST00000678283.1	5159	23919	18760
ENST00000678285.1	943	10754	9811
ENST00000678286.1	4196	20537	16341
ENST00000678289.1	1770	38493	36723
ENST00000678292.1	0	1250	1250
ENST00000678293.1	0	54856	54856
ENST00000678295.1	0	406	406
ENST00000678297.1	732	20722	19990
ENST00000678298.1	15293	45282	29989
ENST00000678299.1	34	14754	14720
ENST00000678300.1	2284	21842	19558
ENST00000678301.1	5282	34904	29622
ENST00000678302.1	615	80607	79992
ENST00000678303.1	1271	22222	20951
ENST00000678305.1	472	6388	5916
ENST00000678307.1	25	2174	2149
ENST00000678308.1	153	9158	9005
ENST00000678309.1	177447	177655	208
ENST00000678311.1	940	2711	1771
ENST00000678314.1	0	14594	14594
ENST00000678315.1	87787	239706	151919
ENST00000678316.1	13584	23661	10077
ENST00000678318.1	31	134410	134379
ENST00000678319.1	0	6486	6486
ENST00000678320.1	11347	26251	14904
ENST00000678321.1	87787	300387	212600
ENST00000678322.1	382	17874	17492
ENST00000678324.1	772	1412	640
ENST00000678329.1	3584	21438	17854
ENST00000678330.1	894	11267	10373
ENST00000678331.1	213	7775	7562
ENST00000678332.1	10	20554	20544
ENST00000678333.1	11	9502	9491
ENST00000678334.1	95	67924	67829
ENST00000678335.1	7028	15354	8326
ENST00000678337.1	1922	12977	11055
ENST00000678338.1	1161	1447	286
ENST00000678339.1	26268	95528	69260
ENST00000678340.1	9109	16255	7146
ENST00000678341.1	50	12211	12161
ENST00000678343.1	605	105873	105268
ENST00000678344.1	0	5806	5806
ENST00000678345.1	0	18686	18686
ENST00000678346.1	59575	67733	8158
ENST00000678347.1	0	908	908
ENST00000678348.1	1840	35291	33451
ENST00000678349.1	194706	195934	1228
ENST00000678350.1	58633	79178	20545
ENST00000678351.1	13418	142058	128640
ENST00000678354.1	755	1459	704
ENST00000678355.1	553	29092	28539
ENST00000678357.1	1197	10531	9334
ENST00000678359.1	164	11159	10995
ENST00000678360.1	11202	58255	47053
ENST00000678362.1	9854	48766	38912
ENST00000678364.1	315	11310	10995
ENST00000678366.1	1213	1457	244
ENST00000678367.1	1485	2094	609
ENST00000678368.1	3396	3568	172
ENST00000678370.1	288	37985	37697
ENST00000678372.1	0	3431	3431
ENST00000678374.1	18702	29428	10726
ENST00000678376.1	113	1656	1543
ENST00000678377.1	29412	39918	10506
ENST00000678380.1	37634	93428	55794
ENST00000678382.1	16386	27545	11159
ENST00000678384.1	2284	21842	19558
ENST00000678386.1	1917	77062	75145
ENST00000678388.1	1420	11726	10306
ENST00000678391.1	3241	12340	9099
ENST00000678392.1	2117	46509	44392
ENST00000678393.1	112	57610	57498
ENST00000678395.1	15721	44505	28784
ENST00000678396.1	10	16167	16157
ENST00000678399.1	35	87132	87097
ENST00000678400.1	156147	181265	25118
ENST00000678402.1	35	115081	115046
ENST00000678403.1	34716	35374	658
ENST00000678404.1	524	24736	24212
ENST00000678405.1	1201	11247	10046
ENST00000678406.1	0	400	400
ENST00000678408.1	2698	23901	21203
ENST00000678411.1	0	10898	10898
ENST00000678412.1	0	1438	1438
ENST00000678413.1	2106	5298	3192
ENST00000678415.1	21101	23352	2251
ENST00000678416.1	224	1767	1543
ENST00000678419.1	524	24736	24212
ENST00000678420.1	26	14096	14070
ENST00000678422.1	175	158431	158256
ENST00000678423.1	605	44066	43461
ENST00000678424.1	0	1174	1174
ENST00000678425.1	0	3903	3903
ENST00000678426.1	0	4277	4277
ENST00000678427.1	700	2535	1835
ENST00000678428.1	0	1364	1364
ENST00000678429.1	3384	267030	263646
ENST00000678431.1	2576	11647	9071
ENST00000678432.1	9437	14222	4785
ENST00000678435.1	69536	135387	65851
ENST00000678436.1	294	37920	37626
ENST00000678437.1	7028	17857	10829
ENST00000678438.1	153	21752	21599
ENST00000678439.1	4841	272882	268041
ENST00000678440.1	0	2015	2015
ENST00000678441.1	288	37988	37700
ENST00000678442.1	3553	8045	4492
ENST00000678443.1	0	8215	8215
ENST00000678444.1	0	22650	22650
ENST00000678445.1	10080	36803	26723
ENST00000678446.1	2203	46419	44216
ENST00000678447.1	12867	20925	8058
ENST00000678448.1	0	2263	2263
ENST00000678449.1	2578	11649	9071
ENST00000678450.1	489	39936	39447
ENST00000678452.1	79	128198	128119
ENST00000678453.1	0	2151	2151
ENST00000678455.1	3750	68982	65232
ENST00000678456.1	0	1636	1636
ENST00000678460.1	177	83700	83523
ENST00000678461.1	193	55507	55314
ENST00000678462.1	22157	148079	125922
ENST00000678463.1	552	15455	14903
ENST00000678464.1	247	45259	45012
ENST00000678465.1	6723	17970	11247
ENST00000678466.1	22628	91888	69260
ENST00000678467.1	524	24736	24212
ENST00000678468.1	57309	68613	11304
ENST00000678469.1	2774	4745	1971
ENST00000678471.1	445	6431	5986
ENST00000678474.1	310	80984	80674
ENST00000678475.1	35	52741	52706
ENST00000678476.1	13418	138212	124794
ENST00000678477.1	13739	31566	17827
ENST00000678478.1	0	498	498
ENST00000678479.1	29674	35417	5743
ENST00000678480.1	15331	53602	38271
ENST00000678487.1	13980	23342	9362
ENST00000678488.1	6283	8739	2456
ENST00000678490.1	0	17227	17227
ENST00000678491.1	3270	5770	2500
ENST00000678493.1	19142	40768	21626
ENST00000678494.1	926	100716	99790
ENST00000678495.1	168	174884	174716
ENST00000678497.1	170	8443	8273
ENST00000678498.1	1608	16337	14729
ENST00000678499.1	19395	55123	35728
ENST00000678500.1	0	1087	1087
ENST00000678501.1	21101	30172	9071
ENST00000678502.1	935	19537	18602
ENST00000678503.1	0	1536	1536
ENST00000678504.1	13418	138935	125517
ENST00000678505.1	618	18113	17495
ENST00000678506.1	417	45423	45006
ENST00000678507.1	4970	18149	13179
ENST00000678508.1	298	3890	3592
ENST00000678509.1	6404	29553	23149
ENST00000678510.1	22	4790	4768
ENST00000678511.1	194	13373	13179
ENST00000678513.1	0	1348	1348
ENST00000678515.1	480	3804	3324
ENST00000678517.1	736	46726	45990
ENST00000678518.1	23	38428	38405
ENST00000678519.1	13737	24484	10747
ENST00000678520.1	41470	44219	2749
ENST00000678521.1	2456	17787	15331
ENST00000678523.1	59	14979	14920
ENST00000678524.1	0	900	900
ENST00000678526.1	0	1181	1181
ENST00000678527.1	0	401	401
ENST00000678528.1	4770	34999	30229
ENST00000678530.1	0	1495	1495
ENST00000678531.1	3156	45239	42083
ENST00000678532.1	21	4382	4361
ENST00000678533.1	77	4045	3968
ENST00000678534.1	35	9939	9904
ENST00000678535.1	845	35805	34960
ENST00000678537.1	152	12873	12721
ENST00000678538.1	112	65257	65145
ENST00000678540.1	150	50448	50298
ENST00000678542.1	37	134983	134946
ENST00000678545.1	4396	13185	8789
ENST00000678548.1	1283	4615	3332
ENST00000678549.1	3435	10512	7077
ENST00000678550.1	0	494	494
ENST00000678552.1	3584	21513	17929
ENST00000678553.1	31	75123	75092
ENST00000678554.1	25422	73502	48080
ENST00000678555.1	654	47305	46651
ENST00000678556.1	76	3299	3223
ENST00000678557.1	466	91470	91004
ENST00000678558.1	0	1178	1178
ENST00000678559.1	14	4375	4361
ENST00000678560.1	31788	47529	15741
ENST00000678561.1	0	84554	84554
ENST00000678562.1	64437	68218	3781
ENST00000678563.1	1489	58452	56963
ENST00000678564.1	14650	32917	18267
ENST00000678565.1	0	166	166
ENST00000678566.1	40020	82613	42593
ENST00000678567.1	0	5997	5997
ENST00000678568.1	8872	14148	5276
ENST00000678569.1	8819	24116	15297
ENST00000678570.1	642	15585	14943
ENST00000678571.1	0	8941	8941
ENST00000678572.1	3359	37204	33845
ENST00000678573.1	641	4781	4140
ENST00000678575.1	0	91508	91508
ENST00000678576.1	13	44328	44315
ENST00000678578.1	3584	21611	18027
ENST00000678579.1	17480	114607	97127
ENST00000678580.1	152	27563	27411
ENST00000678581.1	0	1177	1177
ENST00000678582.1	0	1344	1344
ENST00000678586.1	0	4208	4208
ENST00000678589.1	31	27035	27004
ENST00000678590.1	9230	12949	3719
ENST00000678591.1	1240	37592	36352
ENST00000678592.1	87	14699	14612
ENST00000678593.1	0	3900	3900
ENST00000678594.1	3683	41102	37419
ENST00000678595.1	2679	15184	12505
ENST00000678596.1	1434	5466	4032
ENST00000678597.1	0	1572	1572
ENST00000678598.1	2604	11989	9385
ENST00000678599.1	1418	5686	4268
ENST00000678601.1	32434	35338	2904
ENST00000678604.1	0	1171	1171
ENST00000678605.1	4962	17872	12910
ENST00000678607.1	0	1268	1268
ENST00000678608.1	53381	55238	1857
ENST00000678609.1	33	3093	3060
ENST00000678610.1	3202	5213	2011
ENST00000678611.1	0	1183	1183
ENST00000678612.1	0	3873	3873
ENST00000678615.1	599	9933	9334
ENST00000678616.1	9861	134846	124985
ENST00000678618.1	1563	31503	29940
ENST00000678619.1	640	119840	119200
ENST00000678621.1	752	13862	13110
ENST00000678623.1	1340	8593	7253
ENST00000678625.1	844	13447	12603
ENST00000678627.1	13726	47573	33847
ENST00000678629.1	1969	8611	6642
ENST00000678630.1	64369	65275	906
ENST00000678631.1	2810	11640	8830
ENST00000678633.1	2057	2271	214
ENST00000678636.1	0	2845	2845
ENST00000678638.1	19242	54904	35662
ENST00000678641.1	8420	14210	5790
ENST00000678642.1	6077	6135	58
ENST00000678644.1	364	16316	15952
ENST00000678645.1	9830	134694	124864
ENST00000678646.1	14667	33550	18883
ENST00000678649.1	1485	5517	4032
ENST00000678650.1	1744	14949	13205
ENST00000678652.1	2432	104005	101573
ENST00000678653.1	382	6107	5725
ENST00000678655.1	11347	28259	16912
ENST00000678657.1	0	5879	5879
ENST00000678660.1	6990	17843	10853
ENST00000678663.1	20	23234	23214
ENST00000678665.1	0	9030	9030
ENST00000678667.1	0	651	651
ENST00000678668.1	1041	42711	41670
ENST00000678669.1	24	115043	115019
ENST00000678671.1	2537	58241	55704
ENST00000678672.1	0	3833	3833
ENST00000678673.1	2175	124340	122165
ENST00000678674.1	2327	37284	34957
ENST00000678675.1	2578	11684	9106
ENST00000678676.1	7628	18469	10841
ENST00000678677.1	2432	103793	101361
ENST00000678678.1	1157	7165	6008
ENST00000678679.1	177	116517	116340
ENST00000678680.1	0	1335	1335
ENST00000678682.1	0	8537	8537
ENST00000678683.1	4282	5925	1643
ENST00000678684.1	21259	28512	7253
ENST00000678686.1	15324	15628	304
ENST00000678688.1	30	49065	49035
ENST00000678689.1	37	9795	9758
ENST00000678690.1	28	1321	1293
ENST00000678692.1	1308	2651	1343
ENST00000678696.1	5233	7217	1984
ENST00000678697.1	2576	11647	9071
ENST00000678698.1	12501	74685	62184
ENST00000678699.1	103736	191450	87714
ENST00000678701.1	1240	37604	36364
ENST00000678702.1	294	3886	3592
ENST00000678703.1	291	3874	3583
ENST00000678704.1	51254	80494	29240
ENST00000678706.1	11347	19981	8634
ENST00000678710.1	1113	6217	5104
ENST00000678711.1	22	13394	13372
ENST00000678712.1	612	15298	14686
ENST00000678713.1	0	1254	1254
ENST00000678714.1	5	12315	12310
ENST00000678715.1	2175	88163	85988
ENST00000678716.1	17515	114731	97216
ENST00000678718.1	0	1720	1720
ENST00000678720.1	598	34812	34214
ENST00000678721.1	19673	30447	10774
ENST00000678722.1	0	855	855
ENST00000678723.1	0	40747	40747
ENST00000678724.1	61	6550	6489
ENST00000678726.1	0	1948	1948
ENST00000678727.1	6672	24515	17843
ENST00000678728.1	21	48894	48873
ENST00000678730.1	121	17237	17116
ENST00000678731.1	1330	8583	7253
ENST00000678733.1	0	10485	10485
ENST00000678737.1	695	36984	36289
ENST00000678738.1	0	2304	2304
ENST00000678739.1	1028	1408	380
ENST00000678741.1	4423	58705	54282
ENST00000678742.1	0	3325	3325
ENST00000678743.1	1840	26343	24503
ENST00000678744.1	10	19621	19611
ENST00000678745.1	6865	10369	3504
ENST00000678746.1	7104	8177	1073
ENST00000678747.1	9728	134146	124418
ENST00000678748.1	0	1466	1466
ENST00000678749.1	2448	44531	42083
ENST00000678751.1	602	816	214
ENST00000678757.1	2486	6883	4397
ENST00000678758.1	0	13409	13409
ENST00000678760.1	48	55767	55719
ENST00000678761.1	463	13970	13507
ENST00000678762.1	0	829	829
ENST00000678765.1	1914	66504	64590
ENST00000678766.1	1196	37605	36409
ENST00000678769.1	20693	27800	7107
ENST00000678770.1	14276	17475	3199
ENST00000678771.1	126	13333	13207
ENST00000678772.1	4424	51555	47131
ENST00000678773.1	1337	36634	35297
ENST00000678774.1	97	5646	5549
ENST00000678775.1	665	13638	12973
ENST00000678776.1	10854	12836	1982
ENST00000678777.1	4812	47661	42849
ENST00000678778.1	4000	9559	5559
ENST00000678779.1	2562	11633	9071
ENST00000678780.1	15993	16837	844
ENST00000678782.1	0	136	136
ENST00000678783.1	99	13204	13105
ENST00000678784.1	11336	28268	16932
ENST00000678785.1	3078	6233	3155
ENST00000678786.1	201	41178	40977
ENST00000678787.1	0	126114	126114
ENST00000678788.1	30	61800	61770
ENST00000678789.1	2520	4779	2259
ENST00000678790.1	1134	59397	58263
ENST00000678792.1	2327	37397	35070
ENST00000678793.1	4962	16574	11612
ENST00000678794.1	17324	21878	4554
ENST00000678797.1	94	67923	67829
ENST00000678798.1	3584	21611	18027
ENST00000678799.1	23088	23332	244
ENST00000678803.1	21	9512	9491
ENST00000678804.1	698	66464	65766
ENST00000678805.1	1872	4131	2259
ENST00000678806.1	0	1600	1600
ENST00000678808.1	0	1869	1869
ENST00000678809.1	13000	19393	6393
ENST00000678811.1	306	13425	13119
ENST00000678814.1	2853	9096	6243
ENST00000678815.1	26	4512	4486
ENST00000678816.1	1139	28236	27097
ENST00000678819.1	19	33877	33858
ENST00000678820.1	11347	28256	16909
ENST00000678823.1	774	15675	14901
ENST00000678824.1	932	27145	26213
ENST00000678825.1	0	5180	5180
ENST00000678827.1	3359	37189	33830
ENST00000678828.1	445	11675	11230
ENST00000678829.1	3208	5486	2278
ENST00000678830.1	7028	17955	10927
ENST00000678831.1	624	8655	8031
ENST00000678832.1	63832	68207	4375
ENST00000678833.1	1289	7256	5967
ENST00000678835.1	11391	20025	8634
ENST00000678836.1	14073	37378	23305
ENST00000678838.1	425	3662	3237
ENST00000678842.1	35	6382	6347
ENST00000678844.1	28557	123559	95002
ENST00000678845.1	665	13638	12973
ENST00000678846.1	0	12193	12193
ENST00000678849.1	3740	10633	6893
ENST00000678853.1	1945	3841	1896
ENST00000678854.1	14669	33190	18521
ENST00000678855.1	32435	35339	2904
ENST00000678856.1	528	34742	34214
ENST00000678860.1	23	38607	38584
ENST00000678861.1	2528	2718	190
ENST00000678862.1	31	9941	9910
ENST00000678863.1	9323	44925	35602
ENST00000678865.1	50487	59572	9085
ENST00000678866.1	46	19957	19911
ENST00000678868.1	20724	27739	7015
ENST00000678870.1	489	39936	39447
ENST00000678871.1	2347	8031	5684
ENST00000678872.1	440	6485	6045
ENST00000678873.1	0	1623	1623
ENST00000678874.1	12990	19383	6393
ENST00000678876.1	0	1641	1641
ENST00000678877.1	1134	59124	57990
ENST00000678878.1	4550	34776	30226
ENST00000678879.1	4654	50438	45784
ENST00000678880.1	21	4382	4361
ENST00000678881.1	18	41162	41144
ENST00000678883.1	18	9483	9465
ENST00000678884.1	2123	11194	9071
ENST00000678885.1	13978	83238	69260
ENST00000678886.1	23376	23620	244
ENST00000678888.1	1458	11773	10315
ENST00000678892.1	12501	83080	70579
ENST00000678893.1	0	2216	2216
ENST00000678895.1	0	41976	41976
ENST00000678896.1	0	1284	1284
ENST00000678897.1	615	80607	79992
ENST00000678899.1	1374	28483	27109
ENST00000678901.1	1113	48233	47120
ENST00000678902.1	0	11277	11277
ENST00000678903.1	967	24483	23516
ENST00000678905.1	3359	37201	33842
ENST00000678906.1	2336	37391	35055
ENST00000678907.1	0	274	274
ENST00000678909.1	42	48484	48442
ENST00000678910.1	28305	32533	4228
ENST00000678911.1	4962	18064	13102
ENST00000678913.1	2327	37397	35070
ENST00000678914.1	3747	68880	65133
ENST00000678915.1	66	44980	44914
ENST00000678916.1	1888	7925	6037
ENST00000678917.1	4692	50928	46236
ENST00000678918.1	548	30339	29791
ENST00000678919.1	28	1744	1716
ENST00000678921.2	3353	16857	13504
ENST00000678923.1	0	544	544
ENST00000678924.1	0	2935	2935
ENST00000678925.1	14715	33569	18854
ENST00000678926.1	0	505	505
ENST00000678929.1	1916	11250	9334
ENST00000678930.1	245	28679	28434
ENST00000678931.1	0	1751	1751
ENST00000678932.1	446	1074	628
ENST00000678934.1	0	1602	1602
ENST00000678935.1	2578	11649	9071
ENST00000678936.1	0	2420	2420
ENST00000678937.1	672	39830	39158
ENST00000678938.1	128516	148882	20366
ENST00000678939.1	227	6348	6121
ENST00000678942.2	1275	7458	6183
ENST00000678943.1	1240	37604	36364
ENST00000678947.1	0	195	195
ENST00000678948.1	86	12870	12784
ENST00000678950.1	15564	54289	38725
ENST00000678951.1	15163	16588	1425
ENST00000678952.1	1240	37604	36364
ENST00000678953.1	3384	4280	896
ENST00000678954.1	18336	19240	904
ENST00000678956.1	9881	23558	13677
ENST00000678958.1	1838	2058	220
ENST00000678959.1	25262	33966	8704
ENST00000678960.1	2336	37391	35055
ENST00000678962.1	2578	11649	9071
ENST00000678963.1	14009	47945	33936
ENST00000678964.1	14715	32982	18267
ENST00000678968.1	35	9586	9551
ENST00000678970.1	0	1463	1463
ENST00000678971.1	3584	21611	18027
ENST00000678972.1	14050	22176	8126
ENST00000678973.1	2853	11828	8975
ENST00000678974.1	15094	42285	27191
ENST00000678976.1	14737	14925	188
ENST00000678978.1	469	3222	2753
ENST00000678981.1	0	1101	1101
ENST00000678982.1	72	4433	4361
ENST00000678987.1	294	38068	37774
ENST00000678989.1	14241	50605	36364
ENST00000678991.1	8646	11381	2735
ENST00000678993.1	16	5124	5108
ENST00000678994.1	2	19519	19517
ENST00000678995.1	3311	129412	126101
ENST00000678996.1	0	244	244
ENST00000678997.1	23	4312	4289
ENST00000678998.1	2788	11859	9071
ENST00000678999.1	638	103709	103071
ENST00000679000.1	917	2688	1771
ENST00000679001.1	2578	11684	9106
ENST00000679004.1	0	98	98
ENST00000679008.1	2665	96031	93366
ENST00000679011.1	1747	5479	3732
ENST00000679012.1	524	15066	14542
ENST00000679013.1	0	2553	2553
ENST00000679014.1	2327	37379	35052
ENST00000679015.1	25092	30232	5140
ENST00000679016.1	1840	35086	33246
ENST00000679017.1	5730	24693	18963
ENST00000679020.1	177	11907	11730
ENST00000679021.1	2853	11959	9106
ENST00000679022.1	15596	54321	38725
ENST00000679023.1	3210	22154	18944
ENST00000679024.1	504	6446	5942
ENST00000679025.1	10	1940	1930
ENST00000679026.1	0	912	912
ENST00000679028.1	747	1356	609
ENST00000679029.1	7003	16155	9152
ENST00000679030.1	1434	5556	4122
ENST00000679032.1	6501	17307	10806
ENST00000679033.1	109	70031	69922
ENST00000679034.1	181	116448	116267
ENST00000679035.1	42743	56549	13806
ENST00000679036.1	0	3100	3100
ENST00000679037.1	13054	19909	6855
ENST00000679038.1	33	3008	2975
ENST00000679040.1	0	544	544
ENST00000679041.1	2976	27501	24525
ENST00000679047.1	10236	23696	13460
ENST00000679048.1	87787	308271	220484
ENST00000679049.1	87332	229921	142589
ENST00000679050.1	0	2440	2440
ENST00000679051.1	1024	10358	9334
ENST00000679052.1	5746	16956	11210
ENST00000679054.1	1840	35291	33451
ENST00000679055.1	9109	16362	7253
ENST00000679058.1	23087	243687	220600
ENST00000679059.1	21313	25983	4670
ENST00000679063.1	0	1396	1396
ENST00000679064.1	4962	17179	12217
ENST00000679066.1	0	71116	71116
ENST00000679068.1	14248	16766	2518
ENST00000679070.1	13584	18821	5237
ENST00000679072.1	15617	53888	38271
ENST00000679073.1	0	4	4
ENST00000679074.1	78	13225	13147
ENST00000679075.1	10	22225	22215
ENST00000679076.1	0	3492	3492
ENST00000679078.1	1398	12435	11037
ENST00000679079.1	0	1645	1645
ENST00000679080.1	0	908	908
ENST00000679083.1	3141	98374	95233
ENST00000679084.1	0	1977	1977
ENST00000679087.1	0	54853	54853
ENST00000679088.1	11308	26310	15002
ENST00000679089.1	2511	124843	122332
ENST00000679091.1	110371	369215	258844
ENST00000679092.1	224	12830	12606
ENST00000679093.1	0	2097	2097
ENST00000679094.1	1018	10544	9526
ENST00000679095.1	177	109165	108988
ENST00000679096.1	35	54193	54158
ENST00000679097.1	2376	195097	192721
ENST00000679098.1	11347	26349	15002
ENST00000679101.1	1072	1358	286
ENST00000679102.1	35	85013	84978
ENST00000679103.1	339	66234	65895
ENST00000679104.1	54467	82060	27593
ENST00000679105.1	50	13133	13083
ENST00000679106.1	120	4815	4695
ENST00000679107.1	19474	55202	35728
ENST00000679108.1	673	2547	1874
ENST00000679109.1	489	39936	39447
ENST00000679110.1	1887	7668	5781
ENST00000679111.1	1275	17134	15859
ENST00000679112.1	9849	10696	847
ENST00000679113.1	74919	133084	58165
ENST00000679114.1	104	14057	13953
ENST00000679115.1	27	31877	31850
ENST00000679117.1	4173	5163	990
ENST00000679118.1	12845	19238	6393
ENST00000679119.1	7373	13404	6031
ENST00000679120.1	87104	99830	12726
ENST00000679121.1	2604	11890	9286
ENST00000679122.1	611	584283	583672
ENST00000679123.1	2853	11959	9106
ENST00000679124.1	2853	11900	9047
ENST00000679126.1	117	36353	36236
ENST00000679128.1	2604	11938	9334
ENST00000679129.1	43	65930	65887
ENST00000679130.1	524	24736	24212
ENST00000679133.1	2362	195098	192736
ENST00000679134.1	34704	35362	658
ENST00000679135.1	0	2276	2276
ENST00000679136.1	3994	30341	26347
ENST00000679138.1	2957	15152	12195
ENST00000679139.1	0	5828	5828
ENST00000679140.1	809	10143	9334
ENST00000679142.1	0	1307	1307
ENST00000679143.1	85	13530	13445
ENST00000679144.1	109	62396	62287
ENST00000679145.1	2348	5819	3471
ENST00000679146.1	0	1435	1435
ENST00000679147.1	176	107034	106858
ENST00000679149.1	2053	6545	4492
ENST00000679150.1	0	10049	10049
ENST00000679151.1	763	19625	18862
ENST00000679152.1	1295	9648	8353
ENST00000679154.1	0	17749	17749
ENST00000679155.1	13418	116790	103372
ENST00000679157.1	1960	6452	4492
ENST00000679158.1	293	65410	65117
ENST00000679159.1	106	7726	7620
ENST00000679160.1	472	6385	5913
ENST00000679162.1	5971	108685	102714
ENST00000679163.1	4702	13235	8533
ENST00000679165.1	35	115053	115018
ENST00000679166.1	2327	37299	34972
ENST00000679167.1	169498	428202	258704
ENST00000679168.1	0	2523	2523
ENST00000679169.1	21	4382	4361
ENST00000679170.1	118	1216	1098
ENST00000679172.1	15987	23390	7403
ENST00000679174.1	55842	122891	67049
ENST00000679175.1	337	4067	3730
ENST00000679176.1	3074	15984	12910
ENST00000679177.1	170037	428741	258704
ENST00000679179.1	4000	6937	2937
ENST00000679181.1	3993	35047	31054
ENST00000679182.1	198	1681	1483
ENST00000679183.1	20159	133764	113605
ENST00000679184.1	923	6264	5341
ENST00000679185.1	3359	37186	33827
ENST00000679186.1	0	697	697
ENST00000679187.1	1240	31903	30663
ENST00000679188.1	0	47275	47275
ENST00000679189.1	4183	21655	17472
ENST00000679190.1	131	20190	20059
ENST00000679191.1	135	19944	19809
ENST00000679192.1	1033	41013	39980
ENST00000679194.1	33195	69719	36524
ENST00000679197.1	1341	20422	19081
ENST00000679198.1	61	39219	39158
ENST00000679199.1	1138	22818	21680
ENST00000679200.1	12501	74685	62184
ENST00000679201.1	222	50424	50202
ENST00000679203.1	0	2044	2044
ENST00000679204.2	4269	17057	12788
ENST00000679205.1	3446	25072	21626
ENST00000679206.1	145	89600	89455
ENST00000679208.1	1067	17019	15952
ENST00000679209.1	158	4840	4682
ENST00000679210.1	21484	29452	7968
ENST00000679211.1	22882	23126	244
ENST00000679212.1	277	108643	108366
ENST00000679214.1	1434	9930	8496
ENST00000679216.1	43	71907	71864
ENST00000679218.1	37	9360	9323
ENST00000679219.1	5472	7243	1771
ENST00000679220.1	2203	46568	44365
ENST00000679221.1	4375	4519	144
ENST00000679222.1	38322	123090	84768
ENST00000679223.1	1156	2888	1732
ENST00000679224.1	1515	21036	19521
ENST00000679226.1	9878	134481	124603
ENST00000679232.1	38309	123077	84768
ENST00000679233.1	106	18097	17991
ENST00000679238.1	13418	142058	128640
ENST00000679239.1	99	8194	8095
ENST00000679241.1	16	7456	7440
ENST00000679242.1	455	34214	33759
ENST00000679243.1	2387	11458	9071
ENST00000679244.1	11	63989	63978
ENST00000679245.1	155	9160	9005
ENST00000679248.1	457	24569	24112
ENST00000679249.1	2432	104032	101600
ENST00000679250.1	14442	21295	6853
ENST00000679251.1	0	104	104
ENST00000679253.1	0	3437	3437
ENST00000679255.1	87286	307886	220600
ENST00000679256.1	0	226	226
ENST00000679257.1	607	747	140
ENST00000679259.1	939	14751	13812
ENST00000679260.1	594	11359	10765
ENST00000679263.1	1845	49286	47441
ENST00000679265.1	423	12481	12058
ENST00000679266.1	15891	21277	5386
ENST00000679268.1	150	50448	50298
ENST00000679269.1	968	12644	11676
ENST00000679270.1	9	4362	4353
ENST00000679272.1	0	3331	3331
ENST00000679273.1	0	2251	2251
ENST00000679275.1	46	10436	10390
ENST00000679278.1	742	85062	84320
ENST00000679279.1	1308	2553	1245
ENST00000679281.1	3584	21513	17929
ENST00000679282.1	4962	16963	12001
ENST00000679286.1	476	90915	90439
ENST00000679287.1	20451	21152	701
ENST00000679288.1	0	812	812
ENST00000679289.1	14697	20683	5986
ENST00000679290.1	35	9322	9287
ENST00000679291.1	2643	13143	10500
ENST00000679292.1	59	18894	18835
ENST00000679293.1	2216	46635	44419
ENST00000679296.1	404	3641	3237
ENST00000679300.1	699	19623	18924
ENST00000679302.1	0	2708	2708
ENST00000679305.1	0	1456	1456
ENST00000679308.1	26791	65514	38723
ENST00000679309.1	32405	35335	2930
ENST00000679312.1	24304	124066	99762
ENST00000679313.1	326	66230	65904
ENST00000679314.1	1663	6059	4396
ENST00000679315.1	18602	23358	4756
ENST00000679317.1	0	408	408
ENST00000679318.1	21368	30439	9071
ENST00000679320.1	41	61012	60971
ENST00000679323.1	0	17370	17370
ENST00000679326.1	1941	24415	22474
ENST00000679328.1	27	7208	7181
ENST00000679330.1	638	120158	119520
ENST00000679331.1	136	36591	36455
ENST00000679333.1	2376	194918	192542
ENST00000679334.1	5752	24633	18881
ENST00000679336.1	104	19578	19474
ENST00000679338.1	0	2360	2360
ENST00000679340.1	0	476	476
ENST00000679341.1	3392	25018	21626
ENST00000679342.1	8231	51741	43510
ENST00000679344.1	0	1067	1067
ENST00000679345.1	4144	7487	3343
ENST00000679347.1	504	6524	6020
ENST00000679348.1	386	10547	10161
ENST00000679349.1	22813	59942	37129
ENST00000679350.1	186	48139	47953
ENST00000679351.1	16	18300	18284
ENST00000679352.1	108	18597	18489
ENST00000679353.1	4130	4500	370
ENST00000679354.1	25	34631	34606
ENST00000679356.1	17265	100128	82863
ENST00000679357.1	0	10948	10948
ENST00000679358.1	7837	15470	7633
ENST00000679359.1	8	11647	11639
ENST00000679360.1	135	28233	28098
ENST00000679361.1	103	165095	164992
ENST00000679363.1	1256	3934	2678
ENST00000679364.1	118	18607	18489
ENST00000679365.1	5	99353	99348
ENST00000679366.1	3781	18068	14287
ENST00000679367.1	5238	48508	43270
ENST00000679368.1	42	14783	14741
ENST00000679369.1	39	5504	5465
ENST00000679372.1	262018	263363	1345
ENST00000679373.1	14	17256	17242
ENST00000679374.1	313	93374	93061
ENST00000679375.1	16805	20848	4043
ENST00000679378.1	273	59838	59565
ENST00000679379.1	102	4722	4620
ENST00000679380.1	131	1622	1491
ENST00000679382.1	0	1694	1694
ENST00000679385.1	111519	122960	11441
ENST00000679386.1	5870	44008	38138
ENST00000679387.1	1865	31394	29529
ENST00000679389.1	42	24064	24022
ENST00000679398.1	2113	87891	85778
ENST00000679399.1	69	625	556
ENST00000679401.1	55	15573	15518
ENST00000679404.1	15730	74300	58570
ENST00000679405.1	21993	35554	13561
ENST00000679407.1	0	24552	24552
ENST00000679408.1	5781	34280	28499
ENST00000679409.1	19402	39584	20182
ENST00000679411.1	118	10287	10169
ENST00000679412.2	3738	43346	39608
ENST00000679415.1	127017	158426	31409
ENST00000679417.1	49533	73934	24401
ENST00000679418.1	4477	10066	5589
ENST00000679419.1	2905	26213	23308
ENST00000679422.1	0	10354	10354
ENST00000679423.1	95	63089	62994
ENST00000679424.1	5366	46457	41091
ENST00000679425.1	5238	49539	44301
ENST00000679426.1	242	139308	139066
ENST00000679428.1	1496	87274	85778
ENST00000679429.1	25	5414	5389
ENST00000679430.1	11147	33736	22589
ENST00000679431.1	49	605	556
ENST00000679432.1	20285	35192	14907
ENST00000679433.1	0	370	370
ENST00000679434.1	171685	208952	37267
ENST00000679435.1	1340	73309	71969
ENST00000679436.1	0	116619	116619
ENST00000679437.1	2617	53949	51332
ENST00000679438.1	41513	49605	8092
ENST00000679439.1	820	18703	17883
ENST00000679440.1	0	172	172
ENST00000679441.1	0	370	370
ENST00000679442.1	55	20766	20711
ENST00000679444.1	21	24481	24460
ENST00000679445.1	11753	40410	28657
ENST00000679448.1	222	161118	160896
ENST00000679449.1	0	790	790
ENST00000679450.1	4778	209896	205118
ENST00000679452.1	36069	55731	19662
ENST00000679453.1	2857	12050	9193
ENST00000679454.1	766	103229	102463
ENST00000679455.1	16084	17364	1280
ENST00000679457.1	222	177699	177477
ENST00000679459.1	44	176027	175983
ENST00000679462.1	5	49125	49120
ENST00000679463.1	31	2808	2777
ENST00000679464.1	11792	40449	28657
ENST00000679467.1	78	13797	13719
ENST00000679469.1	84954	94677	9723
ENST00000679471.1	6662	7008	346
ENST00000679472.1	7905	10918	3013
ENST00000679473.1	46	14512	14466
ENST00000679476.1	95785	121995	26210
ENST00000679477.1	79	31093	31014
ENST00000679478.1	27243	146841	119598
ENST00000679480.1	717	3498	2781
ENST00000679483.1	8	34617	34609
ENST00000679486.1	119	91249	91130
ENST00000679487.1	0	5806	5806
ENST00000679489.1	0	2884	2884
ENST00000679491.1	1907	20737	18830
ENST00000679492.1	5290	56396	51106
ENST00000679493.1	7	34981	34974
ENST00000679494.1	8	13915	13907
ENST00000679496.1	53903	170278	116375
ENST00000679497.1	21	24481	24460
ENST00000679499.1	0	1734	1734
ENST00000679501.2	17	66628	66611
ENST00000679503.1	1275	10539	9264
ENST00000679504.1	128	39105	38977
ENST00000679505.1	134	3681	3547
ENST00000679507.1	8066	50234	42168
ENST00000679510.1	28415	99114	70699
ENST00000679511.1	2909	62898	59989
ENST00000679512.1	2824	35496	32672
ENST00000679513.1	861	31929	31068
ENST00000679514.1	47737	82761	35024
ENST00000679516.1	1288	73257	71969
ENST00000679517.1	57	8897	8840
ENST00000679519.1	3405	20609	17204
ENST00000679520.1	14379	15821	1442
ENST00000679521.1	238	180912	180674
ENST00000679524.1	106	12679	12573
ENST00000679525.1	11110	17159	6049
ENST00000679526.1	1907	20737	18830
ENST00000679527.1	6657	9541	2884
ENST00000679529.1	66	48541	48475
ENST00000679530.1	357	8652	8295
ENST00000679532.1	0	6354	6354
ENST00000679533.1	36123	40682	4559
ENST00000679534.1	100	31027	30927
ENST00000679536.1	9581	12207	2626
ENST00000679538.1	105	2120	2015
ENST00000679539.1	3061	39783	36722
ENST00000679540.1	100	31027	30927
ENST00000679541.1	47789	82739	34950
ENST00000679543.1	5481	34138	28657
ENST00000679544.1	21	16320	16299
ENST00000679545.1	47789	82789	35000
ENST00000679547.1	57	6404	6347
ENST00000679548.1	0	131399	131399
ENST00000679550.1	979	30701	29722
ENST00000679553.1	456	123246	122790
ENST00000679554.1	240	38968	38728
ENST00000679555.1	5246	12155	6909
ENST00000679557.1	54	21144	21090
ENST00000679558.1	47161	82185	35024
ENST00000679559.1	53	46010	45957
ENST00000679560.1	1902	57257	55355
ENST00000679561.1	23404	45648	22244
ENST00000679562.1	7	3554	3547
ENST00000679563.1	40072	57611	17539
ENST00000679565.1	755	161162	160407
ENST00000679566.1	0	10303	10303
ENST00000679568.1	825	130117	129292
ENST00000679570.1	2840	5095	2255
ENST00000679571.1	2047	165118	163071
ENST00000679572.1	2509	50287	47778
ENST00000679573.1	138	16196	16058
ENST00000679574.1	12185	12993	808
ENST00000679575.1	19138	53324	34186
ENST00000679576.1	0	5141	5141
ENST00000679579.1	25215	61538	36323
ENST00000679580.1	100	26719	26619
ENST00000679582.1	742	14413	13671
ENST00000679583.1	6323	8949	2626
ENST00000679584.1	18	4783	4765
ENST00000679587.1	95	74137	74042
ENST00000679588.1	684	35355	34671
ENST00000679589.1	183498	207980	24482
ENST00000679591.1	0	328	328
ENST00000679592.1	100	668	568
ENST00000679593.1	258	10772	10514
ENST00000679595.1	8266	56569	48303
ENST00000679596.1	17484	17962	478
ENST00000679597.1	913	3580	2667
ENST00000679598.1	0	2738	2738
ENST00000679601.1	272	23799	23527
ENST00000679603.1	12477	25137	12660
ENST00000679604.1	118	19242	19124
ENST00000679605.1	30680	87264	56584
ENST00000679607.1	62736	73385	10649
ENST00000679609.1	29	12867	12838
ENST00000679613.1	96	33045	32949
ENST00000679614.1	65	38450	38385
ENST00000679616.1	360	28063	27703
ENST00000679617.1	35	12519	12484
ENST00000679618.1	27138	71217	44079
ENST00000679619.1	0	3522	3522
ENST00000679621.1	349	9386	9037
ENST00000679622.1	36731	185368	148637
ENST00000679623.1	1865	31394	29529
ENST00000679624.1	97219	123700	26481
ENST00000679625.1	19063	29852	10789
ENST00000679626.1	11461	40118	28657
ENST00000679627.1	124	20162	20038
ENST00000679629.1	119	88768	88649
ENST00000679631.1	40393	44723	4330
ENST00000679632.1	0	1321	1321
ENST00000679633.1	310	750	440
ENST00000679638.1	328	40467	40139
ENST00000679641.1	61222	148207	86985
ENST00000679642.1	6759	31265	24506
ENST00000679643.1	2376	37377	35001
ENST00000679644.1	319	3635	3316
ENST00000679645.1	28087	261858	233771
ENST00000679647.1	404	17960	17556
ENST00000679648.1	20123	23366	3243
ENST00000679650.1	5	14110	14105
ENST00000679654.1	280	55452	55172
ENST00000679655.1	676	19769	19093
ENST00000679657.1	69268	73315	4047
ENST00000679658.1	9532	10536	1004
ENST00000679659.1	19335	19643	308
ENST00000679660.1	0	2758	2758
ENST00000679661.1	297	6383	6086
ENST00000679663.1	9527	20344	10817
ENST00000679665.1	1823	45582	43759
ENST00000679666.1	8919	73974	65055
ENST00000679667.1	3404	20426	17022
ENST00000679668.1	63138	211775	148637
ENST00000679670.1	5366	49590	44224
ENST00000679672.1	19180	212013	192833
ENST00000679673.1	207	50307	50100
ENST00000679674.1	0	14092	14092
ENST00000679675.1	124	22151	22027
ENST00000679676.1	17265	100021	82756
ENST00000679678.1	2487	48603	46116
ENST00000679679.1	4467	7589	3122
ENST00000679680.1	851	76525	75674
ENST00000679681.1	8906	9222	316
ENST00000679682.1	75	54650	54575
ENST00000679683.1	0	4964	4964
ENST00000679684.1	144	8312	8168
ENST00000679685.1	13380	23347	9967
ENST00000679687.1	27	38817	38790
ENST00000679688.1	12400	17683	5283
ENST00000679690.1	5247	23110	17863
ENST00000679691.1	44166	121192	77026
ENST00000679692.1	75	21804	21729
ENST00000679693.1	5238	46149	40911
ENST00000679694.1	0	23539	23539
ENST00000679695.1	301	58530	58229
ENST00000679696.1	4408	22376	17968
ENST00000679697.1	3467	39572	36105
ENST00000679698.1	41590	87241	45651
ENST00000679699.1	5380	49681	44301
ENST00000679700.1	1000	1658	658
ENST00000679702.1	39	3173	3134
ENST00000679703.1	3595	11295	7700
ENST00000679704.1	21	8236	8215
ENST00000679705.1	5970	34627	28657
ENST00000679706.1	104	59355	59251
ENST00000679707.1	109	41042	40933
ENST00000679708.1	870	33593	32723
ENST00000679709.1	79	3848	3769
ENST00000679710.1	387	6258	5871
ENST00000679711.1	122369	160463	38094
ENST00000679712.1	684	36695	36011
ENST00000679713.1	46	14512	14466
ENST00000679714.1	75	54659	54584
ENST00000679715.1	12210	30960	18750
ENST00000679720.1	119	99830	99711
ENST00000679721.1	18026	23982	5956
ENST00000679723.1	59	21414	21355
ENST00000679724.1	1093	14525	13432
ENST00000679727.1	36104	85007	48903
ENST00000679728.1	733	10491	9758
ENST00000679729.1	10724	13046	2322
ENST00000679730.1	106	18595	18489
ENST00000679731.1	2396	10751	8355
ENST00000679732.1	214	119764	119550
ENST00000679733.1	1139	4853	3714
ENST00000679734.1	21016	23702	2686
ENST00000679736.1	36087	59889	23802
ENST00000679737.1	2321	102593	100272
ENST00000679738.1	10633	19736	9103
ENST00000679739.1	23696	56684	32988
ENST00000679740.1	71472	81206	9734
ENST00000679741.1	3097	28114	25017
ENST00000679742.1	18812	211645	192833
ENST00000679743.1	1721	3065	1344
ENST00000679748.1	2152	388805	386653
ENST00000679749.1	102	56507	56405
ENST00000679751.1	486	16086	15600
ENST00000679753.1	32014	33980	1966
ENST00000679754.1	118	160275	160157
ENST00000679755.1	3983	6669	2686
ENST00000679756.1	5366	49617	44251
ENST00000679757.1	42	54283	54241
ENST00000679758.1	36098	147235	111137
ENST00000679761.1	45	207139	207094
ENST00000679764.1	12526	25842	13316
ENST00000679765.1	131	907	776
ENST00000679767.1	67	10005	9938
ENST00000679768.1	0	16267	16267
ENST00000679769.1	0	3080	3080
ENST00000679770.1	36066	85218	49152
ENST00000679771.1	36116	71286	35170
ENST00000679772.1	0	180	180
ENST00000679776.1	883	3087	2204
ENST00000679778.1	716	3497	2781
ENST00000679781.1	767	14286	13519
ENST00000679782.1	13	8263	8250
ENST00000679783.1	0	13292	13292
ENST00000679784.1	1828	23798	21970
ENST00000679785.1	5238	46177	40939
ENST00000679788.1	870	33593	32723
ENST00000679789.1	16127	47467	31340
ENST00000679790.1	189	78919	78730
ENST00000679791.1	0	57063	57063
ENST00000679792.1	0	370	370
ENST00000679795.1	100	31027	30927
ENST00000679796.1	45659	176713	131054
ENST00000679797.1	11444	13013	1569
ENST00000679799.1	3611	90106	86495
ENST00000679801.1	146	160620	160474
ENST00000679802.1	16887	19168	2281
ENST00000679803.1	2047	18957	16910
ENST00000679806.1	156	1600	1444
ENST00000679807.1	68421	142978	74557
ENST00000679808.1	4475	20364	15889
ENST00000679809.1	1865	15894	14029
ENST00000679810.1	348	20804	20456
ENST00000679812.1	480	24821	24341
ENST00000679814.1	229	121396	121167
ENST00000679815.1	65	4223	4158
ENST00000679816.1	35670	84579	48909
ENST00000679817.1	122	21011	20889
ENST00000679819.1	71515	76760	5245
ENST00000679821.1	240	180710	180470
ENST00000679822.1	3611	391459	387848
ENST00000679824.1	38	594	556
ENST00000679826.1	4252	36575	32323
ENST00000679827.1	100	32320	32220
ENST00000679828.1	30793	70813	40020
ENST00000679832.1	0	11577	11577
ENST00000679833.1	5	98685	98680
ENST00000679835.1	5238	23101	17863
ENST00000679836.1	124	24690	24566
ENST00000679837.1	3	50207	50204
ENST00000679838.1	38145	71697	33552
ENST00000679839.1	0	18514	18514
ENST00000679840.1	1642	78774	77132
ENST00000679841.1	22	4819	4797
ENST00000679842.1	0	105512	105512
ENST00000679843.1	0	1480	1480
ENST00000679844.1	1941	35222	33281
ENST00000679847.1	25215	61538	36323
ENST00000679848.1	14666	21661	6995
ENST00000679849.1	5422	9271	3849
ENST00000679852.1	0	7073	7073
ENST00000679853.1	52	194333	194281
ENST00000679856.1	870	33593	32723
ENST00000679858.1	26	19434	19408
ENST00000679859.1	813	71121	70308
ENST00000679860.1	634	1812	1178
ENST00000679861.1	1693	19116	17423
ENST00000679862.1	486	13688	13202
ENST00000679863.1	114	11141	11027
ENST00000679864.1	11909	71898	59989
ENST00000679865.1	581	6799	6218
ENST00000679866.1	107	138437	138330
ENST00000679868.1	103	102829	102726
ENST00000679869.1	2861	41647	38786
ENST00000679870.1	4465	10054	5589
ENST00000679872.1	8949	74323	65374
ENST00000679873.1	26676	36672	9996
ENST00000679874.1	20131	23374	3243
ENST00000679876.1	5238	56217	50979
ENST00000679877.1	21	16888	16867
ENST00000679878.1	65	39018	38953
ENST00000679879.1	18317	225106	206789
ENST00000679881.1	3802	108552	104750
ENST00000679882.1	33	313214	313181
ENST00000679883.1	95	18295	18200
ENST00000679884.1	1846	63095	61249
ENST00000679885.1	3254	72271	69017
ENST00000679886.1	41	193724	193683
ENST00000679887.1	199	48836	48637
ENST00000679889.1	3813	18202	14389
ENST00000679892.1	225	4845	4620
ENST00000679893.1	0	16293	16293
ENST00000679895.1	3092	28204	25112
ENST00000679896.1	17511	33325	15814
ENST00000679897.1	111	6354	6243
ENST00000679898.1	2861	35290	32429
ENST00000679899.1	3114	22783	19669
ENST00000679900.1	4477	18827	14350
ENST00000679902.1	3447	20725	17278
ENST00000679903.1	36084	84984	48900
ENST00000679905.1	124	22077	21953
ENST00000679906.1	695	164888	164193
ENST00000679908.1	128	3844	3716
ENST00000679909.1	291	41978	41687
ENST00000679910.1	119	71699	71580
ENST00000679911.1	12051	40708	28657
ENST00000679912.1	57	31604	31547
ENST00000679916.1	19473	72088	52615
ENST00000679918.1	35674	84654	48980
ENST00000679921.1	9183	46957	37774
ENST00000679922.1	9527	23861	14334
ENST00000679923.1	4626	4634	8
ENST00000679924.1	65641	150744	85103
ENST00000679925.1	1643	211730	210087
ENST00000679927.1	2906	38755	35849
ENST00000679928.1	25	3842	3817
ENST00000679930.1	41	3774	3733
ENST00000679931.1	72808	97172	24364
ENST00000679933.1	0	576	576
ENST00000679934.1	79021	83285	4264
ENST00000679935.1	266	10833	10567
ENST00000679936.1	262588	374293	111705
ENST00000679938.1	115	53802	53687
ENST00000679939.1	979	30701	29722
ENST00000679941.1	36075	135104	99029
ENST00000679942.1	4459	33130	28671
ENST00000679943.1	12146	210454	198308
ENST00000679944.1	3075	28092	25017
ENST00000679946.1	2484	11189	8705
ENST00000679947.1	4465	19923	15458
ENST00000679948.1	1370	12781	11411
ENST00000679949.1	964	30638	29674
ENST00000679951.1	1043	36163	35120
ENST00000679954.1	0	7355	7355
ENST00000679957.1	3	9097	9094
ENST00000679958.1	1818	79934	78116
ENST00000679959.1	10841	104952	94111
ENST00000679960.1	870	33593	32723
ENST00000679961.1	1084	62904	61820
ENST00000679962.1	3841	4211	370
ENST00000679963.1	11574	36577	25003
ENST00000679966.1	2694	170835	168141
ENST00000679967.1	17265	100122	82857
ENST00000679968.1	42	10048	10006
ENST00000679970.1	3	127	124
ENST00000679971.1	91	13505	13414
ENST00000679973.1	3087	28032	24945
ENST00000679975.1	8479	143398	134919
ENST00000679976.1	357	10692	10335
ENST00000679977.1	36093	59531	23438
ENST00000679979.1	8066	50106	42040
ENST00000679980.1	0	268768	268768
ENST00000679981.1	218	4838	4620
ENST00000679982.1	4130	4500	370
ENST00000679983.1	1792	81251	79459
ENST00000679984.1	23703	31076	7373
ENST00000679986.1	20131	23374	3243
ENST00000679987.1	45	13769	13724
ENST00000679988.1	16644	28085	11441
ENST00000679989.1	8401	34268	25867
ENST00000679992.1	1093	80552	79459
ENST00000679994.1	27003	146601	119598
ENST00000679995.1	5304	46243	40939
ENST00000679996.1	4161	30652	26491
ENST00000679997.1	118	84287	84169
ENST00000679998.1	15486	22481	6995
ENST00000679999.1	4454	129617	125163
ENST00000680000.1	2309	72011	69702
ENST00000680001.1	119	15669	15550
ENST00000680002.1	266	27511	27245
ENST00000680004.1	39	3173	3134
ENST00000680005.1	146214	149008	2794
ENST00000680006.1	9233	31056	21823
ENST00000680007.1	35718	84698	48980
ENST00000680008.1	64	152423	152359
ENST00000680010.1	47	12639	12592
ENST00000680012.1	2732	49944	47212
ENST00000680013.1	6587	31308	24721
ENST00000680014.1	188	12409	12221
ENST00000680017.1	19775	40026	20251
ENST00000680018.1	0	4997	4997
ENST00000680019.1	87299	299781	212482
ENST00000680020.1	7	14063	14056
ENST00000680023.1	0	370	370
ENST00000680024.1	3178	64161	60983
ENST00000680025.1	69	85904	85835
ENST00000680027.1	10572	61553	50981
ENST00000680029.1	22827	34517	11690
ENST00000680031.1	0	10395	10395
ENST00000680032.1	106	6498	6392
ENST00000680033.1	136	1901	1765
ENST00000680034.1	117	18606	18489
ENST00000680035.1	3	61043	61040
ENST00000680037.1	6323	8949	2626
ENST00000680039.1	93728	185635	91907
ENST00000680040.1	1865	15894	14029
ENST00000680041.1	989	10092	9103
ENST00000680042.1	6747	31468	24721
ENST00000680043.1	0	12778	12778
ENST00000680044.1	109	34799	34690
ENST00000680045.1	7873	13289	5416
ENST00000680048.1	1828	23468	21640
ENST00000680050.1	2296	27128	24832
ENST00000680052.1	5057	32779	27722
ENST00000680053.1	3571	12072	8501
ENST00000680054.1	1852	11365	9513
ENST00000680055.1	0	2331	2331
ENST00000680056.1	3	339220	339217
ENST00000680057.1	643	99159	98516
ENST00000680059.1	29971	75314	45343
ENST00000680061.1	100	31027	30927
ENST00000680062.1	1048	16220	15172
ENST00000680063.1	20131	23374	3243
ENST00000680065.1	7905	10568	2663
ENST00000680066.1	27232	47926	20694
ENST00000680068.1	57	2426	2369
ENST00000680069.1	661	180341	179680
ENST00000680072.1	260	180811	180551
ENST00000680073.1	2517	5476	2959
ENST00000680075.1	684	36685	36001
ENST00000680077.1	21992	37031	15039
ENST00000680078.1	213	121350	121137
ENST00000680079.1	1629	5843	4214
ENST00000680080.1	7984	24709	16725
ENST00000680081.1	3856	4226	370
ENST00000680082.1	12107	179328	167221
ENST00000680083.1	16111	17532	1421
ENST00000680085.1	4626	4634	8
ENST00000680087.1	39	5614	5575
ENST00000680090.1	469	28562	28093
ENST00000680091.1	138	29794	29656
ENST00000680092.1	6701	31422	24721
ENST00000680093.1	5878	16333	10455
ENST00000680094.1	72	31942	31870
ENST00000680097.1	233	6635	6402
ENST00000680098.1	11455	28235	16780
ENST00000680101.1	1943	24296	22353
ENST00000680104.1	2238	3390	1152
ENST00000680105.1	12058	17704	5646
ENST00000680106.1	2730	27747	25017
ENST00000680107.1	2988	19518	16530
ENST00000680109.1	68	30933	30865
ENST00000680110.1	14916	21911	6995
ENST00000680114.1	0	105462	105462
ENST00000680115.1	0	6105	6105
ENST00000680116.1	156	1600	1444
ENST00000680117.1	566	17439	16873
ENST00000680118.1	5489	344831	339342
ENST00000680119.1	172238	209505	37267
ENST00000680120.1	119	97112	96993
ENST00000680121.1	4869	46269	41400
ENST00000680122.1	23	31311	31288
ENST00000680124.1	87292	195457	108165
ENST00000680125.1	1959	81284	79325
ENST00000680126.1	5366	46200	40834
ENST00000680128.1	693	184449	183756
ENST00000680129.1	21953	34399	12446
ENST00000680131.1	124	21579	21455
ENST00000680132.1	225	4845	4620
ENST00000680133.1	1617	58847	57230
ENST00000680134.1	133	1585	1452
ENST00000680135.1	43828	70280	26452
ENST00000680137.1	119	83961	83842
ENST00000680138.1	90	27505	27415
ENST00000680139.1	192	6498	6306
ENST00000680140.1	41598	111300	69702
ENST00000680141.1	264	5271	5007
ENST00000680143.1	420	96611	96191
ENST00000680144.1	669	32210	31541
ENST00000680145.1	9251	13158	3907
ENST00000680146.1	273	1007382	1007109
ENST00000680147.1	47759	82783	35024
ENST00000680148.1	225	4845	4620
ENST00000680149.1	4010	72979	68969
ENST00000680151.1	9488	38161	28673
ENST00000680152.1	11143	35081	23938
ENST00000680155.1	27250	146848	119598
ENST00000680158.1	3469	7534	4065
ENST00000680160.1	5406	25739	20333
ENST00000680161.1	18	27342	27324
ENST00000680162.2	2597	149375	146778
ENST00000680163.1	1288	73257	71969
ENST00000680167.1	0	9881	9881
ENST00000680169.1	810	1692	882
ENST00000680171.1	870	33593	32723
ENST00000680175.1	561	31052	30491
ENST00000680176.1	5830	34487	28657
ENST00000680177.1	17	24328	24311
ENST00000680181.1	238	180873	180635
ENST00000680182.1	11792	40449	28657
ENST00000680184.1	6420	178557	172137
ENST00000680186.1	1865	15894	14029
ENST00000680187.1	13604	33632	20028
ENST00000680188.1	1325	10589	9264
ENST00000680189.1	1184	14888	13704
ENST00000680190.1	3391	173817	170426
ENST00000680191.1	838	18881	18043
ENST00000680193.1	32055	104771	72716
ENST00000680194.1	0	14693	14693
ENST00000680196.1	2241	22569	20328
ENST00000680197.1	60	1423	1363
ENST00000680198.1	45441	97375	51934
ENST00000680200.1	119	80535	80416
ENST00000680201.1	182	215878	215696
ENST00000680202.1	12056	46242	34186
ENST00000680203.1	57	14299	14242
ENST00000680204.1	31	47616	47585
ENST00000680206.1	559	12592	12033
ENST00000680207.1	13273	32919	19646
ENST00000680209.1	313	1426	1113
ENST00000680210.1	18	87255	87237
ENST00000680211.1	2417	5595	3178
ENST00000680216.1	7649	21014	13365
ENST00000680217.1	0	11980	11980
ENST00000680218.1	1641	58864	57223
ENST00000680219.1	0	9163	9163
ENST00000680220.1	10178	278064	267886
ENST00000680221.1	297	6377	6080
ENST00000680222.1	5	14056	14051
ENST00000680223.1	5747	39831	34084
ENST00000680224.1	3391	182268	178877
ENST00000680226.1	866	18860	17994
ENST00000680227.1	716	3497	2781
ENST00000680228.1	24579	56611	32032
ENST00000680229.1	8	33821	33813
ENST00000680230.1	134	3681	3547
ENST00000680231.1	53	164965	164912
ENST00000680232.1	1959	81558	79599
ENST00000680236.1	26689	71169	44480
ENST00000680237.1	377	653	276
ENST00000680238.1	118	10287	10169
ENST00000680239.1	878	205747	204869
ENST00000680241.1	2265	47792	45527
ENST00000680243.1	55	17949	17894
ENST00000680244.1	303	2840	2537
ENST00000680245.1	1518	28355	26837
ENST00000680246.1	7873	13289	5416
ENST00000680247.1	3391	20413	17022
ENST00000680251.1	47789	82813	35024
ENST00000680252.1	6878	70512	63634
ENST00000680254.1	57	23957	23900
ENST00000680255.1	2190	15475	13285
ENST00000680256.1	21	40210	40189
ENST00000680258.1	1832	63171	61339
ENST00000680259.1	16020	17300	1280
ENST00000680260.1	0	576	576
ENST00000680261.1	0	1608	1608
ENST00000680263.1	2079	15822	13743
ENST00000680264.1	5238	23101	17863
ENST00000680265.1	200	72934	72734
ENST00000680268.1	17511	51338	33827
ENST00000680269.1	39	3173	3134
ENST00000680270.1	3114	22840	19726
ENST00000680272.1	1735	8106	6371
ENST00000680273.1	8066	50065	41999
ENST00000680275.1	5304	49661	44357
ENST00000680276.1	0	1929	1929
ENST00000680277.1	66	2386	2320
ENST00000680278.1	139607	176874	37267
ENST00000680279.1	2441	11345	8904
ENST00000680282.1	224	98740	98516
ENST00000680283.1	6387	12157	5770
ENST00000680284.1	3092	28109	25017
ENST00000680286.1	801	128851	128050
ENST00000680287.1	405	30127	29722
ENST00000680288.1	2970	35521	32551
ENST00000680289.1	4487	10076	5589
ENST00000680290.1	350	35713	35363
ENST00000680293.1	6	24418	24412
ENST00000680294.1	823	129851	129028
ENST00000680295.1	14861	21856	6995
ENST00000680296.1	0	9023	9023
ENST00000680297.1	161	8610	8449
ENST00000680298.1	1150	27646	26496
ENST00000680299.1	4130	4500	370
ENST00000680300.1	1767	12606	10839
ENST00000680301.1	438	133116	132678
ENST00000680303.1	17669	40158	22489
ENST00000680305.1	2752	29430	26678
ENST00000680307.1	0	1618	1618
ENST00000680308.1	0	180	180
ENST00000680309.1	1645	45939	44294
ENST00000680310.1	3227	3597	370
ENST00000680311.1	746	33021	32275
ENST00000680312.1	46	23690	23644
ENST00000680313.1	119	97647	97528
ENST00000680316.1	1777	19200	17423
ENST00000680318.1	11836	91295	79459
ENST00000680320.1	268	31015	30747
ENST00000680321.1	75	21449	21374
ENST00000680325.1	20239	20951	712
ENST00000680326.1	25	10755	10730
ENST00000680327.1	72811	97175	24364
ENST00000680329.1	21	24481	24460
ENST00000680330.1	201	69383	69182
ENST00000680331.1	33	38742	38709
ENST00000680333.1	862	6920	6058
ENST00000680335.1	36092	135121	99029
ENST00000680337.1	121751	145262	23511
ENST00000680338.1	198	9691	9493
ENST00000680339.1	5	14110	14105
ENST00000680340.1	201	109333	109132
ENST00000680342.1	2862	3232	370
ENST00000680344.1	57	1175	1118
ENST00000680346.1	45716	157421	111705
ENST00000680347.1	11913	40570	28657
ENST00000680348.1	36077	56211	20134
ENST00000680352.1	0	186	186
ENST00000680353.1	4247	35636	31389
ENST00000680354.1	0	44280	44280
ENST00000680355.1	2683	149097	146414
ENST00000680356.1	201	73554	73353
ENST00000680357.1	29306	34159	4853
ENST00000680359.1	75	33824	33749
ENST00000680360.1	878	179133	178255
ENST00000680361.1	1012	519941	518929
ENST00000680362.1	0	152406	152406
ENST00000680363.1	21480	38992	17512
ENST00000680364.1	5463	34120	28657
ENST00000680365.1	0	28089	28089
ENST00000680366.1	262062	355513	93451
ENST00000680367.1	684	36906	36222
ENST00000680369.1	0	4738	4738
ENST00000680370.1	106	1463	1357
ENST00000680371.1	45	198409	198364
ENST00000680373.1	146	78459	78313
ENST00000680374.1	86317	228906	142589
ENST00000680375.1	0	32944	32944
ENST00000680376.1	5366	23229	17863
ENST00000680377.1	0	8645	8645
ENST00000680378.1	4	21489	21485
ENST00000680379.1	800	33350	32550
ENST00000680381.1	21016	23702	2686
ENST00000680383.1	20	7812	7792
ENST00000680384.1	5	4564	4559
ENST00000680385.1	5932	9189	3257
ENST00000680386.1	456	11258	10802
ENST00000680387.1	36092	135446	99354
ENST00000680388.1	11681	60823	49142
ENST00000680391.1	165	15031	14866
ENST00000680393.1	100	31027	30927
ENST00000680395.1	47788	82812	35024
ENST00000680396.1	1550	82322	80772
ENST00000680397.1	13899	16932	3033
ENST00000680398.1	770	43437	42667
ENST00000680399.1	1930	39836	37906
ENST00000680400.1	849	3899	3050
ENST00000680401.1	1126	5971	4845
ENST00000680402.1	9527	38163	28636
ENST00000680403.1	75	54055	53980
ENST00000680406.1	7277	31995	24718
ENST00000680408.1	9	13935	13926
ENST00000680411.1	197	38228	38031
ENST00000680412.1	3405	9447	6042
ENST00000680414.1	282	23809	23527
ENST00000680416.1	15988	17692	1704
ENST00000680418.1	9856	27717	17861
ENST00000680420.1	47789	74615	26826
ENST00000680421.1	5238	49412	44174
ENST00000680422.1	0	49897	49897
ENST00000680423.1	119	62130	62011
ENST00000680425.1	0	4817	4817
ENST00000680427.1	115621	150002	34381
ENST00000680428.1	108	19243	19135
ENST00000680429.1	1343	144798	143455
ENST00000680430.1	0	17002	17002
ENST00000680431.1	7868	13284	5416
ENST00000680432.1	9884	38557	28673
ENST00000680433.1	6217	93644	87427
ENST00000680434.1	68	4706	4638
ENST00000680436.1	0	21608	21608
ENST00000680437.1	1865	78229	76364
ENST00000680438.1	45	30602	30557
ENST00000680442.1	9582	17496	7914
ENST00000680443.1	18	4986	4968
ENST00000680444.1	45	15411	15366
ENST00000680445.1	2	34809	34807
ENST00000680446.1	1221	2821	1600
ENST00000680448.1	2559	64802	62243
ENST00000680449.1	5238	23163	17925
ENST00000680450.1	702	10316	9614
ENST00000680451.1	2565	10301	7736
ENST00000680453.1	0	11044	11044
ENST00000680455.1	33	13265	13232
ENST00000680456.1	4163	12659	8496
ENST00000680458.1	5380	47713	42333
ENST00000680459.1	20223	38819	18596
ENST00000680460.1	23840	43295	19455
ENST00000680461.1	19633	26726	7093
ENST00000680462.1	40	100339	100299
ENST00000680465.1	7617	205669	198052
ENST00000680467.1	5978	39554	33576
ENST00000680468.1	2947	36223	33276
ENST00000680469.1	2130	34511	32381
ENST00000680470.1	31036	128200	97164
ENST00000680471.1	15429	33000	17571
ENST00000680474.1	2391	33667	31276
ENST00000680475.1	47789	69457	21668
ENST00000680476.1	7939	117586	109647
ENST00000680477.1	0	7308	7308
ENST00000680480.1	1829	24281	22452
ENST00000680481.1	40	25369	25329
ENST00000680483.1	902	44932	44030
ENST00000680484.1	1892	17028	15136
ENST00000680485.1	11270	18903	7633
ENST00000680487.1	43980	103048	59068
ENST00000680488.1	2748	50073	47325
ENST00000680490.1	3275	8991	5716
ENST00000680493.1	4515	36822	32307
ENST00000680495.1	98311	120390	22079
ENST00000680496.1	10551	61371	50820
ENST00000680497.1	1288	73358	72070
ENST00000680498.1	132005	217319	85314
ENST00000680499.1	1943	24296	22353
ENST00000680500.1	126	35156	35030
ENST00000680501.1	0	33079	33079
ENST00000680502.1	0	11649	11649
ENST00000680504.1	6759	29378	22619
ENST00000680505.1	47	23928	23881
ENST00000680506.1	675	10292	9617
ENST00000680507.1	711	1909	1198
ENST00000680508.1	3649	73146	69497
ENST00000680509.1	36095	64416	28321
ENST00000680510.2	5274	11668	6394
ENST00000680511.1	85167	111189	26022
ENST00000680512.1	54	12538	12484
ENST00000680513.1	260	180847	180587
ENST00000680514.1	80	27495	27415
ENST00000680515.1	2261	27093	24832
ENST00000680517.1	357	15893	15536
ENST00000680518.1	46	9737	9691
ENST00000680520.1	1306	2630	1324
ENST00000680522.1	55	4564	4509
ENST00000680524.1	542	14571	14029
ENST00000680525.1	47789	69457	21668
ENST00000680526.1	5	19642	19637
ENST00000680527.1	95	21367	21272
ENST00000680531.1	225	4845	4620
ENST00000680532.1	862	18830	17968
ENST00000680533.1	426	95003	94577
ENST00000680534.1	260	181025	180765
ENST00000680535.1	717	11159	10442
ENST00000680536.1	5801	34458	28657
ENST00000680537.1	106250	122838	16588
ENST00000680538.1	36158	84977	48819
ENST00000680540.1	48	1492	1444
ENST00000680541.1	16003	29610	13607
ENST00000680542.1	67675	130731	63056
ENST00000680544.1	110	10279	10169
ENST00000680548.1	2	9731	9729
ENST00000680549.1	0	8185	8185
ENST00000680552.1	106	10836	10730
ENST00000680553.1	4184	30635	26451
ENST00000680554.1	3928	70909	66981
ENST00000680555.1	5238	46100	40862
ENST00000680556.1	1258	87818	86560
ENST00000680557.1	14771	148091	133320
ENST00000680560.1	193	116777	116584
ENST00000680562.1	126	3278	3152
ENST00000680563.1	0	240	240
ENST00000680564.1	75	54418	54343
ENST00000680565.1	11476	12398	922
ENST00000680566.1	1865	31394	29529
ENST00000680569.1	38477	70683	32206
ENST00000680572.1	23096	165685	142589
ENST00000680574.1	131	38539	38408
ENST00000680578.1	0	37147	37147
ENST00000680579.1	201	40484	40283
ENST00000680580.1	21	24481	24460
ENST00000680581.1	5699	41306	35607
ENST00000680583.1	115401	159926	44525
ENST00000680584.1	2777	38034	35257
ENST00000680587.1	194	133671	133477
ENST00000680588.1	4130	5442	1312
ENST00000680590.1	75	31336	31261
ENST00000680591.1	89	2875	2786
ENST00000680593.1	849	18752	17903
ENST00000680596.1	1258	87990	86732
ENST00000680597.1	0	635	635
ENST00000680598.1	5238	49489	44251
ENST00000680601.1	118	686	568
ENST00000680602.1	676	36663	35987
ENST00000680603.1	4068	13628	9560
ENST00000680604.1	23096	176389	153293
ENST00000680605.1	0	376	376
ENST00000680606.1	347	20824	20477
ENST00000680607.1	12244	31459	19215
ENST00000680609.1	4483	18392	13909
ENST00000680610.1	161	8486	8325
ENST00000680612.1	132	485443	485311
ENST00000680613.1	357	16267	15910
ENST00000680614.1	6759	29698	22939
ENST00000680615.1	6099	15413	9314
ENST00000680618.1	6705	31426	24721
ENST00000680619.1	0	1107	1107
ENST00000680620.1	1217	22300	21083
ENST00000680622.1	0	370	370
ENST00000680623.1	156	27956	27800
ENST00000680627.1	22	13034	13012
ENST00000680629.1	5832	34489	28657
ENST00000680631.1	1133	10377	9244
ENST00000680632.1	7801	22614	14813
ENST00000680633.1	15629	26413	10784
ENST00000680636.1	78	34771	34693
ENST00000680639.1	3738	20760	17022
ENST00000680641.1	178103	196231	18128
ENST00000680642.1	19762	40013	20251
ENST00000680643.1	684	37631	36947
ENST00000680644.1	14047	29455	15408
ENST00000680645.1	975	40135	39160
ENST00000680646.1	732	10349	9617
ENST00000680649.1	59	40678	40619
ENST00000680651.1	0	12857	12857
ENST00000680652.1	27210	47904	20694
ENST00000680655.1	1828	23798	21970
ENST00000680656.1	89164	178648	89484
ENST00000680658.1	79020	83284	4264
ENST00000680659.1	78	13450	13372
ENST00000680661.1	39	10874	10835
ENST00000680662.1	21	7229	7208
ENST00000680663.1	153	8871	8718
ENST00000680664.1	2861	28551	25690
ENST00000680665.1	57143	163018	105875
ENST00000680667.1	1832	62735	60903
ENST00000680668.1	1641	58871	57230
ENST00000680670.1	18	4845	4827
ENST00000680671.1	92	50350	50258
ENST00000680673.1	20844	71415	50571
ENST00000680674.1	67811	130903	63092
ENST00000680675.1	28786	36737	7951
ENST00000680679.1	1124	27672	26548
ENST00000680681.1	2389	9126	6737
ENST00000680682.1	79020	83284	4264
ENST00000680683.1	36092	85022	48930
ENST00000680684.1	47145	82169	35024
ENST00000680685.1	185	8914	8729
ENST00000680686.1	4483	40844	36361
ENST00000680687.1	159	3333	3174
ENST00000680688.1	63	194404	194341
ENST00000680690.1	75530	97020	21490
ENST00000680691.1	357	8671	8314
ENST00000680694.1	357	10692	10335
ENST00000680695.1	30382	52626	22244
ENST00000680696.1	131	1109	978
ENST00000680699.1	131	821	690
ENST00000680700.1	4	40794	40790
ENST00000680704.1	0	130670	130670
ENST00000680707.1	9488	30781	21293
ENST00000680708.1	21758	37145	15387
ENST00000680709.1	623	32009	31386
ENST00000680710.1	3	72492	72489
ENST00000680714.1	3761	12285	8524
ENST00000680715.1	119	92354	92235
ENST00000680717.1	684	36569	35885
ENST00000680718.1	1488	44248	42760
ENST00000680720.1	0	370	370
ENST00000680724.1	5	44076	44071
ENST00000680725.1	159	34415	34256
ENST00000680726.1	4010	72982	68972
ENST00000680727.1	716	3497	2781
ENST00000680728.1	868	33521	32653
ENST00000680729.1	266	34484	34218
ENST00000680730.1	1015	3205	2190
ENST00000680731.1	1164	4132	2968
ENST00000680732.1	11713	17359	5646
ENST00000680733.1	44505	70080	25575
ENST00000680734.1	0	180	180
ENST00000680735.1	3118	88910	85792
ENST00000680736.1	47767	62589	14822
ENST00000680738.1	797	12819	12022
ENST00000680739.1	0	1029	1029
ENST00000680740.1	0	131110	131110
ENST00000680741.1	1921	30681	28760
ENST00000680742.1	3912	129573	125661
ENST00000680743.1	90	8305	8215
ENST00000680744.1	38	20355	20317
ENST00000680746.1	623	34776	34153
ENST00000680748.1	857	1437	580
ENST00000680749.1	357	25586	25229
ENST00000680752.1	48	1492	1444
ENST00000680753.1	652	15895	15243
ENST00000680754.1	9539	25318	15779
ENST00000680756.1	2316	51225	48909
ENST00000680757.1	106201	122789	16588
ENST00000680758.1	21	589	568
ENST00000680759.1	1287	73089	71802
ENST00000680760.1	5830	34487	28657
ENST00000680761.1	31	24491	24460
ENST00000680762.1	158	19039	18881
ENST00000680763.1	872	33595	32723
ENST00000680764.1	49	605	556
ENST00000680765.1	5366	46380	41014
ENST00000680766.1	222	180925	180703
ENST00000680767.2	83880	176282	92402
ENST00000680768.2	2014	148656	146642
ENST00000680770.1	44	132929	132885
ENST00000680771.1	1380	99974	98594
ENST00000680772.1	23321	95434	72113
ENST00000680775.1	4486	4969	483
ENST00000680776.1	5822	34479	28657
ENST00000680777.1	27229	47923	20694
ENST00000680778.1	1641	23565	21924
ENST00000680779.1	77	13676	13599
ENST00000680780.1	11147	33736	22589
ENST00000680781.1	653	17665	17012
ENST00000680782.1	3791	108470	104679
ENST00000680783.1	3638	20900	17262
ENST00000680784.1	11455	62275	50820
ENST00000680786.1	341	25586	25245
ENST00000680787.1	5144	5418	274
ENST00000680789.1	1284	18300	17016
ENST00000680790.1	52	149959	149907
ENST00000680792.1	14993	40010	25017
ENST00000680794.1	106	10275	10169
ENST00000680795.1	45675	49608	3933
ENST00000680796.1	0	172	172
ENST00000680797.1	20131	23374	3243
ENST00000680798.1	357	10692	10335
ENST00000680801.1	103	103217	103114
ENST00000680802.1	780	1150	370
ENST00000680803.1	17669	40221	22552
ENST00000680804.1	1847	22103	20256
ENST00000680805.1	357	39440	39083
ENST00000680806.1	32	21421	21389
ENST00000680808.1	119	71639	71520
ENST00000680809.1	9602	16264	6662
ENST00000680810.1	4651	26617	21966
ENST00000680811.1	3385	20407	17022
ENST00000680812.1	6759	31309	24550
ENST00000680814.1	543	73103	72560
ENST00000680816.1	67	6003	5936
ENST00000680817.1	5366	49540	44174
ENST00000680820.1	225	4845	4620
ENST00000680821.2	33	39591	39558
ENST00000680822.1	45683	176568	130885
ENST00000680823.1	1043	4818	3775
ENST00000680825.1	216	2835	2619
ENST00000680826.1	172837	210104	37267
ENST00000680827.1	9325	31148	21823
ENST00000680828.1	32864	70551	37687
ENST00000680829.1	1943	24296	22353
ENST00000680830.1	87292	195457	108165
ENST00000680831.1	861	31929	31068
ENST00000680832.1	208	4828	4620
ENST00000680833.1	104	29498	29394
ENST00000680834.1	0	4996	4996
ENST00000680835.1	0	6811	6811
ENST00000680837.1	6753	11680	4927
ENST00000680839.1	127035	158444	31409
ENST00000680840.1	63007	211644	148637
ENST00000680841.1	0	322	322
ENST00000680842.1	104	96854	96750
ENST00000680843.1	0	17991	17991
ENST00000680844.1	79	8160	8081
ENST00000680846.1	12361	17635	5274
ENST00000680847.1	9483	17253	7770
ENST00000680849.1	36067	84973	48906
ENST00000680850.1	3740	197408	193668
ENST00000680851.1	5	49000	48995
ENST00000680852.1	9527	27379	17852
ENST00000680853.1	0	14721	14721
ENST00000680854.1	19102	53288	34186
ENST00000680855.1	4130	4500	370
ENST00000680857.1	5274	56380	51106
ENST00000680858.1	0	15893	15893
ENST00000680859.1	5325	33101	27776
ENST00000680860.1	17180	30442	13262
ENST00000680861.1	1289	73258	71969
ENST00000680862.1	6455	39910	33455
ENST00000680863.1	274	121530	121256
ENST00000680864.1	15283	37328	22045
ENST00000680866.1	5943	39694	33751
ENST00000680870.1	2331	2701	370
ENST00000680871.1	0	48375	48375
ENST00000680872.1	111156	199228	88072
ENST00000680873.1	5366	23229	17863
ENST00000680874.1	119	82515	82396
ENST00000680875.1	124	20593	20469
ENST00000680877.1	1907	57274	55367
ENST00000680879.1	765	17452	16687
ENST00000680880.1	464	11284	10820
ENST00000680884.1	852	18923	18071
ENST00000680886.1	3448	13399	9951
ENST00000680887.1	389	92923	92534
ENST00000680888.1	17265	100131	82866
ENST00000680889.1	17511	51338	33827
ENST00000680890.1	0	4183	4183
ENST00000680891.1	387	14066	13679
ENST00000680892.1	2130	18337	16207
ENST00000680893.1	30	50432	50402
ENST00000680894.1	6759	31477	24718
ENST00000680899.1	165	13581	13416
ENST00000680900.1	0	775	775
ENST00000680902.1	4477	19935	15458
ENST00000680903.1	126	6494	6368
ENST00000680905.1	0	3126	3126
ENST00000680908.1	95	3459	3364
ENST00000680909.1	16952	17322	370
ENST00000680911.1	3075	28020	24945
ENST00000680913.1	1826	168451	166625
ENST00000680914.1	849	18758	17909
ENST00000680916.1	2596	17824	15228
ENST00000680917.1	44401	59173	14772
ENST00000680918.1	21588	34539	12951
ENST00000680919.1	10	10249	10239
ENST00000680921.1	47512	82536	35024
ENST00000680922.1	36085	59887	23802
ENST00000680923.1	5366	23229	17863
ENST00000680924.1	16352	53917	37565
ENST00000680926.1	22991	87544	64553
ENST00000680927.1	16042	72233	56191
ENST00000680928.1	19440	89279	69839
ENST00000680929.1	225	4845	4620
ENST00000680931.1	9752	33201	23449
ENST00000680933.1	3401	20423	17022
ENST00000680934.1	67	13520	13453
ENST00000680935.1	106584	123014	16430
ENST00000680936.1	7	5990	5983
ENST00000680937.1	9493	10497	1004
ENST00000680938.1	131	1120	989
ENST00000680940.1	5336	25714	20378
ENST00000680941.1	233	7243	7010
ENST00000680942.1	5870	34458	28588
ENST00000680943.1	5238	49489	44251
ENST00000680945.1	8779	20072	11293
ENST00000680947.1	75550	96773	21223
ENST00000680948.1	85	8300	8215
ENST00000680949.1	17891	46391	28500
ENST00000680951.1	0	12932	12932
ENST00000680952.1	222	180711	180489
ENST00000680953.1	784	152734	151950
ENST00000680954.1	17071	23733	6662
ENST00000680955.1	3759	5725	1966
ENST00000680956.1	878	207794	206916
ENST00000680960.1	10327	15606	5279
ENST00000680961.1	61222	657312	596090
ENST00000680962.1	75	21804	21729
ENST00000680963.1	2130	34794	32664
ENST00000680964.1	357	27434	27077
ENST00000680965.1	145302	211239	65937
ENST00000680966.1	106	6677	6571
ENST00000680968.1	280	2477	2197
ENST00000680969.1	0	82643	82643
ENST00000680970.1	3365	47612	44247
ENST00000680971.1	4337	9436	5099
ENST00000680972.1	1009	35844	34835
ENST00000680977.1	0	12251	12251
ENST00000680978.1	59	22679	22620
ENST00000680979.1	872	33595	32723
ENST00000680982.1	85280	86638	1358
ENST00000680984.1	6747	31569	24822
ENST00000680985.1	6755	11682	4927
ENST00000680986.1	5196	49497	44301
ENST00000680987.1	6611	25919	19308
ENST00000680988.1	220	3184	2964
ENST00000680990.1	8874	27287	18413
ENST00000680991.1	6018	37855	31837
ENST00000680992.1	19049	53235	34186
ENST00000680993.1	36059	56199	20140
ENST00000680995.1	460	12931	12471
ENST00000680996.1	5925	23950	18025
ENST00000680999.1	13	9641	9628
ENST00000681001.1	41	12529	12488
ENST00000681002.1	177	32538	32361
ENST00000681004.1	53	115591	115538
ENST00000681006.1	19096	40926	21830
ENST00000681007.1	25	24437	24412
ENST00000681009.1	55361	82306	26945
ENST00000681010.1	119	91569	91450
ENST00000681011.1	9966	23397	13431
ENST00000681012.1	9878	38514	28636
ENST00000681013.1	280	56989	56709
ENST00000681014.1	862	18830	17968
ENST00000681016.1	104	46586	46482
ENST00000681019.1	9608	9906	298
ENST00000681020.1	1710	18923	17213
ENST00000681021.1	0	115425	115425
ENST00000681022.1	7016	212393	205377
ENST00000681024.1	22338	100126	77788
ENST00000681025.1	18	92113	92095
ENST00000681026.1	2617	53949	51332
ENST00000681028.1	27217	116148	88931
ENST00000681030.1	17125	17495	370
ENST00000681031.1	16123	17465	1342
ENST00000681032.1	30	50113	50083
ENST00000681033.1	0	89571	89571
ENST00000681034.1	6688	527893	521205
ENST00000681036.1	15387	193885	178498
ENST00000681037.1	357	18545	18188
ENST00000681038.1	2532	33467	30935
ENST00000681039.1	5776	34433	28657
ENST00000681040.1	14374	15816	1442
ENST00000681041.1	11472	62453	50981
ENST00000681042.1	5290	55882	50592
ENST00000681043.1	45578	49687	4109
ENST00000681046.1	1347	79593	78246
ENST00000681047.1	21	7020	6999
ENST00000681050.1	1921	35443	33522
ENST00000681051.1	186	77368	77182
ENST00000681052.1	1280	4061	2781
ENST00000681053.1	21	17431	17410
ENST00000681054.1	39	3173	3134
ENST00000681056.1	3114	22840	19726
ENST00000681060.1	126	35419	35293
ENST00000681061.1	0	399	399
ENST00000681062.1	3807	108557	104750
ENST00000681063.1	357	26612	26255
ENST00000681064.1	186	54345	54159
ENST00000681065.1	45550	108332	62782
ENST00000681066.1	119	88867	88748
ENST00000681072.1	6726	31447	24721
ENST00000681073.1	5366	46457	41091
ENST00000681074.1	79020	83284	4264
ENST00000681075.2	254	6244	5990
ENST00000681076.1	6583	31301	24718
ENST00000681077.1	5	15479	15474
ENST00000681078.1	9289	77144	67855
ENST00000681079.1	14831	46409	31578
ENST00000681080.1	22747	34455	11708
ENST00000681082.1	182	174506	174324
ENST00000681083.1	88197	96519	8322
ENST00000681085.1	19	3862	3843
ENST00000681088.1	0	9246	9246
ENST00000681090.1	1941	38387	36446
ENST00000681092.1	2096	2552	456
ENST00000681093.1	18175	88014	69839
ENST00000681094.1	162	20631	20469
ENST00000681096.1	875	125535	124660
ENST00000681097.1	6371	72275	65904
ENST00000681098.1	0	3070	3070
ENST00000681099.1	2461	26774	24313
ENST00000681100.1	11	194858	194847
ENST00000681101.1	36080	147385	111305
ENST00000681102.1	0	105520	105520
ENST00000681103.1	8	34992	34984
ENST00000681104.1	5029	17606	12577
ENST00000681106.1	2130	34794	32664
ENST00000681107.1	128	8465	8337
ENST00000681108.1	248	4868	4620
ENST00000681109.1	0	2331	2331
ENST00000681111.1	2862	3232	370
ENST00000681112.1	2843	3310	467
ENST00000681113.1	154	56256	56102
ENST00000681115.1	1819	168394	166575
ENST00000681116.1	23114	161214	138100
ENST00000681117.1	30239	86823	56584
ENST00000681120.1	1028	9786	8758
ENST00000681121.1	1365	4120	2755
ENST00000681123.1	119	88971	88852
ENST00000681124.1	156	658	502
ENST00000681125.1	1011	1473	462
ENST00000681128.1	0	6097	6097
ENST00000681129.1	3097	27929	24832
ENST00000681130.1	20710	181108	160398
ENST00000681131.1	0	135419	135419
ENST00000681132.1	225	4845	4620
ENST00000681133.1	876	115092	114216
ENST00000681134.1	57	30614	30557
ENST00000681135.1	18339	53806	35467
ENST00000681137.1	48	15603	15555
ENST00000681138.1	191	121073	120882
ENST00000681139.1	1827	7643	5816
ENST00000681140.1	5238	49539	44301
ENST00000681141.1	4480	10069	5589
ENST00000681142.1	30030	98616	68586
ENST00000681143.1	643	164671	164028
ENST00000681144.1	6310	9597	3287
ENST00000681145.1	8	7007	6999
ENST00000681146.1	1827	24142	22315
ENST00000681147.1	43	3590	3547
ENST00000681149.1	12309	46495	34186
ENST00000681152.1	976	50516	49540
ENST00000681153.1	290	141709	141419
ENST00000681154.1	99	165005	164906
ENST00000681156.1	172	217677	217505
ENST00000681157.1	10	11776	11766
ENST00000681158.1	6875	70509	63634
ENST00000681160.1	10463	150233	139770
ENST00000681161.1	852	18615	17763
ENST00000681162.1	2511	63745	61234
ENST00000681163.1	51	7089	7038
ENST00000681164.1	870	33593	32723
ENST00000681165.1	118	10287	10169
ENST00000681168.1	6563	31284	24721
ENST00000681169.1	41	54333	54292
ENST00000681170.1	23476	39050	15574
ENST00000681172.1	153	8102	7949
ENST00000681174.1	106	1389	1283
ENST00000681175.1	1786	15963	14177
ENST00000681176.1	36086	64283	28197
ENST00000681177.1	0	105264	105264
ENST00000681178.1	4439	7065	2626
ENST00000681180.1	131	1479	1348
ENST00000681181.1	225	4845	4620
ENST00000681183.1	214	119825	119611
ENST00000681184.1	0	370	370
ENST00000681186.1	214	121295	121081
ENST00000681188.1	30697	33736	3039
ENST00000681189.1	14511	35505	20994
ENST00000681190.1	13273	76659	63386
ENST00000681191.1	11785	40442	28657
ENST00000681192.1	486	15658	15172
ENST00000681195.1	36127	85033	48906
ENST00000681198.1	287	1411	1124
ENST00000681200.1	5036	17910	12874
ENST00000681201.1	2005	10637	8632
ENST00000681202.1	87284	225384	138100
ENST00000681203.1	836	129998	129162
ENST00000681204.1	124	40609	40485
ENST00000681206.1	2150	39561	37411
ENST00000681207.1	1871	4497	2626
ENST00000681208.1	2746	50012	47266
ENST00000681209.1	357	8671	8314
ENST00000681210.1	138	352395	352257
ENST00000681211.1	0	298	298
ENST00000681213.1	2905	26213	23308
ENST00000681214.1	43712	49628	5916
ENST00000681216.1	0	24478	24478
ENST00000681218.1	208	4828	4620
ENST00000681219.1	143	1352	1209
ENST00000681220.1	5471	34270	28799
ENST00000681221.1	1965	24318	22353
ENST00000681223.1	8004	35164	27160
ENST00000681225.1	21	24481	24460
ENST00000681227.1	5238	46100	40862
ENST00000681228.1	72	13689	13617
ENST00000681229.1	90642	152378	61736
ENST00000681230.1	1288	4305	3017
ENST00000681231.1	9527	25342	15815
ENST00000681232.1	128	9384	9256
ENST00000681235.1	20550	26569	6019
ENST00000681237.1	35590	49440	13850
ENST00000681239.1	25438	51919	26481
ENST00000681240.1	126	892	766
ENST00000681241.1	46603	177399	130796
ENST00000681242.1	12732	34100	21368
ENST00000681243.1	9531	26925	17394
ENST00000681246.1	258	5226	4968
ENST00000681247.1	282	56672	56390
ENST00000681248.1	1401	25792	24391
ENST00000681249.1	963	49869	48906
ENST00000681250.1	24857	69817	44960
ENST00000681251.1	37	136720	136683
ENST00000681253.1	2906	53477	50571
ENST00000681254.1	118	10287	10169
ENST00000681255.1	2754	38014	35260
ENST00000681256.1	38115	70361	32246
ENST00000681257.1	100	138442	138342
ENST00000681260.1	62999	89199	26200
ENST00000681261.1	17511	51338	33827
ENST00000681262.1	0	30141	30141
ENST00000681264.1	43661	69869	26208
ENST00000681265.1	6759	30944	24185
ENST00000681266.1	5900	34557	28657
ENST00000681267.1	4477	20366	15889
ENST00000681268.1	5238	23163	17925
ENST00000681269.1	621	9724	9103
ENST00000681271.1	5258	25636	20378
ENST00000681272.1	486	16062	15576
ENST00000681273.1	544	172714	172170
ENST00000681274.1	83880	157097	73217
ENST00000681275.1	469	16064	15595
ENST00000681276.1	654	1024	370
ENST00000681277.1	10830	13456	2626
ENST00000681280.1	363	6502	6139
ENST00000681281.1	3056	10376	7320
ENST00000681282.1	33	6076	6043
ENST00000681283.1	119	85720	85601
ENST00000681285.1	1344	144898	143554
ENST00000681288.1	406	123196	122790
ENST00000681290.1	1659	335079	333420
ENST00000681291.1	127035	158444	31409
ENST00000681292.1	47789	62611	14822
ENST00000681294.1	124	19259	19135
ENST00000681295.1	822	40981	40159
ENST00000681299.1	0	1099	1099
ENST00000681301.1	4778	210003	205225
ENST00000681302.1	0	8712	8712
ENST00000681303.1	1044	50584	49540
ENST00000681304.1	629	1261	632
ENST00000681305.1	1364	144056	142692
ENST00000681306.1	137	34329	34192
ENST00000681308.1	37211	63140	25929
ENST00000681310.1	169	142143	141974
ENST00000681311.1	119	68418	68299
ENST00000681312.1	1308	10484	9176
ENST00000681313.1	5626	13325	7699
ENST00000681314.1	23902	44294	20392
ENST00000681316.1	47	39027	38980
ENST00000681317.1	486	198781	198295
ENST00000681318.1	11143	25179	14036
ENST00000681320.1	336	39800	39464
ENST00000681322.1	20186	78347	58161
ENST00000681323.1	0	23717	23717
ENST00000681324.1	0	23176	23176
ENST00000681325.1	594	17344	16750
ENST00000681327.1	22281	50863	28582
ENST00000681328.1	47	39012	38965
ENST00000681330.1	3552	3826	274
ENST00000681333.1	19323	37221	17898
ENST00000681334.1	473	72408	71935
ENST00000681335.1	543	18022	17479
ENST00000681336.1	126	889	763
ENST00000681337.1	4465	20354	15889
ENST00000681338.1	100	32598	32498
ENST00000681339.1	47	38926	38879
ENST00000681340.1	6004	211381	205377
ENST00000681343.1	5366	48559	43193
ENST00000681344.1	36023	84932	48909
ENST00000681345.1	21702	31399	9697
ENST00000681346.1	247	34810	34563
ENST00000681348.1	37	5182	5145
ENST00000681350.1	4130	4500	370
ENST00000681351.1	5943	23968	18025
ENST00000681354.1	89	115627	115538
ENST00000681355.1	36059	84968	48909
ENST00000681358.1	102	37401	37299
ENST00000681360.1	11276	12255	979
ENST00000681361.1	190	8405	8215
ENST00000681362.1	0	4728	4728
ENST00000681363.1	36090	78043	41953
ENST00000681365.1	7016	212393	205377
ENST00000681367.1	96	34835	34739
ENST00000681375.1	53	7516	7463
ENST00000681376.1	11505	14131	2626
ENST00000681379.1	25811	29853	4042
ENST00000681380.1	282	74478	74196
ENST00000681383.1	47350	82374	35024
ENST00000681384.1	5978	23828	17850
ENST00000681385.1	127029	158438	31409
ENST00000681386.1	0	332	332
ENST00000681387.1	8385	24727	16342
ENST00000681391.1	16858	37338	20480
ENST00000681393.1	12706	15526	2820
ENST00000681394.1	88	21817	21729
ENST00000681395.1	30	12514	12484
ENST00000681397.1	286	7889	7603
ENST00000681398.1	6639	9388	2749
ENST00000681399.1	61	29688	29627
ENST00000681400.1	79047	83311	4264
ENST00000681402.1	36947	49983	13036
ENST00000681404.1	8479	143398	134919
ENST00000681406.1	438	123070	122632
ENST00000681407.1	1210	16060	14850
ENST00000681408.1	2029	388901	386872
ENST00000681410.1	4473	24851	20378
ENST00000681411.1	40	154773	154733
ENST00000681412.1	222	179558	179336
ENST00000681413.1	97	6877	6780
ENST00000681414.1	3097	28034	24937
ENST00000681415.1	11792	40449	28657
ENST00000681416.1	1290	15033	13743
ENST00000681417.1	21	24481	24460
ENST00000681419.1	36080	79916	43836
ENST00000681420.1	2060	18732	16672
ENST00000681422.1	2950	5204	2254
ENST00000681423.1	26683	44509	17826
ENST00000681426.1	131	1386	1255
ENST00000681427.1	6387	12285	5898
ENST00000681430.1	357	27434	27077
ENST00000681431.1	6628	8318	1690
ENST00000681432.1	1865	15894	14029
ENST00000681433.1	5366	46305	40939
ENST00000681434.1	24303	60626	36323
ENST00000681435.1	5533	8073	2540
ENST00000681437.1	70	14536	14466
ENST00000681438.1	106	18595	18489
ENST00000681439.1	348	24107	23759
ENST00000681440.1	0	10047	10047
ENST00000681441.1	6358	27440	21082
ENST00000681443.1	4332	13572	9240
ENST00000681444.1	669	33369	32700
ENST00000681446.1	357	10692	10335
ENST00000681447.1	19051	53237	34186
ENST00000681449.1	27238	146836	119598
ENST00000681450.1	27	8242	8215
ENST00000681451.1	4810	32451	27641
ENST00000681454.1	25114	51509	26395
ENST00000681456.1	21957	37106	15149
ENST00000681458.1	899	1804	905
ENST00000681459.1	18579	40051	21472
ENST00000681462.1	460	4627	4167
ENST00000681463.1	8066	50234	42168
ENST00000681467.1	168	34446	34278
ENST00000681470.1	261448	392241	130793
ENST00000681471.1	5238	49462	44224
ENST00000681472.1	15696	68116	52420
ENST00000681473.1	167	1923	1756
ENST00000681474.1	36092	79562	43470
ENST00000681476.1	6738	31459	24721
ENST00000681477.1	61546	98899	37353
ENST00000681478.1	164853	182981	18128
ENST00000681479.1	5904	25988	20084
ENST00000681480.1	0	4090	4090
ENST00000681482.1	5380	49681	44301
ENST00000681483.1	33059	99332	66273
ENST00000681484.1	84883	111091	26208
ENST00000681488.1	141641	209090	67449
ENST00000681489.1	31	24491	24460
ENST00000681491.1	2788	38048	35260
ENST00000681492.1	41	194414	194373
ENST00000681493.1	36066	84969	48903
ENST00000681494.1	21807	37100	15293
ENST00000681495.1	1287	40684	39397
ENST00000681496.1	208	4828	4620
ENST00000681497.1	98	34629	34531
ENST00000681498.1	9221	49032	39811
ENST00000681500.1	0	36277	36277
ENST00000681501.1	15457	21980	6523
ENST00000681502.1	79565	96925	17360
ENST00000681504.1	6759	26157	19398
ENST00000681505.1	67	10142	10075
ENST00000681506.1	41651	87302	45651
ENST00000681507.1	8066	50234	42168
ENST00000681509.1	4483	21358	16875
ENST00000681510.1	322	159832	159510
ENST00000681511.1	6635	23360	16725
ENST00000681512.1	18	1834	1816
ENST00000681514.1	989	10092	9103
ENST00000681515.1	17165	17451	286
ENST00000681516.1	8066	50204	42138
ENST00000681518.1	0	2272	2272
ENST00000681519.1	100	31568	31468
ENST00000681521.1	413	174986	174573
ENST00000681522.1	7016	212393	205377
ENST00000681523.1	39	3173	3134
ENST00000681524.1	36125	59927	23802
ENST00000681525.1	5868	56879	51011
ENST00000681526.1	697	10311	9614
ENST00000681528.1	878	207883	207005
ENST00000681531.1	113	1227	1114
ENST00000681532.1	791	161204	160413
ENST00000681534.1	214	120052	119838
ENST00000681535.1	16920	24968	8048
ENST00000681536.1	119	56461	56342
ENST00000681537.1	1075	1692	617
ENST00000681538.1	36090	62537	26447
ENST00000681539.1	3103	28120	25017
ENST00000681541.1	15436	193934	178498
ENST00000681542.1	75	21464	21389
ENST00000681545.1	146	93325	93179
ENST00000681547.2	10188	56135	45947
ENST00000681548.1	30	8245	8215
ENST00000681549.1	4327	13444	9117
ENST00000681550.1	2788	6563	3775
ENST00000681551.1	3087	28029	24942
ENST00000681552.1	69	34050	33981
ENST00000681557.1	19	15795	15776
ENST00000681558.1	1288	40824	39536
ENST00000681559.1	22	5791	5769
ENST00000681560.1	0	2958	2958
ENST00000681562.1	0	1891	1891
ENST00000681564.1	38880	251480	212600
ENST00000681565.1	30	73000	72970
ENST00000681566.1	3819	18106	14287
ENST00000681567.1	5384	7829	2445
ENST00000681569.1	161	34531	34370
ENST00000681572.1	136	10224	10088
ENST00000681574.1	119	99768	99649
ENST00000681575.1	21	24481	24460
ENST00000681576.1	6747	11709	4962
ENST00000681577.1	131	900	769
ENST00000681579.1	4477	21850	17373
ENST00000681581.1	17714	49957	32243
ENST00000681583.1	96	34853	34757
ENST00000681584.1	0	172	172
ENST00000681585.1	78	30792	30714
ENST00000681586.1	10693	61674	50981
ENST00000681588.1	11368	21549	10181
ENST00000681590.1	11277	18910	7633
ENST00000681592.1	1865	15894	14029
ENST00000681593.1	87293	229882	142589
ENST00000681594.1	57	24469	24412
ENST00000681595.1	1721	3005	1284
ENST00000681596.1	136	1901	1765
ENST00000681598.1	36119	55756	19637
ENST00000681599.1	2456	26799	24343
ENST00000681601.1	183	103402	103219
ENST00000681602.1	24062	60523	36461
ENST00000681604.1	57	2426	2369
ENST00000681605.1	6602	8816	2214
ENST00000681606.1	678	64393	63715
ENST00000681607.1	5815	34472	28657
ENST00000681609.1	105587	159333	53746
ENST00000681610.1	124	31796	31672
ENST00000681611.1	1288	17022	15734
ENST00000681613.1	15457	22452	6995
ENST00000681615.1	2655	19461	16806
ENST00000681616.1	89	8304	8215
ENST00000681617.1	588	55710	55122
ENST00000681618.1	80	34150	34070
ENST00000681619.1	1287	73253	71966
ENST00000681620.1	124	20162	20038
ENST00000681621.1	357	10692	10335
ENST00000681622.1	14379	15821	1442
ENST00000681624.1	118	4707	4589
ENST00000681625.1	10	47205	47195
ENST00000681626.1	4356	25007	20651
ENST00000681627.1	589	17490	16901
ENST00000681629.1	5125	60787	55662
ENST00000681630.1	0	180	180
ENST00000681636.1	3070	28087	25017
ENST00000681637.1	1865	31394	29529
ENST00000681638.1	42	4200	4158
ENST00000681641.1	10756	13153	2397
ENST00000681642.1	0	25465	25465
ENST00000681644.1	403	14082	13679
ENST00000681649.1	0	1627	1627
ENST00000681650.1	11289	14518	3229
ENST00000681651.1	213	53373	53160
ENST00000681652.1	1777	52348	50571
ENST00000681653.1	15293	37427	22134
ENST00000681655.1	15725	74295	58570
ENST00000681656.1	0	55831	55831
ENST00000681657.1	128	9372	9244
ENST00000681658.1	286	7784	7498
ENST00000681659.1	4650	83097	78447
ENST00000681661.1	108574	200650	92076
ENST00000681664.1	2750	12446	9696
ENST00000681668.1	119	35788	35669
ENST00000681669.1	1364	144056	142692
ENST00000681670.1	5952	185814	179862
ENST00000681671.1	5776	34433	28657
ENST00000681672.1	2455	15964	13509
ENST00000681674.1	27054	51775	24721
ENST00000681676.1	5296	49520	44224
ENST00000681677.1	0	399	399
ENST00000681678.1	12732	33014	20282
ENST00000681679.1	41601	103909	62308
ENST00000681683.1	444	20170	19726
ENST00000681684.1	458	14389	13931
ENST00000681685.1	12732	46588	33856
ENST00000681686.1	15185	87731	72546
ENST00000681687.1	206361	299077	92716
ENST00000681688.1	3569	12804	9235
ENST00000681689.1	14379	15821	1442
ENST00000681691.1	124	39030	38906
ENST00000681693.1	849	18737	17888
ENST00000681694.1	236	3033	2797
ENST00000681695.1	36044	55681	19637
ENST00000681696.1	0	60362	60362
ENST00000681697.1	47605	82629	35024
ENST00000681698.1	103	4309	4206
ENST00000681699.1	21	24573	24552
ENST00000681700.1	48	13728	13680
ENST00000681701.1	0	6205	6205
ENST00000681702.1	3227	3597	370
ENST00000681705.1	124	21579	21455
ENST00000681710.1	1826	165112	163286
ENST00000681711.1	43	85756	85713
ENST00000681712.1	27022	51743	24721
ENST00000681713.1	5380	48650	43270
ENST00000681715.1	1721	2943	1222
ENST00000681716.1	38478	70684	32206
ENST00000681717.1	174711	244809	70098
ENST00000681718.1	122144	211628	89484
ENST00000681720.1	60	8275	8215
ENST00000681721.1	2130	34794	32664
ENST00000681722.1	238	179550	179312
ENST00000681723.1	5943	23968	18025
ENST00000681725.1	109	16374	16265
ENST00000681726.1	0	134	134
ENST00000681727.1	11026	15135	4109
ENST00000681728.1	204	15765	15561
ENST00000681732.1	81	115610	115529
ENST00000681733.1	6673	31394	24721
ENST00000681734.1	39	3110	3071
ENST00000681736.1	0	180	180
ENST00000681737.1	297	6383	6086
ENST00000681738.1	50	194334	194284
ENST00000681741.1	132	88304	88172
ENST00000681742.1	2287	27304	25017
ENST00000681746.1	32491	171363	138872
ENST00000681748.1	0	370	370
ENST00000681749.1	377	656	279
ENST00000681750.1	1802	48180	46378
ENST00000681751.1	4	11295	11291
ENST00000681752.1	43	40617	40574
ENST00000681756.1	1339	185751	184412
ENST00000681759.1	0	65140	65140
ENST00000681760.1	15987	17282	1295
ENST00000681761.1	644	1014	370
ENST00000681762.1	6747	17737	10990
ENST00000681763.1	206	50220	50014
ENST00000681764.1	57	28010	27953
ENST00000681765.1	21	24308	24287
ENST00000681766.1	941	47959	47018
ENST00000681767.1	194831	244646	49815
ENST00000681768.1	41023	70745	29722
ENST00000681769.1	1050	43740	42690
ENST00000681772.1	13421	19408	5987
ENST00000681776.1	1893	2113	220
ENST00000681777.1	4890	27499	22609
ENST00000681778.1	36060	135089	99029
ENST00000681780.1	287	23562	23275
ENST00000681783.1	0	20938	20938
ENST00000681785.1	35671	63992	28321
ENST00000681789.1	1288	2550	1262
ENST00000681790.1	8266	39127	30861
ENST00000681791.1	75	21641	21566
ENST00000681793.1	1082	82998	81916
ENST00000681794.1	59073	338797	279724
ENST00000681795.1	23020	23224	204
ENST00000681797.1	0	11495	11495
ENST00000681799.1	199154	249663	50509
ENST00000681801.1	50	194334	194284
ENST00000681802.2	7227	21614	14387
ENST00000681803.1	684	36906	36222
ENST00000681804.1	159	2699	2540
ENST00000681805.1	0	187988	187988
ENST00000681806.1	149	25850	25701
ENST00000681807.1	57	2426	2369
ENST00000681808.1	1287	73080	71793
ENST00000681809.1	51	11785	11734
ENST00000681810.1	4598	4968	370
ENST00000681811.1	61760	162641	100881
ENST00000681812.1	14896	27438	12542
ENST00000681816.1	60	132999	132939
ENST00000681817.1	131778	215283	83505
ENST00000681818.1	9527	25209	15682
ENST00000681819.1	20648	86918	66270
ENST00000681820.1	9682	49493	39811
ENST00000681821.1	644	1014	370
ENST00000681822.1	119	98503	98384
ENST00000681823.1	3595	11295	7700
ENST00000681824.1	83	352248	352165
ENST00000681827.1	19537	53723	34186
ENST00000681828.1	122144	211628	89484
ENST00000681829.1	3250	164344	161094
ENST00000681830.1	76305	104369	28064
ENST00000681833.1	0	1399	1399
ENST00000681838.1	2229	34255	32026
ENST00000681839.1	0	184384	184384
ENST00000681840.1	629	1249	620
ENST00000681841.1	7016	212393	205377
ENST00000681842.1	722	3503	2781
ENST00000681843.1	0	2820	2820
ENST00000681844.1	3448	13643	10195
ENST00000681845.1	8772	8900	128
ENST00000681847.1	0	213508	213508
ENST00000681849.1	5981	34638	28657
ENST00000681851.1	70	23012	22942
ENST00000681852.1	1534	3710	2176
ENST00000681854.1	0	3411	3411
ENST00000681856.1	85179	111343	26164
ENST00000681857.1	11732	40389	28657
ENST00000681858.1	172	34964	34792
ENST00000681859.1	119	56510	56391
ENST00000681860.1	164402	209224	44822
ENST00000681861.1	184	19583	19399
ENST00000681862.1	208	4828	4620
ENST00000681865.1	53	8548	8495
ENST00000681867.1	11868	40525	28657
ENST00000681869.1	0	27655	27655
ENST00000681870.1	2479	29201	26722
ENST00000681873.1	1827	20807	18980
ENST00000681874.1	322	78343	78021
ENST00000681875.1	23096	243580	220484
ENST00000681876.1	0	944	944
ENST00000681877.1	91	15734	15643
ENST00000681878.1	1047	36298	35251
ENST00000681879.1	17167	45603	28436
ENST00000681882.1	138	16041	15903
ENST00000681883.1	1865	15894	14029
ENST00000681885.1	0	108117	108117
ENST00000681886.1	58	20291	20233
ENST00000681888.1	27252	47946	20694
ENST00000681890.1	124	21579	21455
ENST00000681893.1	106	46588	46482
ENST00000681894.1	6759	31474	24715
ENST00000681895.1	11444	60152	48708
ENST00000681896.1	5832	34489	28657
ENST00000681898.1	854	1668	814
ENST00000681900.1	1066	1436	370
ENST00000681901.1	20550	26569	6019
ENST00000681902.1	131	165018	164887
ENST00000681903.1	26993	51714	24721
ENST00000681904.1	79021	83285	4264
ENST00000681905.1	9493	23830	14337
ENST00000681906.1	47789	69457	21668
ENST00000681907.1	18427	24744	6317
ENST00000681908.1	12559	34616	22057
ENST00000681909.1	2069	81391	79322
ENST00000681911.1	14379	15821	1442
ENST00000681912.1	25096	193923	168827
ENST00000681914.1	4423	4793	370
ENST00000681916.1	85	8315	8230
ENST00000681917.1	151	197676	197525
ENST00000681918.1	0	180	180
ENST00000681920.1	0	20235	20235
ENST00000681924.1	72851	161978	89127
ENST00000681926.1	1818	81143	79325
ENST00000681927.1	3275	9361	6086
ENST00000681928.1	23744	30966	7222
ENST00000681929.1	23654	45898	22244
ENST00000681932.1	106	9067	8961
ENST00000681933.1	15929	17209	1280
ENST00000681934.1	55	13759	13704
ENST00000681935.1	675	36798	36123
ENST00000681936.1	655	4430	3775
ENST00000681938.1	131	1628	1497
ENST00000681941.1	140	2103	1963
ENST00000681942.1	0	3297	3297
ENST00000681943.1	104163	137906	33743
ENST00000681944.1	5870	27856	21986
ENST00000681946.1	104761	196837	92076
ENST00000681948.1	3867	42048	38181
ENST00000681949.1	158	19721	19563
ENST00000681950.1	558	160581	160023
ENST00000681951.1	44	15967	15923
ENST00000681952.1	17236	100102	82866
ENST00000681955.1	40	7503	7463
ENST00000681956.1	100	31027	30927
ENST00000681957.1	5750	39501	33751
ENST00000681958.1	7555	52038	44483
ENST00000681962.1	185	46350	46165
ENST00000681963.1	790	27487	26697
ENST00000681964.1	8053	15747	7694
ENST00000681965.1	132336	132578	242
ENST00000681966.1	91829	129373	37544
ENST00000681967.1	0	41243	41243
ENST00000681968.1	15238	70749	55511
ENST00000681971.1	773	211384	210611
ENST00000681975.1	5532	689158	683626
ENST00000681976.1	4140	5301	1161
ENST00000681977.1	0	6614	6614
ENST00000681980.1	89933	95561	5628
ENST00000681981.1	442	90916	90474
ENST00000681982.1	90762	146611	55849
ENST00000681985.1	2459	18875	16416
ENST00000681986.1	59638	833606	773968
ENST00000681988.1	1143	27150	26007
ENST00000681998.1	0	18268	18268
ENST00000682002.1	7608	148337	140729
ENST00000682007.1	9100	61086	51986
ENST00000682008.1	167	16112	15945
ENST00000682009.1	12005	36799	24794
ENST00000682010.1	25888	41161	15273
ENST00000682013.1	9100	61086	51986
ENST00000682014.1	2191	18699	16508
ENST00000682015.1	35	78546	78511
ENST00000682016.1	83304	153921	70617
ENST00000682017.1	1200	190703	189503
ENST00000682018.1	6014	12473	6459
ENST00000682019.1	3439	24529	21090
ENST00000682020.1	43577	51744	8167
ENST00000682022.1	56442	89607	33165
ENST00000682023.1	60129	89565	29436
ENST00000682024.1	110882	144906	34024
ENST00000682025.1	1283	64760	63477
ENST00000682028.1	306	26955	26649
ENST00000682029.1	249132	282394	33262
ENST00000682030.1	7565	148389	140824
ENST00000682031.1	2680	44098	41418
ENST00000682033.1	406	97392	96986
ENST00000682034.1	67142	89136	21994
ENST00000682035.1	13292	51273	37981
ENST00000682036.1	21	63761	63740
ENST00000682037.1	334	74386	74052
ENST00000682038.1	35591	50154	14563
ENST00000682040.1	12661	23278	10617
ENST00000682042.1	9276	76961	67685
ENST00000682044.1	0	1465	1465
ENST00000682045.1	6154	71599	65445
ENST00000682046.1	11086	31174	20088
ENST00000682047.1	14333	51577	37244
ENST00000682050.1	441	42723	42282
ENST00000682054.1	784	211883	211099
ENST00000682055.1	502	16443	15941
ENST00000682056.1	0	30643	30643
ENST00000682057.1	53266	89099	35833
ENST00000682058.1	1111	5964	4853
ENST00000682059.1	1	6087	6086
ENST00000682061.1	10674	31124	20450
ENST00000682065.1	408	108076	107668
ENST00000682066.1	74071	163578	89507
ENST00000682067.1	0	19054	19054
ENST00000682068.1	562	111990	111428
ENST00000682069.1	34390	35744	1354
ENST00000682071.1	0	252436	252436
ENST00000682074.1	14447	14715	268
ENST00000682075.1	1868	135271	133403
ENST00000682076.1	8924	15605	6681
ENST00000682079.1	229124	311816	82692
ENST00000682082.1	196	34485	34289
ENST00000682083.1	108109	138338	30229
ENST00000682085.1	3287	136952	133665
ENST00000682088.1	25367	36538	11171
ENST00000682090.1	218021	889959	671938
ENST00000682093.1	16712	24858	8146
ENST00000682094.1	8914	46302	37388
ENST00000682095.1	2867	67008	64141
ENST00000682097.1	167	95477	95310
ENST00000682098.1	3	3845	3842
ENST00000682100.1	7578	148402	140824
ENST00000682101.1	80265	97173	16908
ENST00000682102.1	1088	7496	6408
ENST00000682103.1	5532	18739	13207
ENST00000682104.1	92	55818	55726
ENST00000682105.1	1829	16347	14518
ENST00000682108.1	0	208878	208878
ENST00000682109.1	0	10426	10426
ENST00000682112.1	99624	247710	148086
ENST00000682114.1	68	2681	2613
ENST00000682115.1	5532	532635	527103
ENST00000682117.1	35	23668	23633
ENST00000682118.1	1748	27427	25679
ENST00000682119.1	0	33210	33210
ENST00000682122.1	200	19255	19055
ENST00000682123.1	1112	26973	25861
ENST00000682124.1	0	17891	17891
ENST00000682126.1	1501	116034	114533
ENST00000682128.1	880	1317	437
ENST00000682129.1	2488	67614	65126
ENST00000682131.1	1692	56476	54784
ENST00000682132.1	88340	92298	3958
ENST00000682133.1	2759	90856	88097
ENST00000682136.1	1733	4382	2649
ENST00000682140.1	2809	87922	85113
ENST00000682142.1	1673	36721	35048
ENST00000682144.1	2242	23130	20888
ENST00000682150.1	263	138323	138060
ENST00000682152.1	0	379208	379208
ENST00000682153.1	482	852130	851648
ENST00000682157.1	1939	34609	32670
ENST00000682161.1	1058	26989	25931
ENST00000682162.1	19707	22314	2607
ENST00000682164.1	12016	435108	423092
ENST00000682166.1	615095	723053	107958
ENST00000682167.1	58	35392	35334
ENST00000682169.1	0	6385	6385
ENST00000682171.1	1194	72237	71043
ENST00000682172.1	1393	10086	8693
ENST00000682173.1	0	24122	24122
ENST00000682174.1	60129	70054	9925
ENST00000682176.1	0	57570	57570
ENST00000682177.1	5334	31475	26141
ENST00000682180.1	0	14552	14552
ENST00000682181.1	56	9818	9762
ENST00000682184.1	790	27990	27200
ENST00000682187.1	38999	50170	11171
ENST00000682188.1	407	37696	37289
ENST00000682190.1	9276	90177	80901
ENST00000682193.1	11301	11667	366
ENST00000682194.1	0	2941	2941
ENST00000682195.1	502	16199	15697
ENST00000682200.1	584	7450	6866
ENST00000682203.1	57124	135219	78095
ENST00000682204.1	35732	85577	49845
ENST00000682205.1	19118	56362	37244
ENST00000682206.1	44	8845	8801
ENST00000682208.1	10	16944	16934
ENST00000682209.1	89933	95561	5628
ENST00000682212.1	15	23847	23832
ENST00000682213.1	120	161507	161387
ENST00000682214.1	15771	71395	55624
ENST00000682216.1	0	249327	249327
ENST00000682217.1	2620	73989	71369
ENST00000682221.1	12032	93665	81633
ENST00000682222.1	5532	536637	531105
ENST00000682223.1	147	18093	17946
ENST00000682227.1	1370	84357	82987
ENST00000682229.1	1673	145537	143864
ENST00000682230.1	2389	226236	223847
ENST00000682232.1	4809	5799	990
ENST00000682234.1	478	457667	457189
ENST00000682237.1	311	19078	18767
ENST00000682238.1	2597	658257	655660
ENST00000682239.1	799	98769	97970
ENST00000682240.1	56	2403	2347
ENST00000682241.2	40	24923	24883
ENST00000682242.1	1378	12842	11464
ENST00000682243.1	63276	83240	19964
ENST00000682247.1	286	45972	45686
ENST00000682249.1	13463	41825	28362
ENST00000682250.1	12122	27302	15180
ENST00000682253.1	83199	149997	66798
ENST00000682254.1	1332	4204	2872
ENST00000682258.1	4671	208565	203894
ENST00000682262.1	1923	18741	16818
ENST00000682264.1	7534	61233	53699
ENST00000682265.1	11156	13056	1900
ENST00000682266.1	34234	88880	54646
ENST00000682267.1	3998	22145	18147
ENST00000682270.1	769	92473	91704
ENST00000682272.1	2195	235111	232916
ENST00000682274.1	1920	57408	55488
ENST00000682275.1	7606	35314	27708
ENST00000682277.1	0	109213	109213
ENST00000682278.1	4260	193524	189264
ENST00000682279.1	901	12777	11876
ENST00000682281.1	8987	272078	263091
ENST00000682282.1	241	6069	5828
ENST00000682283.1	522	314317	313795
ENST00000682284.1	132	63031	62899
ENST00000682287.1	80337	84379	4042
ENST00000682288.1	38133	85538	47405
ENST00000682290.1	0	86491	86491
ENST00000682291.1	729	107640	106911
ENST00000682292.1	25941	142962	117021
ENST00000682293.1	263	210803	210540
ENST00000682295.1	6849	20586	13737
ENST00000682299.1	337	42050	41713
ENST00000682300.1	1283	64760	63477
ENST00000682301.1	356	121592	121236
ENST00000682303.1	107505	107803	298
ENST00000682304.1	2867	3043	176
ENST00000682305.1	3220	8194	4974
ENST00000682306.1	2129	28479	26350
ENST00000682308.1	1110	112524	111414
ENST00000682309.1	0	2918	2918
ENST00000682315.1	1232	44872	43640
ENST00000682316.1	9131	46889	37758
ENST00000682317.1	11612	40745	29133
ENST00000682318.1	584	7340	6756
ENST00000682321.1	2907	298472	295565
ENST00000682322.1	2683	149320	146637
ENST00000682323.1	443	34143	33700
ENST00000682324.1	91	8598	8507
ENST00000682325.1	6859	13880	7021
ENST00000682326.1	748	6059	5311
ENST00000682327.1	41564	51810	10246
ENST00000682330.1	647	385531	384884
ENST00000682331.1	729	107381	106652
ENST00000682334.1	7608	148235	140627
ENST00000682336.1	0	644042	644042
ENST00000682337.1	0	59491	59491
ENST00000682338.1	4154	18616	14462
ENST00000682341.1	460	89405	88945
ENST00000682342.2	197	37057	36860
ENST00000682343.2	0	64724	64724
ENST00000682345.1	332	10186	9854
ENST00000682347.1	0	9055	9055
ENST00000682348.1	17596	36454	18858
ENST00000682350.1	1040	2856	1816
ENST00000682351.1	1867	34529	32662
ENST00000682352.1	1890	34461	32571
ENST00000682356.1	106	11759	11653
ENST00000682357.1	2020	27335	25315
ENST00000682359.1	12035	150515	138480
ENST00000682360.1	14348	41108	26760
ENST00000682361.1	115	5135	5020
ENST00000682362.1	24159	40927	16768
ENST00000682363.1	145	92049	91904
ENST00000682364.1	3	26766	26763
ENST00000682367.1	7578	148402	140824
ENST00000682369.1	851	17257	16406
ENST00000682371.1	407	17588	17181
ENST00000682373.1	0	44960	44960
ENST00000682374.1	33867	89876	56009
ENST00000682375.1	36034	48608	12574
ENST00000682377.1	0	2199	2199
ENST00000682379.1	1870	34532	32662
ENST00000682382.1	16889	41852	24963
ENST00000682383.1	5784	8020	2236
ENST00000682384.1	3107	33917	30810
ENST00000682385.1	3850	233418	229568
ENST00000682386.1	1022	3510	2488
ENST00000682387.1	1829	21022	19193
ENST00000682389.1	66	34165	34099
ENST00000682390.1	0	3576	3576
ENST00000682392.1	12178	42148	29970
ENST00000682393.1	41	13475	13434
ENST00000682396.1	39279	44176	4897
ENST00000682397.1	556	7312	6756
ENST00000682399.1	16	866	850
ENST00000682402.1	9100	77269	68169
ENST00000682403.1	614	7370	6756
ENST00000682406.1	262588	263933	1345
ENST00000682407.1	58133	223840	165707
ENST00000682408.1	1714	10211	8497
ENST00000682412.1	43377	89351	45974
ENST00000682413.1	3159	390081	386922
ENST00000682414.1	1219	22384	21165
ENST00000682416.1	344	210981	210637
ENST00000682419.1	263	138323	138060
ENST00000682421.1	6690	32816	26126
ENST00000682423.1	1881	32790	30909
ENST00000682424.1	1776	8217	6441
ENST00000682427.1	0	2402	2402
ENST00000682429.1	15492	36778	21286
ENST00000682440.1	4994	7002	2008
ENST00000682444.1	1092	33085	31993
ENST00000682445.1	62	21692	21630
ENST00000682446.1	80111	135960	55849
ENST00000682447.1	364	892895	892531
ENST00000682449.1	16648	36596	19948
ENST00000682453.1	2033	184001	181968
ENST00000682454.1	60337	89266	28929
ENST00000682455.1	40855	89958	49103
ENST00000682456.1	191	37956	37765
ENST00000682458.1	9284	77453	68169
ENST00000682460.1	37860	104572	66712
ENST00000682461.1	27131	32879	5748
ENST00000682462.1	188	726778	726590
ENST00000682464.1	2729	90829	88100
ENST00000682465.1	2857	4893	2036
ENST00000682466.1	28330	36249	7919
ENST00000682467.1	2349	47740	45391
ENST00000682469.1	22	38039	38017
ENST00000682470.1	19124	56368	37244
ENST00000682472.1	0	651222	651222
ENST00000682474.1	694	3428	2734
ENST00000682476.1	769	156662	155893
ENST00000682477.1	115152	181561	66409
ENST00000682479.1	152	194044	193892
ENST00000682480.1	93	111599	111506
ENST00000682481.1	1075	3376	2301
ENST00000682482.1	252	37371	37119
ENST00000682483.1	262547	374244	111697
ENST00000682488.1	22	6979	6957
ENST00000682489.1	680	209490	208810
ENST00000682491.1	1194	72110	70916
ENST00000682493.1	15421	37020	21599
ENST00000682495.1	42102	104540	62438
ENST00000682497.1	1194	91748	90554
ENST00000682500.1	12016	351422	339406
ENST00000682501.1	36052	106353	70301
ENST00000682504.1	107890	136689	28799
ENST00000682506.1	372	694996	694624
ENST00000682507.1	1172	27179	26007
ENST00000682510.1	23028	483357	460329
ENST00000682513.1	687	464200	463513
ENST00000682515.1	1094	26955	25861
ENST00000682519.1	263	138323	138060
ENST00000682520.1	3826	36891	33065
ENST00000682523.1	52889	54963	2074
ENST00000682525.1	56509	56737	228
ENST00000682527.1	969	18052	17083
ENST00000682530.1	403	25795	25392
ENST00000682532.1	2479	4361	1882
ENST00000682533.1	41535	81189	39654
ENST00000682536.1	31058	82607	51549
ENST00000682537.1	46	5539	5493
ENST00000682539.1	0	1432	1432
ENST00000682540.1	491	137139	136648
ENST00000682541.1	130	57564	57434
ENST00000682542.1	18175	20033	1858
ENST00000682543.1	25263	36434	11171
ENST00000682544.1	291	727127	726836
ENST00000682545.1	49	5912	5863
ENST00000682546.1	846	112331	111485
ENST00000682547.1	0	43133	43133
ENST00000682549.1	10686	88496	77810
ENST00000682550.1	1513	117567	116054
ENST00000682553.1	104	15400	15296
ENST00000682555.1	2110	18703	16593
ENST00000682557.1	6001	79002	73001
ENST00000682558.1	1758	34420	32662
ENST00000682559.1	34549	104688	70139
ENST00000682560.1	3813	5801	1988
ENST00000682562.1	226	5682	5456
ENST00000682564.1	1673	145379	143706
ENST00000682565.1	0	198041	198041
ENST00000682570.1	576	10636	10060
ENST00000682571.1	0	8118	8118
ENST00000682573.1	56130	843596	787466
ENST00000682575.1	0	132874	132874
ENST00000682576.1	1088	5941	4853
ENST00000682577.1	0	18268	18268
ENST00000682578.1	461	82698	82237
ENST00000682579.1	7256	34990	27734
ENST00000682581.1	114706	187931	73225
ENST00000682582.1	5867	69099	63232
ENST00000682585.1	7637	112217	104580
ENST00000682587.1	47	27427	27380
ENST00000682592.1	1890	14536	12646
ENST00000682593.1	21145	76919	55774
ENST00000682596.1	104754	118702	13948
ENST00000682600.1	2683	149385	146702
ENST00000682603.1	998	18385	17387
ENST00000682605.1	668	34347	33679
ENST00000682606.1	139	26455	26316
ENST00000682607.1	8773	71992	63219
ENST00000682611.1	2342	72274	69932
ENST00000682612.1	3608	27124	23516
ENST00000682614.1	768	16770	16002
ENST00000682616.1	8053	15959	7906
ENST00000682617.1	28	31080	31052
ENST00000682618.1	3770	13386	9616
ENST00000682621.1	269	5101	4832
ENST00000682622.1	40860	44476	3616
ENST00000682624.1	21	3891	3870
ENST00000682625.1	34	5728	5694
ENST00000682626.1	10	26657	26647
ENST00000682628.1	537	10158	9621
ENST00000682631.1	21753	24462	2709
ENST00000682633.1	2759	71345	68586
ENST00000682634.1	0	4620	4620
ENST00000682636.1	619	11302	10683
ENST00000682639.1	0	342	342
ENST00000682641.1	635	48465	47830
ENST00000682642.1	601	11022	10421
ENST00000682643.1	29405	43469	14064
ENST00000682647.1	2288	6090	3802
ENST00000682650.1	2796	28871	26075
ENST00000682651.1	335	48130	47795
ENST00000682654.1	55104	66467	11363
ENST00000682655.1	1182	6691	5509
ENST00000682657.1	5974	30996	25022
ENST00000682658.1	17982	36339	18357
ENST00000682659.1	4	8452	8448
ENST00000682660.1	442	90740	90298
ENST00000682662.1	0	22294	22294
ENST00000682663.1	8668	30012	21344
ENST00000682664.1	1140	56079	54939
ENST00000682666.1	133909	266882	132973
ENST00000682668.1	0	9903	9903
ENST00000682669.1	408	108020	107612
ENST00000682670.1	9100	67128	58028
ENST00000682672.1	0	22648	22648
ENST00000682674.1	285	68308	68023
ENST00000682679.1	0	92816	92816
ENST00000682682.1	887	91280	90393
ENST00000682685.1	20697	76471	55774
ENST00000682686.1	0	643968	643968
ENST00000682687.1	117	57571	57454
ENST00000682688.1	38103	89427	51324
ENST00000682689.1	9138	60058	50920
ENST00000682694.1	60337	89266	28929
ENST00000682695.1	393	136890	136497
ENST00000682696.1	2512	6977	4465
ENST00000682697.1	1081	190345	189264
ENST00000682699.1	14985	23712	8727
ENST00000682700.1	0	59802	59802
ENST00000682701.1	134	93496	93362
ENST00000682704.1	414	471561	471147
ENST00000682707.1	1092	211762	210670
ENST00000682708.1	957	11999	11042
ENST00000682710.1	32620	237191	204571
ENST00000682711.1	111095	148978	37883
ENST00000682715.1	197	177870	177673
ENST00000682717.1	9145	76708	67563
ENST00000682719.1	1416	56818	55402
ENST00000682720.1	691	39836	39145
ENST00000682721.1	27036	32804	5768
ENST00000682722.1	146	193899	193753
ENST00000682723.1	1344	26951	25607
ENST00000682725.1	2459	18875	16416
ENST00000682726.1	6702	27590	20888
ENST00000682727.1	130	71224	71094
ENST00000682728.1	8782	10672	1890
ENST00000682729.1	1148	1340	192
ENST00000682731.1	8053	15959	7906
ENST00000682733.1	21631	47773	26142
ENST00000682734.1	31226	36944	5718
ENST00000682735.1	25039	36210	11171
ENST00000682736.1	142	21348	21206
ENST00000682737.1	631	27391	26760
ENST00000682738.1	442	90809	90367
ENST00000682739.1	80025	140413	60388
ENST00000682740.1	208	69394	69186
ENST00000682743.1	490	209489	208999
ENST00000682748.1	378	40650	40272
ENST00000682749.1	4142	304047	299905
ENST00000682752.1	6199	10603	4404
ENST00000682753.1	62	21611	21549
ENST00000682755.1	4160	185907	181747
ENST00000682756.1	77579	78109	530
ENST00000682758.1	7876	1737724	1729848
ENST00000682761.1	0	103616	103616
ENST00000682762.1	91734	210745	119011
ENST00000682763.1	10563	71463	60900
ENST00000682764.1	21750	23566	1816
ENST00000682765.1	45	18881	18836
ENST00000682766.1	4773	65014	60241
ENST00000682768.1	967	7422	6455
ENST00000682771.1	19	7497	7478
ENST00000682772.1	1513	38163	36650
ENST00000682773.1	2673	63243	60570
ENST00000682774.1	18123	27952	9829
ENST00000682775.1	1336	102699	101363
ENST00000682776.1	38628	70441	31813
ENST00000682779.1	569	112048	111479
ENST00000682780.1	0	12371	12371
ENST00000682783.1	582	11969	11387
ENST00000682784.1	1868	16386	14518
ENST00000682786.1	1520	69880	68360
ENST00000682787.1	1777	31319	29542
ENST00000682788.1	2866	82773	79907
ENST00000682790.1	582	4182	3600
ENST00000682791.1	478	6261	5783
ENST00000682792.1	364	9550	9186
ENST00000682793.1	3508	17970	14462
ENST00000682795.1	371	46048	45677
ENST00000682797.1	44	8845	8801
ENST00000682799.1	1874	32783	30909
ENST00000682800.1	8803	76488	67685
ENST00000682801.1	0	202024	202024
ENST00000682802.1	2302	27941	25639
ENST00000682803.1	11933	19918	7985
ENST00000682809.1	886	8767	7881
ENST00000682810.1	3587	192765	189178
ENST00000682811.1	1000	5953	4953
ENST00000682815.1	12035	97665	85630
ENST00000682816.1	263	137313	137050
ENST00000682822.1	21099	76873	55774
ENST00000682825.1	59193	361209	302016
ENST00000682826.1	9	9251	9242
ENST00000682827.1	1920	57408	55488
ENST00000682830.1	4676	7378	2702
ENST00000682831.1	38	11396	11358
ENST00000682832.2	333	73878	73545
ENST00000682833.1	16597	43644	27047
ENST00000682835.1	547	644547	644000
ENST00000682836.1	5847	8205	2358
ENST00000682837.1	0	26301	26301
ENST00000682838.1	3500	7074	3574
ENST00000682839.1	862	15233	14371
ENST00000682840.1	258	131761	131503
ENST00000682841.1	303	18856	18553
ENST00000682843.1	27131	32873	5742
ENST00000682844.1	1956	14216	12260
ENST00000682846.1	1720	298414	296694
ENST00000682847.1	1939	34601	32662
ENST00000682848.1	1870	34441	32571
ENST00000682849.1	196	4842	4646
ENST00000682850.1	224	12372	12148
ENST00000682851.1	18474	34174	15700
ENST00000682852.1	66	27451	27385
ENST00000682854.1	67595	89081	21486
ENST00000682855.1	14361	51605	37244
ENST00000682856.2	48	6701	6653
ENST00000682858.1	9299	76984	67685
ENST00000682859.1	0	202588	202588
ENST00000682860.1	730	26597	25867
ENST00000682861.1	3	129159	129156
ENST00000682862.1	0	30572	30572
ENST00000682871.1	143	169978	169835
ENST00000682872.1	23682	126801	103119
ENST00000682875.1	1344	37435	36091
ENST00000682876.1	109	71340	71231
ENST00000682878.1	67595	89084	21489
ENST00000682879.1	113669	137838	24169
ENST00000682880.1	1097	9464	8367
ENST00000682881.1	143	24540	24397
ENST00000682882.1	146060	276216	130156
ENST00000682885.1	334	111778	111444
ENST00000682887.1	0	5183	5183
ENST00000682888.1	31780	90438	58658
ENST00000682890.1	117	67645	67528
ENST00000682892.1	798	41587	40789
ENST00000682896.1	113016	211534	98518
ENST00000682897.1	2423	2627	204
ENST00000682901.1	263	161967	161704
ENST00000682903.1	27373	32543	5170
ENST00000682905.1	1094	26988	25894
ENST00000682906.1	592	7348	6756
ENST00000682907.1	594	10423	9829
ENST00000682908.1	0	161835	161835
ENST00000682911.1	2457	66069	63612
ENST00000682912.1	1626	44102	42476
ENST00000682913.1	3	233956	233953
ENST00000682914.1	26730	96229	69499
ENST00000682915.1	5496	68586	63090
ENST00000682916.1	9	27628	27619
ENST00000682918.1	158	200042	199884
ENST00000682920.1	141	3345	3204
ENST00000682922.1	1415	121045	119630
ENST00000682923.1	300883	374108	73225
ENST00000682924.1	30108	646894	616786
ENST00000682925.1	606	3990	3384
ENST00000682927.1	6188	38263	32075
ENST00000682928.1	4419	15599	11180
ENST00000682929.1	19	7497	7478
ENST00000682930.1	14873	102896	88023
ENST00000682931.1	5992	26890	20898
ENST00000682932.1	1370	84357	82987
ENST00000682937.1	9100	67265	58165
ENST00000682938.1	263	211090	210827
ENST00000682939.1	1194	91467	90273
ENST00000682941.1	5309	209052	203743
ENST00000682943.1	156	160518	160362
ENST00000682944.1	1309	96163	94854
ENST00000682945.1	2241	1731889	1729648
ENST00000682946.1	1882	5853	3971
ENST00000682950.1	378	13965	13587
ENST00000682953.1	315	1482	1167
ENST00000682954.1	9100	63916	54816
ENST00000682957.1	14639	17575	2936
ENST00000682958.1	14877	55294	40417
ENST00000682961.1	602	109744	109142
ENST00000682963.1	29509	33994	4485
ENST00000682965.1	9839	87265	77426
ENST00000682968.1	1729	17300	15571
ENST00000682969.1	2130	18273	16143
ENST00000682971.1	2249	191513	189264
ENST00000682972.1	110882	276325	165443
ENST00000682973.1	0	816	816
ENST00000682977.1	517	63403	62886
ENST00000682978.1	14690	31048	16358
ENST00000682979.1	38246	78629	40383
ENST00000682980.1	10	16575	16565
ENST00000682981.1	240	137373	137133
ENST00000682983.1	355	142147	141792
ENST00000682984.1	21	64177	64156
ENST00000682985.1	41564	51848	10284
ENST00000682988.1	6499	6865	366
ENST00000682989.1	2868	182859	179991
ENST00000682990.1	2805	26062	23257
ENST00000682991.1	975	91316	90341
ENST00000682992.1	6640	19146	12506
ENST00000682993.1	12065	150777	138712
ENST00000682995.1	38628	70441	31813
ENST00000682996.1	100	91628	91528
ENST00000682997.2	1942	8953	7011
ENST00000682998.1	1874	25055	23181
ENST00000683000.1	12048	150760	138712
ENST00000683001.1	0	108317	108317
ENST00000683002.1	2609	25643	23034
ENST00000683003.1	5889	31068	25179
ENST00000683004.1	141	9484	9343
ENST00000683005.1	8867	58354	49487
ENST00000683012.1	31822	32458	636
ENST00000683014.1	1058	26886	25828
ENST00000683015.1	0	1708	1708
ENST00000683016.1	1874	14520	12646
ENST00000683018.1	523	22551	22028
ENST00000683020.1	15492	36778	21286
ENST00000683021.1	0	241950	241950
ENST00000683022.1	41110	44088	2978
ENST00000683023.1	37704	344493	306789
ENST00000683024.1	1950	13646	11696
ENST00000683025.1	13179	18389	5210
ENST00000683030.1	0	296	296
ENST00000683032.1	2797	28961	26164
ENST00000683033.1	296968	875183	578215
ENST00000683034.1	690	15548	14858
ENST00000683035.1	162	29938	29776
ENST00000683036.1	1939	34601	32662
ENST00000683039.1	2033	184001	181968
ENST00000683040.1	7542	94466	86924
ENST00000683041.1	120	161646	161526
ENST00000683044.1	106	21434	21328
ENST00000683046.1	8600	79432	70832
ENST00000683047.1	2002	3494	1492
ENST00000683048.1	7242	24035	16793
ENST00000683049.1	6354	96116	89762
ENST00000683050.1	26739	56409	29670
ENST00000683052.1	748	72118	71370
ENST00000683055.1	136	22476	22340
ENST00000683056.1	144969	174443	29474
ENST00000683057.1	1242	54476	53234
ENST00000683059.1	3972	26000	22028
ENST00000683060.1	482	26215	25733
ENST00000683063.1	7578	91494	83916
ENST00000683064.1	18450	44187	25737
ENST00000683067.1	146	137279	137133
ENST00000683068.1	2884	5553	2669
ENST00000683073.1	24679	89849	65170
ENST00000683074.1	108109	136908	28799
ENST00000683076.1	2242	155033	152791
ENST00000683078.1	0	26301	26301
ENST00000683079.1	161	18555	18394
ENST00000683081.1	80	9423	9343
ENST00000683085.1	12328	90347	78019
ENST00000683086.1	544	13852	13308
ENST00000683091.1	1664	43042	41378
ENST00000683092.1	262621	328532	65911
ENST00000683094.1	55	8702	8647
ENST00000683095.1	1187	1934	747
ENST00000683097.1	27864	89251	61387
ENST00000683098.1	128	62844	62716
ENST00000683101.1	2410	30062	27652
ENST00000683102.1	0	148	148
ENST00000683103.1	158	35015	34857
ENST00000683104.1	1824	135394	133570
ENST00000683105.1	16495	141177	124682
ENST00000683109.1	2349	23468	21119
ENST00000683111.1	49	45043	44994
ENST00000683112.1	7573	148421	140848
ENST00000683116.1	12031	35142	23111
ENST00000683118.1	9276	76839	67563
ENST00000683119.1	41535	81189	39654
ENST00000683121.1	6582	82259	75677
ENST00000683125.1	850	112445	111595
ENST00000683126.1	60026	89664	29638
ENST00000683127.1	600	8078	7478
ENST00000683128.1	337	104375	104038
ENST00000683129.1	87554	91512	3958
ENST00000683130.1	4700	34603	29903
ENST00000683131.1	1088	3389	2301
ENST00000683133.1	19002	32780	13778
ENST00000683134.1	0	756	756
ENST00000683135.1	96	22093	21997
ENST00000683136.1	97	88467	88370
ENST00000683137.1	11718	434064	422346
ENST00000683139.1	3037	132506	129469
ENST00000683140.1	89933	95561	5628
ENST00000683141.1	2174	59537	57363
ENST00000683143.1	4311	5330	1019
ENST00000683144.1	35	8627	8592
ENST00000683146.1	0	136538	136538
ENST00000683149.1	1914	21107	19193
ENST00000683150.1	4476	6512	2036
ENST00000683151.1	8911	29013	20102
ENST00000683152.1	35128	85041	49913
ENST00000683159.1	0	27750	27750
ENST00000683161.1	0	9014	9014
ENST00000683162.1	31853	110212	78359
ENST00000683164.1	533	22561	22028
ENST00000683167.1	0	2094	2094
ENST00000683171.1	249	14145	13896
ENST00000683173.1	63280	83244	19964
ENST00000683177.1	9126	76811	67685
ENST00000683178.1	1620	37438	35818
ENST00000683182.1	108638	139437	30799
ENST00000683184.1	132	14458	14326
ENST00000683186.1	48248	103974	55726
ENST00000683188.1	22423	43876	21453
ENST00000683189.1	605	11726	11121
ENST00000683190.1	20973	77368	56395
ENST00000683192.1	75581	79594	4013
ENST00000683195.1	67142	69625	2483
ENST00000683196.1	60337	69755	9418
ENST00000683197.1	318	88746	88428
ENST00000683198.1	730	107668	106938
ENST00000683200.1	3810	113074	109264
ENST00000683201.1	269	11900	11631
ENST00000683202.1	153	103856	103703
ENST00000683206.1	2260	9494	7234
ENST00000683207.1	769	92473	91704
ENST00000683208.1	5532	486802	481270
ENST00000683210.1	526	124755	124229
ENST00000683211.1	1513	117910	116397
ENST00000683212.1	29419	50705	21286
ENST00000683213.1	834	112325	111491
ENST00000683215.1	13708	685646	671938
ENST00000683217.1	15299	20199	4900
ENST00000683218.1	29271	184998	155727
ENST00000683219.1	1397	56597	55200
ENST00000683220.1	840	112358	111518
ENST00000683221.1	691	79323	78632
ENST00000683222.1	11808	16258	4450
ENST00000683223.1	0	3870	3870
ENST00000683224.1	484	11549	11065
ENST00000683225.1	729	53895	53166
ENST00000683229.1	5985	6149	164
ENST00000683231.1	0	342	342
ENST00000683232.1	614	7370	6756
ENST00000683233.1	3587	184032	180445
ENST00000683235.1	4880	182742	177862
ENST00000683236.1	1208	7867	6659
ENST00000683237.1	91	8632	8541
ENST00000683240.1	0	69647	69647
ENST00000683243.1	9532	34711	25179
ENST00000683244.1	222	148480	148258
ENST00000683245.1	9264	47022	37758
ENST00000683247.1	1927	22413	20486
ENST00000683250.1	25577	115867	90290
ENST00000683252.1	77126	95689	18563
ENST00000683255.1	4929	60655	55726
ENST00000683256.1	1254	27261	26007
ENST00000683257.1	274	210873	210599
ENST00000683258.1	123	9253	9130
ENST00000683259.1	27	19200	19173
ENST00000683262.1	31043	32169	1126
ENST00000683267.1	26772	105718	78946
ENST00000683269.1	1254	27261	26007
ENST00000683270.1	370	52812	52442
ENST00000683271.1	7604	148333	140729
ENST00000683274.1	41	14157	14116
ENST00000683275.1	7608	148569	140961
ENST00000683278.1	0	2235	2235
ENST00000683280.1	23	5717	5694
ENST00000683282.1	132	193853	193721
ENST00000683283.1	51566	155274	103708
ENST00000683284.1	326	9932	9606
ENST00000683285.1	333	5085	4752
ENST00000683287.1	957	11985	11028
ENST00000683288.1	69	2623	2554
ENST00000683289.1	31808	240851	209043
ENST00000683290.1	790	27487	26697
ENST00000683291.1	784	157813	157029
ENST00000683292.1	8694	26569	17875
ENST00000683294.1	22	4910	4888
ENST00000683296.1	95	18304	18209
ENST00000683297.1	296	21851	21555
ENST00000683300.1	0	8853	8853
ENST00000683301.1	549	7305	6756
ENST00000683302.1	78	7038	6960
ENST00000683303.1	0	490846	490846
ENST00000683304.1	1870	21063	19193
ENST00000683305.1	9896	37874	27978
ENST00000683306.1	819	8284	7465
ENST00000683307.1	314	43657	43343
ENST00000683311.1	263	138323	138060
ENST00000683313.1	100722	114670	13948
ENST00000683316.1	609	8087	7478
ENST00000683317.1	1939	34601	32662
ENST00000683318.1	3097	192361	189264
ENST00000683319.1	8053	15747	7694
ENST00000683321.1	7542	91583	84041
ENST00000683324.1	130	23799	23669
ENST00000683325.1	465	51921	51456
ENST00000683326.1	158	200122	199964
ENST00000683327.1	12250	26161	13911
ENST00000683328.1	4584	18216	13632
ENST00000683332.1	2819	71088	68269
ENST00000683334.1	520	501996	501476
ENST00000683336.1	0	18268	18268
ENST00000683338.1	0	53549	53549
ENST00000683339.1	56	70945	70889
ENST00000683341.1	762	22588	21826
ENST00000683342.1	0	106723	106723
ENST00000683344.1	30269	32127	1858
ENST00000683345.1	21589	64256	42667
ENST00000683346.1	107513	107811	298
ENST00000683348.1	9487	10839	1352
ENST00000683349.1	1939	32848	30909
ENST00000683350.1	355	107558	107203
ENST00000683351.1	32072	87058	54986
ENST00000683353.1	0	10613	10613
ENST00000683355.1	37	23257	23220
ENST00000683356.1	0	108944	108944
ENST00000683357.1	2725	166817	164092
ENST00000683358.1	0	48225	48225
ENST00000683362.1	21	64177	64156
ENST00000683363.1	39277	61748	22471
ENST00000683364.1	107357	137586	30229
ENST00000683366.1	26	10169	10143
ENST00000683367.1	558	48732	48174
ENST00000683370.1	162893	274590	111697
ENST00000683371.1	54	7751	7697
ENST00000683374.1	2362	15046	12684
ENST00000683375.1	2121	46086	43965
ENST00000683379.1	262621	393425	130804
ENST00000683381.1	117	125021	124904
ENST00000683383.1	482	26224	25742
ENST00000683384.1	43740	49613	5873
ENST00000683386.1	870	3171	2301
ENST00000683387.1	2330	138746	136416
ENST00000683391.1	1824	34477	32653
ENST00000683393.1	13712	15010	1298
ENST00000683395.1	0	18545	18545
ENST00000683397.1	8291	28223	19932
ENST00000683398.1	0	2088	2088
ENST00000683400.1	192	965584	965392
ENST00000683402.1	956	5809	4853
ENST00000683403.1	120	71133	71013
ENST00000683404.1	2079	64347	62268
ENST00000683411.1	34316	88962	54646
ENST00000683412.1	1370	84357	82987
ENST00000683413.1	167911	233391	65480
ENST00000683414.1	537	10158	9621
ENST00000683415.1	2540	12610	10070
ENST00000683416.1	4977	9540	4563
ENST00000683417.1	1829	21022	19193
ENST00000683419.1	66	28369	28303
ENST00000683423.1	10	11954	11944
ENST00000683424.1	76937	112096	35159
ENST00000683425.1	86	147656	147570
ENST00000683426.1	1088	64559	63471
ENST00000683427.1	326	22770	22444
ENST00000683428.1	14	5708	5694
ENST00000683429.1	15182	70806	55624
ENST00000683430.1	287	2421	2134
ENST00000683431.1	1431	46589	45158
ENST00000683432.1	14423	14727	304
ENST00000683433.1	43577	51599	8022
ENST00000683434.1	1890	34549	32659
ENST00000683435.1	73	4479	4406
ENST00000683436.1	107357	136156	28799
ENST00000683437.1	34258	88904	54646
ENST00000683438.2	1768	1244091	1242323
ENST00000683441.1	1090	64567	63477
ENST00000683442.1	23824	33215	9391
ENST00000683444.1	126	16039	15913
ENST00000683445.1	330	55493	55163
ENST00000683448.1	12780	29172	16392
ENST00000683449.1	3075	189323	186248
ENST00000683451.2	2061	585780	583719
ENST00000683453.1	83507	150109	66602
ENST00000683456.1	14293	86794	72501
ENST00000683458.1	38628	89822	51194
ENST00000683460.1	35812	71412	35600
ENST00000683462.1	6214	84024	77810
ENST00000683463.1	3211	33627	30416
ENST00000683466.1	115	11274	11159
ENST00000683468.1	4539	6575	2036
ENST00000683469.1	461	82763	82302
ENST00000683472.1	1341	15539	14198
ENST00000683474.1	0	2941	2941
ENST00000683475.1	35	20223	20188
ENST00000683478.1	167	18561	18394
ENST00000683479.1	920	90987	90067
ENST00000683481.1	38759	89853	51094
ENST00000683482.1	128	644119	643991
ENST00000683483.1	191	37953	37762
ENST00000683484.1	200	19266	19066
ENST00000683487.1	1283	64760	63477
ENST00000683489.1	12658	84590	71932
ENST00000683490.1	1435	236079	234644
ENST00000683495.1	43063	81222	38159
ENST00000683496.1	7931	106911	98980
ENST00000683497.1	3	101283	101280
ENST00000683498.1	3030	4577	1547
ENST00000683499.1	344	211514	211170
ENST00000683500.2	119	183069	182950
ENST00000683502.1	1224	37114	35890
ENST00000683505.1	1127	22107	20980
ENST00000683506.1	2061	41548	39487
ENST00000683508.1	43	3344	3301
ENST00000683513.1	298	26661	26363
ENST00000683517.1	0	78595	78595
ENST00000683518.1	1890	34552	32662
ENST00000683519.1	36059	108441	72382
ENST00000683521.1	1649	22415	20766
ENST00000683523.1	142	3509	3367
ENST00000683525.1	137	252709	252572
ENST00000683527.1	5889	144572	138683
ENST00000683528.1	1364	13757	12393
ENST00000683530.1	1870	32086	30216
ENST00000683532.1	816	3777	2961
ENST00000683533.1	24635	25322	687
ENST00000683536.1	57085	135180	78095
ENST00000683537.1	75581	79594	4013
ENST00000683538.1	0	9903	9903
ENST00000683539.1	69	9690	9621
ENST00000683541.1	1300	90586	89286
ENST00000683542.1	60632	89366	28734
ENST00000683543.2	2808	52953	50145
ENST00000683547.1	609	8087	7478
ENST00000683551.1	0	4444	4444
ENST00000683553.1	7534	148216	140682
ENST00000683554.1	1075	190339	189264
ENST00000683555.1	137	12378	12241
ENST00000683556.1	9514	76982	67468
ENST00000683557.1	75	6139	6064
ENST00000683561.1	1474	13627	12153
ENST00000683562.1	35743	85706	49963
ENST00000683565.1	572	82934	82362
ENST00000683569.1	2146	8115	5969
ENST00000683570.1	1073	2157	1084
ENST00000683571.1	156	231267	231111
ENST00000683573.1	6668	52970	46302
ENST00000683575.1	7486	148313	140827
ENST00000683577.1	2759	90729	87970
ENST00000683578.1	4154	18613	14459
ENST00000683579.1	27131	32873	5742
ENST00000683581.1	263	211362	211099
ENST00000683582.1	1834	16352	14518
ENST00000683583.1	40855	89958	49103
ENST00000683586.1	78642	134491	55849
ENST00000683588.1	6758	32900	26142
ENST00000683590.1	839	112003	111164
ENST00000683591.1	1111	5964	4853
ENST00000683594.1	1829	16347	14518
ENST00000683596.1	9622	77928	68306
ENST00000683598.1	1088	5941	4853
ENST00000683600.1	15849	31107	15258
ENST00000683601.1	563	8041	7478
ENST00000683603.1	601	11022	10421
ENST00000683604.1	263	137339	137076
ENST00000683607.1	481	3397	2916
ENST00000683608.1	9050	76872	67822
ENST00000683612.1	1112	26973	25861
ENST00000683615.1	2898	3030	132
ENST00000683616.1	3808	194225	190417
ENST00000683623.1	855	112250	111395
ENST00000683624.1	1573265	1681223	107958
ENST00000683625.1	0	29604	29604
ENST00000683626.1	870	3171	2301
ENST00000683627.1	0	2465	2465
ENST00000683629.1	7449	91490	84041
ENST00000683631.1	0	26245	26245
ENST00000683634.1	58280	78244	19964
ENST00000683635.1	4648	144021	139373
ENST00000683636.1	1274	21019	19745
ENST00000683639.1	2387	19324	16937
ENST00000683643.1	1194	91621	90427
ENST00000683644.1	17654	36512	18858
ENST00000683646.1	249	14145	13896
ENST00000683648.1	325	40330	40005
ENST00000683650.1	0	28193	28193
ENST00000683652.1	21	21378	21357
ENST00000683654.1	8	24905	24897
ENST00000683655.1	251	10916	10665
ENST00000683659.1	31772	96082	64310
ENST00000683665.1	146	54890	54744
ENST00000683666.2	455	7180	6725
ENST00000683668.1	0	155705	155705
ENST00000683670.1	0	30177	30177
ENST00000683672.1	337	10339	10002
ENST00000683676.1	11	142180	142169
ENST00000683677.1	790	28100	27310
ENST00000683679.1	461	82763	82302
ENST00000683680.1	12337	84295	71958
ENST00000683681.1	2325	33467	31142
ENST00000683682.2	245	14546	14301
ENST00000683683.1	0	10485	10485
ENST00000683684.1	1777	48708	46931
ENST00000683686.1	8603	61128	52525
ENST00000683689.1	4018	9764	5746
ENST00000683690.1	25039	36210	11171
ENST00000683691.1	977	1296	319
ENST00000683692.1	2813	48606	45793
ENST00000683696.1	99503	148915	49412
ENST00000683697.1	724	296349	295625
ENST00000683698.1	59807	89442	29635
ENST00000683699.1	93	83240	83147
ENST00000683700.1	0	55163	55163
ENST00000683701.1	16735	21011	4276
ENST00000683702.1	7604	91645	84041
ENST00000683705.1	162639	293435	130796
ENST00000683706.1	6208	83401	77193
ENST00000683710.1	17	3737	3720
ENST00000683713.1	326	10012	9686
ENST00000683714.1	1126	11744	10618
ENST00000683715.1	0	20143	20143
ENST00000683716.1	40082	68530	28448
ENST00000683717.1	31743	95596	63853
ENST00000683718.1	1890	16408	14518
ENST00000683720.1	34261	59427	25166
ENST00000683722.1	973	24699	23726
ENST00000683724.1	453	42362	41909
ENST00000683725.1	1368	88257	86889
ENST00000683726.1	60413	69633	9220
ENST00000683728.1	1896	16414	14518
ENST00000683729.1	49	10943	10894
ENST00000683730.1	3	175	172
ENST00000683732.1	9095	76795	67700
ENST00000683734.1	10989	106807	95818
ENST00000683735.1	27131	32879	5748
ENST00000683736.1	19	9371	9352
ENST00000683739.1	664	13390	12726
ENST00000683741.1	0	17588	17588
ENST00000683743.1	2393	19227	16834
ENST00000683744.1	11622	40871	29249
ENST00000683745.1	0	23376	23376
ENST00000683748.1	151	38616	38465
ENST00000683749.1	70878	72821	1943
ENST00000683751.1	12802	37564	24762
ENST00000683752.1	1062	8781	7719
ENST00000683754.1	975	91452	90477
ENST00000683755.1	58	30036	29978
ENST00000683756.1	1039	155843	154804
ENST00000683758.1	732	68749	68017
ENST00000683760.1	1267	17257	15990
ENST00000683762.1	482	220779	220297
ENST00000683765.1	750	48463	47713
ENST00000683766.1	2490	63060	60570
ENST00000683767.1	6363	377268	370905
ENST00000683768.1	3959	5955	1996
ENST00000683769.1	268	11902	11634
ENST00000683770.1	1723	28831	27108
ENST00000683775.1	41302	45434	4132
ENST00000683776.1	1466	22112	20646
ENST00000683778.1	4913	10351	5438
ENST00000683779.1	141	25791	25650
ENST00000683781.1	188	726778	726590
ENST00000683782.1	18	103368	103350
ENST00000683783.1	1143	27150	26007
ENST00000683784.1	2423	2627	204
ENST00000683785.1	1194	91618	90424
ENST00000683786.1	21399	24441	3042
ENST00000683787.1	2198	18611	16413
ENST00000683788.1	559	23795	23236
ENST00000683789.1	150	71140	70990
ENST00000683790.1	15264	165293	150029
ENST00000683791.1	0	10040	10040
ENST00000683792.1	0	2941	2941
ENST00000683794.1	297	148179	147882
ENST00000683796.1	108035	108333	298
ENST00000683797.1	29541	33764	4223
ENST00000683803.1	38628	89952	51324
ENST00000683806.1	293	221272	220979
ENST00000683809.1	2161	99943	97782
ENST00000683810.1	4475	16790	12315
ENST00000683815.1	899	47151	46252
ENST00000683816.1	66	9995	9929
ENST00000683817.1	43169	81328	38159
ENST00000683818.1	1866	34528	32662
ENST00000683819.1	0	3138	3138
ENST00000683820.1	1073	64550	63477
ENST00000683821.1	70192	113832	43640
ENST00000683822.1	2908	67860	64952
ENST00000683823.1	2907	298317	295410
ENST00000683824.1	0	726664	726664
ENST00000683828.1	20777	42286	21509
ENST00000683829.1	21363	24405	3042
ENST00000683833.1	846	112251	111405
ENST00000683835.1	582	12208	11626
ENST00000683836.1	70336	87690	17354
ENST00000683840.1	16	726606	726590
ENST00000683842.1	183317	289930	106613
ENST00000683843.1	76937	159035	82098
ENST00000683848.1	2302	27941	25639
ENST00000683849.1	19	6775	6756
ENST00000683852.1	1870	42496	40626
ENST00000683853.1	3212	33628	30416
ENST00000683856.1	3596	8310	4714
ENST00000683857.1	53266	89416	36150
ENST00000683858.1	407	37603	37196
ENST00000683859.1	3585	16919	13334
ENST00000683860.1	2074	33393	31319
ENST00000683861.1	9116	76801	67685
ENST00000683862.1	843	14565	13722
ENST00000683864.1	1077	3179	2102
ENST00000683865.1	2282	18292	16010
ENST00000683866.1	0	7062	7062
ENST00000683867.1	6739	29327	22588
ENST00000683870.1	11989	77219	65230
ENST00000683871.1	73362	196182	122820
ENST00000683873.1	67376	88865	21489
ENST00000683875.1	631	37648	37017
ENST00000683876.1	272	46130	45858
ENST00000683877.1	1870	34565	32695
ENST00000683878.1	44803	69749	24946
ENST00000683879.1	1240	14857	13617
ENST00000683880.1	60632	69855	9223
ENST00000683882.1	122	57590	57468
ENST00000683884.1	1032	31861	30829
ENST00000683887.1	11	12085	12074
ENST00000683890.1	0	172	172
ENST00000683891.1	589	7455	6866
ENST00000683894.1	1184	35401	34217
ENST00000683895.1	502	16360	15858
ENST00000683896.1	59	1290	1231
ENST00000683898.1	1194	91588	90394
ENST00000683899.1	12016	435200	423184
ENST00000683901.1	5413	5881	468
ENST00000683902.1	0	32653	32653
ENST00000683903.1	5532	677244	671712
ENST00000683905.1	104	30061	29957
ENST00000683907.1	401	1762	1361
ENST00000683912.1	2131	5758	3627
ENST00000683914.1	4476	6512	2036
ENST00000683915.1	0	5193	5193
ENST00000683916.1	6214	84024	77810
ENST00000683918.1	59671	101687	42016
ENST00000683919.1	0	18268	18268
ENST00000683921.1	19	6248	6229
ENST00000683923.1	802	12792	11990
ENST00000683924.1	0	5605	5605
ENST00000683928.1	1826	21019	19193
ENST00000683929.1	379	658676	658297
ENST00000683930.1	6758	27662	20904
ENST00000683931.1	9095	102787	93692
ENST00000683934.1	12597	35869	23272
ENST00000683935.1	2061	585780	583719
ENST00000683936.1	111	19409	19298
ENST00000683937.1	383	142130	141747
ENST00000683939.1	4951	72043	67092
ENST00000683940.1	9600	74794	65194
ENST00000683941.1	36641	59752	23111
ENST00000683942.1	35214	36700	1486
ENST00000683944.1	15704	107737	92033
ENST00000683946.1	1088	9155	8067
ENST00000683947.1	5477	29251	23774
ENST00000683949.1	9299	76862	67563
ENST00000683953.1	0	3870	3870
ENST00000683954.1	0	30279	30279
ENST00000683956.1	16	726606	726590
ENST00000683958.1	289	24947	24658
ENST00000683959.1	17596	25970	8374
ENST00000683960.1	141	558451	558310
ENST00000683961.1	28521	115894	87373
ENST00000683962.1	12	4806	4794
ENST00000683963.1	1609491	1735359	125868
ENST00000683965.1	1979	18122	16143
ENST00000683966.1	7534	148358	140824
ENST00000683969.1	1510	210590	209080
ENST00000683970.1	609	8087	7478
ENST00000683975.1	1953	2869	916
ENST00000683976.1	26395	35572	9177
ENST00000683977.1	1620	47780	46160
ENST00000683979.1	15	1803	1788
ENST00000683980.2	774	68957	68183
ENST00000683982.1	111	11372	11261
ENST00000683983.1	2165	22404	20239
ENST00000683987.1	15	23392	23377
ENST00000683988.1	19509	22378	2869
ENST00000683989.1	746	65220	64474
ENST00000683990.1	275	5227	4952
ENST00000683991.1	362	110838	110476
ENST00000683992.1	38803	49974	11171
ENST00000683994.1	8896	111989	103093
ENST00000683996.1	850	19571	18721
ENST00000683997.1	9622	90740	81118
ENST00000683998.1	114	2336	2222
ENST00000684000.1	0	193886	193886
ENST00000684001.1	11502	36554	25052
ENST00000684002.1	0	250000	250000
ENST00000684003.1	78	12490	12412
ENST00000684006.1	91	8629	8538
ENST00000684008.1	0	8735	8735
ENST00000684012.1	1682	135160	133478
ENST00000684018.1	1397	42548	41151
ENST00000684021.1	1821	76234	74413
ENST00000684022.1	2293	102351	100058
ENST00000684023.1	0	5362	5362
ENST00000684024.1	120	12569	12449
ENST00000684027.1	5532	424530	418998
ENST00000684028.1	498	1060	562
ENST00000684029.1	2857	11574	8717
ENST00000684031.1	930	90484	89554
ENST00000684032.1	39209	44000	4791
ENST00000684036.1	9896	37874	27978
ENST00000684037.1	2857	23429	20572
ENST00000684038.1	37860	104315	66455
ENST00000684039.1	12035	112471	100436
ENST00000684041.1	766	31914	31148
ENST00000684042.1	6328	7074	746
ENST00000684043.1	93317	223673	130356
ENST00000684046.1	0	6961	6961
ENST00000684047.1	11502	36554	25052
ENST00000684051.1	7588	94512	86924
ENST00000684052.1	2031	4027	1996
ENST00000684054.1	1	12155	12154
ENST00000684055.1	116	38695	38579
ENST00000684059.1	15855	31113	15258
ENST00000684060.1	9095	74167	65072
ENST00000684063.1	657	51726	51069
ENST00000684064.1	1020	64254	63234
ENST00000684065.1	78122	80000	1878
ENST00000684067.1	82	18241	18159
ENST00000684068.1	5532	674824	669292
ENST00000684069.1	0	12191	12191
ENST00000684074.1	3969	35588	31619
ENST00000684077.1	3	26881	26878
ENST00000684078.1	5149	71522	66373
ENST00000684079.1	552	2686	2134
ENST00000684080.1	37633	271455	233822
ENST00000684081.1	0	27327	27327
ENST00000684082.1	0	1158	1158
ENST00000684083.1	263	156585	156322
ENST00000684084.1	1729	141914	140185
ENST00000684087.1	147	27819	27672
ENST00000684088.1	0	15492	15492
ENST00000684092.1	1348	117701	116353
ENST00000684095.1	1939	34601	32662
ENST00000684105.1	46	209045	208999
ENST00000684107.1	143	95453	95310
ENST00000684111.1	155	9225	9070
ENST00000684113.1	984	10439	9455
ENST00000684114.1	1050	104268	103218
ENST00000684117.1	790	27951	27161
ENST00000684118.1	442	90963	90521
ENST00000684119.1	12240	26868	14628
ENST00000684121.1	5052	22220	17168
ENST00000684123.1	35528	145602	110074
ENST00000684124.1	11989	97848	85859
ENST00000684125.1	2865	33588	30723
ENST00000684129.1	31148	36866	5718
ENST00000684130.1	2684	658491	655807
ENST00000684132.1	0	7928	7928
ENST00000684135.1	8931	12355	3424
ENST00000684136.1	0	6262	6262
ENST00000684137.1	1402	56500	55098
ENST00000684138.1	106	1894	1788
ENST00000684139.1	80	38057	37977
ENST00000684140.1	2127	15763	13636
ENST00000684141.1	5147	14855	9708
ENST00000684142.1	4271	5425	1154
ENST00000684143.1	425	83263	82838
ENST00000684144.1	15	23681	23666
ENST00000684145.1	3146	24419	21273
ENST00000684149.1	21	18289	18268
ENST00000684150.1	1194	72237	71043
ENST00000684151.1	134	73202	73068
ENST00000684153.1	1686	117444	115758
ENST00000684154.1	7876	1737724	1729848
ENST00000684155.1	0	1224	1224
ENST00000684158.1	799	98769	97970
ENST00000684159.1	687	399534	398847
ENST00000684160.1	10	24137	24127
ENST00000684162.1	761	31152	30391
ENST00000684163.1	433	48633	48200
ENST00000684168.1	769	211445	210676
ENST00000684169.1	325	14688	14363
ENST00000684170.1	21125	77036	55911
ENST00000684171.1	269	32743	32474
ENST00000684172.1	1187	1904	717
ENST00000684173.1	8053	15747	7694
ENST00000684175.1	6861	13882	7021
ENST00000684178.1	377	211047	210670
ENST00000684181.1	605	11821	11216
ENST00000684182.1	729	53910	53181
ENST00000684186.1	113	360251	360138
ENST00000684187.2	47620	49478	1858
ENST00000684188.1	3595	193234	189639
ENST00000684190.1	44	14413	14369
ENST00000684191.1	0	8172	8172
ENST00000684192.1	51702	129078	77376
ENST00000684195.1	2797	27182	24385
ENST00000684199.1	1917	18769	16852
ENST00000684200.1	1881	14527	12646
ENST00000684201.1	1218	45620	44402
ENST00000684204.1	3	163	160
ENST00000684206.1	2387	18934	16547
ENST00000684207.1	1162	14505	13343
ENST00000684211.1	8649	9835	1186
ENST00000684212.1	19	10633	10614
ENST00000684213.1	65337	83052	17715
ENST00000684214.1	100	85796	85696
ENST00000684215.1	592	78623	78031
ENST00000684216.1	0	3016	3016
ENST00000684217.1	9567	77389	67822
ENST00000684218.1	14464	21300	6836
ENST00000684219.1	0	448	448
ENST00000684220.1	107357	137586	30229
ENST00000684222.1	20	1593	1573
ENST00000684223.1	10	9827	9817
ENST00000684226.1	0	128579	128579
ENST00000684227.1	1111	5964	4853
ENST00000684228.1	2487	46196	43709
ENST00000684231.1	7764	32943	25179
ENST00000684235.1	367	115965	115598
ENST00000684236.1	1068	15038	13970
ENST00000684237.1	0	617016	617016
ENST00000684239.1	60129	70054	9925
ENST00000684243.1	584	4184	3600
ENST00000684244.1	0	31873	31873
ENST00000684246.1	25039	36210	11171
ENST00000684248.1	249	8389	8140
ENST00000684250.1	0	628	628
ENST00000684254.1	123	9253	9130
ENST00000684255.1	4301	5291	990
ENST00000684256.1	21390	77042	55652
ENST00000684260.1	3452	6979	3527
ENST00000684261.1	855	56207	55352
ENST00000684262.1	2146	68603	66457
ENST00000684263.1	4601	33591	28990
ENST00000684266.1	262646	393531	130885
ENST00000684270.1	1350	23390	22040
ENST00000684271.1	27	13923	13896
ENST00000684272.1	15	487	472
ENST00000684273.1	59115	88638	29523
ENST00000684275.1	14	9431	9417
ENST00000684276.1	108	428535	428427
ENST00000684278.1	0	77447	77447
ENST00000684280.1	485	7844	7359
ENST00000684281.1	975	91186	90211
ENST00000684282.1	2066	219000	216934
ENST00000684283.1	164	490888	490724
ENST00000684285.1	5419	18311	12892
ENST00000684288.1	35763	85726	49963
ENST00000684289.1	54049	83215	29166
ENST00000684290.1	55372	109626	54254
ENST00000684291.1	600	8078	7478
ENST00000684293.1	203	77484	77281
ENST00000684294.1	15717	42331	26614
ENST00000684295.1	3420	192684	189264
ENST00000684296.1	206	29741	29535
ENST00000684297.1	15	20209	20194
ENST00000684299.1	2759	71348	68589
ENST00000684300.1	11580	40713	29133
ENST00000684301.1	31322	41320	9998
ENST00000684302.1	990	21733	20743
ENST00000684303.1	90121	91221	1100
ENST00000684305.1	27131	32879	5748
ENST00000684306.1	107280	108359	1079
ENST00000684307.1	8291	28138	19847
ENST00000684310.1	0	25582	25582
ENST00000684311.1	559	2441	1882
ENST00000684312.1	1870	34532	32662
ENST00000684314.1	109	38444	38335
ENST00000684318.1	19	9765	9746
ENST00000684319.1	2759	90859	88100
ENST00000684321.1	1870	42496	40626
ENST00000684322.1	20551	28356	7805
ENST00000684324.1	4241	18703	14462
ENST00000684325.1	10957	102701	91744
ENST00000684331.1	104	37673	37569
ENST00000684333.1	2396	19227	16831
ENST00000684335.1	44	14341	14297
ENST00000684337.1	1935	16453	14518
ENST00000684338.1	2776	45826	43050
ENST00000684339.1	3140	29507	26367
ENST00000684343.1	1113	22802	21689
ENST00000684344.1	8484	8980	496
ENST00000684345.1	4281	5435	1154
ENST00000684348.1	1073	64550	63477
ENST00000684349.1	120	194109	193989
ENST00000684351.1	5363	14004	8641
ENST00000684352.1	0	199207	199207
ENST00000684354.1	2907	298120	295213
ENST00000684355.1	1881	33916	32035
ENST00000684356.1	31767	112154	80387
ENST00000684358.1	43140	101374	58234
ENST00000684359.1	262616	393420	130804
ENST00000684360.1	0	221165	221165
ENST00000684361.1	132	181055	180923
ENST00000684362.1	2901	14289	11388
ENST00000684363.1	0	9765	9765
ENST00000684364.1	790	28100	27310
ENST00000684366.1	49	21120	21071
ENST00000684367.1	2883	67024	64141
ENST00000684368.1	7534	24725	17191
ENST00000684370.1	2252	12234	9982
ENST00000684372.1	229	26236	26007
ENST00000684373.1	2222	52039	49817
ENST00000684374.1	241	136317	136076
ENST00000684377.1	200764	293169	92405
ENST00000684379.1	110874	193581	82707
ENST00000684382.1	279	136710	136431
ENST00000684383.1	91433	107604	16171
ENST00000684385.1	192	84696	84504
ENST00000684386.1	19842	83838	63996
ENST00000684388.1	54208	72016	17808
ENST00000684390.1	4087	11882	7795
ENST00000684393.1	66	9831	9765
ENST00000684397.1	2230	20514	18284
ENST00000684398.1	0	30030	30030
ENST00000684399.1	0	342	342
ENST00000684403.1	0	690	690
ENST00000684405.1	11502	35780	24278
ENST00000684406.1	42227	156952	114725
ENST00000684407.1	1785	21418	19633
ENST00000684408.1	130	193581	193451
ENST00000684409.1	7641	13135	5494
ENST00000684415.1	2806	31796	28990
ENST00000684420.1	6831	13852	7021
ENST00000684421.1	4529	7571	3042
ENST00000684422.1	67454	89289	21835
ENST00000684423.1	145	21708	21563
ENST00000684424.1	183	554552	554369
ENST00000684426.1	1842	16360	14518
ENST00000684428.1	599	5735	5136
ENST00000684429.1	224	193312	193088
ENST00000684430.2	146	6192	6046
ENST00000684432.1	7588	148415	140827
ENST00000684434.1	17204	17653	449
ENST00000684435.1	2288	13589	11301
ENST00000684440.1	1947	135425	133478
ENST00000684444.1	663	1973	1310
ENST00000684445.1	18727	82269	63542
ENST00000684449.1	0	2537	2537
ENST00000684451.1	60413	89147	28734
ENST00000684455.1	34174	36532	2358
ENST00000684456.1	537	1381	844
ENST00000684457.1	0	4307	4307
ENST00000684458.1	7455	22056	14601
ENST00000684459.1	10161	17742	7581
ENST00000684460.1	0	169541	169541
ENST00000684462.1	71857	100656	28799
ENST00000684464.1	143	194038	193895
ENST00000684469.1	5901	8287	2386
ENST00000684472.1	0	915	915
ENST00000684475.1	1081	19147	18066
ENST00000684476.1	0	6393	6393
ENST00000684477.1	14984	469999	455015
ENST00000684478.1	16712	24858	8146
ENST00000684481.1	9148	76711	67563
ENST00000684482.1	13123	33861	20738
ENST00000684483.1	11159	22712	11553
ENST00000684484.1	1217	23043	21826
ENST00000684485.1	834	201141	200307
ENST00000684487.1	9459	25870	16411
ENST00000684488.1	142	25967	25825
ENST00000684492.1	20691	76465	55774
ENST00000684493.1	634	12021	11387
ENST00000684495.1	47515	49373	1858
ENST00000684496.1	0	232	232
ENST00000684497.1	315	91143	90828
ENST00000684498.1	117	11782	11665
ENST00000684499.1	4705	5301	596
ENST00000684501.1	90	34393	34303
ENST00000684504.1	8474	31790	23316
ENST00000684505.1	161	38015	37854
ENST00000684506.1	143	95453	95310
ENST00000684507.1	502	16360	15858
ENST00000684509.1	1394	87010	85616
ENST00000684514.1	3978	18369	14391
ENST00000684517.1	143	95453	95310
ENST00000684518.1	5131	406425	401294
ENST00000684519.1	248	2055683	2055435
ENST00000684520.1	992	32140	31148
ENST00000684521.1	537	144110	143573
ENST00000684524.1	396	3266	2870
ENST00000684525.1	15285	26996	11711
ENST00000684526.1	19	6885	6866
ENST00000684528.1	1920	5124	3204
ENST00000684529.1	110891	276654	165763
ENST00000684530.1	0	25535	25535
ENST00000684532.1	19	10432	10413
ENST00000684533.1	12050	150428	138378
ENST00000684537.1	0	23997	23997
ENST00000684539.1	784	211383	210599
ENST00000684540.1	0	18268	18268
ENST00000684541.1	1077	16064	14987
ENST00000684542.1	59644	80472	20828
ENST00000684544.1	137	193860	193723
ENST00000684545.1	4217	18679	14462
ENST00000684546.1	807	26814	26007
ENST00000684547.1	1483	221936	220453
ENST00000684548.1	0	202734	202734
ENST00000684550.1	38	237028	236990
ENST00000684552.1	191	29726	29535
ENST00000684553.1	0	133460	133460
ENST00000684554.1	2599	5252	2653
ENST00000684555.1	35803	85541	49738
ENST00000684557.1	567	82854	82287
ENST00000684558.1	22839	32599	9760
ENST00000684560.1	261995	327888	65893
ENST00000684561.1	119	68507	68388
ENST00000684565.1	7588	91629	84041
ENST00000684566.1	2459	18875	16416
ENST00000684568.2	4963	230309	225346
ENST00000684570.1	1194	91813	90619
ENST00000684571.1	97	88425	88328
ENST00000684572.1	6644	25950	19306
ENST00000684573.1	0	5137	5137
ENST00000684574.1	9600	90718	81118
ENST00000684577.1	327	5783	5456
ENST00000684578.1	2028	122045	120017
ENST00000684581.1	12320	90336	78016
ENST00000684582.1	31	16626	16595
ENST00000684583.1	22189	115198	93009
ENST00000684584.1	1819	168636	166817
ENST00000684585.1	1890	34552	32662
ENST00000684586.1	0	29677	29677
ENST00000684587.1	0	7798	7798
ENST00000684588.1	9514	74491	64977
ENST00000684589.1	49952	350346	300394
ENST00000684590.1	0	163752	163752
ENST00000684592.1	5719	15497	9778
ENST00000684593.1	77324	84027	6703
ENST00000684595.1	1090	64567	63477
ENST00000684596.1	36092	108474	72382
ENST00000684597.1	0	5155	5155
ENST00000684598.1	729	107560	106831
ENST00000684600.1	1746	7489	5743
ENST00000684601.1	19	11463	11444
ENST00000684602.1	19002	32780	13778
ENST00000684603.1	0	95585	95585
ENST00000684604.1	12016	435051	423035
ENST00000684606.1	31043	32169	1126
ENST00000684607.1	143	157917	157774
ENST00000684608.1	2395	12901	10506
ENST00000684610.1	162642	236836	74194
ENST00000684612.1	3587	192922	189335
ENST00000684613.1	571	8049	7478
ENST00000684619.1	108041	108339	298
ENST00000684620.1	2974	15497	12523
ENST00000684622.1	191	37765	37574
ENST00000684625.1	0	23407	23407
ENST00000684627.1	9927	37905	27978
ENST00000684629.1	584	7340	6756
ENST00000684631.1	113761	128336	14575
ENST00000684634.1	1300	10224	8924
ENST00000684635.1	407	37547	37140
ENST00000684636.1	15149	43597	28448
ENST00000684638.1	26773	105719	78946
ENST00000684639.1	730	107525	106795
ENST00000684640.1	19389	31042	11653
ENST00000684641.1	191	37813	37622
ENST00000684642.1	970	41292	40322
ENST00000684646.1	104	38332	38228
ENST00000684647.1	1194	72107	70913
ENST00000684648.1	600	7466	6866
ENST00000684649.1	209	36111	35902
ENST00000684651.1	198	211470	211272
ENST00000684654.1	899	46885	45986
ENST00000684655.1	1240	18077	16837
ENST00000684656.1	0	152936	152936
ENST00000684657.1	91	8727	8636
ENST00000684659.1	600	1335	735
ENST00000684661.1	3385	706795	703410
ENST00000684662.1	121	16740	16619
ENST00000684663.1	448	89390	88942
ENST00000684664.1	345	210950	210605
ENST00000684666.1	1950	13646	11696
ENST00000684667.1	27131	32879	5748
ENST00000684668.1	7470	9370	1900
ENST00000684669.1	1321	3956	2635
ENST00000684671.1	1870	14516	12646
ENST00000684673.1	14271	36956	22685
ENST00000684675.1	191	32370	32179
ENST00000684676.1	10463	95866	85403
ENST00000684677.1	9132	76954	67822
ENST00000684678.1	0	642	642
ENST00000684680.1	975	71805	70830
ENST00000684682.1	3808	5359	1551
ENST00000684684.1	24598	35769	11171
ENST00000684687.1	8123	26208	18085
ENST00000684689.1	2255	24636	22381
ENST00000684692.1	481	3730	3249
ENST00000684693.1	109	4913	4804
ENST00000684696.1	69	38902	38833
ENST00000684697.1	1890	21083	19193
ENST00000684698.1	0	39667	39667
ENST00000684700.1	1	14681	14680
ENST00000684702.1	5552	31131	25579
ENST00000684703.1	1874	16392	14518
ENST00000684711.1	38133	85538	47405
ENST00000684713.1	509	107331	106822
ENST00000684714.1	3053	15727	12674
ENST00000684716.1	1874	42500	40626
ENST00000684717.1	442	91115	90673
ENST00000684718.1	7563	148390	140827
ENST00000684719.1	843	36269	35426
ENST00000684721.1	2089	18232	16143
ENST00000684723.1	1137	3500	2363
ENST00000684725.1	6703	32829	26126
ENST00000684728.1	2061	218995	216934
ENST00000684729.1	1084	5937	4853
ENST00000684732.1	211	6266	6055
ENST00000684734.1	259430	333624	74194
ENST00000684735.1	441	7646	7205
ENST00000684736.1	0	16179	16179
ENST00000684738.1	3	26766	26763
ENST00000684739.1	56	8557	8501
ENST00000684741.1	11919	15432	3513
ENST00000684742.1	102	1367	1265
ENST00000684748.1	3430	8493	5063
ENST00000684750.1	245	137366	137121
ENST00000684751.1	784	156606	155822
ENST00000684753.1	8575	29919	21344
ENST00000684754.1	89749	95377	5628
ENST00000684757.1	33442	81956	48514
ENST00000684758.1	1820	14466	12646
ENST00000684759.1	15	23844	23829
ENST00000684760.1	120	194189	194069
ENST00000684762.1	1721	5480	3759
ENST00000684764.1	1545	19815	18270
ENST00000684765.1	13637	42012	28375
ENST00000684769.1	5702	95772	90070
ENST00000684770.1	82021	109440	27419
ENST00000684772.1	1942	135325	133383
ENST00000684773.1	220743	282763	62020
ENST00000684774.1	1881	16399	14518
ENST00000684775.1	6782	32916	26134
ENST00000684776.1	126	119595	119469
ENST00000684777.1	9100	74294	65194
ENST00000684778.1	788	27242	26454
ENST00000684779.1	55	86076	86021
ENST00000684784.1	97	38218	38121
ENST00000684790.1	7082	31518	24436
ENST00000684791.1	23058	25788	2730
ENST00000684792.1	34390	35744	1354
ENST00000684793.1	102	26092	25990
ENST00000684798.1	60903	64177	3274
ENST00000684799.1	55	29518	29463
ENST00000684808.1	36222	43071	6849
ENST00000684824.1	66	29057	28991
ENST00000684826.1	9050	58648	49598
ENST00000684830.1	239	51500	51261
ENST00000684842.1	44358	117135	72777
ENST00000684843.1	1592	154948	153356
ENST00000684848.1	38863	103601	64738
ENST00000684863.1	341	24208	23867
ENST00000684864.1	7148	14503	7355
ENST00000684868.1	2789	21244	18455
ENST00000684871.1	1525	22104	20579
ENST00000684872.1	0	6107	6107
ENST00000684875.1	190	22355	22165
ENST00000684876.1	170718	187746	17028
ENST00000684880.1	61992	293812	231820
ENST00000684882.1	4472	6156	1684
ENST00000684899.1	3340	96345	93005
ENST00000684901.1	1653	44551	42898
ENST00000684903.1	34881	35293	412
ENST00000684910.1	24018	70518	46500
ENST00000684913.1	1253	25255	24002
ENST00000684928.1	98	72000	71902
ENST00000684937.1	3871	5186	1315
ENST00000684938.1	6521	7671	1150
ENST00000684942.1	3091	16818	13727
ENST00000684943.1	3484	16008	12524
ENST00000684950.1	39401	48842	9441
ENST00000684955.1	16156	26803	10647
ENST00000684961.1	65612	75114	9502
ENST00000684965.1	25025	61859	36834
ENST00000684967.1	162179	187756	25577
ENST00000684971.1	1098	3788	2690
ENST00000684976.1	97591	319232	221641
ENST00000684977.1	0	6586	6586
ENST00000684986.1	333	33669	33336
ENST00000684997.1	238717	407902	169185
ENST00000684999.1	786	11924	11138
ENST00000685005.1	651	115531	114880
ENST00000685006.1	44	54031	53987
ENST00000685007.1	3136	188944	185808
ENST00000685014.1	8749	26156	17407
ENST00000685015.1	366	69928	69562
ENST00000685018.2	107	166782	166675
ENST00000685021.1	1805	91357	89552
ENST00000685023.1	229	77053	76824
ENST00000685024.1	5658	9257	3599
ENST00000685033.1	0	33658	33658
ENST00000685041.1	23	837	814
ENST00000685042.1	5812	18501	12689
ENST00000685047.1	4330	21178	16848
ENST00000685053.1	7	184010	184003
ENST00000685059.1	44756	93950	49194
ENST00000685064.1	1467	7660	6193
ENST00000685068.1	21345	60433	39088
ENST00000685069.1	4309	11398	7089
ENST00000685072.1	430	165569	165139
ENST00000685087.1	82	81473	81391
ENST00000685097.1	1845	94887	93042
ENST00000685099.1	27198	34810	7612
ENST00000685102.1	154	66532	66378
ENST00000685104.1	8749	26156	17407
ENST00000685106.1	91	28847	28756
ENST00000685109.1	4970	44197	39227
ENST00000685110.1	239005	413666	174661
ENST00000685111.1	1656	213431	211775
ENST00000685118.1	84059	85611	1552
ENST00000685120.1	236	9493	9257
ENST00000685122.1	215	34009	33794
ENST00000685126.1	5846	6120	274
ENST00000685129.1	19096	68225	49129
ENST00000685131.1	56611	87924	31313
ENST00000685137.1	27	2052	2025
ENST00000685141.1	4970	47170	42200
ENST00000685148.1	238984	393762	154778
ENST00000685153.1	283	25360	25077
ENST00000685154.1	33542	72183	38641
ENST00000685155.1	4350	25197	20847
ENST00000685165.1	112054	121142	9088
ENST00000685166.1	3	50110	50107
ENST00000685168.1	0	4444	4444
ENST00000685172.1	436	105059	104623
ENST00000685175.1	234	41564	41330
ENST00000685177.1	0	24702	24702
ENST00000685179.1	56	40756	40700
ENST00000685189.1	49	16114	16065
ENST00000685194.1	438	66239	65801
ENST00000685195.1	14180	25775	11595
ENST00000685198.1	3	56240	56237
ENST00000685202.1	30901	104388	73487
ENST00000685210.1	0	148	148
ENST00000685211.1	83758	287262	203504
ENST00000685212.1	215	17245	17030
ENST00000685224.1	1739	19925	18186
ENST00000685230.1	5899	9728	3829
ENST00000685234.1	217	13188	12971
ENST00000685235.1	958	105211	104253
ENST00000685239.1	773	1135	362
ENST00000685240.1	0	3640	3640
ENST00000685243.1	0	4052	4052
ENST00000685244.1	1004	5586	4582
ENST00000685246.1	4284	92501	88217
ENST00000685249.1	17345	65698	48353
ENST00000685253.1	330	227633	227303
ENST00000685259.1	34975	88812	53837
ENST00000685264.1	60933	140336	79403
ENST00000685265.1	74148	82983	8835
ENST00000685267.1	0	26570	26570
ENST00000685277.1	0	2025	2025
ENST00000685279.1	4197	44316	40119
ENST00000685280.1	373	9350	8977
ENST00000685282.1	204	69071	68867
ENST00000685286.1	20771	124709	103938
ENST00000685289.1	3250	185329	182079
ENST00000685296.1	112	5674	5562
ENST00000685297.1	55135	78444	23309
ENST00000685298.1	238737	411361	172624
ENST00000685310.1	238667	413328	174661
ENST00000685312.1	446	19463	19017
ENST00000685320.1	957	7682	6725
ENST00000685322.1	1272	6833	5561
ENST00000685324.1	465	75903	75438
ENST00000685328.1	4540	40686	36146
ENST00000685329.1	74891	197566	122675
ENST00000685330.1	17755	23299	5544
ENST00000685332.1	2281	26176	23895
ENST00000685335.1	2563	3467	904
ENST00000685336.1	11539	31630	20091
ENST00000685338.1	888	6352	5464
ENST00000685348.1	36399	36811	412
ENST00000685352.1	11542	14953	3411
ENST00000685353.1	1637	68624	66987
ENST00000685365.1	39	78303	78264
ENST00000685367.1	4208	24787	20579
ENST00000685376.1	10312	31648	21336
ENST00000685380.1	4557	41923	37366
ENST00000685382.1	3278	3865	587
ENST00000685386.1	0	4522	4522
ENST00000685387.1	1618	142829	141211
ENST00000685388.1	428	16096	15668
ENST00000685391.1	67	80537	80470
ENST00000685392.1	10990	85439	74449
ENST00000685394.1	7796	118403	110607
ENST00000685397.1	0	25759	25759
ENST00000685399.1	1230	46818	45588
ENST00000685400.1	171	32009	31838
ENST00000685401.1	20	13097	13077
ENST00000685402.1	0	100	100
ENST00000685403.1	2246	15034	12788
ENST00000685408.1	459	32863	32404
ENST00000685415.1	22	75725	75703
ENST00000685418.1	95531	149624	54093
ENST00000685419.1	400	27656	27256
ENST00000685421.1	0	47183	47183
ENST00000685423.1	8834	52917	44083
ENST00000685427.1	100817	188139	87322
ENST00000685429.1	2621	88162	85541
ENST00000685430.1	0	855	855
ENST00000685431.1	10888	43897	33009
ENST00000685437.1	597	36631	36034
ENST00000685439.1	50297	104302	54005
ENST00000685442.1	8424	17324	8900
ENST00000685444.1	586	10995	10409
ENST00000685447.1	197	68835	68638
ENST00000685450.1	0	264	264
ENST00000685459.1	453	8693	8240
ENST00000685462.1	39396	49128	9732
ENST00000685468.1	99	1661	1562
ENST00000685478.1	606	105664	105058
ENST00000685482.1	238672	412961	174289
ENST00000685484.1	178	9450	9272
ENST00000685487.1	205	71872	71667
ENST00000685488.1	24113	32542	8429
ENST00000685491.1	101	38272	38171
ENST00000685497.1	8749	26156	17407
ENST00000685498.1	0	7837	7837
ENST00000685500.1	0	24700	24700
ENST00000685503.1	72679	102542	29863
ENST00000685505.1	64525	110235	45710
ENST00000685507.1	1279	6471	5192
ENST00000685515.1	95	7470	7375
ENST00000685519.1	19837	63127	43290
ENST00000685523.1	536	33163	32627
ENST00000685526.1	29	14460	14431
ENST00000685540.1	8749	26156	17407
ENST00000685548.1	10854	96062	85208
ENST00000685551.1	99	40804	40705
ENST00000685553.1	4318	9883	5565
ENST00000685554.1	0	5187	5187
ENST00000685559.1	1551	39021	37470
ENST00000685564.1	18305	94050	75745
ENST00000685565.1	0	23929	23929
ENST00000685567.1	6749	52285	45536
ENST00000685568.1	238682	413454	174772
ENST00000685570.1	29270	140878	111608
ENST00000685575.1	9663	13185	3522
ENST00000685580.1	263	9792	9529
ENST00000685589.1	1924	25864	23940
ENST00000685590.1	4557	41317	36760
ENST00000685592.1	1451	13805	12354
ENST00000685594.1	17436	36190	18754
ENST00000685596.1	3397	66452	63055
ENST00000685597.1	2238	6858	4620
ENST00000685601.1	178	8155	7977
ENST00000685609.1	0	2731	2731
ENST00000685612.1	1739	19925	18186
ENST00000685613.1	44766	85908	41142
ENST00000685623.1	4248	32251	28003
ENST00000685624.1	8010	8661	651
ENST00000685627.1	603	3700	3097
ENST00000685628.1	1273	18530	17257
ENST00000685641.1	296	52922	52626
ENST00000685650.1	84	20443	20359
ENST00000685653.1	753	36885	36132
ENST00000685655.1	0	1944	1944
ENST00000685663.1	87211	102121	14910
ENST00000685664.1	1078	125897	124819
ENST00000685665.1	1290	4065	2775
ENST00000685675.1	2054	16201	14147
ENST00000685676.1	15945	23709	7764
ENST00000685681.1	44457	64525	20068
ENST00000685684.1	71183	102335	31152
ENST00000685686.1	79717	202392	122675
ENST00000685693.1	2985	18396	15411
ENST00000685696.1	29084	33714	4630
ENST00000685701.1	210	11170	10960
ENST00000685709.1	532	182149	181617
ENST00000685712.1	2023	3338	1315
ENST00000685713.1	4441	8120	3679
ENST00000685718.1	2929	22046	19117
ENST00000685719.1	0	11030	11030
ENST00000685720.1	1618	204328	202710
ENST00000685726.1	6223	9913	3690
ENST00000685738.1	15544	36213	20669
ENST00000685739.1	221	54450	54229
ENST00000685740.1	0	10532	10532
ENST00000685744.1	1812	8454	6642
ENST00000685752.1	964	17863	16899
ENST00000685760.1	0	111353	111353
ENST00000685762.1	574	21421	20847
ENST00000685763.1	436	104722	104286
ENST00000685765.1	178	8374	8196
ENST00000685771.1	26299	284534	258235
ENST00000685780.1	29776	83053	53277
ENST00000685781.1	49	9438	9389
ENST00000685785.1	67151	147901	80750
ENST00000685789.1	0	178	178
ENST00000685791.1	7255	24494	17239
ENST00000685792.1	3845	24692	20847
ENST00000685801.1	1379	73846	72467
ENST00000685804.1	31159	78936	47777
ENST00000685809.1	339	33586	33247
ENST00000685814.1	281889	369838	87949
ENST00000685816.1	0	22777	22777
ENST00000685823.1	238688	413384	174696
ENST00000685824.1	88670	101898	13228
ENST00000685829.1	0	11716	11716
ENST00000685839.1	0	58589	58589
ENST00000685843.1	17973	51454	33481
ENST00000685844.1	36	3998	3962
ENST00000685854.1	319	52392	52073
ENST00000685858.1	46	238658	238612
ENST00000685859.1	238797	413458	174661
ENST00000685863.1	1205	96804	95599
ENST00000685866.1	71408	193010	121602
ENST00000685868.1	1119	19214	18095
ENST00000685871.1	80	20161	20081
ENST00000685872.1	843	375121	374278
ENST00000685876.1	87211	102121	14910
ENST00000685881.1	3672	32205	28533
ENST00000685885.1	12435	80587	68152
ENST00000685890.1	100818	188614	87796
ENST00000685900.1	0	7964	7964
ENST00000685921.1	197	83534	83337
ENST00000685924.1	692	10293	9601
ENST00000685935.1	7683	18138	10455
ENST00000685936.1	25129	324579	299450
ENST00000685938.1	1203	10976	9773
ENST00000685939.1	197	42890	42693
ENST00000685944.1	24198	104970	80772
ENST00000685945.1	44157	59021	14864
ENST00000685946.1	35373	59450	24077
ENST00000685947.1	172240	244544	72304
ENST00000685953.1	1418	71709	70291
ENST00000685959.1	0	15413	15413
ENST00000685961.1	0	5524	5524
ENST00000685964.1	5645	58191	52546
ENST00000685967.1	10	61022	61012
ENST00000685975.1	4086	62267	58181
ENST00000685979.1	0	2217	2217
ENST00000685980.2	19525	22973	3448
ENST00000685982.1	0	1015	1015
ENST00000685986.1	2011	3326	1315
ENST00000685987.1	4	196516	196512
ENST00000685990.1	0	3510	3510
ENST00000685991.1	4	131380	131376
ENST00000685993.1	88670	101898	13228
ENST00000685996.1	7	29560	29553
ENST00000686001.1	5647	52003	46356
ENST00000686010.1	252	69597	69345
ENST00000686011.1	73	83504	83431
ENST00000686016.1	480	13848	13368
ENST00000686024.1	1761	20173	18412
ENST00000686025.1	1253	25255	24002
ENST00000686029.1	0	2743	2743
ENST00000686030.1	2029	6460	4431
ENST00000686033.1	60903	140112	79209
ENST00000686038.1	4121	6925	2804
ENST00000686039.1	47323	92376	45053
ENST00000686043.1	35499	43312	7813
ENST00000686047.1	3547	49759	46212
ENST00000686050.1	60903	61213	310
ENST00000686053.1	13737	41689	27952
ENST00000686058.1	1023	19951	18928
ENST00000686064.1	0	64477	64477
ENST00000686065.1	6588	124836	118248
ENST00000686073.1	1418	99851	98433
ENST00000686077.1	18994	26925	7931
ENST00000686078.1	1390	18797	17407
ENST00000686079.1	1516	279407	277891
ENST00000686080.1	28	41821	41793
ENST00000686086.1	18	38374	38356
ENST00000686093.1	0	12829	12829
ENST00000686094.1	1319	44907	43588
ENST00000686095.1	1074	6538	5464
ENST00000686096.1	6521	7671	1150
ENST00000686097.1	14282	28612	14330
ENST00000686098.1	60592	103027	42435
ENST00000686109.1	337	30902	30565
ENST00000686117.1	238686	413065	174379
ENST00000686119.1	11013	12053	1040
ENST00000686125.1	5899	61395	55496
ENST00000686127.1	60903	95513	34610
ENST00000686129.1	0	9036	9036
ENST00000686133.1	60902	140305	79403
ENST00000686138.1	1721	82207	80486
ENST00000686141.1	4947	8105	3158
ENST00000686142.1	3630	32190	28560
ENST00000686154.1	120	11258	11138
ENST00000686156.1	0	47183	47183
ENST00000686161.1	3347	7792	4445
ENST00000686163.1	238672	335552	96880
ENST00000686167.1	66	34887	34821
ENST00000686171.1	18627	33711	15084
ENST00000686172.1	373	9320	8947
ENST00000686175.1	132	26045	25913
ENST00000686189.1	0	41779	41779
ENST00000686190.1	579	10158	9579
ENST00000686194.1	3171	11044	7873
ENST00000686204.1	358	5822	5464
ENST00000686215.1	29193	182076	152883
ENST00000686218.1	3816	8916	5100
ENST00000686219.1	0	58637	58637
ENST00000686220.1	8053	123097	115044
ENST00000686222.1	19869	28582	8713
ENST00000686225.1	3495	66926	63431
ENST00000686229.1	18	30196	30178
ENST00000686232.1	0	1085	1085
ENST00000686235.1	1253	25255	24002
ENST00000686237.1	1912	2216	304
ENST00000686240.1	104	84968	84864
ENST00000686242.1	0	3962	3962
ENST00000686243.1	57573	67761	10188
ENST00000686245.1	46	89482	89436
ENST00000686247.1	1905	13776	11871
ENST00000686253.1	238670	438249	199579
ENST00000686259.1	2288	355422	353134
ENST00000686270.1	154	66213	66059
ENST00000686275.1	41362	119809	78447
ENST00000686283.1	85	278107	278022
ENST00000686284.1	72	11032	10960
ENST00000686291.1	1241	23089	21848
ENST00000686302.1	269	62675	62406
ENST00000686305.1	121400	158836	37436
ENST00000686313.1	238717	413454	174737
ENST00000686314.1	103	26152	26049
ENST00000686317.1	333	46815	46482
ENST00000686320.1	551	731757	731206
ENST00000686321.1	879	11473	10594
ENST00000686322.1	38586	139440	100854
ENST00000686324.1	1618	354799	353181
ENST00000686325.1	2849	11439	8590
ENST00000686330.1	1641	4593	2952
ENST00000686337.1	207	39717	39510
ENST00000686339.1	154	65954	65800
ENST00000686340.1	297030	580507	283477
ENST00000686347.1	436	104543	104107
ENST00000686349.1	49121	108148	59027
ENST00000686364.1	2305	10005	7700
ENST00000686368.1	416	8358	7942
ENST00000686370.1	0	25860	25860
ENST00000686375.1	197	42890	42693
ENST00000686376.1	71691	193296	121605
ENST00000686378.1	4656	9498	4842
ENST00000686379.1	5167	10076	4909
ENST00000686381.1	1119	67642	66523
ENST00000686402.1	135	24249	24114
ENST00000686406.1	41	185482	185441
ENST00000686407.1	210	11170	10960
ENST00000686413.1	554	503492	502938
ENST00000686418.1	2586	51071	48485
ENST00000686419.1	121317	193156	71839
ENST00000686421.1	305	2031	1726
ENST00000686424.1	171	15232	15061
ENST00000686425.1	7099	26473	19374
ENST00000686427.1	13865	30958	17093
ENST00000686428.1	218	28898	28680
ENST00000686433.1	13	14015	14002
ENST00000686434.1	8749	26006	17257
ENST00000686436.1	266	77673	77407
ENST00000686443.1	1618	204281	202663
ENST00000686445.1	22285	148730	126445
ENST00000686451.1	173415	187668	14253
ENST00000686459.1	142	78924	78782
ENST00000686461.1	31	3464	3433
ENST00000686464.1	60903	61213	310
ENST00000686465.1	618	324403	323785
ENST00000686470.1	10813	31904	21091
ENST00000686473.1	197	83481	83284
ENST00000686480.1	60903	106337	45434
ENST00000686496.1	2278	355412	353134
ENST00000686511.1	22545	157622	135077
ENST00000686522.1	186	7160	6974
ENST00000686523.1	17771	30667	12896
ENST00000686527.1	1319	44907	43588
ENST00000686528.1	50	28923	28873
ENST00000686531.1	197	83428	83231
ENST00000686541.1	242	1879	1637
ENST00000686542.1	2374	143581	141207
ENST00000686543.1	60903	140073	79170
ENST00000686547.1	9081	15186	6105
ENST00000686548.1	43	795	752
ENST00000686560.1	60903	64177	3274
ENST00000686564.1	0	2214	2214
ENST00000686565.1	142	115537	115395
ENST00000686568.1	65	11522	11457
ENST00000686576.1	14156	25272	11116
ENST00000686579.1	839	201001	200162
ENST00000686580.1	373	9350	8977
ENST00000686583.1	1960	13831	11871
ENST00000686584.1	238797	377555	138758
ENST00000686585.1	10770	85627	74857
ENST00000686588.1	0	10611	10611
ENST00000686590.1	199	94082	93883
ENST00000686593.1	205	145874	145669
ENST00000686600.1	2715	85699	82984
ENST00000686611.1	67093	148252	81159
ENST00000686615.1	98	90351	90253
ENST00000686617.1	84	53796	53712
ENST00000686619.1	23521	43941	20420
ENST00000686631.1	2197	12898	10701
ENST00000686636.1	36051	194592	158541
ENST00000686643.1	317	3795	3478
ENST00000686647.1	0	40719	40719
ENST00000686649.1	48841	64294	15453
ENST00000686654.1	1592	155010	153418
ENST00000686655.1	9655	10139	484
ENST00000686666.1	323	303200	302877
ENST00000686667.1	1251	24949	23698
ENST00000686671.1	107	14713	14606
ENST00000686680.1	1859	18324	16465
ENST00000686682.1	3080	25924	22844
ENST00000686683.1	74949	89055	14106
ENST00000686688.1	60903	112440	51537
ENST00000686697.1	1656	213119	211463
ENST00000686702.1	4545	25392	20847
ENST00000686715.1	345075	768647	423572
ENST00000686717.1	754	1536	782
ENST00000686727.1	29521	59915	30394
ENST00000686729.1	20	8800	8780
ENST00000686737.1	586	11093	10507
ENST00000686741.1	78434	201109	122675
ENST00000686748.1	10821	32836	22015
ENST00000686750.1	43	40660	40617
ENST00000686751.1	266	9675	9409
ENST00000686754.1	701	5891	5190
ENST00000686757.1	134	18041	17907
ENST00000686761.1	61	185505	185444
ENST00000686762.1	2137	36524	34387
ENST00000686763.1	3928	34768	30840
ENST00000686771.1	154	66223	66069
ENST00000686773.1	64527	110115	45588
ENST00000686774.1	4617	11781	7164
ENST00000686775.1	1168	47895	46727
ENST00000686776.1	8749	26156	17407
ENST00000686777.1	373	9350	8977
ENST00000686781.1	1253	25115	23862
ENST00000686785.1	36164	43217	7053
ENST00000686786.1	170719	187747	17028
ENST00000686787.1	199	39500	39301
ENST00000686798.1	0	3591	3591
ENST00000686801.1	1512	33022	31510
ENST00000686811.1	169297	186325	17028
ENST00000686812.1	67	17088	17021
ENST00000686817.1	7255	24494	17239
ENST00000686820.1	2016	3923	1907
ENST00000686821.1	8749	26156	17407
ENST00000686830.1	197	83484	83287
ENST00000686831.1	23106	25836	2730
ENST00000686836.1	0	66505	66505
ENST00000686839.1	17196	42071	24875
ENST00000686840.1	472	12099	11627
ENST00000686848.1	5899	67985	62086
ENST00000686857.1	5782	31741	25959
ENST00000686860.1	0	98	98
ENST00000686864.1	0	54222	54222
ENST00000686870.1	102	10908	10806
ENST00000686871.1	238984	413721	174737
ENST00000686876.1	668	109615	108947
ENST00000686877.1	25318	40297	14979
ENST00000686879.1	972	105335	104363
ENST00000686884.1	0	8888	8888
ENST00000686888.1	178	4765	4587
ENST00000686893.1	238672	413345	174673
ENST00000686894.1	173415	188129	14714
ENST00000686896.1	60903	65069	4166
ENST00000686903.1	903	27492	26589
ENST00000686904.1	5029	48860	43831
ENST00000686906.1	2945	101990	99045
ENST00000686907.1	3250	185329	182079
ENST00000686908.1	618	581617	580999
ENST00000686913.1	1074	6538	5464
ENST00000686920.1	0	920	920
ENST00000686922.1	48	19092	19044
ENST00000686923.1	13480	14973	1493
ENST00000686926.1	598	6062	5464
ENST00000686929.1	19089	20820	1731
ENST00000686934.1	154	36344	36190
ENST00000686935.1	22	30197	30175
ENST00000686937.1	1912	2216	304
ENST00000686942.1	2141	6315	4174
ENST00000686943.1	1403	279776	278373
ENST00000686952.1	78138	200813	122675
ENST00000686954.1	330	256981	256651
ENST00000686955.1	24	98462	98438
ENST00000686968.1	363	2442	2079
ENST00000686969.1	2651	12953	10302
ENST00000686972.1	551	128188	127637
ENST00000686973.1	46	33931	33885
ENST00000686976.1	238702	413439	174737
ENST00000686981.1	18514	27683	9169
ENST00000686983.1	2122	7442	5320
ENST00000686984.1	12	12234	12222
ENST00000686988.1	55621	76144	20523
ENST00000686993.1	2377	169049	166672
ENST00000687008.1	972	100465	99493
ENST00000687016.1	338	33570	33232
ENST00000687017.1	27301	120258	92957
ENST00000687018.1	99392	581455	482063
ENST00000687024.1	9386	11968	2582
ENST00000687025.1	42987	119768	76781
ENST00000687027.1	16414	58350	41936
ENST00000687030.1	12233	16396	4163
ENST00000687039.1	29277	137172	107895
ENST00000687040.1	93109	580719	487610
ENST00000687041.1	3889	66100	62211
ENST00000687049.1	17188	59864	42676
ENST00000687051.1	12	10760	10748
ENST00000687060.1	3309	12384	9075
ENST00000687065.1	1119	67642	66523
ENST00000687072.1	80	56095	56015
ENST00000687075.1	0	86233	86233
ENST00000687076.1	2128	35222	33094
ENST00000687083.1	595	169086	168491
ENST00000687084.1	1057	3855	2798
ENST00000687085.1	1943	13814	11871
ENST00000687086.1	60906	140309	79403
ENST00000687087.1	91	10423	10332
ENST00000687089.1	3250	189171	185921
ENST00000687093.1	3376	74300	70924
ENST00000687097.1	6296	35115	28819
ENST00000687098.1	0	23197	23197
ENST00000687099.1	7255	24494	17239
ENST00000687104.1	16710	68092	51382
ENST00000687109.1	102	83551	83449
ENST00000687113.1	3526	49691	46165
ENST00000687123.1	0	346	346
ENST00000687134.1	8749	25988	17239
ENST00000687135.1	1319	44907	43588
ENST00000687137.1	373	9350	8977
ENST00000687138.1	407	4708	4301
ENST00000687144.1	3250	96662	93412
ENST00000687148.1	446	141692	141246
ENST00000687149.1	574	11121	10547
ENST00000687151.1	373	9320	8947
ENST00000687160.1	118	30805	30687
ENST00000687164.1	1074	6538	5464
ENST00000687165.1	263	9672	9409
ENST00000687166.1	5899	46347	40448
ENST00000687178.1	1592	154945	153353
ENST00000687179.1	1234	23120	21886
ENST00000687190.1	1585	43391	41806
ENST00000687194.1	29076	62025	32949
ENST00000687197.1	4579	10013	5434
ENST00000687198.1	963	18811	17848
ENST00000687199.1	2	8192	8190
ENST00000687201.1	0	10171	10171
ENST00000687203.1	549	17204	16655
ENST00000687206.1	100775	188571	87796
ENST00000687210.1	118504	441789	323285
ENST00000687211.1	130	10525	10395
ENST00000687212.1	15	55958	55943
ENST00000687214.1	411	5829	5418
ENST00000687215.1	18144	41355	23211
ENST00000687216.1	373	9294	8921
ENST00000687218.1	52990	78698	25708
ENST00000687219.1	111360	123485	12125
ENST00000687220.1	3255	27434	24179
ENST00000687222.1	66	24213	24147
ENST00000687224.1	1467	14935	13468
ENST00000687225.1	10048	17174	7126
ENST00000687226.1	8749	26006	17257
ENST00000687231.1	2260	11977	9717
ENST00000687234.1	6539	48605	42066
ENST00000687241.1	277	2968	2691
ENST00000687244.1	249	3094	2845
ENST00000687246.1	68	83380	83312
ENST00000687251.1	1097	36162	35065
ENST00000687256.1	273	278346	278073
ENST00000687266.1	871	29902	29031
ENST00000687273.1	1525	19701	18176
ENST00000687278.2	107	149605	149498
ENST00000687279.1	358	196735	196377
ENST00000687287.1	156	196387	196231
ENST00000687291.1	29271	181636	152365
ENST00000687293.1	1205	97092	95887
ENST00000687295.1	126	83560	83434
ENST00000687296.1	643	84565	83922
ENST00000687299.1	238953	316125	77172
ENST00000687300.1	1403	267721	266318
ENST00000687314.1	207	209537	209330
ENST00000687319.1	170719	187685	16966
ENST00000687326.1	8222	36217	27995
ENST00000687328.1	8749	26156	17407
ENST00000687329.1	15503	51879	36376
ENST00000687337.1	38159	48415	10256
ENST00000687338.1	1718	11744	10026
ENST00000687340.1	0	2798	2798
ENST00000687348.1	2999	12973	9974
ENST00000687353.1	486497	910069	423572
ENST00000687355.1	0	34285	34285
ENST00000687356.1	20495	40232	19737
ENST00000687357.1	0	20007	20007
ENST00000687358.1	1569	22675	21106
ENST00000687366.1	522	11761	11239
ENST00000687375.1	12	6654	6642
ENST00000687377.1	204	83778	83574
ENST00000687380.1	0	194831	194831
ENST00000687381.1	15920	25285	9365
ENST00000687382.1	199	30069	29870
ENST00000687384.1	55007	227288	172281
ENST00000687386.1	1618	428375	426757
ENST00000687395.1	5029	63253	58224
ENST00000687398.1	179	23700	23521
ENST00000687399.1	168	63412	63244
ENST00000687410.1	373	9350	8977
ENST00000687413.1	18	144961	144943
ENST00000687414.1	1914	3229	1315
ENST00000687416.1	8912	42310	33398
ENST00000687418.1	20169	80483	60314
ENST00000687419.1	242	4824	4582
ENST00000687420.1	12	2037	2025
ENST00000687427.1	2725	85709	82984
ENST00000687434.1	53948	70128	16180
ENST00000687437.1	3	77347	77344
ENST00000687440.1	463	3941	3478
ENST00000687444.1	4952	42874	37922
ENST00000687446.1	238702	413310	174608
ENST00000687447.1	373	9350	8977
ENST00000687448.1	640	324550	323910
ENST00000687449.1	7255	24662	17407
ENST00000687450.1	5906	68305	62399
ENST00000687453.1	18	168129	168111
ENST00000687454.1	11110	33497	22387
ENST00000687458.1	852	165991	165139
ENST00000687463.1	4563	5878	1315
ENST00000687468.1	2849	11430	8581
ENST00000687470.1	2929	29167	26238
ENST00000687479.1	1403	36940	35537
ENST00000687482.1	8008	8659	651
ENST00000687486.1	8051	12810	4759
ENST00000687487.1	275	32746	32471
ENST00000687496.1	4328	53022	48694
ENST00000687502.1	0	36898	36898
ENST00000687504.1	164	41746	41582
ENST00000687506.1	5899	68521	62622
ENST00000687518.1	0	2007	2007
ENST00000687522.1	182	198997	198815
ENST00000687524.1	295	63537	63242
ENST00000687525.1	694	11832	11138
ENST00000687528.1	85518	211764	126246
ENST00000687529.1	709	1049	340
ENST00000687538.1	65310	76268	10958
ENST00000687552.1	89	32038	31949
ENST00000687554.1	56233	56519	286
ENST00000687558.1	4861	48161	43300
ENST00000687568.1	2929	25459	22530
ENST00000687571.1	3073	9411	6338
ENST00000687572.1	39382	61373	21991
ENST00000687574.1	6413	226964	220551
ENST00000687579.1	10155	31507	21352
ENST00000687583.1	3251	188997	185746
ENST00000687586.1	72	6519	6447
ENST00000687591.1	8749	26156	17407
ENST00000687593.1	110	38537	38427
ENST00000687596.1	1839	143085	141246
ENST00000687599.1	60903	80730	19827
ENST00000687600.1	95444	330787	235343
ENST00000687601.1	8	27640	27632
ENST00000687607.1	100743	187865	87122
ENST00000687629.1	5100	55714	50614
ENST00000687633.1	358	196640	196282
ENST00000687634.1	0	2898	2898
ENST00000687636.1	2247	204957	202710
ENST00000687643.1	1656	213541	211885
ENST00000687645.1	204	77359	77155
ENST00000687646.1	8749	25988	17239
ENST00000687647.1	1119	67642	66523
ENST00000687654.1	4961	48977	44016
ENST00000687662.1	4557	41556	36999
ENST00000687672.1	373	9320	8947
ENST00000687676.1	486511	910083	423572
ENST00000687677.1	65	31888	31823
ENST00000687683.1	586	11093	10507
ENST00000687695.1	3541	52888	49347
ENST00000687698.1	1094	83150	82056
ENST00000687699.1	0	2474	2474
ENST00000687700.1	109687	133665	23978
ENST00000687702.1	76	98618	98542
ENST00000687704.1	15600	30151	14551
ENST00000687705.1	606	3468	2862
ENST00000687718.1	16	2261	2245
ENST00000687720.1	9	7341	7332
ENST00000687723.1	171	32187	32016
ENST00000687728.1	158	149262	149104
ENST00000687729.1	3	32350	32347
ENST00000687734.1	8749	26006	17257
ENST00000687736.1	0	75409	75409
ENST00000687739.1	801	11939	11138
ENST00000687745.1	1031	21878	20847
ENST00000687748.1	1549	51011	49462
ENST00000687756.1	1263	353633	352370
ENST00000687759.1	1252	23042	21790
ENST00000687764.1	61551	107298	45747
ENST00000687765.1	238984	402804	163820
ENST00000687766.1	24353	66831	42478
ENST00000687780.1	4	38278	38274
ENST00000687785.1	56607	87920	31313
ENST00000687787.1	0	20312	20312
ENST00000687789.1	15110	35978	20868
ENST00000687791.1	197	74768	74571
ENST00000687792.1	122	79780	79658
ENST00000687794.1	146	25205	25059
ENST00000687796.1	17902	55465	37563
ENST00000687797.1	352	47573	47221
ENST00000687817.1	45188	83953	38765
ENST00000687822.1	1074	6538	5464
ENST00000687833.1	58	33943	33885
ENST00000687836.1	162	1744	1582
ENST00000687845.1	0	68484	68484
ENST00000687848.1	22	223076	223054
ENST00000687852.1	61241	142978	81737
ENST00000687856.1	1907	25451	23544
ENST00000687865.1	7255	24662	17407
ENST00000687876.1	36222	43071	6849
ENST00000687878.1	428	1816	1388
ENST00000687880.1	93	4481	4388
ENST00000687889.1	16710	67280	50570
ENST00000687890.1	122	79780	79658
ENST00000687893.1	231	189631	189400
ENST00000687894.1	49781	100768	50987
ENST00000687901.1	80412	117073	36661
ENST00000687902.1	3080	22416	19336
ENST00000687906.1	201	87501	87300
ENST00000687909.1	20438	76145	55707
ENST00000687910.1	644	12325	11681
ENST00000687912.1	1845	89233	87388
ENST00000687915.1	34472	63790	29318
ENST00000687923.1	873	36895	36022
ENST00000687935.1	536	68139	67603
ENST00000687939.1	71584	90001	18417
ENST00000687944.1	7989	8640	651
ENST00000687946.1	36	7865	7829
ENST00000687949.1	3303	12298	8995
ENST00000687955.1	10325	11640	1315
ENST00000687959.1	5495	17650	12155
ENST00000687965.1	4295	5941	1646
ENST00000687968.1	4840	23562	18722
ENST00000687969.1	373	9350	8977
ENST00000687971.1	3	34377	34374
ENST00000687972.1	1308	85673	84365
ENST00000687975.1	77720	96271	18551
ENST00000687984.1	60903	80730	19827
ENST00000688001.1	1900	68161	66261
ENST00000688005.1	0	190	190
ENST00000688006.1	55755	89470	33715
ENST00000688007.1	8	27658	27650
ENST00000688009.1	1053	52600	51547
ENST00000688012.1	16628	41503	24875
ENST00000688013.1	2227	143473	141246
ENST00000688015.1	1665	6525	4860
ENST00000688016.1	0	4702	4702
ENST00000688020.1	101	83571	83470
ENST00000688021.1	5617	11563	5946
ENST00000688024.1	1784	91333	89549
ENST00000688030.1	711	2621	1910
ENST00000688037.1	71215	101924	30709
ENST00000688039.1	17538	40093	22555
ENST00000688050.1	155	111166	111011
ENST00000688051.1	122	82967	82845
ENST00000688055.1	1999	5960	3961
ENST00000688057.1	3250	188996	185746
ENST00000688059.1	2006	9939	7933
ENST00000688064.1	8007	8658	651
ENST00000688065.1	2061	14453	12392
ENST00000688066.1	261	33594	33333
ENST00000688068.1	2528	26763	24235
ENST00000688070.1	15529	25251	9722
ENST00000688073.1	2208	31577	29369
ENST00000688074.1	590	66463	65873
ENST00000688086.1	373	9294	8921
ENST00000688091.1	6521	7641	1120
ENST00000688095.1	1670	7336	5666
ENST00000688099.1	41	717	676
ENST00000688101.1	0	18273	18273
ENST00000688106.1	3630	10719	7089
ENST00000688107.1	217	53648	53431
ENST00000688108.1	1758	34898	33140
ENST00000688113.1	40629	59044	18415
ENST00000688114.1	4175	57546	53371
ENST00000688117.1	967	26693	25726
ENST00000688124.1	19163	28997	9834
ENST00000688129.1	274	18754	18480
ENST00000688137.1	322	25616	25294
ENST00000688142.1	259	18067	17808
ENST00000688147.1	190	23270	23080
ENST00000688152.1	24025	73304	49279
ENST00000688154.1	10827	96035	85208
ENST00000688163.1	21902	44522	22620
ENST00000688165.1	60900	65066	4166
ENST00000688168.1	14216	17503	3287
ENST00000688173.1	169864	473083	303219
ENST00000688179.1	22	75487	75465
ENST00000688182.1	0	116870	116870
ENST00000688183.1	33	1458	1425
ENST00000688188.1	4798	51926	47128
ENST00000688194.1	29193	137088	107895
ENST00000688195.1	1859	8362	6503
ENST00000688199.1	608	50359	49751
ENST00000688202.1	37315	85892	48577
ENST00000688205.1	5546	13065	7519
ENST00000688206.1	248	278492	278244
ENST00000688211.1	1256	27261	26005
ENST00000688219.1	3646	38683	35037
ENST00000688223.1	1794	91143	89349
ENST00000688230.1	1357	116386	115029
ENST00000688231.1	0	5215	5215
ENST00000688234.1	249	252116	251867
ENST00000688244.1	327	30463	30136
ENST00000688248.1	0	79609	79609
ENST00000688249.1	60903	94301	33398
ENST00000688251.1	0	40944	40944
ENST00000688258.1	12	7815	7803
ENST00000688263.1	491	75887	75396
ENST00000688270.1	3299	18745	15446
ENST00000688274.1	171	31835	31664
ENST00000688279.1	2088	3995	1907
ENST00000688285.1	7255	24662	17407
ENST00000688286.1	1766	2364	598
ENST00000688289.1	2242	10603	8361
ENST00000688290.1	56583	110119	53536
ENST00000688293.1	17363	42238	24875
ENST00000688303.1	5495	17650	12155
ENST00000688308.1	1832	104031	102199
ENST00000688313.1	13365	21816	8451
ENST00000688314.1	35499	43312	7813
ENST00000688318.1	217	230458	230241
ENST00000688324.1	0	78837	78837
ENST00000688325.1	238984	408169	169185
ENST00000688326.1	12341	17903	5562
ENST00000688329.1	75	15743	15668
ENST00000688330.1	91	15560	15469
ENST00000688331.1	1838	9963	8125
ENST00000688332.1	27198	34722	7524
ENST00000688335.1	78517	201177	122660
ENST00000688338.1	60936	93354	32418
ENST00000688340.1	751	49696	48945
ENST00000688342.1	350	152659	152309
ENST00000688343.1	373	9350	8977
ENST00000688344.1	1609	257476	255867
ENST00000688351.1	242	14511	14269
ENST00000688355.1	0	1581	1581
ENST00000688363.1	0	559164	559164
ENST00000688365.1	5977	59364	53387
ENST00000688381.1	79	8244	8165
ENST00000688388.1	46	76116	76070
ENST00000688389.1	1205	96950	95745
ENST00000688396.1	1074	6538	5464
ENST00000688400.1	2039	122733	120694
ENST00000688403.1	77019	103920	26901
ENST00000688404.1	1319	44907	43588
ENST00000688411.1	2321	5845	3524
ENST00000688422.1	79003	113078	34075
ENST00000688424.1	100817	187634	86817
ENST00000688436.1	8008	8659	651
ENST00000688437.1	177	44429	44252
ENST00000688452.1	49	32733	32684
ENST00000688454.1	118	55752	55634
ENST00000688455.1	1076	6540	5464
ENST00000688464.1	202	45362	45160
ENST00000688493.1	4562	154591	150029
ENST00000688497.1	102439	149648	47209
ENST00000688498.1	373	9350	8977
ENST00000688499.1	93	7468	7375
ENST00000688505.1	54	48230	48176
ENST00000688509.1	3	277	274
ENST00000688511.1	97112	111836	14724
ENST00000688512.1	348	23765	23417
ENST00000688520.1	6602	38471	31869
ENST00000688521.1	3	18988	18985
ENST00000688522.1	2866	11367	8501
ENST00000688524.1	33601	67841	34240
ENST00000688526.1	100743	189027	88284
ENST00000688527.1	215	34062	33847
ENST00000688529.1	1074	6538	5464
ENST00000688532.1	275	6835	6560
ENST00000688538.1	2907	10519	7612
ENST00000688541.1	25387	58336	32949
ENST00000688543.1	2416	38450	36034
ENST00000688545.1	51617	580387	528770
ENST00000688547.1	31156	98519	67363
ENST00000688554.1	60	19261	19201
ENST00000688563.1	29243	137135	107892
ENST00000688564.1	207	18282	18075
ENST00000688566.1	3258	27437	24179
ENST00000688568.1	0	1012	1012
ENST00000688571.1	461	82009	81548
ENST00000688577.1	10322	11637	1315
ENST00000688578.1	3	29998	29995
ENST00000688579.1	2139	6568	4429
ENST00000688583.1	85	104944	104859
ENST00000688584.1	1467	11130	9663
ENST00000688588.1	178	9155	8977
ENST00000688595.1	1028	6492	5464
ENST00000688597.1	205	87246	87041
ENST00000688598.1	4284	52978	48694
ENST00000688601.1	10507	11822	1315
ENST00000688602.1	0	36003	36003
ENST00000688608.1	586	10995	10409
ENST00000688610.1	2880	19926	17046
ENST00000688611.1	10060	24328	14268
ENST00000688618.1	7663	18118	10455
ENST00000688625.1	34876	35288	412
ENST00000688626.1	0	559253	559253
ENST00000688628.1	0	98	98
ENST00000688633.1	630	581703	581073
ENST00000688634.1	2632	5452	2820
ENST00000688640.1	373	9350	8977
ENST00000688644.1	2122	10640	8518
ENST00000688645.1	1134	105232	104098
ENST00000688649.1	5094	55590	50496
ENST00000688650.1	2530	69623	67093
ENST00000688652.1	102	26034	25932
ENST00000688656.1	238667	413328	174661
ENST00000688657.1	43	33726	33683
ENST00000688663.1	159	12798	12639
ENST00000688664.1	127	29884	29757
ENST00000688665.1	1319	44907	43588
ENST00000688667.1	2831	37379	34548
ENST00000688672.1	1079	76517	75438
ENST00000688674.1	240	4822	4582
ENST00000688678.1	184	31838	31654
ENST00000688680.1	154	56798	56644
ENST00000688688.1	93	21379	21286
ENST00000688696.1	88	157344	157256
ENST00000688697.1	62313	76369	14056
ENST00000688699.1	519	38115	37596
ENST00000688703.1	25129	324579	299450
ENST00000688707.1	282	5630	5348
ENST00000688711.1	1376	53315	51939
ENST00000688720.1	959	102547	101588
ENST00000688724.1	5908	46356	40448
ENST00000688730.1	6468	10989	4521
ENST00000688732.1	47	8946	8899
ENST00000688736.1	0	47183	47183
ENST00000688737.1	618	581500	580882
ENST00000688739.1	13120	264414	251294
ENST00000688741.1	834	201121	200287
ENST00000688753.1	0	10532	10532
ENST00000688754.1	849	3751	2902
ENST00000688755.1	160	117949	117789
ENST00000688759.1	197	34055	33858
ENST00000688770.1	0	14987	14987
ENST00000688772.1	1403	36940	35537
ENST00000688774.1	0	5374	5374
ENST00000688778.1	8749	26156	17407
ENST00000688781.1	41404	43009	1605
ENST00000688784.1	105	3780	3675
ENST00000688785.1	1905	33222	31317
ENST00000688794.1	84	23328	23244
ENST00000688798.1	18673	33911	15238
ENST00000688799.1	1202	27030	25828
ENST00000688802.1	1917	13788	11871
ENST00000688810.1	0	241885	241885
ENST00000688812.1	11768	81825	70057
ENST00000688816.1	6265	36986	30721
ENST00000688825.1	1739	19674	17935
ENST00000688829.1	431	6603	6172
ENST00000688837.1	238984	438409	199425
ENST00000688838.1	359	15123	14764
ENST00000688840.1	65	38314	38249
ENST00000688841.1	0	26822	26822
ENST00000688845.1	11444	59548	48104
ENST00000688848.1	19882	28598	8716
ENST00000688851.1	102	26300	26198
ENST00000688863.1	618	581672	581054
ENST00000688870.1	1739	19674	17935
ENST00000688882.1	3040	7775	4735
ENST00000688887.1	14830	71500	56670
ENST00000688888.1	139	39491	39352
ENST00000688889.1	60903	64177	3274
ENST00000688892.1	345058	768630	423572
ENST00000688896.1	217	74871	74654
ENST00000688897.1	800	11938	11138
ENST00000688899.1	16744	50159	33415
ENST00000688900.1	0	1772	1772
ENST00000688902.1	1592	155010	153418
ENST00000688908.1	1205	96854	95649
ENST00000688910.1	1722	25421	23699
ENST00000688916.1	2486	45775	43289
ENST00000688922.2	141	63443	63302
ENST00000688924.1	1301	46933	45632
ENST00000688928.1	44992	94186	49194
ENST00000688933.1	85497	106057	20560
ENST00000688934.1	1656	116754	115098
ENST00000688935.1	53022	78730	25708
ENST00000688940.1	2865	39011	36146
ENST00000688948.1	1384	117052	115668
ENST00000688949.1	21345	60632	39287
ENST00000688959.1	5190	5835	645
ENST00000688963.1	0	8866	8866
ENST00000688967.1	23	2048	2025
ENST00000688968.1	203	1785	1582
ENST00000688969.1	4621	26491	21870
ENST00000688976.1	80	53731	53651
ENST00000688980.1	26915	80662	53747
ENST00000688985.1	9534	14990	5456
ENST00000689005.1	84	83235	83151
ENST00000689006.1	16594	23710	7116
ENST00000689008.1	43	795	752
ENST00000689010.1	238672	413131	174459
ENST00000689011.1	0	52830	52830
ENST00000689016.1	0	29141	29141
ENST00000689017.1	5899	68366	62467
ENST00000689027.1	6122	8304	2182
ENST00000689030.1	14888	71558	56670
ENST00000689033.1	0	15413	15413
ENST00000689035.1	1536	20028	18492
ENST00000689040.1	7729	18184	10455
ENST00000689049.1	6918	17107	10189
ENST00000689057.1	3251	185330	182079
ENST00000689059.1	3676	62330	58654
ENST00000689060.1	0	5466	5466
ENST00000689070.1	5899	67920	62021
ENST00000689071.1	118	3020	2902
ENST00000689072.1	3137	7313	4176
ENST00000689076.1	2427	4580	2153
ENST00000689084.1	3151	5913	2762
ENST00000689087.1	55755	89470	33715
ENST00000689089.1	31	14462	14431
ENST00000689093.1	0	8385	8385
ENST00000689094.1	2288	8234	5946
ENST00000689095.1	305	857	552
ENST00000689097.1	34871	35283	412
ENST00000689100.1	171	31848	31677
ENST00000689103.1	8749	19398	10649
ENST00000689106.1	190	23270	23080
ENST00000689107.1	3	16472	16469
ENST00000689115.1	25114	581551	556437
ENST00000689118.1	44740	93934	49194
ENST00000689127.1	290	45137	44847
ENST00000689128.1	1577	520827	519250
ENST00000689129.1	2834	36093	33259
ENST00000689130.1	6458	10533	4075
ENST00000689134.1	13368	21819	8451
ENST00000689137.1	1581	48849	47268
ENST00000689139.1	0	5947	5947
ENST00000689142.1	16663	28252	11589
ENST00000689143.1	3996	8777	4781
ENST00000689149.1	66	5839	5773
ENST00000689150.1	4059	17509	13450
ENST00000689152.1	98	10464	10366
ENST00000689155.1	17157	42032	24875
ENST00000689156.1	1946	122894	120948
ENST00000689161.1	5377	86137	80760
ENST00000689164.1	59323	101645	42322
ENST00000689172.1	17	13189	13172
ENST00000689173.1	73	4512	4439
ENST00000689174.1	459	32863	32404
ENST00000689189.1	7255	24662	17407
ENST00000689195.1	788	31138	30350
ENST00000689203.1	45	12807	12762
ENST00000689205.1	64445	71740	7295
ENST00000689206.1	298	11436	11138
ENST00000689208.1	19526	20718	1192
ENST00000689211.1	1525	19937	18412
ENST00000689214.1	4557	9127	4570
ENST00000689215.1	23050	25780	2730
ENST00000689217.1	1256	25350	24094
ENST00000689226.1	42	13750	13708
ENST00000689227.1	0	20102	20102
ENST00000689228.1	1060	14447	13387
ENST00000689249.1	162	1744	1582
ENST00000689253.1	0	70	70
ENST00000689258.1	1042	520134	519092
ENST00000689259.1	39379	48820	9441
ENST00000689268.1	23132	71709	48577
ENST00000689271.1	134	25939	25805
ENST00000689276.1	855	14536	13681
ENST00000689283.1	183	4207	4024
ENST00000689284.1	373	9294	8921
ENST00000689286.1	2365	13323	10958
ENST00000689288.1	54497	86505	32008
ENST00000689291.1	171	32075	31904
ENST00000689296.1	29	66290	66261
ENST00000689297.1	100817	188139	87322
ENST00000689298.1	40811	128239	87428
ENST00000689300.1	44783	93977	49194
ENST00000689301.1	38586	351328	312742
ENST00000689304.1	0	714	714
ENST00000689310.1	114	451120	451006
ENST00000689312.1	12725	45847	33122
ENST00000689313.1	226	83826	83600
ENST00000689314.1	23877	104693	80816
ENST00000689320.1	2677	8201	5524
ENST00000689322.1	0	3998	3998
ENST00000689323.1	3380	68784	65404
ENST00000689326.1	1336	110022	108686
ENST00000689330.1	15699	34307	18608
ENST00000689332.1	197	83648	83451
ENST00000689334.1	4205	24784	20579
ENST00000689342.1	29244	38595	9351
ENST00000689345.1	2077	168749	166672
ENST00000689346.1	200	4035	3835
ENST00000689348.1	41	239007	238966
ENST00000689351.1	8749	26156	17407
ENST00000689359.1	2604	20011	17407
ENST00000689364.1	37168	85745	48577
ENST00000689369.1	5750	109850	104100
ENST00000689383.1	2147	20192	18045
ENST00000689386.1	2363	106540	104177
ENST00000689387.1	42273	57336	15063
ENST00000689389.1	798	36754	35956
ENST00000689392.1	0	706	706
ENST00000689393.1	3251	185330	182079
ENST00000689401.1	83838	84334	496
ENST00000689406.1	3353	120471	117118
ENST00000689418.1	34587	34999	412
ENST00000689421.1	2400	6675	4275
ENST00000689423.1	80188	80684	496
ENST00000689424.1	0	13754	13754
ENST00000689425.1	1082	83019	81937
ENST00000689426.1	513	1392	879
ENST00000689434.1	97112	111836	14724
ENST00000689444.1	12772	37363	24591
ENST00000689445.1	0	23205	23205
ENST00000689454.1	78667	201342	122675
ENST00000689455.1	167682	184710	17028
ENST00000689459.1	6438	11617	5179
ENST00000689460.1	207	5873	5666
ENST00000689464.1	0	32752	32752
ENST00000689476.1	302	52033	51731
ENST00000689477.1	53	2478	2425
ENST00000689478.1	390	6847	6457
ENST00000689479.1	8749	25988	17239
ENST00000689481.1	28429	28841	412
ENST00000689484.1	57622	71063	13441
ENST00000689486.1	4998	41993	36995
ENST00000689492.1	179	83481	83302
ENST00000689496.1	202	40806	40604
ENST00000689505.1	524	23159	22635
ENST00000689510.1	3627	24750	21123
ENST00000689517.1	16712	38115	21403
ENST00000689519.1	1796	68872	67076
ENST00000689520.1	22373	157406	135033
ENST00000689521.1	6563	7210	647
ENST00000689522.1	147	25772	25625
ENST00000689526.1	1213	149280	148067
ENST00000689528.1	43325	461912	418587
ENST00000689530.1	60904	113244	52340
ENST00000689531.1	30323	83298	52975
ENST00000689539.1	10684	43836	33152
ENST00000689545.1	29203	137098	107895
ENST00000689548.1	547	539533	538986
ENST00000689550.1	465	20610	20145
ENST00000689553.1	80	4401	4321
ENST00000689556.1	1319	44764	43445
ENST00000689571.1	3250	189519	186269
ENST00000689574.1	213	100121	99908
ENST00000689576.1	3203	13780	10577
ENST00000689584.1	64	842	778
ENST00000689597.1	197	208579	208382
ENST00000689598.1	0	37617	37617
ENST00000689602.1	640	324550	323910
ENST00000689605.1	5899	83495	77596
ENST00000689622.1	31	13072	13041
ENST00000689627.1	38941	45664	6723
ENST00000689633.1	21	238614	238593
ENST00000689635.1	96662	111386	14724
ENST00000689637.1	4970	44987	40017
ENST00000689640.1	25129	581398	556269
ENST00000689643.1	204	83958	83754
ENST00000689646.1	31872	153518	121646
ENST00000689649.1	60903	106570	45667
ENST00000689650.1	627	3302	2675
ENST00000689654.1	144	51394	51250
ENST00000689660.1	19	16499	16480
ENST00000689671.1	46459	48683	2224
ENST00000689673.1	9	285735	285726
ENST00000689674.1	7604	159376	151772
ENST00000689681.1	2268	83940	81672
ENST00000689684.1	6521	7671	1150
ENST00000689685.1	2285	143531	141246
ENST00000689688.1	17845	195682	177837
ENST00000689690.1	32086	165769	133683
ENST00000689694.1	23962	104734	80772
ENST00000689698.1	5379	16318	10939
ENST00000689700.1	0	81838	81838
ENST00000689703.1	0	370	370
ENST00000689705.1	2411	12995	10584
ENST00000689713.1	1093	16789	15696
ENST00000689715.1	262	14527	14265
ENST00000689727.1	3611	24907	21296
ENST00000689730.1	1205	97000	95795
ENST00000689731.1	60903	65069	4166
ENST00000689732.1	1253	25255	24002
ENST00000689736.1	41	216150	216109
ENST00000689740.1	165	66472	66307
ENST00000689742.1	16744	50159	33415
ENST00000689744.1	25	2290	2265
ENST00000689750.1	197	34055	33858
ENST00000689754.1	373	9350	8977
ENST00000689756.1	7380	9377	1997
ENST00000689757.1	56618	87931	31313
ENST00000689762.1	1094	6156	5062
ENST00000689764.1	1914	3229	1315
ENST00000689765.1	44	4006	3962
ENST00000689767.1	60889	140384	79495
ENST00000689773.1	1234	121288	120054
ENST00000689779.1	172271	244575	72304
ENST00000689784.1	1047	109488	108441
ENST00000689788.1	0	7949	7949
ENST00000689796.1	197	83487	83290
ENST00000689797.1	57622	71063	13441
ENST00000689801.1	215	83613	83398
ENST00000689809.1	2144	24005	21861
ENST00000689810.1	24015	70563	46548
ENST00000689813.1	126	9655	9529
ENST00000689815.1	2212	143458	141246
ENST00000689816.1	22	75573	75551
ENST00000689820.1	45	72589	72544
ENST00000689828.1	10150	83374	73224
ENST00000689832.1	48	83494	83446
ENST00000689834.1	265	185272	185007
ENST00000689835.1	170	47829	47659
ENST00000689843.1	446	19463	19017
ENST00000689844.1	7537	14574	7037
ENST00000689849.1	3182	12875	9693
ENST00000689850.1	9469	46401	36932
ENST00000689851.1	641	83887	83246
ENST00000689852.1	5678	109810	104132
ENST00000689853.1	154	36403	36249
ENST00000689857.1	2929	27543	24614
ENST00000689858.1	56625	87938	31313
ENST00000689861.1	1375	7821	6446
ENST00000689864.1	0	566	566
ENST00000689866.1	6521	7641	1120
ENST00000689871.1	197	78287	78090
ENST00000689872.1	2692	44564	41872
ENST00000689876.1	1718	36566	34848
ENST00000689882.1	2063	3970	1907
ENST00000689885.1	1251	25232	23981
ENST00000689888.1	29761	30304	543
ENST00000689889.1	13322	21773	8451
ENST00000689890.1	11	8245	8234
ENST00000689891.1	60903	80730	19827
ENST00000689897.1	0	26932	26932
ENST00000689898.1	0	10719	10719
ENST00000689904.1	165	189239	189074
ENST00000689906.1	4617	18168	13551
ENST00000689909.1	1159	84601	83442
ENST00000689910.1	238747	413408	174661
ENST00000689914.1	8189	36184	27995
ENST00000689919.1	87211	102121	14910
ENST00000689921.1	6147	9347	3200
ENST00000689925.1	2243	6706	4463
ENST00000689926.1	172278	244343	72065
ENST00000689929.1	0	3958	3958
ENST00000689934.1	0	1814	1814
ENST00000689935.1	115	86935	86820
ENST00000689936.1	0	52934	52934
ENST00000689938.1	0	106	106
ENST00000689939.1	195	2229	2034
ENST00000689940.1	1753	520902	519149
ENST00000689943.1	196	1919	1723
ENST00000689944.1	0	5556	5556
ENST00000689948.1	8008	8659	651
ENST00000689951.1	436	104918	104482
ENST00000689952.1	16471	75960	59489
ENST00000689968.1	2929	27472	24543
ENST00000689975.1	86	117254	117168
ENST00000689981.1	339	33633	33294
ENST00000689987.1	426	3904	3478
ENST00000689989.1	1256	25350	24094
ENST00000689991.1	8749	26156	17407
ENST00000689994.1	41190	83686	42496
ENST00000689995.1	0	99623	99623
ENST00000689997.1	85142	92898	7756
ENST00000690003.1	7509	159376	151867
ENST00000690004.1	1234	121288	120054
ENST00000690008.1	7560	9409	1849
ENST00000690013.1	13470	24162	10692
ENST00000690015.1	178	91669	91491
ENST00000690019.1	638	581589	580951
ENST00000690021.1	87	68565	68478
ENST00000690024.1	12674	14938	2264
ENST00000690025.1	2638	102087	99449
ENST00000690031.1	22911	37821	14910
ENST00000690037.1	39384	49116	9732
ENST00000690043.1	3	91819	91816
ENST00000690052.1	24	12467	12443
ENST00000690053.1	367	2830	2463
ENST00000690055.1	67107	148278	81171
ENST00000690060.1	128	22764	22636
ENST00000690063.1	5954	68555	62601
ENST00000690067.1	1946	13817	11871
ENST00000690068.1	306	51947	51641
ENST00000690070.1	0	20238	20238
ENST00000690092.1	444	63561	63117
ENST00000690097.1	8830	22561	13731
ENST00000690106.1	0	17012	17012
ENST00000690108.1	9556	12711	3155
ENST00000690114.1	0	140	140
ENST00000690123.1	1763	64794	63031
ENST00000690125.1	1376	53274	51898
ENST00000690126.1	884	23708	22824
ENST00000690127.1	159	5221	5062
ENST00000690128.1	100817	188127	87310
ENST00000690133.1	3229	27349	24120
ENST00000690137.1	95	38584	38489
ENST00000690139.1	48405	84633	36228
ENST00000690143.1	2758	5634	2876
ENST00000690144.1	1606	104966	103360
ENST00000690145.1	30	29982	29952
ENST00000690149.1	56484	58345	1861
ENST00000690157.1	651	109233	108582
ENST00000690159.1	41	717	676
ENST00000690162.1	144320	185953	41633
ENST00000690163.1	1618	135338	133720
ENST00000690178.1	0	264	264
ENST00000690184.1	507	26132	25625
ENST00000690188.1	607	35545	34938
ENST00000690194.1	30626	43747	13121
ENST00000690197.1	2516	2988	472
ENST00000690203.1	16769	25800	9031
ENST00000690205.1	49799	75758	25959
ENST00000690206.1	373	9264	8891
ENST00000690207.1	1249	25298	24049
ENST00000690208.1	14	41538	41524
ENST00000690209.1	197	81853	81656
ENST00000690210.1	205	87851	87646
ENST00000690211.1	1348	14878	13530
ENST00000690216.1	21	38426	38405
ENST00000690231.1	60	20226	20166
ENST00000690233.1	21800	44420	22620
ENST00000690234.1	6497	27831	21334
ENST00000690242.1	212	30091	29879
ENST00000690252.1	340	35581	35241
ENST00000690257.1	957	11853	10896
ENST00000690258.1	6300	16358	10058
ENST00000690267.1	0	8968	8968
ENST00000690268.1	2729	28784	26055
ENST00000690269.1	532	182351	181819
ENST00000690270.1	736	22194	21458
ENST00000690280.1	175	32002	31827
ENST00000690281.1	1126	142372	141246
ENST00000690282.1	77072	103973	26901
ENST00000690283.1	1688	13559	11871
ENST00000690284.1	23132	71709	48577
ENST00000690285.1	2089	4619	2530
ENST00000690286.1	3013	10544	7531
ENST00000690290.1	0	1548	1548
ENST00000690292.1	36992	43197	6205
ENST00000690293.1	3223	3953	730
ENST00000690296.1	823	81943	81120
ENST00000690298.1	8	4344	4336
ENST00000690311.1	10379	44034	33655
ENST00000690315.1	1119	126248	125129
ENST00000690316.1	3512	28529	25017
ENST00000690317.1	41362	119809	78447
ENST00000690324.1	170718	187746	17028
ENST00000690330.1	29	1881	1852
ENST00000690345.1	64	111902	111838
ENST00000690346.1	242	14511	14269
ENST00000690348.1	17552	55183	37631
ENST00000690351.1	24013	50686	26673
ENST00000690355.1	3250	189186	185936
ENST00000690356.1	94534	580627	486093
ENST00000690367.1	373	9320	8947
ENST00000690371.1	102	24880	24778
ENST00000690372.1	24477	62040	37563
ENST00000690393.1	448	63666	63218
ENST00000690397.1	873	36895	36022
ENST00000690398.1	279	327668	327389
ENST00000690399.1	40629	59044	18415
ENST00000690406.1	20368	20686	318
ENST00000690415.1	570	139811	139241
ENST00000690417.1	230	39740	39510
ENST00000690419.1	4	13081	13077
ENST00000690420.1	15683	24011	8328
ENST00000690423.1	1717	5160	3443
ENST00000690449.1	1231	86947	85716
ENST00000690453.1	29255	140863	111608
ENST00000690457.1	53	184738	184685
ENST00000690460.1	878	36998	36120
ENST00000690461.1	25011	111768	86757
ENST00000690465.1	1854	38922	37068
ENST00000690468.1	2887	13345	10458
ENST00000690481.1	201	35825	35624
ENST00000690487.1	0	1214	1214
ENST00000690488.1	150371	165085	14714
ENST00000690492.1	1309	18536	17227
ENST00000690496.1	13667	22118	8451
ENST00000690502.1	447	16640	16193
ENST00000690503.1	46304	91125	44821
ENST00000690509.1	52788	70195	17407
ENST00000690511.1	4175	43571	39396
ENST00000690512.1	72	3507	3435
ENST00000690516.1	33404	76713	43309
ENST00000690518.1	41	25030	24989
ENST00000690519.1	0	66256	66256
ENST00000690529.1	1319	44907	43588
ENST00000690538.1	248	110267	110019
ENST00000690539.1	625	589501	588876
ENST00000690543.1	58	83495	83437
ENST00000690544.1	11768	27511	15743
ENST00000690554.1	192	26318	26126
ENST00000690560.1	15638	148769	133131
ENST00000690565.1	152	6333	6181
ENST00000690568.1	219	35686	35467
ENST00000690573.1	0	27139	27139
ENST00000690577.1	659	4257	3598
ENST00000690580.1	10356	11671	1315
ENST00000690585.1	1643	8460	6817
ENST00000690591.1	60	21126	21066
ENST00000690592.1	2750	13485	10735
ENST00000690595.1	848	13928	13080
ENST00000690602.1	6521	7671	1150
ENST00000690610.1	28007	123820	95813
ENST00000690614.1	25129	324579	299450
ENST00000690615.1	5906	46354	40448
ENST00000690620.1	1319	153453	152134
ENST00000690622.1	298	11436	11138
ENST00000690624.1	1722	30129	28407
ENST00000690627.1	154	66282	66128
ENST00000690630.1	28149	59859	31710
ENST00000690634.1	22545	149034	126489
ENST00000690646.1	326	196534	196208
ENST00000690648.1	2564	50545	47981
ENST00000690650.1	3524	28380	24856
ENST00000690651.1	1971	30181	28210
ENST00000690657.1	216	34060	33844
ENST00000690663.1	179	83420	83241
ENST00000690666.1	4284	92658	88374
ENST00000690669.1	1187	86187	85000
ENST00000690672.1	0	120	120
ENST00000690674.1	157304	189904	32600
ENST00000690675.1	0	3274	3274
ENST00000690677.1	159	29464	29305
ENST00000690678.1	590	11097	10507
ENST00000690679.1	11674	102403	90729
ENST00000690682.1	57	8837	8780
ENST00000690690.1	0	5160	5160
ENST00000690691.1	79	42206	42127
ENST00000690693.1	0	108715	108715
ENST00000690705.1	5782	10297	4515
ENST00000690706.1	170718	187684	16966
ENST00000690708.1	41	237756	237715
ENST00000690709.1	1403	36940	35537
ENST00000690712.1	0	81035	81035
ENST00000690720.1	1319	44907	43588
ENST00000690723.1	197	74821	74624
ENST00000690727.1	17442	42317	24875
ENST00000690729.1	269921	413088	143167
ENST00000690732.1	3646	38644	34998
ENST00000690736.1	45	5543	5498
ENST00000690739.1	3376	74300	70924
ENST00000690740.1	171	31837	31666
ENST00000690743.1	57970	71669	13699
ENST00000690748.1	100817	189074	88257
ENST00000690749.1	162	1744	1582
ENST00000690751.1	36222	42979	6757
ENST00000690756.1	8749	26156	17407
ENST00000690765.1	75	39585	39510
ENST00000690772.1	863	201699	200836
ENST00000690773.1	3251	189292	186041
ENST00000690774.1	18	19598	19580
ENST00000690775.1	2068	5376	3308
ENST00000690781.1	7291	24698	17407
ENST00000690789.1	15585	32729	17144
ENST00000690793.1	320	29917	29597
ENST00000690794.1	13600	24032	10432
ENST00000690799.1	114	80584	80470
ENST00000690803.1	136937	156441	19504
ENST00000690804.1	20902	37587	16685
ENST00000690806.1	157343	263164	105821
ENST00000690807.1	0	2446	2446
ENST00000690808.1	71032	102359	31327
ENST00000690812.1	56564	87877	31313
ENST00000690814.1	59212	193375	134163
ENST00000690816.1	38099	62176	24077
ENST00000690823.1	2501	37654	35153
ENST00000690824.1	733	125885	125152
ENST00000690826.1	72	233818	233746
ENST00000690831.1	6339	11898	5559
ENST00000690835.1	6497	31123	24626
ENST00000690836.1	202	32241	32039
ENST00000690841.1	0	17012	17012
ENST00000690847.1	266	70701	70435
ENST00000690848.1	655	5459	4804
ENST00000690849.1	5897	9103	3206
ENST00000690860.1	19023	21042	2019
ENST00000690862.1	197	83306	83109
ENST00000690874.1	1390	18797	17407
ENST00000690876.1	14744	139240	124496
ENST00000690878.1	0	2915	2915
ENST00000690884.1	5789	31748	25959
ENST00000690891.1	0	1243	1243
ENST00000690897.1	23179	51072	27893
ENST00000690900.1	134	17993	17859
ENST00000690908.1	1319	44764	43445
ENST00000690920.1	1927	13798	11871
ENST00000690922.1	58095	103336	45241
ENST00000690927.1	2980	21238	18258
ENST00000690932.1	4952	41947	36995
ENST00000690938.1	309	32802	32493
ENST00000690939.1	1092	20295	19203
ENST00000690940.1	2222	8415	6193
ENST00000690944.1	11893	39124	27231
ENST00000690947.1	65	17892	17827
ENST00000690960.1	238672	438339	199667
ENST00000690962.1	164	9114	8950
ENST00000690976.1	4	196349	196345
ENST00000690982.1	70622	86708	16086
ENST00000690984.1	41	161126	161085
ENST00000690990.1	339	33666	33327
ENST00000691002.1	0	3850	3850
ENST00000691006.1	3432	10587	7155
ENST00000691007.1	238717	438349	199632
ENST00000691010.1	373	9320	8947
ENST00000691014.1	333	287663	287330
ENST00000691021.1	94590	96142	1552
ENST00000691025.1	1021	6682	5661
ENST00000691028.1	167	124754	124587
ENST00000691029.1	137	114044	113907
ENST00000691030.1	1792	103425	101633
ENST00000691032.1	1251	25041	23790
ENST00000691036.1	1593	13457	11864
ENST00000691041.1	156983	186055	29072
ENST00000691043.1	20169	80548	60379
ENST00000691050.1	446	10499	10053
ENST00000691052.1	12685	24428	11743
ENST00000691053.1	8	97615	97607
ENST00000691058.1	8652	9610	958
ENST00000691061.1	1520	18399	16879
ENST00000691062.1	2697	49595	46898
ENST00000691063.1	196	44261	44065
ENST00000691070.1	0	13973	13973
ENST00000691075.1	46133	47865	1732
ENST00000691076.1	203	1785	1582
ENST00000691077.1	436	98893	98457
ENST00000691082.1	2331	15216	12885
ENST00000691087.1	137974	188627	50653
ENST00000691093.1	2064	67550	65486
ENST00000691102.1	229	2609	2380
ENST00000691106.1	18330	25409	7079
ENST00000691108.1	162034	188131	26097
ENST00000691111.1	101	38543	38442
ENST00000691112.1	238672	413204	174532
ENST00000691113.1	0	2946	2946
ENST00000691122.1	202	44797	44595
ENST00000691128.1	28	14956	14928
ENST00000691129.1	5903	68021	62118
ENST00000691135.1	2838	11339	8501
ENST00000691152.1	60903	80730	19827
ENST00000691154.1	293	1192	899
ENST00000691155.1	1932	13803	11871
ENST00000691158.1	66	7491	7425
ENST00000691161.1	56582	87895	31313
ENST00000691171.1	147	8505	8358
ENST00000691172.1	1882	49150	47268
ENST00000691173.1	7910	143602	135692
ENST00000691177.1	0	25511	25511
ENST00000691179.1	611	50425	49814
ENST00000691183.1	74	1588	1514
ENST00000691188.1	73211	119811	46600
ENST00000691196.1	0	114464	114464
ENST00000691201.1	319	63450	63131
ENST00000691209.1	4671	10105	5434
ENST00000691214.1	104	38456	38352
ENST00000691217.1	171	15232	15061
ENST00000691220.1	0	75210	75210
ENST00000691226.1	100817	187666	86849
ENST00000691229.1	2701	131383	128682
ENST00000691232.1	50446	104451	54005
ENST00000691233.1	339	33592	33253
ENST00000691238.1	10312	76499	66187
ENST00000691239.1	35410	43495	8085
ENST00000691242.1	1739	19925	18186
ENST00000691243.1	1817	10685	8868
ENST00000691251.1	2564	50777	48213
ENST00000691252.1	1368	6558	5190
ENST00000691256.1	154	56739	56585
ENST00000691260.1	66	38344	38278
ENST00000691263.1	303	63512	63209
ENST00000691268.1	553	9965	9412
ENST00000691269.1	376	1748	1372
ENST00000691272.1	29080	62039	32959
ENST00000691273.1	121315	171985	50670
ENST00000691274.1	112	26036	25924
ENST00000691283.1	0	1345	1345
ENST00000691284.1	27	10876	10849
ENST00000691288.1	326	14841	14515
ENST00000691295.1	8801	30857	22056
ENST00000691296.1	955	24780	23825
ENST00000691306.1	0	9354	9354
ENST00000691308.1	3	5403	5400
ENST00000691309.1	593	50741	50148
ENST00000691319.1	172293	244358	72065
ENST00000691320.1	1273	15467	14194
ENST00000691327.1	577	19092	18515
ENST00000691339.1	2	61014	61012
ENST00000691341.1	5906	53384	47478
ENST00000691342.1	8749	19398	10649
ENST00000691344.1	804	8629	7825
ENST00000691348.1	2887	13452	10565
ENST00000691351.1	551	226183	225632
ENST00000691353.1	56333	87646	31313
ENST00000691360.1	49	25069	25020
ENST00000691369.1	44752	93946	49194
ENST00000691370.1	373	9350	8977
ENST00000691377.1	15894	23168	7274
ENST00000691380.1	74639	95333	20694
ENST00000691390.1	786	112490	111704
ENST00000691396.1	28254	35147	6893
ENST00000691403.1	15945	23801	7856
ENST00000691404.1	154	65511	65357
ENST00000691410.1	9556	12711	3155
ENST00000691413.1	373	9294	8921
ENST00000691414.1	3166	88192	85026
ENST00000691415.1	2316	143562	141246
ENST00000691416.1	8863	22004	13141
ENST00000691421.1	0	6995	6995
ENST00000691422.1	0	6295	6295
ENST00000691435.1	21	141051	141030
ENST00000691441.1	44771	93965	49194
ENST00000691448.1	0	26792	26792
ENST00000691454.1	2864	10738	7874
ENST00000691455.1	140	3397	3257
ENST00000691457.1	40944	58246	17302
ENST00000691461.1	22276	157353	135077
ENST00000691462.1	1905	33222	31317
ENST00000691463.1	2176	3694	1518
ENST00000691468.1	29	24316	24287
ENST00000691478.1	13	4234	4221
ENST00000691479.1	18251	34467	16216
ENST00000691485.1	640	324550	323910
ENST00000691486.1	0	5202	5202
ENST00000691492.1	67102	148232	81130
ENST00000691494.1	1084	260007	258923
ENST00000691502.1	25	35152	35127
ENST00000691505.1	153	36921	36768
ENST00000691513.1	8749	26156	17407
ENST00000691515.1	162	1744	1582
ENST00000691523.1	16765	41640	24875
ENST00000691525.1	22270	135300	113030
ENST00000691534.1	6312	7462	1150
ENST00000691540.1	0	14132	14132
ENST00000691544.1	668	150230	149562
ENST00000691551.1	48403	48631	228
ENST00000691555.1	3	1585	1582
ENST00000691556.1	7255	24662	17407
ENST00000691560.1	2586	51076	48490
ENST00000691561.1	79118	201778	122660
ENST00000691563.1	1258	34085	32827
ENST00000691573.1	3250	185329	182079
ENST00000691576.1	436	104740	104304
ENST00000691580.1	0	119808	119808
ENST00000691582.1	98	83920	83822
ENST00000691583.1	206	83601	83395
ENST00000691585.1	6511	29620	23109
ENST00000691607.2	2030	11145	9115
ENST00000691609.1	2019	13890	11871
ENST00000691610.1	3	6896	6893
ENST00000691611.1	7515	8166	651
ENST00000691612.1	89	75473	75384
ENST00000691621.1	1029	77767	76738
ENST00000691624.1	22651	23429	778
ENST00000691635.1	0	27458	27458
ENST00000691636.1	136	53507	53371
ENST00000691638.1	1606	8670	7064
ENST00000691641.1	84	18564	18480
ENST00000691645.1	4557	30444	25887
ENST00000691652.1	0	2981	2981
ENST00000691655.1	41	2654	2613
ENST00000691661.1	1119	126358	125239
ENST00000691663.1	18025	47936	29911
ENST00000691665.1	56662	87975	31313
ENST00000691669.1	2260	12221	9961
ENST00000691676.1	2110	7921	5811
ENST00000691681.1	373	9350	8977
ENST00000691682.1	154	65426	65272
ENST00000691684.1	311	45028	44717
ENST00000691686.1	24004	104684	80680
ENST00000691694.1	154	57978	57824
ENST00000691695.1	27824	96778	68954
ENST00000691696.1	140	53511	53371
ENST00000691702.1	623	15055	14432
ENST00000691703.1	263	121301	121038
ENST00000691705.1	197	81850	81653
ENST00000691718.1	0	10532	10532
ENST00000691720.1	2010	14481	12471
ENST00000691724.1	16146	36137	19991
ENST00000691725.1	504	77937	77433
ENST00000691731.1	2604	20011	17407
ENST00000691732.1	2775	5406	2631
ENST00000691733.1	197	83775	83578
ENST00000691739.1	10253	11568	1315
ENST00000691753.1	3552	24399	20847
ENST00000691758.1	23	3698	3675
ENST00000691760.1	4329	6386	2057
ENST00000691765.1	3250	188746	185496
ENST00000691770.1	197	67721	67524
ENST00000691776.1	21993	50619	28626
ENST00000691777.1	8749	25988	17239
ENST00000691779.1	34871	35283	412
ENST00000691788.1	1618	354752	353134
ENST00000691792.1	325	33643	33318
ENST00000691796.1	1586	53057	51471
ENST00000691802.1	17014	24093	7079
ENST00000691804.1	4952	48116	43164
ENST00000691812.1	4291	53086	48795
ENST00000691813.1	154	36344	36190
ENST00000691815.1	5814	10329	4515
ENST00000691827.1	41404	43009	1605
ENST00000691830.1	3250	189129	185879
ENST00000691833.1	13769	41721	27952
ENST00000691841.1	0	5567	5567
ENST00000691846.1	12685	14239	1554
ENST00000691847.1	59695	90865	31170
ENST00000691851.1	24004	104189	80185
ENST00000691853.1	175	32359	32184
ENST00000691855.1	0	6175	6175
ENST00000691858.1	29059	62018	32959
ENST00000691862.1	1119	126245	125126
ENST00000691864.1	408	6857	6449
ENST00000691867.1	2154	24015	21861
ENST00000691880.1	75567	101948	26381
ENST00000691883.1	74346	79312	4966
ENST00000691888.1	916	9002	8086
ENST00000691893.1	102	25648	25546
ENST00000691895.1	26	13106	13080
ENST00000691899.1	873	37005	36132
ENST00000691900.1	252	13824	13572
ENST00000691901.1	944	16157	15213
ENST00000691902.1	651	108680	108029
ENST00000691903.1	44766	93461	48695
ENST00000691912.1	636	169715	169079
ENST00000691917.1	28149	59859	31710
ENST00000691918.1	3158	13749	10591
ENST00000691921.1	217	250409	250192
ENST00000691926.1	21	7735	7714
ENST00000691932.1	2805	6337	3532
ENST00000691933.1	34854	90517	55663
ENST00000691937.1	436	103301	102865
ENST00000691939.1	190	32068	31878
ENST00000691940.1	204	12765	12561
ENST00000691943.1	1234	121295	120061
ENST00000691961.1	4952	48033	43081
ENST00000691962.1	21637	62476	40839
ENST00000691964.1	197	83589	83392
ENST00000691968.1	0	2773	2773
ENST00000691969.1	0	7730	7730
ENST00000691970.1	34832	48481	13649
ENST00000691972.1	271	99722	99451
ENST00000691973.1	460	26407	25947
ENST00000691974.1	462	63680	63218
ENST00000691977.1	1187	86903	85716
ENST00000691979.1	25129	581670	556541
ENST00000691986.1	0	2797	2797
ENST00000691989.1	25114	581545	556431
ENST00000691993.1	2760	70134	67374
ENST00000691995.1	4791	249708	244917
ENST00000691996.1	2380	9033	6653
ENST00000692002.1	73	4060	3987
ENST00000692005.1	187	250281	250094
ENST00000692006.1	0	1887	1887
ENST00000692008.1	240	9231	8991
ENST00000692009.1	1096	12234	11138
ENST00000692015.1	23993	104554	80561
ENST00000692017.1	452	3930	3478
ENST00000692023.1	579	3807	3228
ENST00000692029.1	6312	7462	1150
ENST00000692030.1	68	6750	6682
ENST00000692032.1	323	4644	4321
ENST00000692038.1	185	3098	2913
ENST00000692039.1	44	2670	2626
ENST00000692044.1	1251	25205	23954
ENST00000692048.1	170	11866	11696
ENST00000692049.1	0	42833	42833
ENST00000692051.1	899	7937	7038
ENST00000692052.1	226	1038	812
ENST00000692056.1	154	66172	66018
ENST00000692063.1	1406	17074	15668
ENST00000692068.1	1578	107399	105821
ENST00000692076.1	0	2753	2753
ENST00000692078.1	27047	83699	56652
ENST00000692084.1	3	218603	218600
ENST00000692085.1	238672	438304	199632
ENST00000692087.1	51811	139133	87322
ENST00000692089.1	598	161635	161037
ENST00000692091.1	9	16337	16328
ENST00000692093.1	909	36943	36034
ENST00000692097.1	7880	18380	10500
ENST00000692098.1	15422	34439	19017
ENST00000692108.1	16300	38276	21976
ENST00000692110.1	60899	103011	42112
ENST00000692112.1	38045	58864	20819
ENST00000692119.1	46	33931	33885
ENST00000692137.1	6750	6920	170
ENST00000692139.1	0	2775	2775
ENST00000692143.1	8014	8665	651
ENST00000692149.1	0	84864	84864
ENST00000692152.1	963	18811	17848
ENST00000692155.1	71691	193296	121605
ENST00000692157.1	1319	44907	43588
ENST00000692161.1	2835	69737	66902
ENST00000692170.1	2694	48903	46209
ENST00000692180.1	780	11918	11138
ENST00000692181.1	2374	355508	353134
ENST00000692183.1	31	13075	13044
ENST00000692184.1	262	14392	14130
ENST00000692190.1	15062	20938	5876
ENST00000692192.1	95	831	736
ENST00000692195.1	18	22473	22455
ENST00000692207.1	27198	34810	7612
ENST00000692209.1	154	66089	65935
ENST00000692219.1	1981	6778	4797
ENST00000692222.1	1076	6540	5464
ENST00000692223.1	121315	184632	63317
ENST00000692225.2	1622	103262	101640
ENST00000692226.1	2128	35222	33094
ENST00000692227.1	523	28624	28101
ENST00000692228.1	197	37399	37202
ENST00000692233.1	0	8968	8968
ENST00000692234.1	79	7454	7375
ENST00000692236.1	45	12807	12762
ENST00000692242.1	204	83831	83627
ENST00000692248.1	764	83019	82255
ENST00000692253.1	0	36817	36817
ENST00000692255.1	173414	187667	14253
ENST00000692270.1	5782	31741	25959
ENST00000692273.1	1324	38981	37657
ENST00000692278.1	3250	185329	182079
ENST00000692281.1	1492	133296	131804
ENST00000692283.1	13748	41700	27952
ENST00000692286.1	330	300944	300614
ENST00000692292.1	9312	14889	5577
ENST00000692295.1	0	22499	22499
ENST00000692304.1	212	30155	29943
ENST00000692313.1	1669	14508	12839
ENST00000692314.1	1410	41911	40501
ENST00000692316.1	2525	3357	832
ENST00000692321.1	24422	83035	58613
ENST00000692322.1	8361	9261	900
ENST00000692324.1	1525	4914	3389
ENST00000692328.1	27	12706	12679
ENST00000692329.1	3251	185330	182079
ENST00000692334.1	17731	37235	19504
ENST00000692336.1	178	10128	9950
ENST00000692337.1	0	184	184
ENST00000692338.1	3240	27360	24120
ENST00000692341.1	102	24100	23998
ENST00000692342.1	8749	25988	17239
ENST00000692345.1	17478	54531	37053
ENST00000692350.1	190	45717	45527
ENST00000692352.1	2173	58103	55930
ENST00000692355.1	0	12629	12629
ENST00000692356.1	623	6900	6277
ENST00000692363.1	893	8451	7558
ENST00000692369.1	35	11267	11232
ENST00000692370.1	0	28637	28637
ENST00000692371.1	256	4838	4582
ENST00000692376.1	1668	17093	15425
ENST00000692384.1	257	9666	9409
ENST00000692389.1	2278	143524	141246
ENST00000692391.1	197	75181	74984
ENST00000692394.1	3	6288	6285
ENST00000692395.1	238670	413049	174379
ENST00000692396.1	37013	337870	300857
ENST00000692399.1	115	41948	41833
ENST00000692404.1	1390	18797	17407
ENST00000692408.1	373	9320	8947
ENST00000692410.1	640	324550	323910
ENST00000692411.1	56566	87879	31313
ENST00000692413.1	134	26073	25939
ENST00000692416.1	9239	21675	12436
ENST00000692419.1	1371	84099	82728
ENST00000692423.1	38014	58833	20819
ENST00000692443.1	4084	9777	5693
ENST00000692450.1	122647	123377	730
ENST00000692451.1	136	20537	20401
ENST00000692460.1	3	49	46
ENST00000692461.1	179	77102	76923
ENST00000692464.1	551	99470	98919
ENST00000692465.1	1083	2948	1865
ENST00000692466.1	373	9350	8977
ENST00000692470.1	1181	33986	32805
ENST00000692473.1	38567	351356	312789
ENST00000692484.1	101	5245	5144
ENST00000692485.1	2128	35222	33094
ENST00000692487.1	436	98893	98457
ENST00000692488.1	8490	130136	121646
ENST00000692491.1	170718	188145	17427
ENST00000692497.1	17915	49797	31882
ENST00000692500.1	108	756	648
ENST00000692506.1	2263	143509	141246
ENST00000692511.1	8749	26156	17407
ENST00000692513.1	158514	188116	29602
ENST00000692518.1	88670	101898	13228
ENST00000692526.1	1592	154948	153356
ENST00000692529.1	300	22891	22591
ENST00000692534.1	0	13341	13341
ENST00000692548.1	60	19504	19444
ENST00000692556.1	23	220646	220623
ENST00000692567.1	25	1329	1304
ENST00000692578.1	0	23387	23387
ENST00000692585.1	0	16135	16135
ENST00000692588.1	7911	8562	651
ENST00000692608.1	1040	1314	274
ENST00000692618.1	1782	5140	3358
ENST00000692620.1	18388	31847	13459
ENST00000692621.1	4933	41928	36995
ENST00000692624.1	205	71491	71286
ENST00000692628.1	551	114356	113805
ENST00000692629.1	13470	24070	10600
ENST00000692632.1	4952	48255	43303
ENST00000692634.1	34450	51381	16931
ENST00000692635.1	4659	10093	5434
ENST00000692636.1	7497	8148	651
ENST00000692637.1	3	50098	50095
ENST00000692638.1	24033	46173	22140
ENST00000692640.1	31	33940	33909
ENST00000692646.1	536	66403	65867
ENST00000692649.1	223	2790	2567
ENST00000692651.1	659	7455	6796
ENST00000692658.1	1098	3788	2690
ENST00000692660.1	217	47493	47276
ENST00000692664.1	2064	122919	120855
ENST00000692667.1	2238	6876	4638
ENST00000692672.1	1251	27024	25773
ENST00000692677.1	66	38356	38290
ENST00000692681.1	910	24968	24058
ENST00000692683.1	193	89973	89780
ENST00000692684.1	459	32863	32404
ENST00000692685.1	32	81921	81889
ENST00000692689.1	1859	8372	6513
ENST00000692690.1	36222	42979	6757
ENST00000692691.1	1205	97140	95935
ENST00000692693.1	1753	20165	18412
ENST00000692694.1	69	63299	63230
ENST00000692707.1	87211	102121	14910
ENST00000692708.1	908	24270	23362
ENST00000692716.1	3645	522672	519027
ENST00000692718.1	173414	188128	14714
ENST00000692719.1	1256	25350	24094
ENST00000692728.1	24408	83021	58613
ENST00000692729.1	60903	64177	3274
ENST00000692732.1	1273	18596	17323
ENST00000692743.1	170718	187746	17028
ENST00000692745.1	171	14867	14696
ENST00000692747.1	2950	12775	9825
ENST00000692757.1	17615	54429	36814
ENST00000692760.1	4964	48264	43300
ENST00000692761.1	15	5639	5624
ENST00000692762.1	2227	143473	141246
ENST00000692763.1	203	126076	125873
ENST00000692767.1	109	1337	1228
ENST00000692768.1	4455	22345	17890
ENST00000692772.1	12518	53133	40615
ENST00000692773.1	34876	35288	412
ENST00000692774.1	21013	54300	33287
ENST00000692775.1	21573	24860	3287
ENST00000692776.1	44768	91812	47044
ENST00000692783.1	92	83535	83443
ENST00000692785.1	2238	6528	4290
ENST00000692786.1	136	1711	1575
ENST00000692787.1	18	2989	2971
ENST00000692788.1	1313	3055	1742
ENST00000692794.1	11	2036	2025
ENST00000692795.1	2604	20011	17407
ENST00000692804.1	2374	143386	141012
ENST00000692807.1	1450	45038	43588
ENST00000692813.1	995	126187	125192
ENST00000692825.1	0	8627	8627
ENST00000692827.1	1352	41853	40501
ENST00000692830.1	34881	35293	412
ENST00000692831.1	2610	26685	24075
ENST00000692835.1	813	113463	112650
ENST00000692836.1	14	217912	217898
ENST00000692841.1	3241	9721	6480
ENST00000692843.1	7063	76527	69464
ENST00000692848.1	227	21927	21700
ENST00000692852.1	23990	104574	80584
ENST00000692853.1	154	66271	66117
ENST00000692864.1	159	911	752
ENST00000692868.1	31570	43695	12125
ENST00000692873.1	0	17792	17792
ENST00000692875.1	93	10848	10755
ENST00000692876.1	3303	26142	22839
ENST00000692877.1	64	39365	39301
ENST00000692883.1	64525	110235	45710
ENST00000692901.1	103	83323	83220
ENST00000692905.1	2929	24619	21690
ENST00000692907.1	1914	3229	1315
ENST00000692908.1	60903	140073	79170
ENST00000692910.1	251	1092	841
ENST00000692912.1	288	14709	14421
ENST00000692915.1	7	20077	20070
ENST00000692916.1	71183	102234	31051
ENST00000692923.1	5099	10965	5866
ENST00000692927.1	373	9350	8977
ENST00000692932.1	321	47056	46735
ENST00000692938.1	59	222107	222048
ENST00000692939.1	135372	136949	1577
ENST00000692944.1	111	44366	44255
ENST00000692946.1	2815	14106	11291
ENST00000692948.1	4383	18142	13759
ENST00000692951.1	959	39911	38952
ENST00000692959.1	0	10532	10532
ENST00000692961.1	16	26128	26112
ENST00000692966.1	4929	44156	39227
ENST00000692971.1	190	31884	31694
ENST00000692972.1	1119	126420	125301
ENST00000692973.1	411	862	451
ENST00000692974.1	46459	48683	2224
ENST00000692975.1	154	65452	65298
ENST00000692977.1	5150	48158	43008
ENST00000692979.1	15385	54026	38641
ENST00000692981.1	3490	46257	42767
ENST00000692982.1	60912	137398	76486
ENST00000692985.1	197	42669	42472
ENST00000692995.1	96100	331237	235137
ENST00000693005.1	238667	413328	174661
ENST00000693011.1	12	2037	2025
ENST00000693012.1	38014	41639	3625
ENST00000693020.1	39626	41180	1554
ENST00000693021.1	4557	41827	37270
ENST00000693022.1	2574	301371	298797
ENST00000693031.1	138	227259	227121
ENST00000693040.1	3	5467	5464
ENST00000693041.1	5753	51974	46221
ENST00000693043.1	25129	581513	556384
ENST00000693047.1	744	9046	8302
ENST00000693049.1	116809	151865	35056
ENST00000693051.1	60952	94350	33398
ENST00000693052.1	339	33690	33351
ENST00000693060.1	3	43755	43752
ENST00000693064.1	94592	96182	1590
ENST00000693065.1	780	11918	11138
ENST00000693068.1	2145	10462	8317
ENST00000693069.1	1040	28937	27897
ENST00000693071.1	23	285648	285625
ENST00000693075.1	2135	5302	3167
ENST00000693085.1	122647	123377	730
ENST00000693088.1	4557	41920	37363
ENST00000693089.1	2845	20252	17407
ENST00000693090.1	238670	413049	174379
ENST00000693094.1	0	20242	20242
ENST00000693095.1	27	781	754
ENST00000693100.1	8010	8661	651
ENST00000693102.1	222	34133	33911
ENST00000693108.1	5106	27437	22331
ENST00000693109.1	2278	143524	141246
ENST00000693111.1	2278	14636	12358
ENST00000693112.1	0	3381	3381
ENST00000693114.1	197	37399	37202
ENST00000693124.1	0	70340	70340
ENST00000693127.1	1618	142559	140941
ENST00000693128.1	39	89669	89630
ENST00000693129.1	197	83768	83571
ENST00000693143.1	4557	41881	37324
ENST00000693147.1	80188	80684	496
ENST00000693150.1	54	89757	89703
ENST00000693156.1	154	65859	65705
ENST00000693157.1	2809	8865	6056
ENST00000693159.1	7865	50158	42293
ENST00000693160.1	238672	413169	174497
ENST00000693161.1	0	1961	1961
ENST00000693162.1	197	75184	74987
ENST00000693163.1	121147	147934	26787
ENST00000693167.1	60903	65069	4166
ENST00000693173.1	55	4494	4439
ENST00000693174.1	0	5417	5417
ENST00000693175.1	0	3036	3036
ENST00000693180.1	0	8968	8968
ENST00000693181.1	7169	159537	152368
ENST00000693185.1	1241	23047	21806
ENST00000693191.1	16016	34061	18045
ENST00000693196.1	213	24992	24779
ENST00000693200.1	4987	41982	36995
ENST00000693201.1	27306	291885	264579
ENST00000693202.1	26299	284534	258235
ENST00000693212.1	893	267765	266872
ENST00000693218.1	1987	10743	8756
ENST00000693222.1	2372	268692	266320
ENST00000693225.1	373	9294	8921
ENST00000693226.1	201	29597	29396
ENST00000693229.1	4538	40609	36071
ENST00000693231.1	55	25044	24989
ENST00000693233.1	24449	83115	58666
ENST00000693237.1	118	3020	2902
ENST00000693238.1	122	79780	79658
ENST00000693239.1	3279	5372	2093
ENST00000693245.1	105	23349	23244
ENST00000693251.1	20169	80313	60144
ENST00000693260.1	9	14769	14760
ENST00000693261.1	73326	169729	96403
ENST00000693262.1	79297	201972	122675
ENST00000693264.1	5906	68507	62601
ENST00000693269.1	4204	24783	20579
ENST00000693271.1	1861	58070	56209
ENST00000693273.1	7952	58572	50620
ENST00000693276.1	3251	188831	185580
ENST00000693277.1	241	45320	45079
ENST00000693281.1	102	19632	19530
ENST00000693284.1	520	6279	5759
ENST00000693286.1	0	22487	22487
ENST00000693287.1	855	8022	7167
ENST00000693296.1	2127	115801	113674
ENST00000693299.1	80402	117063	36661
ENST00000693301.1	2363	106540	104177
ENST00000693303.1	217	331508	331291
ENST00000693308.1	134	26139	26005
ENST00000693309.1	4921	10701	5780
ENST00000693311.1	3789	24759	20970
ENST00000693312.1	879	30110	29231
ENST00000693319.1	658	1706	1048
ENST00000693321.1	64525	110113	45588
ENST00000693324.1	52	24354	24302
ENST00000693325.1	56635	87948	31313
ENST00000693327.1	459	32863	32404
ENST00000693328.1	919	2234	1315
ENST00000693329.1	7991	123064	115073
ENST00000693335.1	126	937	811
ENST00000693336.1	8749	26156	17407
ENST00000693342.1	133	7603	7470
ENST00000693352.1	0	9567	9567
ENST00000693363.1	963	31438	30475
ENST00000693367.1	337	34469	34132
ENST00000693375.1	8864	21300	12436
ENST00000693384.1	1618	143951	142333
ENST00000693385.1	22276	157202	134926
ENST00000693386.1	30995	194985	163990
ENST00000693387.1	60903	65069	4166
ENST00000693391.1	0	21690	21690
ENST00000693394.1	5741	109841	104100
ENST00000693395.1	49849	187628	137779
ENST00000693398.1	60901	112438	51537
ENST00000693409.1	29521	59915	30394
ENST00000693411.1	3259	185338	182079
ENST00000693414.1	203	1785	1582
ENST00000693420.1	18265	206724	188459
ENST00000693423.1	79	21435	21356
ENST00000693431.1	321	32903	32582
ENST00000693432.1	3141	107122	103981
ENST00000693435.1	17	2042	2025
ENST00000693437.1	5074	26547	21473
ENST00000693440.1	339	33669	33330
ENST00000693441.1	1592	155010	153418
ENST00000693442.1	7148	14146	6998
ENST00000693446.1	16574	37665	21091
ENST00000693451.1	2053	10989	8936
ENST00000693452.1	98	16426	16328
ENST00000693456.1	118	87027	86909
ENST00000693457.1	7752	18207	10455
ENST00000693467.1	1253	25255	24002
ENST00000693470.1	3	375169	375166
ENST00000693471.1	5943	23258	17315
ENST00000693473.1	0	12700	12700
ENST00000693486.1	3168	189041	185873
ENST00000693487.1	418	71422	71004
ENST00000693488.1	27474	45267	17793
ENST00000693489.1	204	83765	83561
ENST00000693492.1	238672	327119	88447
ENST00000693502.1	238978	413482	174504
ENST00000693505.1	15606	42093	26487
ENST00000693512.1	21	37849	37828
ENST00000693513.1	5899	53511	47612
ENST00000693533.1	0	212	212
ENST00000693536.1	0	3029	3029
ENST00000693539.1	2374	205084	202710
ENST00000693540.1	0	1899	1899
ENST00000693544.1	238978	413433	174455
ENST00000693547.1	0	39695	39695
ENST00000693548.1	1180	135899	134719
ENST00000693549.1	24	99761	99737
ENST00000693554.1	19	112518	112499
ENST00000693557.1	2238	5853	3615
ENST00000693560.1	512	103749	103237
ENST00000693561.1	3513	16037	12524
ENST00000693563.1	35347	43160	7813
ENST00000693572.1	0	7600	7600
ENST00000693576.1	1453	2528	1075
ENST00000693579.1	300	1141	841
ENST00000693580.1	0	93697	93697
ENST00000693588.1	167	83461	83294
ENST00000693593.1	5935	10659	4724
ENST00000693604.1	83914	124269	40355
ENST00000693605.1	5798	10313	4515
ENST00000693607.1	65	5838	5773
ENST00000693610.1	12	2037	2025
ENST00000693612.1	795	1533	738
ENST00000693617.1	9129	58674	49545
ENST00000693622.1	29	6359	6330
ENST00000693623.1	649	2021	1372
ENST00000693629.1	2872	10252	7380
ENST00000693638.1	2228	50665	48437
ENST00000693639.1	3849	13558	9709
ENST00000693640.1	223	95596	95373
ENST00000693642.1	1944	34805	32861
ENST00000693646.1	3849	13473	9624
ENST00000693648.1	29277	137169	107892
ENST00000693655.1	210	93622	93412
ENST00000693660.1	207	250682	250475
ENST00000693664.1	1602	36562	34960
ENST00000693666.1	4337	43443	39106
ENST00000693673.1	1390	18797	17407
ENST00000693677.1	0	10088	10088
ENST00000693680.1	124	66431	66307
ENST00000693681.1	848	13916	13068
ENST00000693682.1	2416	18756	16340
ENST00000693685.1	33536	109323	75787
ENST00000693686.1	1264	77769	76505
ENST00000693689.1	1569	186807	185238
ENST00000693692.1	0	25687	25687
ENST00000693694.1	16706	51794	35088
ENST00000693696.1	171	22697	22526
ENST00000693699.1	0	15951	15951
ENST00000693705.1	34871	35283	412
ENST00000693711.1	855	10456	9601
ENST00000693717.1	433	3911	3478
ENST00000693720.1	1810	14529	12719
ENST00000693728.1	427	196301	195874
ENST00000693729.1	1970	19120	17150
ENST00000693735.1	4	196070	196066
ENST00000693736.1	427	11780	11353
ENST00000693737.1	32859	45150	12291
ENST00000693739.1	29065	62014	32949
ENST00000693743.1	20957	26286	5329
ENST00000693745.1	203	60257	60054
ENST00000693752.1	238978	413715	174737
ENST00000693754.1	342	23819	23477
ENST00000693759.1	4277	21302	17025
ENST00000694863.1	7079	16706	9627
ENST00000694865.1	22	16525	16503
ENST00000694866.1	1021	74605	73584
ENST00000694867.1	730	9384	8654
ENST00000694868.1	113	2229	2116
ENST00000694869.1	110	2226	2116
ENST00000694870.1	507	161956	161449
ENST00000694871.1	507	162090	161583
ENST00000694872.1	563	17218	16655
ENST00000694873.1	428	17083	16655
ENST00000694874.1	276	16979	16703
ENST00000694875.1	309	16964	16655
ENST00000694876.1	269	19522	19253
ENST00000694877.1	239	16871	16632
ENST00000694878.1	63	16695	16632
ENST00000694880.1	5894	46168	40274
ENST00000694881.1	215	103537	103322
ENST00000694882.1	95535	101027	5492
ENST00000694883.1	407	17039	16632
ENST00000694884.1	293	16948	16655
ENST00000694886.1	239	16894	16655
ENST00000694887.1	248	16903	16655
ENST00000694891.1	7550	21935	14385
ENST00000694894.1	7152	21540	14388
ENST00000694895.1	7148	21533	14385
ENST00000694896.1	7145	21569	14424
ENST00000694897.1	7145	10289	3144
ENST00000694898.1	7145	21572	14427
ENST00000694899.1	7145	21530	14385
ENST00000694900.1	7145	21527	14382
ENST00000694901.1	6401	8250	1849
ENST00000694905.1	2638	20986	18348
ENST00000694906.1	185	165281	165096
ENST00000694907.2	38	2719	2681
ENST00000694908.1	7185	16812	9627
ENST00000694909.1	7082	16709	9627
ENST00000694911.1	22	16677	16655
ENST00000694912.1	2552	40830	38278
ENST00000694913.1	6983	16610	9627
ENST00000694915.1	7048	16652	9604
ENST00000694916.1	22	16677	16655
ENST00000694917.1	54	7275	7221
ENST00000694918.1	5170	27762	22592
ENST00000694919.1	0	27641	27641
ENST00000694922.1	3183	25775	22592
ENST00000694928.1	1494	2653	1159
ENST00000694932.1	1285	14824	13539
ENST00000694933.1	2404	14539	12135
ENST00000694934.1	2150	14664	12514
ENST00000694935.1	1285	14824	13539
ENST00000694937.1	10550	12177	1627
ENST00000694938.1	162	15517	15355
ENST00000694939.1	132	14244	14112
ENST00000694940.1	12572	14745	2173
ENST00000694941.1	142	13697	13555
ENST00000694943.1	142	11995	11853
ENST00000694946.1	108	12437	12329
ENST00000694947.1	108	13797	13689
ENST00000694950.1	0	14199	14199
ENST00000694952.1	88	13184	13096
ENST00000694954.1	10970	13143	2173
ENST00000694955.1	66	8267	8201
ENST00000694957.1	67652	67884	232
ENST00000694958.1	0	71045	71045
ENST00000694959.1	2391	4337	1946
ENST00000694961.1	49995	321910	271915
ENST00000694962.1	69056	172571	103515
ENST00000694963.1	68975	319061	250086
ENST00000694964.1	49821	324730	274909
ENST00000694965.1	68919	324613	255694
ENST00000694973.1	1282	64163	62881
ENST00000694974.1	18486	63084	44598
ENST00000694975.1	33164	33396	232
ENST00000694977.1	382	63284	62902
ENST00000694978.1	3940	30286	26346
ENST00000694979.1	5120	63755	58635
ENST00000694982.1	66708	66940	232
ENST00000694984.1	16164	33470	17306
ENST00000694986.1	3596	30488	26892
ENST00000694989.1	5885	106425	100540
ENST00000694990.1	5959	106499	100540
ENST00000694994.1	1490	89880	88390
ENST00000694995.1	1490	89814	88324
ENST00000694996.2	1490	79328	77838
ENST00000694997.1	64149	101163	37014
ENST00000694998.2	1490	102096	100606
ENST00000695000.1	2402	65533	63131
ENST00000695001.1	1865	52780	50915
ENST00000695006.1	5400	63856	58456
ENST00000695008.1	0	70941	70941
ENST00000695010.1	33292	33524	232
ENST00000695011.1	32955	33187	232
ENST00000695012.1	91	284031	283940
ENST00000695013.1	56	283931	283875
ENST00000695014.1	18631	63229	44598
ENST00000695015.1	18611	63209	44598
ENST00000695016.1	17633	68206	50573
ENST00000695017.1	0	71045	71045
ENST00000695018.1	0	70754	70754
ENST00000695020.1	24346	33592	9246
ENST00000695022.1	11676	11908	232
ENST00000695025.1	10795	12968	2173
ENST00000695026.1	10786	12959	2173
ENST00000695027.1	10771	12944	2173
ENST00000695028.1	10682	12855	2173
ENST00000695029.1	10640	12813	2173
ENST00000695034.1	766	2939	2173
ENST00000695036.1	374	62750	62376
ENST00000695037.1	0	70947	70947
ENST00000695040.1	40185	40417	232
ENST00000695044.1	3099	16670	13571
ENST00000695045.1	3099	16670	13571
ENST00000695046.1	12775	20715	7940
ENST00000695047.1	20010	20722	712
ENST00000695049.1	10434	21097	10663
ENST00000695050.1	9903	21011	11108
ENST00000695051.1	9903	21011	11108
ENST00000695053.1	11966	20976	9010
ENST00000695054.1	6942	21059	14117
ENST00000695055.1	3094	21521	18427
ENST00000695060.1	7560	18668	11108
ENST00000695062.1	17660	18372	712
ENST00000695063.1	7553	18661	11108
ENST00000695065.1	4592	18709	14117
ENST00000695067.1	744	19058	18314
ENST00000695068.1	744	19144	18400
ENST00000695069.1	2310	18984	16674
ENST00000695070.1	748	19036	18288
ENST00000695071.1	748	19084	18336
ENST00000695072.1	1205	19254	18049
ENST00000695073.1	1408	18995	17587
ENST00000695074.1	1571	18620	17049
ENST00000695075.1	1074	18396	17322
ENST00000695079.1	2907	298212	295305
ENST00000695080.1	712	295851	295139
ENST00000695081.1	712	295636	294924
ENST00000695096.1	2523	122859	120336
ENST00000695097.1	86613	120541	33928
ENST00000695098.1	109897	117168	7271
ENST00000695099.1	109897	117168	7271
ENST00000695100.1	46989	118386	71397
ENST00000695101.1	40453	118841	78388
ENST00000695102.1	1192	119898	118706
ENST00000695103.1	534	119011	118477
ENST00000695104.1	297	118664	118367
ENST00000695105.1	215	71729	71514
ENST00000695106.1	10785	37968	27183
ENST00000695107.1	58216	67462	9246
ENST00000695109.1	4039	5007	968
ENST00000695110.1	0	4585	4585
ENST00000695111.1	3104	5885	2781
ENST00000695113.1	2516	5942	3426
ENST00000695115.1	650	93567	92917
ENST00000695116.1	33254	92951	59697
ENST00000695118.1	1344	5257	3913
ENST00000695119.1	6048	49544	43496
ENST00000695120.1	520	49803	49283
ENST00000695129.1	3	5968	5965
ENST00000695238.1	3	289	286
ENST00000695298.1	1490	101953	100463
ENST00000695302.1	36	139126	139090
ENST00000695303.1	17349	122477	105128
ENST00000695304.1	1192	106333	105141
ENST00000695305.1	50707	117944	67237
ENST00000695306.1	109897	117168	7271
ENST00000695307.1	109897	117168	7271
ENST00000695308.1	1192	106270	105078
ENST00000695309.1	109897	117168	7271
ENST00000695310.1	1192	119719	118527
ENST00000695315.1	109239	116510	7271
ENST00000695316.1	534	119032	118498
ENST00000695317.1	43559	117491	73932
ENST00000695319.1	6689	64741	58052
ENST00000695323.1	75	15761	15686
ENST00000695324.1	278	7009	6731
ENST00000695325.1	161286	163012	1726
ENST00000695326.1	352	28308	27956
ENST00000695327.1	6380	27093	20713
ENST00000695328.1	5467	46192	40725
ENST00000695329.1	21912	44532	22620
ENST00000695330.1	262	28281	28019
ENST00000695334.2	9962	23227	13265
ENST00000695335.1	995	160926	159931
ENST00000695336.1	975	160548	159573
ENST00000695337.1	5362	125628	120266
ENST00000695341.1	135772	139177	3405
ENST00000695342.1	697	93614	92917
ENST00000695343.1	697	93614	92917
ENST00000695344.1	666	139792	139126
ENST00000695345.1	21379	93333	71954
ENST00000695346.1	120444	139125	18681
ENST00000695347.1	121226	139056	17830
ENST00000695348.1	650	93567	92917
ENST00000695349.1	5470	139909	134439
ENST00000695350.1	42632	139046	96414
ENST00000695351.1	625	139656	139031
ENST00000695352.1	625	43151	42526
ENST00000695353.1	625	30156	29531
ENST00000695354.1	21313	139582	118269
ENST00000695355.1	17803	139451	121648
ENST00000695356.1	137133	138507	1374
ENST00000695357.1	7422	139258	131836
ENST00000695358.1	4814	139483	134669
ENST00000695359.1	127483	138728	11245
ENST00000695360.1	351	139679	139328
ENST00000695361.1	56829	138793	81964
ENST00000695362.1	123264	138793	15529
ENST00000695366.1	21131	139400	118269
ENST00000695367.1	1921	109115	107194
ENST00000695368.1	206855	886079	679224
ENST00000695369.1	21922	44634	22712
ENST00000695370.1	341	46915	46574
ENST00000695371.1	21914	25818	3904
ENST00000695372.1	21800	44420	22620
ENST00000695373.1	756	46299	45543
ENST00000695374.1	35	46781	46746
ENST00000695375.1	7990	55907	47917
ENST00000695376.1	42526	55791	13265
ENST00000695377.1	42767	54909	12142
ENST00000695378.1	5320	53237	47917
ENST00000695379.1	40087	53352	13265
ENST00000695380.2	37971	51236	13265
ENST00000695381.1	2118	42969	40851
ENST00000695382.1	13668	26933	13265
ENST00000695383.2	8858	13162	4304
ENST00000695385.1	11161	23105	11944
ENST00000695386.1	10172	23437	13265
ENST00000695387.1	10015	23280	13265
ENST00000695390.1	10938	23080	12142
ENST00000695391.1	9818	23083	13265
ENST00000695392.1	9636	22901	13265
ENST00000695393.1	4124	19857	15733
ENST00000695394.1	5973	19238	13265
ENST00000695396.1	8859	13166	4307
ENST00000695398.1	21904	25808	3904
ENST00000695399.1	8479	52290	43811
ENST00000695400.1	331	47066	46735
ENST00000695401.1	76	136458	136382
ENST00000695402.1	352	47084	46732
ENST00000695403.1	1490	101991	100501
ENST00000695404.1	1142	102043	100901
ENST00000695409.1	2107	108924	106817
ENST00000695410.1	265	78412	78147
ENST00000695411.1	0	63548	63548
ENST00000695412.1	3747	11171	7424
ENST00000695414.1	1595	12118	10523
ENST00000695417.1	0	2388	2388
ENST00000695418.1	49	6363	6314
ENST00000695424.1	1605	12140	10535
ENST00000695425.1	2131	6847	4716
ENST00000695426.1	1557	12215	10658
ENST00000695428.1	1557	12164	10607
ENST00000695430.1	1557	11991	10434
ENST00000695431.1	1547	11463	9916
ENST00000695433.1	1969	30757	28788
ENST00000695434.1	1969	30757	28788
ENST00000695435.1	19339	30066	10727
ENST00000695436.1	1969	30757	28788
ENST00000695437.2	19339	36987	17648
ENST00000695439.2	1968	37540	35572
ENST00000695442.1	1605	12125	10520
ENST00000695445.1	2191	6907	4716
ENST00000695447.1	36260	294232	257972
ENST00000695449.1	100263	122490	22227
ENST00000695450.1	564	294698	294134
ENST00000695451.1	225765	292671	66906
ENST00000695453.1	1131	295318	294187
ENST00000695454.1	1131	295369	294238
ENST00000695455.1	1131	268226	267095
ENST00000695456.1	63894	69059	5165
ENST00000695457.1	63854	69019	5165
ENST00000695459.1	1828	19229	17401
ENST00000695460.1	7619	9567	1948
ENST00000695462.1	135	381849	381714
ENST00000695463.1	1957	208368	206411
ENST00000695464.1	27171	129152	101981
ENST00000695467.1	3777	123340	119563
ENST00000695468.1	3777	123657	119880
ENST00000695469.1	3777	123489	119712
ENST00000695470.1	104612	121963	17351
ENST00000695472.1	73545	119796	46251
ENST00000695475.1	114352	118338	3986
ENST00000695476.1	50424	119111	68687
ENST00000695477.1	17838	119670	101832
ENST00000695481.2	1612	6777	5165
ENST00000695484.2	346	15603	15257
ENST00000695488.1	13190	295260	282070
ENST00000695490.1	7253	37830	30577
ENST00000695497.1	132	75068	74936
ENST00000695498.1	132	95172	95040
ENST00000695507.1	41657	294791	253134
ENST00000695508.1	211	6459	6248
ENST00000695509.1	193	6725	6532
ENST00000695510.1	651	295204	294553
ENST00000695511.1	1131	295375	294244
ENST00000695512.1	534	295285	294751
ENST00000695513.1	566	268358	267792
ENST00000695514.1	14109	210182	196073
ENST00000695515.1	579	295392	294813
ENST00000695516.1	79	151353	151274
ENST00000695517.1	93	147677	147584
ENST00000695518.1	88905	114258	25353
ENST00000695519.1	200	104803	104603
ENST00000695520.1	82475	96429	13954
ENST00000695521.1	71112	96465	25353
ENST00000695522.1	38	27260	27222
ENST00000695523.1	11122	24993	13871
ENST00000695526.1	68	41500	41432
ENST00000695528.1	0	37446	37446
ENST00000695530.1	0	21711	21711
ENST00000695538.1	248	6619	6371
ENST00000695541.1	1595	4665	3070
ENST00000695542.2	28	86290	86262
ENST00000695543.1	0	4412	4412
ENST00000695544.1	165	17281	17116
ENST00000695545.1	961	19521	18560
ENST00000695546.1	36653	41221	4568
ENST00000695547.1	2577	37252	34675
ENST00000695549.1	16033	34761	18728
ENST00000695550.2	19608	33932	14324
ENST00000695551.1	17952	34353	16401
ENST00000695552.2	2754	20306	17552
ENST00000695553.2	30980	33928	2948
ENST00000695554.1	10016	34435	24419
ENST00000695555.2	29471	33878	4407
ENST00000695556.1	16004	34532	18528
ENST00000695558.1	73	131161	131088
ENST00000695559.1	36	29708	29672
ENST00000695560.1	5967	8637	2670
ENST00000695563.1	93	21573	21480
ENST00000695564.1	0	7442	7442
ENST00000695565.1	3615	15512	11897
ENST00000695566.1	713	9379	8666
ENST00000695567.1	21	8547	8526
ENST00000695568.1	1822	11745	9923
ENST00000695569.1	2224	10506	8282
ENST00000695570.1	3786	10195	6409
ENST00000695571.2	0	8025	8025
ENST00000695572.2	137	40177	40040
ENST00000695575.1	137	40231	40094
ENST00000695577.1	0	40008	40008
ENST00000695578.1	0	668	668
ENST00000695579.1	1096	5330	4234
ENST00000695580.1	208	12036	11828
ENST00000695586.1	0	769	769
ENST00000695591.1	1555	12153	10598
ENST00000695595.1	3702	11483	7781
ENST00000695597.1	2148	11738	9590
ENST00000695599.1	27812	28068	256
ENST00000695601.1	22730	28053	5323
ENST00000695602.1	22728	28051	5323
ENST00000695604.1	10156	27364	17208
ENST00000695605.1	14444	19767	5323
ENST00000695613.1	0	6753	6753
ENST00000695614.1	550	27905	27355
ENST00000695615.1	550	27905	27355
ENST00000695616.1	25286	26091	805
ENST00000695617.1	550	27902	27352
ENST00000695618.1	22244	26185	3941
ENST00000695619.1	25174	25982	808
ENST00000695620.1	25174	25979	805
ENST00000695621.1	5176	27448	22272
ENST00000695622.1	435	27728	27293
ENST00000695623.1	435	27784	27349
ENST00000695625.1	335	27657	27322
ENST00000695626.1	7017	8903	1886
ENST00000695627.1	4174	9207	5033
ENST00000695628.1	4154	8840	4686
ENST00000695629.1	84	9033	8949
ENST00000695630.1	3	9233	9230
ENST00000695631.1	35	8735	8700
ENST00000695635.1	105	132177	132072
ENST00000695636.1	105	132299	132194
ENST00000695637.1	31096	49404	18308
ENST00000695638.1	12	19742	19730
ENST00000695642.1	2986	21744	18758
ENST00000695643.1	0	886	886
ENST00000695644.1	11	19147	19136
ENST00000695648.1	29	3984	3955
ENST00000695650.1	1166	1725	559
ENST00000695652.1	0	36889	36889
ENST00000695653.1	39	32256	32217
ENST00000695654.1	38	39450	39412
ENST00000695655.1	23752	26872	3120
ENST00000695658.1	76	3871	3795
ENST00000695659.1	35	4026	3991
ENST00000695661.1	767	2356	1589
ENST00000695662.1	1523	3121	1598
ENST00000695664.1	33849	36630	2781
ENST00000695671.1	16	10729	10713
ENST00000695677.1	134	64635	64501
ENST00000695678.1	134	64686	64552
ENST00000695679.1	134	29359	29225
ENST00000695681.1	105	64588	64483
ENST00000695689.1	4815	6838	2023
ENST00000695693.1	18	4828	4810
ENST00000695694.1	97	4026	3929
ENST00000695697.1	16	3903	3887
ENST00000695707.1	33810	36591	2781
ENST00000695708.1	33795	36576	2781
ENST00000695711.1	1212	3356	2144
ENST00000695712.1	2324	2877	553
ENST00000695713.1	335	1037	702
ENST00000695714.1	4813	9805	4992
ENST00000695715.1	626	9816	9190
ENST00000695716.1	5497	9960	4463
ENST00000695717.1	1436	9968	8532
ENST00000695718.1	700	9890	9190
ENST00000695719.1	753	10746	9993
ENST00000695720.1	1231	10628	9397
ENST00000695721.1	753	9943	9190
ENST00000695722.1	753	9943	9190
ENST00000695723.1	105	53071	52966
ENST00000695724.1	85	8542	8457
ENST00000695725.1	72	11081	11009
ENST00000695731.1	704	1864	1160
ENST00000695732.1	97	3512	3415
ENST00000695733.1	135	3612	3477
ENST00000695734.1	135	4049	3914
ENST00000695736.1	218	1255	1037
ENST00000695737.1	35805	85463	49658
ENST00000695738.1	3968	4686	718
ENST00000695739.1	1167	2406	1239
ENST00000695740.1	1154	3674	2520
ENST00000695741.1	991	1982	991
ENST00000695742.1	991	2163	1172
ENST00000695743.1	991	1677	686
ENST00000695744.1	991	3511	2520
ENST00000695745.1	2419	3137	718
ENST00000695746.1	991	2230	1239
ENST00000695747.1	1111	8186	7075
ENST00000695748.1	941	7901	6960
ENST00000695749.1	4299	5233	934
ENST00000695750.1	398	3631	3233
ENST00000695751.1	398	4887	4489
ENST00000695752.1	398	4154	3756
ENST00000695753.1	3681	4615	934
ENST00000695754.1	6273	8944	2671
ENST00000695755.1	6273	8944	2671
ENST00000695756.1	6273	8944	2671
ENST00000695757.1	6273	8944	2671
ENST00000695758.1	6273	8318	2045
ENST00000695759.1	6273	8399	2126
ENST00000695760.1	6273	9022	2749
ENST00000695761.1	6273	8357	2084
ENST00000695762.1	6260	8922	2662
ENST00000695763.1	64	1486	1422
ENST00000695765.1	365	60956	60591
ENST00000695766.1	365	124102	123737
ENST00000695767.1	365	132985	132620
ENST00000695768.1	365	231047	230682
ENST00000695769.1	507	88731	88224
ENST00000695774.1	3416	15186	11770
ENST00000695775.1	1771	5404	3633
ENST00000695776.1	16423	74614	58191
ENST00000695777.1	176	42662	42486
ENST00000695778.1	176	39220	39044
ENST00000695780.1	163	42570	42407
ENST00000695781.1	163	24663	24500
ENST00000695782.1	163	42605	42442
ENST00000695784.1	152	19027	18875
ENST00000695791.1	353	3628	3275
ENST00000695794.1	71	230950	230879
ENST00000695795.1	347	194743	194396
ENST00000695796.1	25614	39217	13603
ENST00000695797.1	25456	39059	13603
ENST00000695798.1	23449	37052	13603
ENST00000695799.1	16354	29957	13603
ENST00000695800.1	13158	26761	13603
ENST00000695801.1	6024	19499	13475
ENST00000695802.1	2145	15748	13603
ENST00000695803.1	5450	102697	97247
ENST00000695804.1	235	97459	97224
ENST00000695805.1	24259	96641	72382
ENST00000695806.1	23299	96648	73349
ENST00000695807.1	21250	66135	44885
ENST00000695808.1	371704	373562	1858
ENST00000695809.1	353	3625	3272
ENST00000695810.1	353	3550	3197
ENST00000695811.1	353	3628	3275
ENST00000695813.1	353	3625	3272
ENST00000695814.1	353	3529	3176
ENST00000695815.1	353	3625	3272
ENST00000695817.1	271	3543	3272
ENST00000695818.1	1717	2914	1197
ENST00000695820.1	353	3550	3197
ENST00000695821.1	260	3457	3197
ENST00000695823.1	246	39032	38786
ENST00000695824.1	236	19143	18907
ENST00000695825.1	236	19143	18907
ENST00000695826.1	236	52319	52083
ENST00000695828.1	184	20193	20009
ENST00000695832.1	384	85820	85436
ENST00000695833.1	35805	85221	49416
ENST00000695834.1	35805	85463	49658
ENST00000695835.1	267	81925	81658
ENST00000695836.1	254	24863	24609
ENST00000695837.1	0	8305	8305
ENST00000695839.1	371713	373571	1858
ENST00000695840.1	249	6205	5956
ENST00000695841.1	249	6205	5956
ENST00000695842.1	200	38374	38174
ENST00000695843.1	28866	35474	6608
ENST00000695853.1	62689	183978	121289
ENST00000695854.1	5472	291016	285544
ENST00000695855.1	53337	65455	12118
ENST00000695856.1	52968	66571	13603
ENST00000695857.1	25808	37926	12118
ENST00000695858.1	25808	39223	13415
ENST00000695859.1	25800	34693	8893
ENST00000695860.1	25719	37837	12118
ENST00000695861.1	675	1040	365
ENST00000695862.1	41	8163	8122
ENST00000695863.1	9	374	365
ENST00000695864.1	27176	70535	43359
ENST00000695865.1	27100	70334	43234
ENST00000695866.1	27100	70546	43446
ENST00000695867.1	27100	70549	43449
ENST00000695869.1	27063	70089	43026
ENST00000695880.1	974	81774	80800
ENST00000695881.1	16618	81597	64979
ENST00000695885.1	322	305005	304683
ENST00000695886.1	322	696959	696637
ENST00000695889.1	315	32642	32327
ENST00000695891.1	1228	32232	31004
ENST00000695892.1	1622	103262	101640
ENST00000695893.1	1622	103262	101640
ENST00000695894.1	1622	103262	101640
ENST00000695895.1	1622	103262	101640
ENST00000695896.1	1622	103262	101640
ENST00000695897.1	1622	103262	101640
ENST00000695898.1	1622	103262	101640
ENST00000695899.1	53611	102556	48945
ENST00000695900.1	4502	102598	98096
ENST00000695901.1	0	13652	13652
ENST00000695902.1	87	139640	139553
ENST00000695903.1	4098	264421	260323
ENST00000695904.1	1925	264624	262699
ENST00000695909.1	54	5934	5880
ENST00000695911.1	0	1145	1145
ENST00000695912.1	124	14158	14034
ENST00000695913.1	111	9663	9552
ENST00000695914.1	92	13890	13798
ENST00000695919.1	1054	426239	425185
ENST00000695920.1	1054	426131	425077
ENST00000695921.1	1054	425317	424263
ENST00000695922.1	1054	426157	425103
ENST00000695927.1	299	32845	32546
ENST00000695929.1	70	28227	28157
ENST00000695930.1	162	18276	18114
ENST00000695931.1	1455	18247	16792
ENST00000695942.1	1226	4420	3194
ENST00000695943.1	1226	4420	3194
ENST00000695944.1	1015	4209	3194
ENST00000695945.1	26	4274	4248
ENST00000695946.1	0	6237	6237
ENST00000695947.1	40951	41729	778
ENST00000695948.1	3417	48281	44864
ENST00000695949.1	315	33088	32773
ENST00000695950.1	4867	22341	17474
ENST00000695951.1	5230	22045	16815
ENST00000695952.1	3	78955	78952
ENST00000695956.1	199	1995	1796
ENST00000695957.1	4492	32182	27690
ENST00000695959.1	0	146765	146765
ENST00000695960.1	27100	63482	36382
ENST00000695961.1	56962	451398	394436
ENST00000695962.1	112848	335309	222461
ENST00000695965.1	510	6712	6202
ENST00000695966.1	3417	48245	44828
ENST00000695968.1	327	50693	50366
ENST00000695969.1	266	88577	88311
ENST00000695970.1	266	98956	98690
ENST00000695971.1	266	99108	98842
ENST00000695972.1	266	91214	90948
ENST00000695973.1	240	70188	69948
ENST00000695974.1	240	98927	98687
ENST00000695975.1	220	76439	76219
ENST00000695976.1	21168	98852	77684
ENST00000695978.1	120	50811	50691
ENST00000695979.1	120	50646	50526
ENST00000695981.1	120	103646	103526
ENST00000695983.1	84	92815	92731
ENST00000695984.1	79	96962	96883
ENST00000695986.1	62	23891	23829
ENST00000695987.1	14572	43940	29368
ENST00000695991.1	316	32705	32389
ENST00000695992.1	1617	32865	31248
ENST00000695993.1	341	33234	32893
ENST00000695994.1	1617	32838	31221
ENST00000695995.1	315	32775	32460
ENST00000695998.1	509	6962	6453
ENST00000695999.1	1332	5754	4422
ENST00000696000.1	1329	3142	1813
ENST00000696001.1	0	5777	5777
ENST00000696002.1	26	4305	4279
ENST00000696005.1	601	5506	4905
ENST00000696006.1	1601	32778	31177
ENST00000696007.1	4750	17089	12339
ENST00000696011.1	489	30624	30135
ENST00000696012.1	489	32342	31853
ENST00000696013.1	26	12911	12885
ENST00000696014.1	26	12911	12885
ENST00000696015.1	203	31973	31770
ENST00000696016.1	145	26931	26786
ENST00000696017.1	597	33321	32724
ENST00000696023.1	84	39578	39494
ENST00000696026.1	84	74806	74722
ENST00000696027.1	84	98941	98857
ENST00000696028.1	84	98875	98791
ENST00000696029.1	84	98941	98857
ENST00000696030.1	75	50547	50472
ENST00000696031.1	66	27509	27443
ENST00000696032.1	266	146143	145877
ENST00000696033.1	228	129182	128954
ENST00000696034.1	36243	67491	31248
ENST00000696038.1	7014	32299	25285
ENST00000696040.1	70	12901	12831
ENST00000696041.1	63	13171	13108
ENST00000696042.1	63	13159	13096
ENST00000696044.1	44	770	726
ENST00000696046.1	46	47269	47223
ENST00000696047.1	5241	11017	5776
ENST00000696048.1	5211	12151	6940
ENST00000696049.1	172	5643	5471
ENST00000696050.1	5115	18687	13572
ENST00000696052.1	437	16968	16531
ENST00000696053.1	404	18725	18321
ENST00000696054.1	4637	18271	13634
ENST00000696055.1	316	18462	18146
ENST00000696056.1	300	18526	18226
ENST00000696057.1	509	7188	6679
ENST00000696058.1	341	33231	32890
ENST00000696059.1	16748	32241	15493
ENST00000696060.1	315	33231	32916
ENST00000696061.1	315	33159	32844
ENST00000696062.1	315	33813	33498
ENST00000696063.1	274	33195	32921
ENST00000696064.1	241	10441	10200
ENST00000696065.1	181	9861	9680
ENST00000696067.1	33021	54554	21533
ENST00000696068.1	8406	19511	11105
ENST00000696069.1	0	96345	96345
ENST00000696070.1	12064	31555	19491
ENST00000696071.1	3037	33903	30866
ENST00000696075.1	16536	32226	15690
ENST00000696076.1	601	33397	32796
ENST00000696077.1	315	33156	32841
ENST00000696078.1	315	33159	32844
ENST00000696079.1	196	33267	33071
ENST00000696080.1	192	33266	33074
ENST00000696082.1	284	32827	32543
ENST00000696085.1	122	30042	29920
ENST00000696087.1	8436	29925	21489
ENST00000696088.1	302	1560	1258
ENST00000696089.1	302	1560	1258
ENST00000696090.1	302	1560	1258
ENST00000696091.1	302	1560	1258
ENST00000696092.1	1421	17255	15834
ENST00000696093.1	1386	16071	14685
ENST00000696094.1	1282	17983	16701
ENST00000696095.1	867	17568	16701
ENST00000696097.1	191	17270	17079
ENST00000696098.1	191	16892	16701
ENST00000696099.1	11499	13239	1740
ENST00000696100.1	2847	13263	10416
ENST00000696102.1	25	64176	64151
ENST00000696103.1	1668	59396	57728
ENST00000696104.1	1543	32690	31147
ENST00000696105.1	1663	29128	27465
ENST00000696107.1	3991	30952	26961
ENST00000696108.1	3585	29110	25525
ENST00000696110.1	1626	1956	330
ENST00000696111.1	1251	1581	330
ENST00000696112.1	2175	41945	39770
ENST00000696113.1	8507	27282	18775
ENST00000696114.1	8060	41196	33136
ENST00000696115.1	7871	41007	33136
ENST00000696116.1	13779	40593	26814
ENST00000696117.1	4235	41565	37330
ENST00000696118.1	16629	40337	23708
ENST00000696119.1	8506	29468	20962
ENST00000696120.1	8506	27281	18775
ENST00000696123.1	283	4810	4527
ENST00000696124.1	283	4831	4548
ENST00000696125.1	3798	353832	350034
ENST00000696126.2	9397	11501	2104
ENST00000696127.1	9379	11483	2104
ENST00000696128.1	9368	11472	2104
ENST00000696129.1	9330	11434	2104
ENST00000696130.1	9290	11394	2104
ENST00000696131.1	140	378	238
ENST00000696132.1	110	348	238
ENST00000696133.1	4023	23234	19211
ENST00000696134.1	5293	16421	11128
ENST00000696136.1	523	3171	2648
ENST00000696137.1	523	2543	2020
ENST00000696138.1	383	275785	275402
ENST00000696139.1	0	8680	8680
ENST00000696141.1	0	8690	8690
ENST00000696142.1	62	1792	1730
ENST00000696143.1	0	1730	1730
ENST00000696144.1	0	23284	23284
ENST00000696145.1	123	1571	1448
ENST00000696146.1	123	2239	2116
ENST00000696147.1	511	2102	1591
ENST00000696148.1	492	2023	1531
ENST00000696149.1	297	11871	11574
ENST00000696151.1	1918	8586	6668
ENST00000696152.1	523	2543	2020
ENST00000696153.1	70	8930	8860
ENST00000696156.1	81	8234	8153
ENST00000696157.1	872	8105	7233
ENST00000696158.1	909	8177	7268
ENST00000696159.1	578	8243	7665
ENST00000696160.1	67	8329	8262
ENST00000696161.1	19	8479	8460
ENST00000696162.1	1373	8245	6872
ENST00000696163.1	66	8251	8185
ENST00000696164.1	197	38499	38302
ENST00000696165.1	30408	37016	6608
ENST00000696166.1	30408	37016	6608
ENST00000696167.1	29521	69081	39560
ENST00000696169.1	6052	11265	5213
ENST00000696170.1	60	16274	16214
ENST00000696171.1	19	32457	32438
ENST00000696172.1	14	19316	19302
ENST00000696174.1	722	165053	164331
ENST00000696175.1	243	16702	16459
ENST00000696176.1	243	16669	16426
ENST00000696177.1	93328	130883	37555
ENST00000696178.1	93328	130883	37555
ENST00000696179.1	14560	44554	29994
ENST00000696180.1	14560	52079	37519
ENST00000696181.1	14560	38368	23808
ENST00000696182.1	29834	49851	20017
ENST00000696184.1	14480	52035	37555
ENST00000696186.1	14462	52017	37555
ENST00000696192.1	3251	7963	4712
ENST00000696193.1	3965	7526	3561
ENST00000696194.1	3037	7964	4927
ENST00000696196.1	2696	32411	29715
ENST00000696197.1	2696	32411	29715
ENST00000696199.1	2637	46519	43882
ENST00000696201.1	154	9106	8952
ENST00000696219.1	1143	1675	532
ENST00000696220.1	2696	13773	11077
ENST00000696221.1	1693	13796	12103
ENST00000696222.1	673	14090	13417
ENST00000696223.1	446	13835	13389
ENST00000696224.1	2696	21707	19011
ENST00000696225.1	2696	32411	29715
ENST00000696226.1	801	7761	6960
ENST00000696227.1	679	7043	6364
ENST00000696228.1	523	5650	5127
ENST00000696229.1	34566	50505	15939
ENST00000696230.1	13890	14242	352
ENST00000696231.1	17939	34014	16075
ENST00000696232.1	17939	47865	29926
ENST00000696233.1	17878	36045	18167
ENST00000696235.1	17706	35210	17504
ENST00000696236.1	17678	33628	15950
ENST00000696238.1	9	18176	18167
ENST00000696239.1	0	29896	29896
ENST00000696246.1	1982	5245	3263
ENST00000696248.1	3	80309	80306
ENST00000696253.1	3	80553	80550
ENST00000696255.1	24760	79586	54826
ENST00000696257.1	35545	79584	44039
ENST00000696262.1	2050	11052	9002
ENST00000696264.1	0	15079	15079
ENST00000696265.1	0	11564	11564
ENST00000696266.1	0	5837	5837
ENST00000696270.1	45504	151925	106421
ENST00000696272.1	1981	5274	3293
ENST00000696273.1	1981	5988	4007
ENST00000696275.1	60665	78993	18328
ENST00000696277.1	2071	34936	32865
ENST00000696279.1	134493	141939	7446
ENST00000696281.1	19755	146854	127099
ENST00000696286.1	713	82080	81367
ENST00000696287.1	254	82331	82077
ENST00000696288.1	15843	17889	2046
ENST00000696289.1	24	4241	4217
ENST00000696290.1	425	21992	21567
ENST00000696291.1	66787	78639	11852
ENST00000696292.1	20052	25017	4965
ENST00000696293.1	16249	17613	1364
ENST00000696294.1	595	18347	17752
ENST00000696295.1	595	18344	17749
ENST00000696296.1	1613	12871	11258
ENST00000696297.1	1901	37691	35790
ENST00000696298.1	37474	39021	1547
ENST00000696299.1	36220	38588	2368
ENST00000696300.1	38279	38637	358
ENST00000696302.1	7295	35422	28127
ENST00000696303.1	33	40223	40190
ENST00000696304.1	0	35714	35714
ENST00000696305.1	519	83119	82600
ENST00000696306.1	6587	82407	75820
ENST00000696307.1	56	82697	82641
ENST00000696308.1	93	24527	24434
ENST00000696309.1	38172	38530	358
ENST00000696310.1	0	43462	43462
ENST00000696311.1	190	32132	31942
ENST00000696312.1	3386	27895	24509
ENST00000696313.1	0	414	414
ENST00000696314.1	2355	82876	80521
ENST00000696315.1	44924	82224	37300
ENST00000696316.1	521	83061	82540
ENST00000696317.1	928	82995	82067
ENST00000696318.1	2349	82432	80083
ENST00000696319.1	522	83137	82615
ENST00000696321.1	361	48016	47655
ENST00000696322.1	55683	68634	12951
ENST00000696324.1	44918	82218	37300
ENST00000696326.1	436	83151	82715
ENST00000696327.1	143	37234	37091
ENST00000696330.1	158	134901	134743
ENST00000696331.1	1216	29161	27945
ENST00000696333.1	114	74584	74470
ENST00000696336.1	8555	134583	126028
ENST00000696342.1	44894	82194	37300
ENST00000696344.1	62750	82304	19554
ENST00000696347.1	58995	73719	14724
ENST00000696351.1	106758	177753	70995
ENST00000696352.1	105407	177423	72016
ENST00000696353.1	1224	73240	72016
ENST00000696354.1	417	71412	70995
ENST00000696355.1	8737	31076	22339
ENST00000696356.1	797	25306	24509
ENST00000696357.1	151	24660	24509
ENST00000696361.1	44918	82218	37300
ENST00000696362.1	6554	82374	75820
ENST00000696365.1	946	9675	8729
ENST00000696368.1	454014	473054	19040
ENST00000696370.1	6277	22796	16519
ENST00000696371.1	519	83166	82647
ENST00000696373.1	44908	82208	37300
ENST00000696374.1	6602	82422	75820
ENST00000696378.1	44920	82220	37300
ENST00000696379.1	39050	76350	37300
ENST00000696381.1	3	63933	63930
ENST00000696382.1	3	63807	63804
ENST00000696383.1	4080	6109	2029
ENST00000696384.1	265	4615	4350
ENST00000696385.1	178	614	436
ENST00000696386.1	153	5277	5124
ENST00000696387.1	153	589	436
ENST00000696388.1	123	553	430
ENST00000696389.1	112	548	436
ENST00000696390.1	109	6007	5898
ENST00000696391.1	88	518	430
ENST00000696392.1	73	7166	7093
ENST00000696393.1	9	7102	7093
ENST00000696398.1	3638	82826	79188
ENST00000696400.1	67525	82297	14772
ENST00000696403.1	747	28769	28022
ENST00000696405.1	53	10005	9952
ENST00000696406.1	53	9513	9460
ENST00000696408.1	4566	5443	877
ENST00000696409.1	44918	82218	37300
ENST00000696410.1	44918	82218	37300
ENST00000696415.1	607	82689	82082
ENST00000696417.1	60603	78702	18099
ENST00000696418.1	1284	21152	19868
ENST00000696420.1	456	29791	29335
ENST00000696421.1	333	30056	29723
ENST00000696422.1	612	6184	5572
ENST00000696423.1	612	6187	5575
ENST00000696424.1	1728	5506	3778
ENST00000696425.1	1379	15653	14274
ENST00000696426.1	2065	15656	13591
ENST00000696427.1	1564	15799	14235
ENST00000696428.1	4742	14914	10172
ENST00000696429.1	605	16290	15685
ENST00000696430.1	605	16290	15685
ENST00000696431.1	0	11320	11320
ENST00000696433.1	2352	82435	80083
ENST00000696434.1	522	83019	82497
ENST00000696435.1	3672	82422	78750
ENST00000696438.1	70297	81847	11550
ENST00000696441.1	119	72850	72731
ENST00000696446.1	1812	68688	66876
ENST00000696447.1	44082	97354	53272
ENST00000696448.1	1651	101993	100342
ENST00000696449.1	16082	101680	85598
ENST00000696450.1	4570	8870	4300
ENST00000696451.1	5311	8600	3289
ENST00000696452.1	5311	8624	3313
ENST00000696453.2	622	77306	76684
ENST00000696454.1	44924	82224	37300
ENST00000696455.1	2349	82711	80362
ENST00000696457.1	5414	82017	76603
ENST00000696458.1	607	82618	82011
ENST00000696459.1	44597	81897	37300
ENST00000696461.1	891	54142	53251
ENST00000696466.1	1595	14317	12722
ENST00000696467.1	44919	82219	37300
ENST00000696468.1	29426	82677	53251
ENST00000696469.1	3669	82872	79203
ENST00000696472.1	2029	82565	80536
ENST00000696473.1	47014	82116	35102
ENST00000696476.1	361	48205	47844
ENST00000696478.1	2235	14167	11932
ENST00000696479.1	142	19657	19515
ENST00000696482.1	67110	119357	52247
ENST00000696483.1	235	174246	174011
ENST00000696484.1	252	174067	173815
ENST00000696485.1	34769	124933	90164
ENST00000696489.1	4849	127308	122459
ENST00000696490.1	1939	123935	121996
ENST00000696492.1	54412	82490	28078
ENST00000696493.1	70619	82169	11550
ENST00000696495.1	47014	82116	35102
ENST00000696499.1	6609	82632	76023
ENST00000696500.1	21759	62592	40833
ENST00000696501.1	21532	52682	31150
ENST00000696502.1	21524	171243	149719
ENST00000696503.1	21524	171105	149581
ENST00000696504.1	21524	171105	149581
ENST00000696505.1	79	16792	16713
ENST00000696506.1	79	28208	28129
ENST00000696507.1	0	5089	5089
ENST00000696508.1	44924	82224	37300
ENST00000696509.1	6286	82338	76052
ENST00000696510.1	301	82436	82135
ENST00000696511.1	23439	42881	19442
ENST00000696512.1	445	39178	38733
ENST00000696513.1	1905	81423	79518
ENST00000696514.1	277	81038	80761
ENST00000696516.1	35545	79678	44133
ENST00000696517.1	24760	79782	55022
ENST00000696518.1	15907	80044	64137
ENST00000696519.1	38852	79545	40693
ENST00000696521.1	38852	79545	40693
ENST00000696522.1	35545	79584	44039
ENST00000696523.1	38852	79545	40693
ENST00000696524.1	24930	58209	33279
ENST00000696526.1	133797	245148	111351
ENST00000696527.1	2349	82870	80521
ENST00000696528.1	2284	82749	80465
ENST00000696530.1	154	82609	82455
ENST00000696531.1	44476	81776	37300
ENST00000696533.1	98998	109115	10117
ENST00000696534.1	566	9556	8990
ENST00000696535.1	558	7797	7239
ENST00000696536.1	73	5178	5105
ENST00000696538.1	5299	6176	877
ENST00000696539.1	98998	109115	10117
ENST00000696541.1	45027	151332	106305
ENST00000696543.1	2351	82698	80347
ENST00000696544.1	2351	82754	80403
ENST00000696545.1	62786	82340	19554
ENST00000696546.1	67521	82293	14772
ENST00000696547.1	520	83164	82644
ENST00000696548.1	67525	82297	14772
ENST00000696549.1	316	53582	53266
ENST00000696550.1	174	53417	53243
ENST00000696551.1	13264	28036	14772
ENST00000696552.1	3	337	334
ENST00000696553.1	1523	12350	10827
ENST00000696555.1	232	27626	27394
ENST00000696556.1	1864	48864	47000
ENST00000696558.1	1879	3951	2072
ENST00000696559.1	611	4362	3751
ENST00000696560.1	611	4362	3751
ENST00000696561.1	604	4355	3751
ENST00000696562.1	604	4355	3751
ENST00000696564.1	2352	82917	80565
ENST00000696565.1	2351	82931	80580
ENST00000696567.1	519	83071	82552
ENST00000696570.1	6186	82006	75820
ENST00000696571.1	2830	226194	223364
ENST00000696572.1	105102	107394	2292
ENST00000696573.1	188	23915	23727
ENST00000696574.1	56	566488	566432
ENST00000696575.1	113	15523	15410
ENST00000696577.1	102	14994	14892
ENST00000696578.1	102	11189	11087
ENST00000696580.1	98	15437	15339
ENST00000696581.1	87	2647	2560
ENST00000696582.1	85	6957	6872
ENST00000696583.1	85	15471	15386
ENST00000696587.1	15	15321	15306
ENST00000696588.1	3113	13549	10436
ENST00000696593.1	687	609196	608509
ENST00000696594.1	537	78000	77463
ENST00000696595.1	537	77944	77407
ENST00000696596.1	16018	53318	37300
ENST00000696597.1	15726	53026	37300
ENST00000696598.1	757	48586	47829
ENST00000696599.1	880	12781	11901
ENST00000696600.1	19499	25665	6166
ENST00000696601.1	1023	28337	27314
ENST00000696602.1	15130	26511	11381
ENST00000696603.1	0	4925	4925
ENST00000696605.1	2982	247156	244174
ENST00000696606.1	89	72596	72507
ENST00000696607.1	276	87601	87325
ENST00000696608.1	5007	49835	44828
ENST00000696609.1	11013	39980	28967
ENST00000696610.1	6874	12120	5246
ENST00000696615.1	5255	6726	1471
ENST00000696616.1	4003	7133	3130
ENST00000696617.1	149	2723	2574
ENST00000696618.1	1566	4696	3130
ENST00000696620.1	521	82774	82253
ENST00000696621.1	3672	82777	79105
ENST00000696624.1	518	83106	82588
ENST00000696625.1	6433	82197	75764
ENST00000696626.1	1357	297770	296413
ENST00000696627.1	53	12862	12809
ENST00000696628.1	51	15441	15390
ENST00000696629.1	30789	1742491	1711702
ENST00000696630.1	30789	1742763	1711974
ENST00000696631.1	639	526341	525702
ENST00000696633.1	0	2152	2152
ENST00000696634.1	44920	82220	37300
ENST00000696635.1	521	83153	82632
ENST00000696641.1	102	45096	44994
ENST00000696642.1	39	19753	19714
ENST00000696643.1	26	24930	24904
ENST00000696646.1	92	19729	19637
ENST00000696647.1	79	68105	68026
ENST00000696648.1	29	36253	36224
ENST00000696649.1	29	69968	69939
ENST00000696652.1	0	456	456
ENST00000696653.1	0	456	456
ENST00000696654.1	0	456	456
ENST00000696657.1	29	13379	13350
ENST00000696659.1	0	31478	31478
ENST00000696661.1	0	456	456
ENST00000696662.1	29	33084	33055
ENST00000696663.1	0	29055	29055
ENST00000696664.1	0	50267	50267
ENST00000696665.1	0	19989	19989
ENST00000696667.1	1170	6135	4965
ENST00000696669.1	0	228	228
ENST00000696670.1	0	228	228
ENST00000696672.1	1434	3091	1657
ENST00000696673.1	1611	573403	571792
ENST00000696674.1	0	3518	3518
ENST00000696675.1	61	49754	49693
ENST00000696676.1	29	1681	1652
ENST00000696677.1	29	1681	1652
ENST00000696679.1	29	13379	13350
ENST00000696680.1	29	24718	24689
ENST00000696681.1	29	19743	19714
ENST00000696682.1	21	30398	30377
ENST00000696683.1	0	50063	50063
ENST00000696684.1	0	49410	49410
ENST00000696685.1	0	48502	48502
ENST00000696687.1	32	65061	65029
ENST00000696688.1	1199	112115	110916
ENST00000696689.1	3	547	544
ENST00000696693.1	549	10892	10343
ENST00000696694.1	1117	22607	21490
ENST00000696695.1	549	23141	22592
ENST00000696696.1	9568	22007	12439
ENST00000696697.1	0	16953	16953
ENST00000696698.1	2808	19029	16221
ENST00000696699.1	0	15308	15308
ENST00000696702.1	3522	5971	2449
ENST00000696703.1	3522	5971	2449
ENST00000696704.1	118	11965	11847
ENST00000696705.1	111	11040	10929
ENST00000696708.1	3522	5971	2449
ENST00000696710.1	238	7497	7259
ENST00000696713.1	502	7238	6736
ENST00000696715.1	365	7267	6902
ENST00000696716.1	0	24434	24434
ENST00000696717.1	16855	76146	59291
ENST00000696718.1	19457	75875	56418
ENST00000696719.1	3631	76386	72755
ENST00000696724.1	0	23034	23034
ENST00000696727.1	35	4281	4246
ENST00000696728.1	4	2876	2872
ENST00000696733.1	4851	52300	47449
ENST00000696734.1	6087	52297	46210
ENST00000696736.1	496	48500	48004
ENST00000696737.1	408	43214	42806
ENST00000696740.1	370	1802	1432
ENST00000696747.1	17866	39460	21594
ENST00000696749.1	1606	129213	127607
ENST00000696750.1	1908	5943	4035
ENST00000696751.1	5721	12383	6662
ENST00000696753.1	53	9241	9188
ENST00000696754.1	12533	89652	77119
ENST00000696755.1	12533	89652	77119
ENST00000696757.1	12496	89667	77171
ENST00000696758.1	12495	23448	10953
ENST00000696759.1	12484	84013	71529
ENST00000696761.1	6396	54882	48486
ENST00000696766.1	0	6734	6734
ENST00000696768.1	72	23082	23010
ENST00000696771.1	22732	23306	574
ENST00000696776.1	182	24840	24658
ENST00000696779.1	182	24359	24177
ENST00000696780.1	181	24777	24596
ENST00000696781.1	79	24393	24314
ENST00000696782.1	73	22137	22064
ENST00000696784.1	210	1090	880
ENST00000696786.1	1569	236091	234522
ENST00000696787.1	541	2833	2292
ENST00000696789.1	10716	13008	2292
ENST00000696790.1	9140	13404	4264
ENST00000696791.1	9121	12207	3086
ENST00000696792.1	0	8682	8682
ENST00000696793.1	92	18013	17921
ENST00000696795.1	9	4273	4264
ENST00000696796.1	7	4380	4373
ENST00000696799.1	277	755998	755721
ENST00000696800.1	104	754761	754657
ENST00000696801.1	13	25112	25099
ENST00000696802.1	563	436819	436256
ENST00000696804.1	135	38767	38632
ENST00000696806.1	210	38706	38496
ENST00000696807.1	10496	38572	28076
ENST00000696809.1	2613	174090	171477
ENST00000696810.1	27173	55249	28076
ENST00000696811.1	13984	135098	121114
ENST00000696812.1	48573	80101	31528
ENST00000696814.1	92	34600	34508
ENST00000696815.1	213	16933	16720
ENST00000696816.1	202	18535	18333
ENST00000696818.1	200	7782	7582
ENST00000696819.1	200	7782	7582
ENST00000696822.1	200	7826	7626
ENST00000696823.1	200	18486	18286
ENST00000696824.1	200	18538	18338
ENST00000696825.1	200	18530	18330
ENST00000696826.1	200	18483	18283
ENST00000696827.1	200	14957	14757
ENST00000696828.1	200	18518	18318
ENST00000696829.1	199	3677	3478
ENST00000696830.1	187	17392	17205
ENST00000696831.1	170	1133	963
ENST00000696832.1	139	18342	18203
ENST00000696833.1	0	1709	1709
ENST00000696834.1	0	4786	4786
ENST00000696835.1	200	7826	7626
ENST00000696836.1	200	7782	7582
ENST00000696837.1	158	517	359
ENST00000696838.1	139	7691	7552
ENST00000696839.1	36	7831	7795
ENST00000696840.1	3059	44401	41342
ENST00000696841.1	1032	42374	41342
ENST00000696842.1	30958	41536	10578
ENST00000696843.1	1032	42374	41342
ENST00000696844.1	20536	41706	21170
ENST00000696845.1	1032	42374	41342
ENST00000696846.1	1032	42374	41342
ENST00000696848.1	970	42306	41336
ENST00000696849.1	970	42312	41342
ENST00000696850.1	11286	41682	30396
ENST00000696851.1	970	42312	41342
ENST00000696852.1	39794	41415	1621
ENST00000696853.1	970	42306	41336
ENST00000696857.1	189	81521	81332
ENST00000696858.2	188	81903	81715
ENST00000696859.1	2616	81596	78980
ENST00000696860.1	0	71862	71862
ENST00000696861.1	8765	48202	39437
ENST00000696862.1	17528	38560	21032
ENST00000696863.1	21523	124391	102868
ENST00000696864.1	15252	117706	102454
ENST00000696865.1	111009	117511	6502
ENST00000696870.1	136	17846	17710
ENST00000696871.1	1414	17198	15784
ENST00000696872.1	1401	6112	4711
ENST00000696873.1	4117	10675	6558
ENST00000696874.1	136	38884	38748
ENST00000696875.1	114	38494	38380
ENST00000696876.1	112	34149	34037
ENST00000696878.1	10452	35512	25060
ENST00000696879.1	244	5810	5566
ENST00000696880.1	32	5598	5566
ENST00000696881.1	9786	15352	5566
ENST00000696882.1	114	3570	3456
ENST00000696884.1	3900	15823	11923
ENST00000696885.1	3841	10727	6886
ENST00000696887.1	964	20497	19533
ENST00000696894.1	119	40927	40808
ENST00000696895.1	10442	13485	3043
ENST00000696896.1	0	4223	4223
ENST00000696897.1	1364	23816	22452
ENST00000696899.1	1248	24022	22774
ENST00000696900.1	1238	21348	20110
ENST00000696901.1	9386	23340	13954
ENST00000696902.1	1683	24454	22771
ENST00000696905.1	33487	103571	70084
ENST00000696906.1	329	93725	93396
ENST00000696907.1	305	90087	89782
ENST00000696908.1	300	43811	43511
ENST00000696909.1	276	90165	89889
ENST00000696910.1	270	90114	89844
ENST00000696911.1	270	90221	89951
ENST00000696912.1	270	90227	89957
ENST00000696913.1	270	90254	89984
ENST00000696914.1	152	41121	40969
ENST00000696923.1	6087	52297	46210
ENST00000696924.1	4851	52300	47449
ENST00000696929.1	100	2642	2542
ENST00000696932.1	369	4173	3804
ENST00000696933.1	101	3284	3183
ENST00000696935.1	3088	272756	269668
ENST00000696937.1	270	80140	79870
ENST00000696938.1	115	3910	3795
ENST00000696941.1	745	3835	3090
ENST00000696944.1	657	3368	2711
ENST00000696945.1	740	1634	894
ENST00000696949.1	76429	119302	42873
ENST00000696955.1	8722	35619	26897
ENST00000696956.1	8734	35531	26797
ENST00000696957.1	8734	36495	27761
ENST00000696958.1	8727	35624	26897
ENST00000696959.1	8727	32792	24065
ENST00000696960.1	8727	36005	27278
ENST00000696961.1	8707	40125	31418
ENST00000696962.1	138	64017	63879
ENST00000696963.1	35	56175	56140
ENST00000696964.1	413	175107	174694
ENST00000696965.1	742	1518	776
ENST00000696966.1	699	1379	680
ENST00000696971.1	232	118789	118557
ENST00000696972.1	30807	78459	47652
ENST00000696973.1	1368	81017	79649
ENST00000696974.1	30541	147083	116542
ENST00000696975.1	30513	150122	119609
ENST00000696978.1	30541	116234	85693
ENST00000696979.1	30541	147083	116542
ENST00000696980.1	30499	147041	116542
ENST00000696981.1	30499	116192	85693
ENST00000696982.1	128	125818	125690
ENST00000696984.1	30119	30143	24
ENST00000696985.1	0	15338	15338
ENST00000696986.1	18253	24413	6160
ENST00000696987.1	3	679	676
ENST00000696988.1	13	81728	81715
ENST00000696989.1	1359	301809	300450
ENST00000696990.1	23086	24318	1232
ENST00000696991.1	0	719	719
ENST00000696997.1	130	19122	18992
ENST00000696999.1	22722	23296	574
ENST00000697000.1	66498	161864	95366
ENST00000697001.1	7551	123806	116255
ENST00000697002.1	1153	123585	122432
ENST00000697003.1	45004	120600	75596
ENST00000697004.1	42257	121497	79240
ENST00000697005.1	22103	121495	99392
ENST00000697006.1	73008	120634	47626
ENST00000697007.1	45003	120599	75596
ENST00000697008.1	40783	121036	80253
ENST00000697009.1	776	122514	121738
ENST00000697010.1	776	122728	121952
ENST00000697011.1	776	122627	121851
ENST00000697012.1	73008	120634	47626
ENST00000697013.1	45003	120599	75596
ENST00000697014.1	8856	122883	114027
ENST00000697015.1	44981	120577	75596
ENST00000697016.1	40732	120985	80253
ENST00000697017.1	17421	122404	104983
ENST00000697018.1	8806	122741	113935
ENST00000697019.1	72930	120556	47626
ENST00000697020.1	12996	121942	108946
ENST00000697021.1	44917	120513	75596
ENST00000697022.1	44917	120513	75596
ENST00000697023.1	8529	123216	114687
ENST00000697024.1	44876	120472	75596
ENST00000697025.1	20206	121231	101025
ENST00000697027.1	8669	122157	113488
ENST00000697028.1	6896	123031	116135
ENST00000697035.1	182	23309	23127
ENST00000697036.1	74	20442	20368
ENST00000697039.1	126	78084	77958
ENST00000697040.1	3289	46502	43213
ENST00000697041.1	3668	15528	11860
ENST00000697042.1	0	38229	38229
ENST00000697043.1	0	10212	10212
ENST00000697047.1	1014	57598	56584
ENST00000697070.1	926	57929	57003
ENST00000697071.1	49366	55926	6560
ENST00000697072.1	24813	56685	31872
ENST00000697073.1	46916	55847	8931
ENST00000697074.1	46877	55808	8931
ENST00000697075.1	216	47877	47661
ENST00000697076.1	14860	46732	31872
ENST00000697077.1	33928	46161	12233
ENST00000697078.1	33928	46161	12233
ENST00000697080.1	39397	45957	6560
ENST00000697081.1	27327	46109	18782
ENST00000697082.1	39378	45938	6560
ENST00000697083.1	39378	45938	6560
ENST00000697084.1	180	47897	47717
ENST00000697085.1	33899	46132	12233
ENST00000697087.1	38385	44945	6560
ENST00000697088.1	18829	37611	18782
ENST00000697089.1	29391	35951	6560
ENST00000697092.1	135	26083	25948
ENST00000697095.1	102	18442	18340
ENST00000697097.1	23144	23718	574
ENST00000697100.1	149	970	821
ENST00000697102.1	2570	47558	44988
ENST00000697103.1	13055	43142	30087
ENST00000697104.1	13055	43279	30224
ENST00000697105.1	13041	38479	25438
ENST00000697106.1	13034	38496	25462
ENST00000697108.1	13034	37984	24950
ENST00000697109.1	13030	38468	25438
ENST00000697110.1	30461	37679	7218
ENST00000697112.1	12991	38429	25438
ENST00000697113.1	12522	37960	25438
ENST00000697115.1	1753	27191	25438
ENST00000697116.2	752	26190	25438
ENST00000697117.1	1753	27191	25438
ENST00000697122.1	7	16727	16720
ENST00000697127.1	1060	285072	284012
ENST00000697128.1	1031	473552	472521
ENST00000697131.1	0	3772	3772
ENST00000697132.1	11	49060	49049
ENST00000697133.1	49215	73952	24737
ENST00000697134.1	192	49288	49096
ENST00000697137.1	49114	73851	24737
ENST00000697138.1	49104	73841	24737
ENST00000697146.1	18	13348	13330
ENST00000697147.1	188	81903	81715
ENST00000697148.1	0	32983	32983
ENST00000697149.1	0	39337	39337
ENST00000697150.1	0	88798	88798
ENST00000697151.1	0	88798	88798
ENST00000697152.1	0	88513	88513
ENST00000697153.1	0	39337	39337
ENST00000697154.1	0	91314	91314
ENST00000697155.1	0	52103	52103
ENST00000697156.1	0	88992	88992
ENST00000697157.1	0	52103	52103
ENST00000697158.1	0	69485	69485
ENST00000697159.1	0	52103	52103
ENST00000697160.1	0	88709	88709
ENST00000697161.1	0	69140	69140
ENST00000697162.1	0	33337	33337
ENST00000697163.1	0	91658	91658
ENST00000697164.1	0	92792	92792
ENST00000697165.1	0	92580	92580
ENST00000697167.1	149	44417	44268
ENST00000697168.1	149	72647	72498
ENST00000697169.1	149	55039	54890
ENST00000697171.1	149	69277	69128
ENST00000697173.1	26999	72477	45478
ENST00000697174.1	62	72465	72403
ENST00000697175.1	26992	40388	13396
ENST00000697176.1	26576	68344	41768
ENST00000697178.1	127772	173509	45737
ENST00000697180.1	6658	18311	11653
ENST00000697181.1	3886	4268	382
ENST00000697182.1	3847	4307	460
ENST00000697183.1	2646	4270	1624
ENST00000697184.1	2990	3372	382
ENST00000697187.1	0	23112	23112
ENST00000697188.1	0	21512	21512
ENST00000697189.1	0	21264	21264
ENST00000697190.1	0	6734	6734
ENST00000697191.1	0	20860	20860
ENST00000697193.1	474	518677	518203
ENST00000697194.1	100	7341	7241
ENST00000697195.1	905	6237	5332
ENST00000697196.1	10	17387	17377
ENST00000697200.1	1083	5219	4136
ENST00000697205.1	1475	294966	293491
ENST00000697217.1	3630	54877	51247
ENST00000697219.1	3630	222645	219015
ENST00000697222.1	29134	31152	2018
ENST00000697223.1	0	39337	39337
ENST00000697224.1	0	39337	39337
ENST00000697225.1	0	52103	52103
ENST00000697226.1	0	52103	52103
ENST00000697227.1	0	69551	69551
ENST00000697228.1	0	33187	33187
ENST00000697229.1	0	33337	33337
ENST00000697230.1	0	91569	91569
ENST00000697231.1	0	33187	33187
ENST00000697232.1	0	33337	33337
ENST00000697235.1	1856	61741	59885
ENST00000697236.1	55683	101489	45806
ENST00000697237.1	48055	69262	21207
ENST00000697240.1	1870	87017	85147
ENST00000697241.1	0	63935	63935
ENST00000697242.1	0	42358	42358
ENST00000697253.1	30374	45562	15188
ENST00000697254.1	30374	45562	15188
ENST00000697255.1	5159	47652	42493
ENST00000697265.1	0	10575	10575
ENST00000697271.1	40181	65525	25344
ENST00000697272.1	15860	16998	1138
ENST00000697273.1	3093	6254	3161
ENST00000697274.1	0	5976	5976
ENST00000697276.1	9974	27937	17963
ENST00000697277.1	0	766	766
ENST00000697291.1	49196	51762	2566
ENST00000697292.1	11070	62292	51222
ENST00000697293.1	4605	55877	51272
ENST00000697294.1	49738	53992	4254
ENST00000697295.1	40187	53700	13513
ENST00000697296.1	49885	53738	3853
ENST00000697298.1	4585	52450	47865
ENST00000697299.1	4585	52450	47865
ENST00000697300.1	49426	50682	1256
ENST00000697301.1	49738	50635	897
ENST00000697302.1	49738	53992	4254
ENST00000697303.1	49426	54039	4613
ENST00000697304.1	4585	55497	50912
ENST00000697306.1	26864	53051	26187
ENST00000697307.1	3597	54596	50999
ENST00000697308.1	3597	54751	51154
ENST00000697309.1	1953	53394	51441
ENST00000697310.1	2070	53292	51222
ENST00000697311.1	9716	53218	43502
ENST00000697312.1	37673	51448	13775
ENST00000697315.1	2269	51241	48972
ENST00000697320.1	876	25995	25119
ENST00000697321.1	1353	22500	21147
ENST00000697325.1	304	29811	29507
ENST00000697326.1	263	6435	6172
ENST00000697327.1	307	7153	6846
ENST00000697328.1	515	25731	25216
ENST00000697330.1	521	36292	35771
ENST00000697337.1	26244	42428	16184
ENST00000697338.1	26237	37303	11066
ENST00000697339.1	463	39310	38847
ENST00000697340.1	21355	38331	16976
ENST00000697343.1	1027	5372	4345
ENST00000697344.1	6402	28613	22211
ENST00000697348.1	638	4050	3412
ENST00000697349.1	638	26159	25521
ENST00000697350.1	703	33496	32793
ENST00000697351.1	521	36185	35664
ENST00000697355.1	136407	140047	3640
ENST00000697364.1	81747	108318	26571
ENST00000697367.1	0	16921	16921
ENST00000697368.1	622	26009	25387
ENST00000697374.1	280	35141	34861
ENST00000697376.1	459	34780	34321
ENST00000697377.2	263	40496	40233
ENST00000697379.2	262	40656	40394
ENST00000697382.1	4785	34690	29905
ENST00000697383.1	156	38934	38778
ENST00000697390.1	4655	39943	35288
ENST00000697391.1	323	180937	180614
ENST00000697392.1	104	94492	94388
ENST00000697409.1	15082	18530	3448
ENST00000697410.1	14281	17729	3448
ENST00000697411.1	8894	17041	8147
ENST00000697412.1	5318	8766	3448
ENST00000697413.1	644	24097	23453
ENST00000697414.1	0	8168	8168
ENST00000697415.1	0	8723	8723
ENST00000697416.1	76	87601	87525
ENST00000697423.1	738	423514	422776
ENST00000697424.1	30	50043	50013
ENST00000697425.1	0	354	354
ENST00000697426.1	0	11681	11681
ENST00000697427.1	0	354	354
ENST00000697457.1	10917	83922	73005
ENST00000697458.1	10614	83693	73079
ENST00000697460.1	51663	71271	19608
ENST00000697461.1	10935	84038	73103
ENST00000697462.1	109	8354	8245
ENST00000697464.1	6	2602	2596
ENST00000697465.1	1506	7998	6492
ENST00000697466.1	1284	7721	6437
ENST00000697467.1	594	6096	5502
ENST00000697468.1	103	6144	6041
ENST00000697469.1	0	4329	4329
ENST00000697470.1	0	3351	3351
ENST00000697474.1	1753	187057	185304
ENST00000697547.1	47167	74561	27394
ENST00000697548.1	0	27229	27229
ENST00000697556.1	134	68391	68257
ENST00000697557.1	41	6204	6163
ENST00000697560.1	252	658	406
ENST00000697561.1	6704	92207	85503
ENST00000697562.1	6704	119831	113127
ENST00000697563.1	6704	80173	73469
ENST00000697564.1	6677	182330	175653
ENST00000697570.1	47167	90312	43145
ENST00000697571.1	47167	122855	75688
ENST00000697572.1	47167	190903	143736
ENST00000697573.1	47167	122700	75533
ENST00000697576.1	4499	52773	48274
ENST00000697581.1	6686	47913	41227
ENST00000697582.1	29	152593	152564
ENST00000697583.1	52223	159329	107106
ENST00000697584.1	43435	150541	107106
ENST00000697585.1	43311	150417	107106
ENST00000697586.1	32321	139427	107106
ENST00000697587.1	12368	119474	107106
ENST00000697588.1	16897	26745	9848
ENST00000697592.1	709	3799	3090
ENST00000697603.1	1040	72039	70999
ENST00000697613.1	7533	15467	7934
ENST00000697614.1	4775	7471	2696
ENST00000697625.1	24	57136	57112
ENST00000697631.1	174	120686	120512
ENST00000697632.1	70596	119939	49343
ENST00000697633.1	0	11886	11886
ENST00000697636.1	283	144109	143826
ENST00000697637.1	70	143896	143826
ENST00000697642.1	1887	31969	30082
ENST00000697643.1	1887	31969	30082
ENST00000697645.1	127	13660	13533
ENST00000697647.1	122	17204	17082
ENST00000697649.1	118	16962	16844
ENST00000697650.1	6006	13402	7396
ENST00000697651.1	118	17125	17007
ENST00000697652.1	6005	16855	10850
ENST00000697653.1	112	1714	1602
ENST00000697654.1	111	16657	16546
ENST00000697655.1	108	5036	4928
ENST00000697656.1	98	5702	5604
ENST00000697657.1	94	14962	14868
ENST00000697658.1	5969	16819	10850
ENST00000697660.1	1047	1081	34
ENST00000697661.1	9322	19164	9842
ENST00000697662.1	9316	19158	9842
ENST00000697663.1	7755	17597	9842
ENST00000697664.1	4290	63063	58773
ENST00000697665.1	110	143936	143826
ENST00000697666.1	4187	143885	139698
ENST00000697680.1	51	361	310
ENST00000697681.1	51	361	310
ENST00000697682.1	831	1891	1060
ENST00000697683.1	65	375	310
ENST00000697685.1	51	361	310
ENST00000697686.1	2541	42431	39890
ENST00000697689.1	42	352	310
ENST00000697690.1	42	42434	42392
ENST00000697691.1	27	1133	1106
ENST00000697692.1	12	322	310
ENST00000697694.1	2255	42106	39851
ENST00000697696.1	144	52631	52487
ENST00000697697.1	124	52771	52647
ENST00000697698.1	121	8268	8147
ENST00000697699.1	8003	52593	44590
ENST00000697700.2	0	51143	51143
ENST00000697701.1	150	43519	43369
ENST00000697702.1	325	35801	35476
ENST00000697712.1	0	68458	68458
ENST00000697713.1	62933	69189	6256
ENST00000697714.1	62933	69189	6256
ENST00000697715.1	62902	69158	6256
ENST00000697716.1	9429	19271	9842
ENST00000697717.1	58	13195	13137
ENST00000697718.1	36	17418	17382
ENST00000697719.1	9094	18936	9842
ENST00000697720.1	9094	18936	9842
ENST00000697721.1	8664	18506	9842
ENST00000697726.1	868	4514	3646
ENST00000697728.1	934	6187	5253
ENST00000697729.1	888	6478	5590
ENST00000697730.1	720	6310	5590
ENST00000697731.1	121	5711	5590
ENST00000697737.1	120	68809	68689
ENST00000697740.1	9070	68151	59081
ENST00000697744.1	0	10755	10755
ENST00000697745.1	0	22776	22776
ENST00000697747.1	0	18359	18359
ENST00000697752.1	3681	168678	164997
ENST00000697753.1	934	14912	13978
ENST00000697754.1	0	2139	2139
ENST00000697770.1	48567	52169	3602
ENST00000697771.1	0	1394	1394
ENST00000697780.1	2447	73797	71350
ENST00000697782.1	2447	78931	76484
ENST00000697783.1	2447	78776	76329
ENST00000697784.1	2447	74017	71570
ENST00000697785.1	2447	74017	71570
ENST00000697786.1	31209	71895	40686
ENST00000697790.1	4923	38041	33118
ENST00000697794.1	23888	65666	41778
ENST00000697804.1	507	20892	20385
ENST00000697805.1	254	23492	23238
ENST00000697811.1	5305	26620	21315
ENST00000697816.1	933	1201	268
ENST00000697830.1	725	3815	3090
ENST00000697831.1	77	14237	14160
ENST00000697833.1	54	12600	12546
ENST00000697835.1	52	2026	1974
ENST00000697837.1	36	11965	11929
ENST00000697838.1	36	14131	14095
ENST00000697840.1	22	14287	14265
ENST00000697861.1	674	8262	7588
ENST00000697862.1	3505	8190	4685
ENST00000697863.1	672	8346	7674
ENST00000697865.1	672	8346	7674
ENST00000697866.1	653	6065	5412
ENST00000697867.1	3344	6977	3633
ENST00000697868.1	6535	7887	1352
ENST00000697869.1	2121	4319	2198
ENST00000697886.1	622	20225	19603
ENST00000697897.1	273	8061	7788
ENST00000697899.1	2246	73128	70882
ENST00000697901.1	2195	12304	10109
ENST00000697903.1	2193	24203	22010
ENST00000697904.1	2035	24045	22010
ENST00000697905.1	2007	24017	22010
ENST00000697906.1	1955	72837	70882
ENST00000697907.1	1937	12046	10109
ENST00000697912.1	11569	77967	66398
ENST00000697922.1	124965	141976	17011
ENST00000697925.1	937	54137	53200
ENST00000697926.1	35262	62856	27594
ENST00000697927.1	35247	62841	27594
ENST00000697928.1	927	63095	62168
ENST00000697929.1	844	35410	34566
ENST00000697930.1	35130	62724	27594
ENST00000697931.1	550	62718	62168
ENST00000697932.1	470	62638	62168
ENST00000697961.1	833	4002	3169
ENST00000697962.1	459	2470	2011
ENST00000697964.2	693	10294	9601
ENST00000697988.1	35230	78475	43245
ENST00000697989.1	861	39421	38560
ENST00000698009.1	29573	86702	57129
ENST00000698016.1	851	7050	6199
ENST00000698021.1	2438	5963	3525
ENST00000698022.1	846	11814	10968
ENST00000698027.1	1025	6870	5845
ENST00000698057.1	0	122213	122213
ENST00000698058.1	13340	113188	99848
ENST00000698059.1	13340	113295	99955
ENST00000698060.1	0	66894	66894
ENST00000698070.1	69089	280150	211061
ENST00000698071.1	19520	24249	4729
ENST00000698072.1	601	29598	28997
ENST00000698073.1	18829	99305	80476
ENST00000698074.1	72625	81129	8504
ENST00000698075.1	72619	81123	8504
ENST00000698076.1	72608	81112	8504
ENST00000698077.1	54498	81194	26696
ENST00000698078.1	54491	81214	26723
ENST00000698079.1	54489	81212	26723
ENST00000698080.1	54483	81206	26723
ENST00000698081.1	54475	80227	25752
ENST00000698083.1	54442	73319	18877
ENST00000698084.1	72539	81043	8504
ENST00000698086.1	54429	80143	25714
ENST00000698087.1	54352	81140	26788
ENST00000698088.1	54234	80957	26723
ENST00000698089.1	72314	80818	8504
ENST00000698090.1	53408	80131	26723
ENST00000698097.1	0	31024	31024
ENST00000698098.1	0	53054	53054
ENST00000698099.1	3558	53408	49850
ENST00000698100.1	3199	52760	49561
ENST00000698103.1	928	41757	40829
ENST00000698113.1	7139	32264	25125
ENST00000698116.1	227	25352	25125
ENST00000698117.1	110	23949	23839
ENST00000698118.1	35	25160	25125
ENST00000698128.1	34073	101604	67531
ENST00000698131.1	19536	59919	40383
ENST00000698132.1	1036	60255	59219
ENST00000698133.1	1036	60237	59201
ENST00000698134.1	24266	59696	35430
ENST00000698135.1	245	59274	59029
ENST00000698141.1	2845	44369	41524
ENST00000698142.1	2012	43477	41465
ENST00000698144.1	28804	41410	12606
ENST00000698145.1	574	41459	40885
ENST00000698146.1	39816	41014	1198
ENST00000698149.1	6129	42882	36753
ENST00000698152.1	61	1979	1918
ENST00000698169.1	6024	152856	146832
ENST00000698170.1	12	13475	13463
ENST00000698171.1	3	15754	15751
ENST00000698174.1	7003	89871	82868
ENST00000698175.1	83655	84619	964
ENST00000698177.1	1198	14379	13181
ENST00000698180.1	13608	15569	1961
ENST00000698186.1	1786	17365	15579
ENST00000698192.1	1574	17283	15709
ENST00000698193.1	1454	16601	15147
ENST00000698196.1	1521	31310	29789
ENST00000698198.1	81	21759	21678
ENST00000698199.1	109	273201	273092
ENST00000698200.1	286	14579	14293
ENST00000698202.1	7029	89897	82868
ENST00000698203.1	7029	89897	82868
ENST00000698213.1	9689	45178	35489
ENST00000698214.1	3657	77569	73912
ENST00000698215.1	3657	147953	144296
ENST00000698216.1	21488	53989	32501
ENST00000698218.1	75	7089	7014
ENST00000698219.1	57	6925	6868
ENST00000698220.1	56	6976	6920
ENST00000698221.1	52	35057	35005
ENST00000698222.1	30	8911	8881
ENST00000698224.1	0	15279	15279
ENST00000698236.2	186	17202	17016
ENST00000698237.1	186	17164	16978
ENST00000698238.1	217	84873	84656
ENST00000698241.1	13461	49463	36002
ENST00000698242.1	13401	49403	36002
ENST00000698243.1	2538	38540	36002
ENST00000698245.1	3168	34175	31007
ENST00000698246.1	1238	32245	31007
ENST00000698248.1	5850	6196	346
ENST00000698254.1	2224	13772	11548
ENST00000698255.1	2224	14188	11964
ENST00000698256.1	0	5308	5308
ENST00000698260.1	46	229357	229311
ENST00000698261.1	3	1729	1726
ENST00000698262.1	248	58014	57766
ENST00000698263.1	171	20410	20239
ENST00000698265.1	171	20614	20443
ENST00000698266.1	171	18289	18118
ENST00000698267.1	171	16809	16638
ENST00000698268.1	171	20656	20485
ENST00000698269.1	171	7449	7278
ENST00000698270.1	171	20477	20306
ENST00000698271.1	171	20659	20488
ENST00000698272.1	171	20620	20449
ENST00000698273.1	156	20605	20449
ENST00000698274.1	14666	66694	52028
ENST00000698280.1	2657	30073	27416
ENST00000698281.1	21894	28498	6604
ENST00000698282.1	20220	28451	8231
ENST00000698283.1	2657	30177	27520
ENST00000698285.1	2657	20219	17562
ENST00000698286.1	2657	20219	17562
ENST00000698288.1	20220	28451	8231
ENST00000698290.1	2657	29852	27195
ENST00000698291.1	2657	30073	27416
ENST00000698294.1	2630	29379	26749
ENST00000698295.1	681	16609	15928
ENST00000698297.1	25881	61883	36002
ENST00000698298.1	25858	61860	36002
ENST00000698299.1	276	61616	61340
ENST00000698300.1	368	40988	40620
ENST00000698301.1	2538	19411	16873
ENST00000698302.1	30447	37781	7334
ENST00000698303.1	2538	38445	35907
ENST00000698304.1	131	36133	36002
ENST00000698305.1	92	36115	36023
ENST00000698321.1	38131	64842	26711
ENST00000698322.1	15017	41728	26711
ENST00000698328.1	3362	33063	29701
ENST00000698339.1	3100	13671	10571
ENST00000698340.1	1486	13700	12214
ENST00000698351.1	7709	16659	8950
ENST00000698352.1	7438	9881	2443
ENST00000698354.1	926	5157	4231
ENST00000698355.1	36141	37861	1720
ENST00000698356.1	36010	37730	1720
ENST00000698357.1	34924	36644	1720
ENST00000698358.1	28044	56010	27966
ENST00000698359.1	382	136215	135833
ENST00000698360.1	382	136310	135928
ENST00000698361.1	492	136264	135772
ENST00000698362.1	968	135832	134864
ENST00000698368.1	15	7262	7247
ENST00000698371.1	0	3426	3426
ENST00000698372.1	2837	6387	3550
ENST00000698384.1	48	20616	20568
ENST00000698396.1	46	1929	1883
ENST00000698397.1	38	1575	1537
ENST00000698398.1	0	1048	1048
ENST00000698399.1	11237	14871	3634
ENST00000698400.1	304	3938	3634
ENST00000698401.1	304	3938	3634
ENST00000698402.1	304	3938	3634
ENST00000698403.1	293	3927	3634
ENST00000698404.1	0	2466	2466
ENST00000698406.1	2108	22513	20405
ENST00000698408.1	2092	22497	20405
ENST00000698410.1	2075	18046	15971
ENST00000698411.1	2068	2498	430
ENST00000698412.1	2068	22473	20405
ENST00000698413.1	2033	22554	20521
ENST00000698414.1	1985	22506	20521
ENST00000698420.1	5940	9138	3198
ENST00000698421.1	5256	9320	4064
ENST00000698422.1	373	10472	10099
ENST00000698423.1	225	10902	10677
ENST00000698424.1	337	10496	10159
ENST00000698426.1	392	125225	124833
ENST00000698427.1	392	136246	135854
ENST00000698428.1	392	125225	124833
ENST00000698430.1	114528	124217	9689
ENST00000698431.1	91087	124465	33378
ENST00000698432.1	382	127088	126706
ENST00000698435.1	0	120546	120546
ENST00000698436.1	87394	108549	21155
ENST00000698439.1	15408	50511	35103
ENST00000698440.1	3491	14862	11371
ENST00000698441.1	3475	14658	11183
ENST00000698442.1	51	24201	24150
ENST00000698443.1	1653	25931	24278
ENST00000698444.1	2819	21163	18344
ENST00000698445.1	424	19855	19431
ENST00000698446.1	81	1515	1434
ENST00000698447.1	48	8957	8909
ENST00000698448.1	3494	14865	11371
ENST00000698449.1	304	11707	11403
ENST00000698453.1	54771	87877	33106
ENST00000698454.1	2855	90038	87183
ENST00000698455.1	84369	85567	1198
ENST00000698456.1	63914	86384	22470
ENST00000698457.1	2855	89838	86983
ENST00000698458.1	54771	87913	33142
ENST00000698459.1	52505	88107	35602
ENST00000698460.1	55527	87430	31903
ENST00000698469.1	74194	85094	10900
ENST00000698470.1	54558	86461	31903
ENST00000698472.1	62717	85659	22942
ENST00000698476.1	32284	88062	55778
ENST00000698477.1	53802	86908	33106
ENST00000698479.1	1886	89119	87233
ENST00000698480.1	52151	87008	34857
ENST00000698481.1	52151	87008	34857
ENST00000698484.1	44235	87447	43212
ENST00000698485.1	52151	87008	34857
ENST00000698487.1	1886	89072	87186
ENST00000698488.1	52151	86832	34681
ENST00000698490.1	699	87882	87183
ENST00000698492.1	61510	84452	22942
ENST00000698494.1	3749	35871	32122
ENST00000698506.1	2021	3363	1342
ENST00000698508.1	10221	27524	17303
ENST00000698510.1	81	11855	11774
ENST00000698511.1	139	25968	25829
ENST00000698512.1	49900	350294	300394
ENST00000698513.1	5222	23312	18090
ENST00000698514.1	13632	20382	6750
ENST00000698515.1	13632	20549	6917
ENST00000698516.1	3246	21503	18257
ENST00000698518.1	3091	18831	15740
ENST00000698519.1	1080	17915	16835
ENST00000698520.1	227	18151	17924
ENST00000698522.1	173907	507432	333525
ENST00000698523.1	1149	52701	51552
ENST00000698524.1	4326	27715	23389
ENST00000698525.1	1996	23398	21402
ENST00000698526.1	1899	24218	22319
ENST00000698527.1	163	16306	16143
ENST00000698528.1	163	78686	78523
ENST00000698532.1	82	78644	78562
ENST00000698533.1	82	78578	78496
ENST00000698534.1	82	78545	78463
ENST00000698535.1	2166	4528	2362
ENST00000698536.1	2186	35603	33417
ENST00000698537.1	2186	35585	33399
ENST00000698539.1	6081	17124	11043
ENST00000698540.1	3817	36488	32671
ENST00000698541.1	384	326909	326525
ENST00000698542.1	1130	51471	50341
ENST00000698543.1	1508	58834	57326
ENST00000698546.1	13597	14023	426
ENST00000698547.1	11803	14475	2672
ENST00000698548.1	218	16116	15898
ENST00000698549.1	13597	14023	426
ENST00000698550.1	218	16295	16077
ENST00000698551.1	4317	16005	11688
ENST00000698553.1	869	8360	7491
ENST00000698554.1	869	8393	7524
ENST00000698555.1	869	8500	7631
ENST00000698556.1	869	8357	7488
ENST00000698557.1	869	8390	7521
ENST00000698558.1	869	8497	7628
ENST00000698559.1	869	8126	7257
ENST00000698560.1	869	3554	2685
ENST00000698561.1	869	8040	7171
ENST00000698573.1	14994	97587	82593
ENST00000698574.1	14811	97982	83171
ENST00000698575.1	14280	96966	82686
ENST00000698578.1	122	44504	44382
ENST00000698579.1	122	15200	15078
ENST00000698580.1	122	63002	62880
ENST00000698581.1	122	62839	62717
ENST00000698582.1	122	76953	76831
ENST00000698583.1	122	76953	76831
ENST00000698584.1	122	79119	78997
ENST00000698585.1	122	24427	24305
ENST00000698586.1	122	32624	32502
ENST00000698587.1	122	78788	78666
ENST00000698588.1	107	78627	78520
ENST00000698590.1	96	78723	78627
ENST00000698591.1	86	14343	14257
ENST00000698592.1	86	78582	78496
ENST00000698593.1	82	16225	16143
ENST00000698594.1	82	78507	78425
ENST00000698595.1	82	27295	27213
ENST00000698597.1	56	78590	78534
ENST00000698598.1	54	78720	78666
ENST00000698599.1	13890	45325	31435
ENST00000698600.1	25290	41056	15766
ENST00000698601.1	36291	40658	4367
ENST00000698602.1	10458	41893	31435
ENST00000698603.1	36946	39383	2437
ENST00000698604.1	23891	26328	2437
ENST00000698605.1	23882	26319	2437
ENST00000698607.1	10863	26629	15766
ENST00000698608.1	2636	23432	20796
ENST00000698609.1	12088	25260	13172
ENST00000698610.1	2633	23527	20894
ENST00000698612.1	2633	25587	22954
ENST00000698613.1	1899	24120	22221
ENST00000698614.1	7680	23446	15766
ENST00000698615.1	17825	21981	4156
ENST00000698618.1	17150	19587	2437
ENST00000698620.1	4353	20119	15766
ENST00000698625.1	7250	16049	8799
ENST00000698626.1	26	8886	8860
ENST00000698628.1	128	7978	7850
ENST00000698634.1	2443	3275	832
ENST00000698635.1	49	8419	8370
ENST00000698638.1	4702	25929	21227
ENST00000698639.1	4439	42225	37786
ENST00000698640.1	27562	39743	12181
ENST00000698641.1	27562	39791	12229
ENST00000698642.1	27562	40096	12534
ENST00000698643.1	27562	40096	12534
ENST00000698644.1	4435	42157	37722
ENST00000698645.1	4435	42367	37932
ENST00000698646.1	4435	42266	37831
ENST00000698647.1	32901	39995	7094
ENST00000698648.1	27562	40096	12534
ENST00000698655.1	546	4702	4156
ENST00000698663.1	35	32684	32649
ENST00000698664.1	117	61113	60996
ENST00000698667.1	2966	27279	24313
ENST00000698668.1	2976	27501	24525
ENST00000698673.1	93	832	739
ENST00000698675.1	0	58093	58093
ENST00000698680.1	420	4167	3747
ENST00000698687.1	359	4270	3911
ENST00000698688.1	359	2634	2275
ENST00000698693.1	3182	6500	3318
ENST00000698694.1	26	17561	17535
ENST00000698695.1	0	4214	4214
ENST00000698696.1	17183	19946	2763
ENST00000698697.1	17183	21918	4735
ENST00000698698.1	17171	30256	13085
ENST00000698699.1	17143	30228	13085
ENST00000698700.1	17123	18575	1452
ENST00000698701.1	2871	27396	24525
ENST00000698704.1	17152	30237	13085
ENST00000698705.1	17136	30221	13085
ENST00000698707.1	80483	85734	5251
ENST00000698709.1	58712	78313	19601
ENST00000698710.1	58708	78402	19694
ENST00000698712.1	58687	78384	19697
ENST00000698713.1	20909	40606	19697
ENST00000698714.1	20903	40457	19554
ENST00000698715.1	20886	40580	19694
ENST00000698716.1	121	19806	19685
ENST00000698720.1	27198	32363	5165
ENST00000698721.1	25777	30942	5165
ENST00000698722.1	19145	24310	5165
ENST00000698723.1	4243	9408	5165
ENST00000698731.1	2319	58244	55925
ENST00000698732.1	45416	55463	10047
ENST00000698733.1	46288	55518	9230
ENST00000698734.1	21664	56856	35192
ENST00000698740.1	7811	21093	13282
ENST00000698741.1	622	33759	33137
ENST00000698742.1	736	16735	15999
ENST00000698743.1	214	13117	12903
ENST00000698744.1	181	7644	7463
ENST00000698745.1	181	1687	1506
ENST00000698746.1	171	16505	16334
ENST00000698747.1	0	15068	15068
ENST00000698748.1	22445	54399	31954
ENST00000698749.1	22445	54458	32013
ENST00000698750.1	9320	84887	75567
ENST00000698751.1	1724	19952	18228
ENST00000698756.1	2424	19619	17195
ENST00000698760.1	1582	2481	899
ENST00000698761.1	1581	19115	17534
ENST00000698762.1	1581	14844	13263
ENST00000698772.1	4577	68483	63906
ENST00000698773.1	768	64665	63897
ENST00000698775.1	32826	33076	250
ENST00000698776.1	2565	35294	32729
ENST00000698777.1	2565	35294	32729
ENST00000698778.1	2560	35226	32666
ENST00000698779.1	3149	35158	32009
ENST00000698780.1	4050	19736	15686
ENST00000698781.1	6908	19050	12142
ENST00000698782.1	5958	19223	13265
ENST00000698783.1	5941	19206	13265
ENST00000698789.1	0	1672	1672
ENST00000698790.1	0	21642	21642
ENST00000698791.1	2284	8136	5852
ENST00000698792.1	2281	8023	5742
ENST00000698793.1	54	65192	65138
ENST00000698794.1	24	65561	65537
ENST00000698795.1	1859	13293	11434
ENST00000698797.1	573	3453	2880
ENST00000698799.1	0	57801	57801
ENST00000698800.1	0	38067	38067
ENST00000698802.1	32826	33076	250
ENST00000698803.1	28391	33168	4777
ENST00000698806.1	32826	33076	250
ENST00000698808.1	2565	35291	32726
ENST00000698809.1	2565	35202	32637
ENST00000698810.1	28391	33168	4777
ENST00000698812.1	32821	33071	250
ENST00000698813.1	8488	34857	26369
ENST00000698814.1	3607	35036	31429
ENST00000698815.1	11221	34709	23488
ENST00000698818.1	3095	3792	697
ENST00000698819.1	2996	8798	5802
ENST00000698820.1	1331	7092	5761
ENST00000698821.1	971	7045	6074
ENST00000698822.1	3269	6673	3404
ENST00000698823.1	1957	6571	4614
ENST00000698824.1	387	6676	6289
ENST00000698825.1	963	5877	4914
ENST00000698826.1	998	2245	1247
ENST00000698827.1	667	5540	4873
ENST00000698828.1	2103	5592	3489
ENST00000698829.1	1931	5450	3519
ENST00000698830.1	0	32102	32102
ENST00000698832.1	3473	33262	29789
ENST00000698833.1	1524	132065	130541
ENST00000698834.1	0	75071	75071
ENST00000698835.1	21820	60588	38768
ENST00000698836.1	1559	240748	239189
ENST00000698837.1	1085	3535	2450
ENST00000698838.1	1076	3526	2450
ENST00000698839.1	1067	3517	2450
ENST00000698840.1	1067	3517	2450
ENST00000698841.1	59	2028	1969
ENST00000698843.1	2081	101937	99856
ENST00000698845.1	738	13431	12693
ENST00000698847.1	639	5198	4559
ENST00000698851.1	56804	741382	684578
ENST00000698852.1	1439	19538	18099
ENST00000698853.1	654	6062	5408
ENST00000698854.1	636	6044	5408
ENST00000698857.1	11012	250013	239001
ENST00000698860.1	695	18806	18111
ENST00000698861.1	676	18775	18099
ENST00000698862.1	662	13355	12693
ENST00000698863.1	649	18748	18099
ENST00000698865.1	642	18762	18120
ENST00000698866.1	627	5186	4559
ENST00000698868.1	623	18588	17965
ENST00000698869.1	621	18487	17866
ENST00000698870.1	606	18705	18099
ENST00000698872.1	3570	13148	9578
ENST00000698873.1	3330	11550	8220
ENST00000698874.1	3325	16951	13626
ENST00000698878.1	649	18742	18093
ENST00000698879.1	0	1569	1569
ENST00000698880.1	0	11309	11309
ENST00000698881.1	146	191262	191116
ENST00000698882.1	117	164639	164522
ENST00000698883.1	2256	19973	17717
ENST00000698888.1	19283	130786	111503
ENST00000698889.1	4762	228134	223372
ENST00000698890.1	2261	19978	17717
ENST00000698891.1	18225	18433	208
ENST00000698892.1	2256	19973	17717
ENST00000698893.1	2256	19973	17717
ENST00000698894.1	2247	19982	17735
ENST00000698895.1	16663	18559	1896
ENST00000698896.1	16622	18565	1943
ENST00000698899.1	7490	107619	100129
ENST00000698902.1	2261	19975	17714
ENST00000698903.1	2259	19973	17714
ENST00000698904.1	2256	19946	17690
ENST00000698905.1	9487	19138	9651
ENST00000698906.1	1582	31809	30227
ENST00000698907.1	1754	31744	29990
ENST00000698908.1	981	31502	30521
ENST00000698910.1	200969	238691	37722
ENST00000698911.1	112442	238742	126300
ENST00000698912.1	112442	237516	125074
ENST00000698913.1	112442	238424	125982
ENST00000698914.1	571	220533	219962
ENST00000698915.1	432	238082	237650
ENST00000698916.1	432	238020	237588
ENST00000698918.1	164	167954	167790
ENST00000698919.1	92	226801	226709
ENST00000698922.1	880	15183	14303
ENST00000698923.1	2384	14564	12180
ENST00000698924.1	859	15306	14447
ENST00000698925.1	1072	14399	13327
ENST00000698926.1	452	5320	4868
ENST00000698927.1	32401	102620	70219
ENST00000698928.1	715	240112	239397
ENST00000698929.1	39	13246	13207
ENST00000698930.1	25	14830	14805
ENST00000698932.1	4883	49564	44681
ENST00000698933.1	71	15262	15191
ENST00000698934.1	43	25278	25235
ENST00000698937.1	21534	58768	37234
ENST00000698938.1	29	17605	17576
ENST00000698939.1	2654	40955	38301
ENST00000698941.1	23928	45571	21643
ENST00000698942.1	59	1295	1236
ENST00000698944.1	9	115963	115954
ENST00000698945.1	101	8763	8662
ENST00000698946.1	101	8763	8662
ENST00000698947.1	101	8763	8662
ENST00000698949.1	93	8713	8620
ENST00000698950.1	93	8608	8515
ENST00000698951.1	1171	8219	7048
ENST00000698955.1	88	8649	8561
ENST00000698959.1	1161	8234	7073
ENST00000698960.1	3011	7597	4586
ENST00000698961.1	85	8735	8650
ENST00000698962.1	2518	7874	5356
ENST00000698965.1	85	8681	8596
ENST00000698976.1	2515	7871	5356
ENST00000698977.1	4133	7603	3470
ENST00000698978.1	1158	8231	7073
ENST00000698979.1	1158	8231	7073
ENST00000698982.1	2505	7861	5356
ENST00000698988.1	255	8845	8590
ENST00000698989.1	1114	8162	7048
ENST00000698991.1	245	8835	8590
ENST00000698995.1	884	6374	5490
ENST00000698996.1	882	4343	3461
ENST00000698997.1	888	6351	5463
ENST00000698998.1	852	6345	5493
ENST00000698999.1	1787	6440	4653
ENST00000699000.1	109591	199489	89898
ENST00000699001.1	66102	155794	89692
ENST00000699002.1	66089	154171	88082
ENST00000699003.1	66089	153046	86957
ENST00000699004.1	66089	155454	89365
ENST00000699005.1	66089	156118	90029
ENST00000699006.1	66089	153046	86957
ENST00000699007.1	66089	155924	89835
ENST00000699008.1	66089	155903	89814
ENST00000699009.1	66089	155909	89820
ENST00000699010.1	66089	155769	89680
ENST00000699011.1	66070	85104	19034
ENST00000699012.1	87958	116399	28441
ENST00000699013.1	0	31504	31504
ENST00000699015.1	873	6339	5466
ENST00000699022.1	439	3900	3461
ENST00000699027.1	81	62696	62615
ENST00000699037.1	306	50295	49989
ENST00000699038.1	17569	48784	31215
ENST00000699043.1	421	42286	41865
ENST00000699047.1	4690	311520	306830
ENST00000699048.1	4690	311552	306862
ENST00000699050.1	270	86155	85885
ENST00000699051.1	94	78257	78163
ENST00000699053.1	6468	37525	31057
ENST00000699057.1	0	14358	14358
ENST00000699059.1	12	1949	1937
ENST00000699060.1	7546	27635	20089
ENST00000699063.1	888	6345	5457
ENST00000699064.1	868	5982	5114
ENST00000699067.1	845	6061	5216
ENST00000699069.1	467	5680	5213
ENST00000699071.1	441	5660	5219
ENST00000699074.1	172	61109	60937
ENST00000699075.1	128	43410	43282
ENST00000699076.1	877	6084	5207
ENST00000699077.1	872	5744	4872
ENST00000699079.1	852	1834	982
ENST00000699081.1	846	6059	5213
ENST00000699082.1	839	5981	5142
ENST00000699083.1	423	3783	3360
ENST00000699086.1	0	2914	2914
ENST00000699087.1	2354	106531	104177
ENST00000699088.1	22	2212	2190
ENST00000699090.1	266	9857	9591
ENST00000699093.1	0	21642	21642
ENST00000699094.1	2550	41815	39265
ENST00000699095.1	1721	46116	44395
ENST00000699098.1	43	12987	12944
ENST00000699099.1	868	2566	1698
ENST00000699100.1	856	2554	1698
ENST00000699101.1	843	1825	982
ENST00000699104.1	450	5328	4878
ENST00000699105.1	434	5650	5216
ENST00000699107.1	415	5878	5463
ENST00000699108.1	415	2113	1698
ENST00000699112.1	6628	34026	27398
ENST00000699113.1	19758	32135	12377
ENST00000699115.1	11970	32465	20495
ENST00000699118.1	1369	28741	27372
ENST00000699119.1	15062	27434	12372
ENST00000699120.1	15062	19736	4674
ENST00000699121.1	15062	19921	4859
ENST00000699122.1	1369	28556	27187
ENST00000699123.1	19243	27405	8162
ENST00000699125.1	1369	29156	27787
ENST00000699128.1	13340	27908	14568
ENST00000699129.1	13340	27908	14568
ENST00000699131.1	1369	28957	27588
ENST00000699133.1	1369	28859	27490
ENST00000699134.1	1369	29383	28014
ENST00000699135.1	15081	27458	12377
ENST00000699136.1	1369	29026	27657
ENST00000699137.1	1369	28741	27372
ENST00000699138.1	15062	27434	12372
ENST00000699139.1	1369	28865	27496
ENST00000699140.1	1369	29026	27657
ENST00000699141.1	15062	27434	12372
ENST00000699142.1	1369	29124	27755
ENST00000699143.1	15062	27434	12372
ENST00000699144.1	15062	27434	12372
ENST00000699145.1	1324	29079	27755
ENST00000699146.1	136	28148	28012
ENST00000699147.1	14048	26420	12372
ENST00000699153.1	2050	14422	12372
ENST00000699159.1	17258	29815	12557
ENST00000699162.1	32907	38775	5868
ENST00000699164.1	41479	61114	19635
ENST00000699165.1	682	10381	9699
ENST00000699166.1	322	11435	11113
ENST00000699168.1	90	25952	25862
ENST00000699169.1	82	23320	23238
ENST00000699170.1	55	5138	5083
ENST00000699171.1	49	16933	16884
ENST00000699172.1	3481	22187	18706
ENST00000699176.1	7425	43204	35779
ENST00000699177.1	7423	43202	35779
ENST00000699178.1	1	5075	5074
ENST00000699179.1	0	955	955
ENST00000699180.1	0	2737	2737
ENST00000699181.1	0	824	824
ENST00000699184.1	0	1038	1038
ENST00000699187.1	4426	18747	14321
ENST00000699189.1	1323	24362	23039
ENST00000699190.1	3	139	136
ENST00000699191.1	350	42724	42374
ENST00000699192.1	228	42593	42365
ENST00000699193.1	199	35540	35341
ENST00000699196.1	7425	42873	35448
ENST00000699197.1	7425	42929	35504
ENST00000699198.1	7425	43087	35662
ENST00000699199.1	7425	43087	35662
ENST00000699200.1	7421	42925	35504
ENST00000699201.1	7421	19063	11642
ENST00000699202.1	7421	43161	35740
ENST00000699203.1	16661	42303	25642
ENST00000699205.1	7418	28679	21261
ENST00000699206.1	7418	28679	21261
ENST00000699207.1	7418	43197	35779
ENST00000699208.1	7418	43105	35687
ENST00000699209.1	7409	43188	35779
ENST00000699210.1	7409	22890	15481
ENST00000699212.1	3688	39589	35901
ENST00000699213.1	980	36642	35662
ENST00000699214.1	942	36682	35740
ENST00000699215.1	942	36721	35779
ENST00000699216.1	942	36446	35504
ENST00000699219.1	3	151	148
ENST00000699220.1	1204	43958	42754
ENST00000699221.1	3	301	298
ENST00000699222.1	94	71556	71462
ENST00000699223.1	480	35859	35379
ENST00000699224.1	1675	34863	33188
ENST00000699225.1	0	514	514
ENST00000699227.1	24134	39325	15191
ENST00000699234.1	15746	28542	12796
ENST00000699235.1	1741	15291	13550
ENST00000699236.1	13327	30969	17642
ENST00000699237.1	13327	31022	17695
ENST00000699238.1	19341	30849	11508
ENST00000699240.1	19879	30777	10898
ENST00000699241.1	19341	30849	11508
ENST00000699242.1	1741	32288	30547
ENST00000699243.1	15746	30937	15191
ENST00000699244.1	1736	32225	30489
ENST00000699246.1	19320	30828	11508
ENST00000699247.1	1720	31316	29596
ENST00000699249.1	15689	30880	15191
ENST00000699250.1	1619	32146	30527
ENST00000699251.1	1707	31608	29901
ENST00000699258.2	0	112	112
ENST00000699259.1	1331	56465	55134
ENST00000699260.1	1331	56465	55134
ENST00000699261.1	8036	55481	47445
ENST00000699262.1	490	55627	55137
ENST00000699263.1	0	17399	17399
ENST00000699264.1	483	36060	35577
ENST00000699265.1	483	82507	82024
ENST00000699267.1	169	16910	16741
ENST00000699269.1	169	18303	18134
ENST00000699270.1	169	13425	13256
ENST00000699271.1	169	13425	13256
ENST00000699272.1	169	13830	13661
ENST00000699273.1	169	18718	18549
ENST00000699274.1	169	13830	13661
ENST00000699275.1	142	3276	3134
ENST00000699276.1	2640	207088	204448
ENST00000699277.1	12	13511	13499
ENST00000699278.1	11	13375	13364
ENST00000699279.1	4004	12806	8802
ENST00000699288.1	3798	69194	65396
ENST00000699289.1	65	146405	146340
ENST00000699290.1	65	147267	147202
ENST00000699291.1	3717	9878	6161
ENST00000699293.1	539	27986	27447
ENST00000699294.1	2914	52174	49260
ENST00000699295.1	77771	225335	147564
ENST00000699296.1	3274	46617	43343
ENST00000699297.1	3203	15602	12399
ENST00000699298.1	1696	4529	2833
ENST00000699299.1	2892	4081	1189
ENST00000699300.1	480	35989	35509
ENST00000699301.1	453	82477	82024
ENST00000699302.1	271	5433	5162
ENST00000699303.1	271	82295	82024
ENST00000699304.1	77	82101	82024
ENST00000699305.1	409	82433	82024
ENST00000699307.1	1851	34727	32876
ENST00000699308.1	0	78151	78151
ENST00000699309.1	0	78151	78151
ENST00000699310.1	1331	56462	55131
ENST00000699311.1	26873	54354	27481
ENST00000699312.1	1331	56468	55137
ENST00000699313.1	26872	54353	27481
ENST00000699314.1	0	13257	13257
ENST00000699316.1	54431	66494	12063
ENST00000699317.1	36980	66967	29987
ENST00000699318.1	912	68701	67789
ENST00000699321.1	36496	66483	29987
ENST00000699324.1	2802	58035	55233
ENST00000699325.1	274	57812	57538
ENST00000699327.1	3180	12504	9324
ENST00000699328.1	480	5723	5243
ENST00000699330.1	416	5659	5243
ENST00000699331.1	350	82374	82024
ENST00000699333.1	5140	19106	13966
ENST00000699334.1	0	1274	1274
ENST00000699336.2	3	15224	15221
ENST00000699337.1	0	631838	631838
ENST00000699338.1	10873	25237	14364
ENST00000699339.1	10647	21091	10444
ENST00000699340.1	0	4056	4056
ENST00000699341.1	0	142	142
ENST00000699342.1	2223	45685	43462
ENST00000699343.1	411	5654	5243
ENST00000699344.1	374	82362	81988
ENST00000699345.1	371	82395	82024
ENST00000699346.1	371	82535	82164
ENST00000699347.1	1898	4419	2521
ENST00000699348.1	311	82335	82024
ENST00000699350.1	271	82295	82024
ENST00000699351.1	104	5347	5243
ENST00000699352.1	0	79200	79200
ENST00000699353.1	0	78291	78291
ENST00000699355.1	11247	29668	18421
ENST00000699358.1	2379	31035	28656
ENST00000699359.1	1956	3983	2027
ENST00000699360.1	268	31333	31065
ENST00000699362.1	1948	3167	1219
ENST00000699363.1	1948	3167	1219
ENST00000699365.1	260	3671	3411
ENST00000699368.1	3324	3715	391
ENST00000699371.1	0	10563	10563
ENST00000699372.1	86383	310374	223991
ENST00000699373.1	3470	311477	308007
ENST00000699374.1	3470	311477	308007
ENST00000699375.1	3470	311536	308066
ENST00000699376.1	3470	311539	308069
ENST00000699377.1	62174	311020	248846
ENST00000699378.1	4690	311476	306786
ENST00000699379.1	4690	311517	306827
ENST00000699380.1	4892	310084	305192
ENST00000699381.1	3307	310137	306830
ENST00000699382.1	3420	308609	305189
ENST00000699383.1	12	2674	2662
ENST00000699385.1	71139	132689	61550
ENST00000699386.1	13131	80565	67434
ENST00000699387.1	12998	80649	67651
ENST00000699389.1	12188	79535	67347
ENST00000699390.1	17901	19864	1963
ENST00000699391.1	17862	79412	61550
ENST00000699392.1	14348	19803	5455
ENST00000699395.1	1247	8725	7478
ENST00000699396.1	1247	8725	7478
ENST00000699397.1	1247	8725	7478
ENST00000699398.1	2713	8739	6026
ENST00000699399.1	1232	7944	6712
ENST00000699400.1	1232	8707	7475
ENST00000699401.1	1306	8707	7401
ENST00000699402.1	0	86751	86751
ENST00000699403.1	0	82819	82819
ENST00000699404.1	572	90460	89888
ENST00000699405.1	1134	44007	42873
ENST00000699406.1	412	82436	82024
ENST00000699407.1	411	5565	5154
ENST00000699408.1	411	5654	5243
ENST00000699409.1	353	5596	5243
ENST00000699410.1	271	82295	82024
ENST00000699411.1	261	82249	81988
ENST00000699412.1	119	82107	81988
ENST00000699416.1	228399	310233	81834
ENST00000699417.1	3470	311436	307966
ENST00000699418.1	4633	309917	305284
ENST00000699419.1	50248	309393	259145
ENST00000699421.1	9581	253792	244211
ENST00000699423.1	294	4795	4501
ENST00000699424.1	1349	4562	3213
ENST00000699425.1	180	4672	4492
ENST00000699428.1	3	4406	4403
ENST00000699429.1	289	2993	2704
ENST00000699431.1	385	15734	15349
ENST00000699432.1	5323	13467	8144
ENST00000699434.1	462	5705	5243
ENST00000699435.1	235	82259	82024
ENST00000699439.1	1291	6782	5491
ENST00000699454.1	111	13084	12973
ENST00000699455.1	89	12982	12893
ENST00000699466.1	8953	35114	26161
ENST00000699468.1	18579	31917	13338
ENST00000699472.1	2479	12546	10067
ENST00000699485.1	677	5915	5238
ENST00000699486.1	529	86431	85902
ENST00000699487.1	337	67719	67382
ENST00000699488.1	0	17302	17302
ENST00000699489.1	0	24392	24392
ENST00000699490.1	0	24463	24463
ENST00000699491.1	2197	226996	224799
ENST00000699492.1	3355	157705	154350
ENST00000699493.1	2359	5168	2809
ENST00000699510.1	604	11660	11056
ENST00000699511.1	0	5497	5497
ENST00000699512.1	0	2210	2210
ENST00000699513.1	0	2469	2469
ENST00000699514.1	289	35615	35326
ENST00000699515.1	289	35615	35326
ENST00000699516.1	247	5110	4863
ENST00000699524.1	9974	60807	50833
ENST00000699525.1	1035	84245	83210
ENST00000699527.1	81	11186	11105
ENST00000699528.1	81	16604	16523
ENST00000699530.1	81	9147	9066
ENST00000699532.1	81	14333	14252
ENST00000699538.1	81	16957	16876
ENST00000699540.1	81	9045	8964
ENST00000699541.1	81	14428	14347
ENST00000699543.1	81	11186	11105
ENST00000699545.1	81	9045	8964
ENST00000699546.1	81	16803	16722
ENST00000699549.1	81	16651	16570
ENST00000699553.1	13	16890	16877
ENST00000699554.1	10	1625	1615
ENST00000699558.1	18633	53378	34745
ENST00000699559.1	179	7802	7623
ENST00000699560.1	166	12616	12450
ENST00000699561.1	155	6298	6143
ENST00000699562.1	155	12697	12542
ENST00000699563.1	155	28606	28451
ENST00000699564.1	133	5233	5100
ENST00000699565.1	0	5100	5100
ENST00000699566.1	0	893	893
ENST00000699567.1	0	5717	5717
ENST00000699568.1	1035	84302	83267
ENST00000699569.1	15543	46402	30859
ENST00000699572.1	8136	33963	25827
ENST00000699573.1	3379	34071	30692
ENST00000699574.1	32348	33684	1336
ENST00000699575.1	31039	33660	2621
ENST00000699576.1	28529	33663	5134
ENST00000699577.1	3379	34273	30894
ENST00000699578.1	8136	34059	25923
ENST00000699579.1	7954	34098	26144
ENST00000699580.1	3379	23407	20028
ENST00000699581.1	3379	23407	20028
ENST00000699585.1	107	166085	165978
ENST00000699586.1	18776	72881	54105
ENST00000699588.1	71955	82104	10149
ENST00000699590.1	787	84012	83225
ENST00000699591.1	43399	67681	24282
ENST00000699596.1	107	81288	81181
ENST00000699597.1	107	80945	80838
ENST00000699598.1	107	191225	191118
ENST00000699599.1	107	166782	166675
ENST00000699600.1	107	149605	149498
ENST00000699601.1	107	112061	111954
ENST00000699602.1	107	191524	191417
ENST00000699604.1	84	29199	29115
ENST00000699605.1	29088	191070	161982
ENST00000699607.1	759	66908	66149
ENST00000699612.1	18310	31562	13252
ENST00000699613.1	418	86699	86281
ENST00000699614.1	418	86524	86106
ENST00000699615.1	41042	72190	31148
ENST00000699620.1	12485	33912	21427
ENST00000699621.1	0	21493	21493
ENST00000699622.1	33930	54755	20825
ENST00000699623.1	2372	88609	86237
ENST00000699625.1	40455	85250	44795
ENST00000699626.1	1040	3965	2925
ENST00000699627.1	7361	61912	54551
ENST00000699628.1	22406	62096	39690
ENST00000699629.1	40163	87165	47002
ENST00000699630.1	60365	85039	24674
ENST00000699632.1	25549	72551	47002
ENST00000699633.1	630	74244	73614
ENST00000699634.1	674	73915	73241
ENST00000699640.1	13813	15596	1783
ENST00000699641.1	3	9505	9502
ENST00000699642.1	45763	70621	24858
ENST00000699643.1	68644	69998	1354
ENST00000699644.1	45752	70426	24674
ENST00000699645.1	45635	70309	24674
ENST00000699648.1	2054	15238	13184
ENST00000699649.1	2052	6380	4328
ENST00000699650.1	2052	14760	12708
ENST00000699651.1	2052	6380	4328
ENST00000699652.1	2052	15325	13273
ENST00000699654.1	2049	15062	13013
ENST00000699656.1	720	15724	15004
ENST00000699657.1	1834	15550	13716
ENST00000699659.1	1598	13366	11768
ENST00000699665.1	39314	70504	31190
ENST00000699666.1	54636	354559	299923
ENST00000699667.1	153592	353884	200292
ENST00000699668.1	2400	355341	352941
ENST00000699669.1	153656	353865	200209
ENST00000699670.1	2397	355266	352869
ENST00000699671.1	2397	355210	352813
ENST00000699672.1	212324	353515	141191
ENST00000699673.1	2397	355136	352739
ENST00000699674.1	2397	214151	211754
ENST00000699675.1	209184	353550	144366
ENST00000699676.1	3632	354788	351156
ENST00000699678.1	97788	353790	256002
ENST00000699679.1	1003	353817	352814
ENST00000699684.1	1877	3312	1435
ENST00000699686.1	756	3521	2765
ENST00000699687.1	756	3622	2866
ENST00000699695.1	1186	2975	1789
ENST00000699697.1	576	3777	3201
ENST00000699701.1	1170	3165	1995
ENST00000699704.1	324	7371	7047
ENST00000699705.1	2402	88520	86118
ENST00000699706.1	2365	44149	41784
ENST00000699707.1	434	86582	86148
ENST00000699708.1	52090	84926	32836
ENST00000699709.1	13348	86950	73602
ENST00000699710.1	407	86644	86237
ENST00000699711.1	16324	86114	69790
ENST00000699712.1	343	85957	85614
ENST00000699713.1	31380	85485	54105
ENST00000699714.1	2301	67995	65694
ENST00000699715.1	2265	67959	65694
ENST00000699716.1	643	66337	65694
ENST00000699718.1	300	168070	167770
ENST00000699720.1	2405	214215	211810
ENST00000699721.1	2400	132050	129650
ENST00000699723.1	2400	267531	265131
ENST00000699724.1	186064	212518	26454
ENST00000699725.1	2400	214338	211938
ENST00000699726.1	2400	214282	211882
ENST00000699727.1	212327	353518	141191
ENST00000699729.1	2397	214077	211680
ENST00000699730.1	186061	212515	26454
ENST00000699731.1	2397	209205	206808
ENST00000699732.1	2397	214151	211754
ENST00000699733.1	2397	214151	211754
ENST00000699734.1	212324	353515	141191
ENST00000699735.1	212324	353515	141191
ENST00000699738.1	2280	137873	135593
ENST00000699742.1	707	212334	211627
ENST00000699746.1	0	8925	8925
ENST00000699747.1	61	17191	17130
ENST00000699748.1	21	325	304
ENST00000699749.1	192	43731	43539
ENST00000699750.1	191	12041	11850
ENST00000699752.1	2447	40480	38033
ENST00000699753.1	28260	31768	3508
ENST00000699754.1	2447	40439	37992
ENST00000699755.1	28260	31771	3511
ENST00000699756.1	31625	38416	6791
ENST00000699757.1	26434	33237	6803
ENST00000699758.1	26434	38512	12078
ENST00000699760.1	2447	35307	32860
ENST00000699761.1	2447	33799	31352
ENST00000699762.1	2447	33632	31185
ENST00000699763.1	20840	32247	11407
ENST00000699764.1	16129	39640	23511
ENST00000699765.1	26371	33528	7157
ENST00000699766.1	2445	40666	38221
ENST00000699767.1	6720	40361	33641
ENST00000699768.1	2445	40490	38045
ENST00000699771.1	33467	43119	9652
ENST00000699772.1	33464	40415	6951
ENST00000699773.1	2371	32114	29743
ENST00000699774.1	1172	19656	18484
ENST00000699775.1	0	47437	47437
ENST00000699776.1	7635	47065	39430
ENST00000699777.1	910	2420	1510
ENST00000699778.1	0	11952	11952
ENST00000699779.1	213	5140	4927
ENST00000699780.1	199	23701	23502
ENST00000699781.1	199	13798	13599
ENST00000699782.1	199	43708	43509
ENST00000699783.1	191	43643	43452
ENST00000699784.1	185	43646	43461
ENST00000699785.1	185	12065	11880
ENST00000699786.1	7280	49977	42697
ENST00000699787.1	7257	50345	43088
ENST00000699788.1	7232	49903	42671
ENST00000699790.1	7038	49709	42671
ENST00000699794.1	948	44195	43247
ENST00000699795.1	24636	42327	17691
ENST00000699796.1	847	43877	43030
ENST00000699797.1	861	43869	43008
ENST00000699798.1	3804	42726	38922
ENST00000699799.1	558	43325	42767
ENST00000699800.1	279	18845	18566
ENST00000699801.1	279	18889	18610
ENST00000699802.1	4173	16358	12185
ENST00000699803.1	1030	4060	3030
ENST00000699804.1	3679	19635	15956
ENST00000699805.1	3663	19662	15999
ENST00000699806.1	0	17940	17940
ENST00000699807.1	3263	15920	12657
ENST00000699808.1	0	3983	3983
ENST00000699809.1	0	56651	56651
ENST00000699810.1	0	50102	50102
ENST00000699811.1	2460	33812	31352
ENST00000699814.2	31632	38360	6728
ENST00000699815.1	29952	31843	1891
ENST00000699816.1	16703	32363	15660
ENST00000699817.1	31632	38274	6642
ENST00000699818.1	2447	33799	31352
ENST00000699819.1	26434	31886	5452
ENST00000699820.1	11982	39248	27266
ENST00000699821.1	2445	33830	31385
ENST00000699822.1	27666	29557	1891
ENST00000699823.1	161	31513	31352
ENST00000699824.1	27666	36393	8727
ENST00000699825.1	161	31358	31197
ENST00000699826.1	25974	29485	3511
ENST00000699827.1	161	38182	38021
ENST00000699828.1	18554	36797	18243
ENST00000699829.1	13381	15272	1891
ENST00000699830.1	11689	22033	10344
ENST00000699835.1	302	5980	5678
ENST00000699836.1	300	5978	5678
ENST00000699837.1	161	31513	31352
ENST00000699838.1	33316	36638	3322
ENST00000699839.1	760	39133	38373
ENST00000699840.2	161	38346	38185
ENST00000699841.1	111	31917	31806
ENST00000699842.1	70	10125	10055
ENST00000699843.1	60	18397	18337
ENST00000699844.1	0	31525	31525
ENST00000699845.1	0	262791	262791
ENST00000699846.1	92534	147631	55097
ENST00000699847.1	92201	147298	55097
ENST00000699848.1	0	92657	92657
ENST00000699849.1	1294	11855	10561
ENST00000699852.1	6534	22974	16440
ENST00000699853.1	1706	24362	22656
ENST00000699856.1	2077	23113	21036
ENST00000699858.1	7231	21382	14151
ENST00000699859.1	915	23150	22235
ENST00000699866.1	197	52838	52641
ENST00000699868.1	192	52836	52644
ENST00000699869.1	17574	51585	34011
ENST00000699870.1	17574	51570	33996
ENST00000699871.1	192	52738	52546
ENST00000699872.1	36246	50506	14260
ENST00000699873.1	5692	52397	46705
ENST00000699874.1	192	52747	52555
ENST00000699875.1	192	52833	52641
ENST00000699877.1	160	52649	52489
ENST00000699878.1	18239	51684	33445
ENST00000699885.1	201	16216	16015
ENST00000699886.1	196	1793	1597
ENST00000699887.1	183	2909	2726
ENST00000699893.1	42161	79360	37199
ENST00000699894.1	42104	79377	37273
ENST00000699903.1	3656	208203	204547
ENST00000699904.1	3486	208194	204708
ENST00000699910.1	488	31561	31073
ENST00000699914.1	3789	115796	112007
ENST00000699916.1	24747	30227	5480
ENST00000699917.1	28265	36992	8727
ENST00000699918.1	28265	36992	8727
ENST00000699919.1	28265	36992	8727
ENST00000699920.1	28265	36992	8727
ENST00000699921.1	826	4125	3299
ENST00000699923.1	264	101425	101161
ENST00000699925.1	8	59633	59625
ENST00000699926.1	686	1981	1295
ENST00000699928.1	12006	39117	27111
ENST00000699929.1	12274	22621	10347
ENST00000699930.2	2477	40557	38080
ENST00000699932.1	9802	22287	12485
ENST00000699934.1	233	4085	3852
ENST00000699935.1	255	685	430
ENST00000699936.1	255	505	250
ENST00000699937.1	252	1529	1277
ENST00000699938.1	196	1516	1320
ENST00000699946.1	253	8234	7981
ENST00000699947.1	140	31997	31857
ENST00000699948.1	3695	31209	27514
ENST00000699951.1	24087	36572	12485
ENST00000699952.1	24087	36572	12485
ENST00000699953.1	8606	22863	14257
ENST00000699954.1	12274	22618	10344
ENST00000699955.1	140234	209358	69124
ENST00000699956.1	1075	204440	203365
ENST00000699958.1	3	22264	22261
ENST00000699960.1	940	5063	4123
ENST00000699963.1	445	5328	4883
ENST00000699964.1	240	379450	379210
ENST00000699965.1	394	374478	374084
ENST00000699966.1	369	373544	373175
ENST00000699967.1	331	374155	373824
ENST00000699968.1	121	181131	181010
ENST00000699969.1	232	3689	3457
ENST00000699970.1	0	3786	3786
ENST00000699971.1	93	3846	3753
ENST00000699973.1	757	3391	2634
ENST00000699974.1	218	3690	3472
ENST00000699975.1	218	3349	3131
ENST00000699976.1	93	3540	3447
ENST00000699977.1	218	3483	3265
ENST00000699978.1	0	3709	3709
ENST00000699979.1	0	3753	3753
ENST00000699982.1	52038	58282	6244
ENST00000699983.1	52038	58282	6244
ENST00000699984.1	52031	58275	6244
ENST00000699986.1	669	374645	373976
ENST00000699987.1	371	374534	374163
ENST00000699988.1	719	124419	123700
ENST00000699991.1	0	10416	10416
ENST00000699993.1	102	317792	317690
ENST00000699994.1	332	124762	124430
ENST00000699995.1	332	124782	124450
ENST00000699996.1	186	124616	124430
ENST00000699997.1	185888	303229	117341
ENST00000699998.1	184939	302226	117287
ENST00000700000.1	83	26210	26127
ENST00000700002.1	72	27771	27699
ENST00000700003.1	0	20928	20928
ENST00000700004.2	84	27395	27311
ENST00000700012.1	20852	96653	75801
ENST00000700013.1	106	142918	142812
ENST00000700014.1	263	2261	1998
ENST00000700015.1	216	9152	8936
ENST00000700021.1	675	102830	102155
ENST00000700022.1	391	94307	93916
ENST00000700029.2	845	103136	102291
ENST00000700044.1	562	84234	83672
ENST00000700046.1	94	18570	18476
ENST00000700051.1	96	2388	2292
ENST00000700052.1	96	8423	8327
ENST00000700053.1	91	9021	8930
ENST00000700054.1	83	2114	2031
ENST00000700056.1	76	4936	4860
ENST00000700061.1	115	305907	305792
ENST00000700062.1	23448	305218	281770
ENST00000700063.1	90	111623	111533
ENST00000700064.1	15810	187733	171923
ENST00000700066.1	34	124237	124203
ENST00000700069.1	0	95512	95512
ENST00000700070.1	48000	60109	12109
ENST00000700075.1	0	8058	8058
ENST00000700080.1	16619	32614	15995
ENST00000700084.1	20946	32060	11114
ENST00000700088.1	168	26599	26431
ENST00000700089.1	11497	21912	10415
ENST00000700090.1	16680	21521	4841
ENST00000700091.1	604	22774	22170
ENST00000700092.1	604	22949	22345
ENST00000700093.1	604	22946	22342
ENST00000700094.1	11497	21831	10334
ENST00000700095.1	276	22278	22002
ENST00000700096.1	16441	21282	4841
ENST00000700097.1	269	21269	21000
ENST00000700100.1	1577	11580	10003
ENST00000700101.1	1577	11580	10003
ENST00000700104.1	4612	10859	6247
ENST00000700105.1	526	94117	93591
ENST00000700106.1	1044	18292	17248
ENST00000700107.1	1044	18289	17245
ENST00000700108.1	1044	8143	7099
ENST00000700109.1	1040	8142	7102
ENST00000700113.1	73455	80319	6864
ENST00000700114.1	4796	147532	142736
ENST00000700115.1	111	142903	142792
ENST00000700118.1	106	142940	142834
ENST00000700119.1	80839	95354	14515
ENST00000700123.1	40997	45877	4880
ENST00000700124.1	39027	46020	6993
ENST00000700125.1	368	32112	31744
ENST00000700128.1	2903	18614	15711
ENST00000700129.1	12651	17531	4880
ENST00000700130.1	3841	10834	6993
ENST00000700131.1	0	8300	8300
ENST00000700132.1	2449	6983	4534
ENST00000700134.1	1044	88226	87182
ENST00000700142.1	515	81294	80779
ENST00000700145.1	0	42747	42747
ENST00000700149.1	2704	2988	284
ENST00000700150.1	2704	2988	284
ENST00000700155.1	1044	8111	7067
ENST00000700156.1	1044	8143	7099
ENST00000700157.1	1044	9311	8267
ENST00000700158.1	1044	8143	7099
ENST00000700159.1	1044	88271	87227
ENST00000700160.1	1044	8143	7099
ENST00000700161.1	515	1131	616
ENST00000700163.1	1044	4976	3932
ENST00000700165.1	1044	88274	87230
ENST00000700167.1	3419	88184	84765
ENST00000700171.1	5829	14377	8548
ENST00000700173.1	1877	2661	784
ENST00000700174.1	100	12077	11977
ENST00000700175.1	96	45703	45607
ENST00000700176.1	8025	22105	14080
ENST00000700177.1	793	74866	74073
ENST00000700178.1	768	74841	74073
ENST00000700179.1	685	74758	74073
ENST00000700180.1	393	74466	74073
ENST00000700182.1	545	55371	54826
ENST00000700183.1	16505	30237	13732
ENST00000700188.1	0	46879	46879
ENST00000700190.1	0	19167	19167
ENST00000700191.1	2701	188362	185661
ENST00000700193.1	715	186727	186012
ENST00000700201.1	876	9527	8651
ENST00000700202.2	953	93436	92483
ENST00000700208.1	2926	186649	183723
ENST00000700210.1	821	98452	97631
ENST00000700211.1	2199	8891	6692
ENST00000700228.1	839	6733	5894
ENST00000700229.1	495	3916	3421
ENST00000700230.1	3156	4710	1554
ENST00000700231.1	395	6547	6152
ENST00000700232.1	16808	21579	4771
ENST00000700233.1	2902	109786	106884
ENST00000700234.1	13448	24304	10856
ENST00000700235.1	671	107690	107019
ENST00000700236.1	16086	23222	7136
ENST00000700237.1	657	28962	28305
ENST00000700238.1	649	28883	28234
ENST00000700239.1	23063	65262	42199
ENST00000700240.1	572	28833	28261
ENST00000700241.1	35088	64984	29896
ENST00000700243.1	0	16922	16922
ENST00000700246.1	0	6937	6937
ENST00000700247.1	3383	10078	6695
ENST00000700248.1	330	4188	3858
ENST00000700249.1	3380	10134	6754
ENST00000700250.1	330	4262	3932
ENST00000700251.1	330	4188	3858
ENST00000700254.1	1858	10333	8475
ENST00000700255.1	6306	9018	2712
ENST00000700257.1	1816	11543	9727
ENST00000700259.1	2762	8292	5530
ENST00000700260.1	383	8679	8296
ENST00000700261.1	383	9116	8733
ENST00000700262.1	742	8736	7994
ENST00000700263.1	4812	7524	2712
ENST00000700264.1	684	9930	9246
ENST00000700265.1	11596	84241	72645
ENST00000700266.1	11593	13053	1460
ENST00000700267.1	11593	84250	72657
ENST00000700268.1	11581	84238	72657
ENST00000700269.1	11575	84232	72657
ENST00000700271.1	11569	84041	72472
ENST00000700272.1	11569	23834	12265
ENST00000700273.1	11567	84212	72645
ENST00000700274.1	3820	7101	3281
ENST00000700275.1	332	89067	88735
ENST00000700276.1	255	41616	41361
ENST00000700277.1	221	88970	88749
ENST00000700280.1	0	26710	26710
ENST00000700282.1	5074	14923	9849
ENST00000700283.1	10046	75642	65596
ENST00000700284.1	53004	115606	62602
ENST00000700285.1	2867	109829	106962
ENST00000700287.1	647	66390	65743
ENST00000700288.1	0	24434	24434
ENST00000700290.1	676	28907	28231
ENST00000700291.1	787	66067	65280
ENST00000700292.1	0	22407	22407
ENST00000700293.1	39	9876	9837
ENST00000700294.1	31	8770	8739
ENST00000700295.1	100	8481	8381
ENST00000700302.1	11567	81939	70372
ENST00000700303.1	11567	37454	25887
ENST00000700304.1	11559	23824	12265
ENST00000700305.1	11559	47303	35744
ENST00000700306.1	11548	84205	72657
ENST00000700307.1	11543	84102	72559
ENST00000700308.1	11533	23786	12253
ENST00000700309.1	11533	12993	1460
ENST00000700310.1	11513	76363	64850
ENST00000700311.1	11513	81885	70372
ENST00000700312.1	34452	83922	49470
ENST00000700313.1	11513	84158	72645
ENST00000700314.1	11513	33067	21554
ENST00000700315.1	11513	47269	35756
ENST00000700316.1	11513	34725	23212
ENST00000700317.1	11513	84170	72657
ENST00000700318.1	11513	37412	25899
ENST00000700319.1	11513	56630	45117
ENST00000700320.1	11513	84197	72684
ENST00000700321.1	11513	84170	72657
ENST00000700322.1	11511	84156	72645
ENST00000700323.1	11511	84168	72657
ENST00000700324.1	11490	84135	72645
ENST00000700325.1	2843	88743	85900
ENST00000700335.1	0	42892	42892
ENST00000700336.1	2814	6991	4177
ENST00000700350.1	11897	14083	2186
ENST00000700352.1	2186	14741	12555
ENST00000700355.1	2051	14240	12189
ENST00000700356.1	11252	13438	2186
ENST00000700357.1	11251	13437	2186
ENST00000700358.1	1554	10180	8626
ENST00000700359.1	7948	12103	4155
ENST00000700360.1	0	7602	7602
ENST00000700361.1	2859	9143	6284
ENST00000700367.1	327	48754	48427
ENST00000700375.1	11477	84134	72657
ENST00000700377.1	11257	51929	40672
ENST00000700378.1	11257	83914	72657
ENST00000700387.1	1182	53917	52735
ENST00000700389.1	11548	84193	72645
ENST00000700392.1	730	33725	32995
ENST00000700393.1	34805	46563	11758
ENST00000700395.1	0	59530	59530
ENST00000700396.1	0	60883	60883
ENST00000700398.1	31742	57286	25544
ENST00000700401.1	5147	11394	6247
ENST00000700414.1	57	122346	122289
ENST00000700415.1	54	985579	985525
ENST00000700416.1	28	100996	100968
ENST00000700417.1	0	985575	985575
ENST00000700418.1	0	51729	51729
ENST00000700419.1	0	105052	105052
ENST00000700420.1	62703	98786	36083
ENST00000700421.1	62557	98662	36105
ENST00000700423.1	27624	63410	35786
ENST00000700424.1	27624	63442	35818
ENST00000700425.1	27575	63319	35744
ENST00000700426.1	47	190018	189971
ENST00000700430.1	225	12490	12265
ENST00000700431.1	225	26521	26296
ENST00000700436.1	225	65185	64960
ENST00000700437.1	23164	72634	49470
ENST00000700440.1	1182	38868	37686
ENST00000700441.1	1180	30192	29012
ENST00000700444.1	54	86412	86358
ENST00000700445.1	0	104016	104016
ENST00000700448.1	0	22221	22221
ENST00000700449.1	0	15641	15641
ENST00000700468.1	225	72772	72547
ENST00000700469.1	207	72852	72645
ENST00000700470.1	4537	251902	247365
ENST00000700471.1	0	13739	13739
ENST00000700472.1	77	65790	65713
ENST00000700473.1	1391	4521	3130
ENST00000700474.1	1309	4439	3130
ENST00000700475.1	536	3666	3130
ENST00000700476.1	536	3666	3130
ENST00000700477.1	536	3666	3130
ENST00000700478.1	529	3659	3130
ENST00000700483.1	23686	126731	103045
ENST00000700488.1	8398	11847	3449
ENST00000700489.1	7894	11343	3449
ENST00000700490.1	7849	11298	3449
ENST00000700491.1	7801	10723	2922
ENST00000700492.1	7764	10686	2922
ENST00000700495.1	424	3295	2871
ENST00000700497.1	79	76919	76840
ENST00000700501.1	513	99854	99341
ENST00000700518.1	0	275186	275186
ENST00000700519.1	0	275176	275176
ENST00000700520.1	23475	33638	10163
ENST00000700521.1	22726	33690	10964
ENST00000700522.1	22700	33732	11032
ENST00000700523.1	573	20058	19485
ENST00000700524.1	14129	18204	4075
ENST00000700527.1	9300	14170	4870
ENST00000700528.1	9298	14168	4870
ENST00000700529.1	2385	62161	59776
ENST00000700530.1	46	41449	41403
ENST00000700531.1	3089	38555	35466
ENST00000700532.1	3089	38582	35493
ENST00000700533.1	16471	37627	21156
ENST00000700534.1	8507	37844	29337
ENST00000700535.1	3089	38650	35561
ENST00000700536.1	30920	37034	6114
ENST00000700537.1	8487	37868	29381
ENST00000700538.1	3474	38564	35090
ENST00000700539.1	3140	36083	32943
ENST00000700540.1	6823	36272	29449
ENST00000700541.1	14807	35963	21156
ENST00000700542.1	1425	36962	35537
ENST00000700543.1	1425	36914	35489
ENST00000700544.1	1376	33567	32191
ENST00000700545.1	27218	34665	7447
ENST00000700546.1	73	35437	35364
ENST00000700549.1	947	37663	36716
ENST00000700550.1	914	68800	67886
ENST00000700551.1	914	46565	45651
ENST00000700552.1	26547	39007	12460
ENST00000700553.1	416	167537	167121
ENST00000700554.1	18	14723	14705
ENST00000700559.2	1537	108440	106903
ENST00000700563.2	923	78576	77653
ENST00000700569.1	204	60903	60699
ENST00000700570.1	204	60939	60735
ENST00000700571.1	204	60814	60610
ENST00000700572.1	204	60883	60679
ENST00000700573.1	204	60903	60699
ENST00000700575.1	324	60788	60464
ENST00000700578.1	82	17474	17392
ENST00000700580.1	2903	75003	72100
ENST00000700581.1	37100	74151	37051
ENST00000700582.1	45219	71920	26701
ENST00000700583.1	44518	71640	27122
ENST00000700584.1	63410	71393	7983
ENST00000700585.1	20715	31955	11240
ENST00000700587.1	70948	71186	238
ENST00000700589.1	37214	71750	34536
ENST00000700591.1	767	72802	72035
ENST00000700592.1	767	72942	72175
ENST00000700593.1	762	47328	46566
ENST00000700594.1	52440	71421	18981
ENST00000700595.1	1132	51341	50209
ENST00000700597.1	1132	112428	111296
ENST00000700598.1	1132	112404	111272
ENST00000700600.1	1131	27174	26043
ENST00000700601.1	1529	111941	110412
ENST00000700602.1	1478	111941	110463
ENST00000700603.1	274	111457	111183
ENST00000700605.1	971	73120	72149
ENST00000700606.1	971	73283	72312
ENST00000700607.1	971	73259	72288
ENST00000700608.1	765	72955	72190
ENST00000700609.1	735	34568	33833
ENST00000700610.1	18249	24359	6110
ENST00000700611.1	21646	24107	2461
ENST00000700612.1	18198	24543	6345
ENST00000700613.1	18196	24352	6156
ENST00000700614.1	17972	24128	6156
ENST00000700615.1	21384	23845	2461
ENST00000700616.1	17942	31087	13145
ENST00000700617.1	17826	27011	9185
ENST00000700618.1	17826	30974	13148
ENST00000700619.1	17826	30971	13145
ENST00000700620.1	17826	30971	13145
ENST00000700621.1	17819	30964	13145
ENST00000700623.1	17787	30932	13145
ENST00000700624.1	17950	30865	12915
ENST00000700625.1	17758	30903	13145
ENST00000700626.1	13093	26238	13145
ENST00000700628.1	11866	25011	13145
ENST00000700630.1	7234	20379	13145
ENST00000700631.1	717	13862	13145
ENST00000700632.1	717	13862	13145
ENST00000700633.1	717	13862	13145
ENST00000700634.1	717	13862	13145
ENST00000700637.1	620	13765	13145
ENST00000700638.1	620	13687	13067
ENST00000700656.1	321	28482	28161
ENST00000700657.1	321	28917	28596
ENST00000700658.1	321	28881	28560
ENST00000700659.1	321	28845	28524
ENST00000700660.1	321	28437	28116
ENST00000700661.1	321	29009	28688
ENST00000700662.1	321	29045	28724
ENST00000700663.1	321	29048	28727
ENST00000700664.1	321	23060	22739
ENST00000700665.1	321	29054	28733
ENST00000700667.1	12	821	809
ENST00000700668.1	560	28241	27681
ENST00000700669.1	121	343963	343842
ENST00000700670.1	0	8207	8207
ENST00000700671.1	61570	103261	41691
ENST00000700682.1	0	58602	58602
ENST00000700685.1	49749	101704	51955
ENST00000700686.1	49749	167781	118032
ENST00000700687.1	20402	138571	118169
ENST00000700688.1	20402	138571	118169
ENST00000700689.1	20402	114760	94358
ENST00000700707.1	448	79158	78710
ENST00000700708.1	263	78800	78537
ENST00000700709.1	232	78956	78724
ENST00000700710.1	224	78648	78424
ENST00000700711.1	215	78936	78721
ENST00000700712.1	24404	78847	54443
ENST00000700713.1	206	78918	78712
ENST00000700714.1	0	50030	50030
ENST00000700715.1	0	6642	6642
ENST00000700725.1	33146	52041	18895
ENST00000700726.1	41	15467	15426
ENST00000700745.1	38403	39895	1492
ENST00000700746.1	20366	21858	1492
ENST00000700748.1	20248	21740	1492
ENST00000700749.1	20241	21733	1492
ENST00000700750.1	8236	46068	37832
ENST00000700751.1	7498	35376	27878
ENST00000700752.1	7489	42605	35116
ENST00000700753.1	11	33207	33196
ENST00000700754.1	2981	272364	269383
ENST00000700755.1	2642	271999	269357
ENST00000703100.1	37793	71799	34006
ENST00000703101.1	666	71622	70956
ENST00000703103.1	1512	4528	3016
ENST00000703104.1	1504	4520	3016
ENST00000703105.1	1477	48756	47279
ENST00000703106.1	3392	44649	41257
ENST00000703107.1	42755	43143	388
ENST00000703108.1	15776	44416	28640
ENST00000703109.1	419	45236	44817
ENST00000703110.1	37131	43084	5953
ENST00000703113.1	31548	43218	11670
ENST00000703114.1	16495	44020	27525
ENST00000703115.1	28331	43212	14881
ENST00000703118.1	40150	157310	117160
ENST00000703121.1	275	70625	70350
ENST00000703122.1	275	72146	71871
ENST00000703123.1	275	70435	70160
ENST00000703125.1	275	61108	60833
ENST00000703126.1	275	70646	70371
ENST00000703130.1	179	237278	237099
ENST00000703133.1	49192	59895	10703
ENST00000703134.1	122	133343	133221
ENST00000703136.1	49431	60134	10703
ENST00000703138.1	65	30431	30366
ENST00000703139.1	10544	25960	15416
ENST00000703140.1	953	160253	159300
ENST00000703141.1	38306	157609	119303
ENST00000703142.1	106959	155787	48828
ENST00000703143.1	0	19388	19388
ENST00000703145.1	269	70613	70344
ENST00000703146.1	252	70599	70347
ENST00000703147.1	246	70298	70052
ENST00000703149.1	206	67482	67276
ENST00000703150.1	205	751	546
ENST00000703151.1	180	53516	53336
ENST00000703152.1	130	39635	39505
ENST00000703153.1	90	58545	58455
ENST00000703154.1	57	67330	67273
ENST00000703155.1	33	579	546
ENST00000703163.1	787	31153	30366
ENST00000703164.1	394	30763	30369
ENST00000703165.1	63	30432	30369
ENST00000703167.1	0	35806	35806
ENST00000703168.1	3	58489	58486
ENST00000703169.1	0	19215	19215
ENST00000703170.1	6900	29621	22721
ENST00000703171.1	339	26929	26590
ENST00000703172.1	25095	48402	23307
ENST00000703173.1	327	48475	48148
ENST00000703174.1	96	48366	48270
ENST00000703176.1	141	47844	47703
ENST00000703177.1	24433	26182	1749
ENST00000703179.1	701	18345	17644
ENST00000703181.1	2241	16061	13820
ENST00000703182.1	2802	9563	6761
ENST00000703198.1	604	37670	37066
ENST00000703199.1	591	37547	36956
ENST00000703200.1	571	10710	10139
ENST00000703201.1	571	9406	8835
ENST00000703202.1	571	37601	37030
ENST00000703203.1	564	9399	8835
ENST00000703204.1	28050	42609	14559
ENST00000703205.1	677	52058	51381
ENST00000703206.1	0	60651	60651
ENST00000703210.1	2779	228290	225511
ENST00000703211.1	2779	228358	225579
ENST00000703213.1	51685	81004	29319
ENST00000703216.1	1121	167933	166812
ENST00000703224.1	73	23540	23467
ENST00000703254.1	3503	46094	42591
ENST00000703256.1	1230	9205	7975
ENST00000703257.1	17	40896	40879
ENST00000703262.1	617	37818	37201
ENST00000703263.1	551	21659	21108
ENST00000703265.1	71	18194	18123
ENST00000703266.1	104	18209	18105
ENST00000703267.1	94	8179	8085
ENST00000703283.1	0	37152	37152
ENST00000703308.1	1450	30285	28835
ENST00000703309.1	799	29596	28797
ENST00000703310.1	3221	9452	6231
ENST00000703311.1	648	9637	8989
ENST00000703313.1	111290	124875	13585
ENST00000703317.1	45851	124992	79141
ENST00000703337.1	44	27580	27536
ENST00000703338.1	31322	65467	34145
ENST00000703342.1	2550	41815	39265
ENST00000703343.1	1036	40272	39236
ENST00000703354.1	3740	32770	29030
ENST00000703358.1	5	28174	28169
ENST00000703360.1	131	29194	29063
ENST00000703361.1	83	65840	65757
ENST00000703362.1	83	39678	39595
ENST00000703365.1	44	52894	52850
ENST00000703367.1	44	60311	60267
ENST00000703368.1	44	32521	32477
ENST00000703369.1	0	65834	65834
ENST00000703370.1	31278	65391	34113
ENST00000703371.1	31278	65346	34068
ENST00000703372.1	27026	53405	26379
ENST00000703393.1	37	13655	13618
ENST00000703395.1	41784	56261	14477
ENST00000703397.1	22668	37145	14477
ENST00000703398.1	0	37675	37675
ENST00000703401.1	0	9616	9616
ENST00000703405.1	2493	48757	46264
ENST00000703407.1	441	27271	26830
ENST00000703410.1	430	26463	26033
ENST00000703420.1	1281	13146	11865
ENST00000703422.1	60	37669	37609
ENST00000703423.1	22310	36787	14477
ENST00000703424.1	20	19603	19583
ENST00000703425.1	20	19160	19140
ENST00000703426.1	18	6928	6910
ENST00000703427.1	6531	18977	12446
ENST00000703446.1	0	83938	83938
ENST00000703449.1	25763	27747	1984
ENST00000703450.1	0	324	324
ENST00000703451.1	270	83490	83220
ENST00000703452.1	261	83546	83285
ENST00000703453.1	260	83589	83329
ENST00000703454.1	260	83657	83397
ENST00000703455.1	254	83476	83222
ENST00000703456.1	243	83585	83342
ENST00000703457.1	221	83480	83259
ENST00000703458.1	214	83392	83178
ENST00000703459.1	208	83448	83240
ENST00000703460.1	208	83481	83273
ENST00000703461.1	208	83506	83298
ENST00000703462.1	208	66192	65984
ENST00000703463.1	208	51318	51110
ENST00000703464.1	208	51569	51361
ENST00000703465.1	208	51250	51042
ENST00000703466.1	208	83454	83246
ENST00000703467.1	208	83363	83155
ENST00000703468.1	208	83369	83161
ENST00000703469.1	208	83570	83362
ENST00000703470.1	208	83502	83294
ENST00000703471.1	208	83380	83172
ENST00000703472.1	208	83529	83321
ENST00000703473.1	208	83461	83253
ENST00000703474.1	208	83573	83365
ENST00000703475.1	208	83535	83327
ENST00000703476.1	200	83490	83290
ENST00000703478.1	198	83365	83167
ENST00000703479.1	198	83446	83248
ENST00000703480.1	198	83472	83274
ENST00000703481.1	198	83521	83323
ENST00000703482.1	198	83482	83284
ENST00000703483.1	198	83521	83323
ENST00000703484.1	198	83589	83391
ENST00000703485.1	198	83651	83453
ENST00000703486.1	198	83536	83338
ENST00000703487.1	198	19152	18954
ENST00000703488.1	198	37898	37700
ENST00000703489.1	198	83569	83371
ENST00000703490.1	198	83462	83264
ENST00000703491.1	198	83394	83196
ENST00000703492.1	198	83501	83303
ENST00000703497.1	42	83342	83300
ENST00000703498.1	41	6122	6081
ENST00000703499.1	0	3719	3719
ENST00000703500.1	0	83222	83222
ENST00000703514.1	121	24838	24717
ENST00000703515.1	134	32284	32150
ENST00000703516.1	81	20469	20388
ENST00000703518.1	1293	93816	92523
ENST00000703520.1	7440	93193	85753
ENST00000703521.1	22597	92384	69787
ENST00000703522.1	1280	93803	92523
ENST00000703523.1	1280	93741	92461
ENST00000703527.1	1224	93747	92523
ENST00000703528.1	511	56045	55534
ENST00000703532.1	540	149527	148987
ENST00000703533.1	519	149327	148808
ENST00000703537.1	151	13704	13553
ENST00000703538.1	31630	34015	2385
ENST00000703540.1	144	40727	40583
ENST00000703541.1	3	40598	40595
ENST00000703543.1	16	2518	2502
ENST00000703544.1	85	55734	55649
ENST00000703545.1	0	21859	21859
ENST00000703551.1	5410	30625	25215
ENST00000703552.1	0	28792	28792
ENST00000703553.1	0	90927	90927
ENST00000703554.1	59328	89317	29989
ENST00000703555.1	4803	24352	19549
ENST00000703556.1	134	32284	32150
ENST00000703557.1	127	32262	32135
ENST00000703558.1	3355	157538	154183
ENST00000703559.1	560	149564	149004
ENST00000703560.1	0	148963	148963
ENST00000703561.1	121	33997	33876
ENST00000703562.1	121	19143	19022
ENST00000703563.1	91	18737	18646
ENST00000703564.1	76	16296	16220
ENST00000703565.1	121	25743	25622
ENST00000703566.1	11447	34391	22944
ENST00000703567.1	11447	34391	22944
ENST00000703568.1	11405	27040	15635
ENST00000703582.1	25774	30673	4899
ENST00000703585.1	185	128363	128178
ENST00000703586.1	1259	36625	35366
ENST00000703600.1	364	1238	874
ENST00000703602.1	194	67350	67156
ENST00000703603.1	2738	3522	784
ENST00000703608.1	14	3019	3005
ENST00000703609.1	406	5361	4955
ENST00000703610.1	291	4094	3803
ENST00000703611.1	206	3374	3168
ENST00000703612.1	340021	605551	265530
ENST00000703613.1	340008	605598	265590
ENST00000703614.1	340008	605548	265540
ENST00000703615.1	339969	543881	203912
ENST00000703616.1	338861	604525	265664
ENST00000703617.1	0	62943	62943
ENST00000703618.1	0	59263	59263
ENST00000703620.1	115	5351	5236
ENST00000703621.1	121	5318	5197
ENST00000703622.1	133	5321	5188
ENST00000703630.1	0	4162	4162
ENST00000703631.1	97	2641	2544
ENST00000703633.1	76	5276	5200
ENST00000703634.1	0	3221	3221
ENST00000703635.1	0	10516	10516
ENST00000703637.1	8890	12157	3267
ENST00000703646.1	87	5668	5581
ENST00000703648.1	135	5392	5257
ENST00000703649.1	74	12264	12190
ENST00000703663.1	10509	11305	796
ENST00000703664.1	6229	11284	5055
ENST00000703667.1	114	7330	7216
ENST00000703672.1	97	1900	1803
ENST00000703682.1	0	443	443
ENST00000703689.1	2104	87207	85103
ENST00000703692.1	2022	41152	39130
ENST00000703693.1	2022	41152	39130
ENST00000703694.1	2022	41152	39130
ENST00000703695.1	3873	40716	36843
ENST00000703696.1	2022	41152	39130
ENST00000703697.1	2019	41149	39130
ENST00000703699.1	1999	41129	39130
ENST00000703700.1	1999	41129	39130
ENST00000703701.1	1958	41088	39130
ENST00000703702.1	1948	41078	39130
ENST00000703703.1	1900	41030	39130
ENST00000703704.1	1857	40987	39130
ENST00000703705.1	1697	31070	29373
ENST00000703706.1	1505	40635	39130
ENST00000703707.1	1500	40592	39092
ENST00000703708.1	1452	40582	39130
ENST00000703709.1	1331	40461	39130
ENST00000703710.1	488	39618	39130
ENST00000703711.1	368	39498	39130
ENST00000703717.1	1805	145620	143815
ENST00000703718.1	379	144772	144393
ENST00000703719.1	0	61543	61543
ENST00000703720.1	110	1822	1712
ENST00000703725.1	61	3688	3627
ENST00000703727.1	422	6969	6547
ENST00000703728.1	329	6876	6547
ENST00000703734.1	2115	87139	85024
ENST00000703735.1	44568	87253	42685
ENST00000703736.1	0	43492	43492
ENST00000703743.2	925	364300	363375
ENST00000703745.1	7925	23858	15933
ENST00000703750.1	1442	117066	115624
ENST00000703751.1	420	143371	142951
ENST00000703752.1	1049	145472	144423
ENST00000703753.1	367	122387	122020
ENST00000703754.1	1040	144855	143815
ENST00000703755.1	349	116646	116297
ENST00000703756.1	347	117875	117528
ENST00000703757.1	341	101469	101128
ENST00000703759.1	323	143234	142911
ENST00000703760.1	315	144973	144658
ENST00000703761.1	992	143551	142559
ENST00000703763.1	229	144200	143971
ENST00000703764.1	850	114535	113685
ENST00000703765.1	480	144295	143815
ENST00000703766.1	0	115380	115380
ENST00000703767.1	81176	142768	61592
ENST00000703768.1	0	32316	32316
ENST00000703769.1	0	31353	31353
ENST00000703779.1	76	18552	18476
ENST00000703793.1	596	43749	43153
ENST00000703795.1	217	1708	1491
ENST00000703796.1	215	1670	1455
ENST00000703797.1	800	1386	586
ENST00000703798.1	4825	35930	31105
ENST00000703807.1	1936	18198	16262
ENST00000703808.1	3861	8275	4414
ENST00000703809.1	44	4425	4381
ENST00000703810.2	446	33692	33246
ENST00000703824.1	2397	118155	115758
ENST00000703825.1	2397	118138	115741
ENST00000703834.1	0	16632	16632
ENST00000703836.1	38	25604	25566
ENST00000703837.1	35	138550	138515
ENST00000703841.1	8490	116191	107701
ENST00000703842.1	0	17863	17863
ENST00000703843.1	0	6350	6350
ENST00000703846.1	120	7030	6910
ENST00000703847.1	114	12886	12772
ENST00000703849.1	98	7008	6910
ENST00000703850.1	49	10162	10113
ENST00000703852.1	6588	11684	5096
ENST00000703854.1	0	28193	28193
ENST00000703855.1	432	1747	1315
ENST00000703859.1	463	30886	30423
ENST00000703860.1	461	25865	25404
ENST00000703861.1	413	30917	30504
ENST00000703862.1	7503	12520	5017
ENST00000703866.1	3	14448	14445
ENST00000703867.1	3159	390096	386937
ENST00000703870.1	771	26954	26183
ENST00000703871.1	667	49548	48881
ENST00000703872.1	27126	47522	20396
ENST00000703873.1	295	48148	47853
ENST00000703876.1	471	31075	30604
ENST00000703880.1	16954	28988	12034
ENST00000703881.1	284	30656	30372
ENST00000703882.1	182	25509	25327
ENST00000703883.1	0	15370	15370
ENST00000703884.1	885	26950	26065
ENST00000703888.1	2020	64858	62838
ENST00000703889.1	2009	60168	58159
ENST00000703890.1	2009	60298	58289
ENST00000703891.1	2004	11407	9403
ENST00000703892.1	2002	60312	58310
ENST00000703893.1	1998	64603	62605
ENST00000703894.1	1998	58220	56222
ENST00000703895.1	1996	11399	9403
ENST00000703896.1	1992	53323	51331
ENST00000703897.1	1975	64479	62504
ENST00000703898.1	1967	60256	58289
ENST00000703899.1	1959	57392	55433
ENST00000703900.1	1955	64542	62587
ENST00000703901.1	1426	64138	62712
ENST00000703902.1	45	62850	62805
ENST00000703903.1	0	23670	23670
ENST00000703904.2	31984	64491	32507
ENST00000703905.1	399	25877	25478
ENST00000703906.1	0	20785	20785
ENST00000703908.1	31713	63297	31584
ENST00000703909.1	31698	63868	32170
ENST00000703910.1	31673	64180	32507
ENST00000703911.1	10130	42637	32507
ENST00000703915.1	13061	28160	15099
ENST00000703916.1	1629	19201	17572
ENST00000703917.1	1622	19194	17572
ENST00000703918.1	469	29429	28960
ENST00000703919.1	0	4270	4270
ENST00000703920.1	0	2496	2496
ENST00000703921.1	12984	18633	5649
ENST00000703922.1	67811	130867	63056
ENST00000703923.1	67811	130781	62970
ENST00000703924.1	67811	130867	63056
ENST00000703926.1	452	25779	25327
ENST00000703927.1	427	30987	30560
ENST00000703928.1	427	25828	25401
ENST00000703929.1	28331	28563	232
ENST00000703930.1	411	30607	30196
ENST00000703931.1	28324	28556	232
ENST00000703932.1	292	30917	30625
ENST00000703936.1	41	56233	56192
ENST00000703937.1	6080	54207	48127
ENST00000703938.1	3280	49068	45788
ENST00000703939.1	16630	48734	32104
ENST00000703940.1	12851	49007	36156
ENST00000703941.1	3778	48858	45080
ENST00000703942.1	348	49229	48881
ENST00000703943.1	17462	48029	30567
ENST00000703944.1	18727	108094	89367
ENST00000703945.1	25764	85698	59934
ENST00000703946.1	114	84083	83969
ENST00000703947.1	112	84641	84529
ENST00000703948.1	107	46174	46067
ENST00000703949.1	99	84861	84762
ENST00000703950.1	87	84146	84059
ENST00000703951.1	68	83649	83581
ENST00000703952.1	68	83882	83814
ENST00000703953.1	62	51346	51284
ENST00000703954.1	59	84857	84798
ENST00000703962.1	422	31081	30659
ENST00000703963.1	17238	28902	11664
ENST00000703965.1	176	5906	5730
ENST00000703967.1	9404	310132	300728
ENST00000703968.1	1508	6571	5063
ENST00000703969.1	1508	6571	5063
ENST00000703970.1	1508	6571	5063
ENST00000703971.1	1284	20626	19342
ENST00000703972.1	1237	20325	19088
ENST00000703973.1	17019	19143	2124
ENST00000703978.1	67672	130814	63142
ENST00000703983.1	13091	28492	15401
ENST00000703985.1	13083	26130	13047
ENST00000703986.1	38163	154688	116525
ENST00000703987.1	37781	154354	116573
ENST00000703988.1	468	30980	30512
ENST00000703989.1	452	30583	30131
ENST00000703990.1	442	30847	30405
ENST00000703994.1	1669	30512	28843
ENST00000703995.1	27956	28188	232
ENST00000703996.1	2258	14565	12307
ENST00000703997.1	12867	14210	1343
ENST00000703998.1	2087	13489	11402
ENST00000703999.1	2085	14736	12651
ENST00000704000.1	2085	14736	12651
ENST00000704002.1	197	28572	28375
ENST00000704003.1	188	12795	12607
ENST00000704004.1	1327	11475	10148
ENST00000704005.1	1289	11508	10219
ENST00000704006.1	1122	11395	10273
ENST00000704007.1	1051	11253	10202
ENST00000704008.1	1051	11253	10202
ENST00000704009.1	6270	10177	3907
ENST00000704010.1	984	11242	10258
ENST00000704011.1	1025	11244	10219
ENST00000704012.1	969	11173	10204
ENST00000704013.1	899	11101	10202
ENST00000704014.1	0	9437	9437
ENST00000704015.1	0	9433	9433
ENST00000704016.1	0	8553	8553
ENST00000704017.1	28339	28571	232
ENST00000704018.1	409	19324	18915
ENST00000704020.1	284	30918	30634
ENST00000704021.1	6859	30195	23336
ENST00000704022.1	1808	3751	1943
ENST00000704023.1	0	10611	10611
ENST00000704026.1	813	5283	4470
ENST00000704027.1	119	4971	4852
ENST00000704028.1	457	19370	18913
ENST00000704029.1	24444	28680	4236
ENST00000704033.1	17230	28894	11664
ENST00000704034.1	422	30571	30149
ENST00000704038.1	16954	28485	11531
ENST00000704044.1	462	30977	30515
ENST00000704045.1	460	31052	30592
ENST00000704046.1	231	30749	30518
ENST00000704047.1	26380	26612	232
ENST00000704049.1	11269	88244	76975
ENST00000704050.1	0	610	610
ENST00000704051.1	1077	11350	10273
ENST00000704052.1	938	11211	10273
ENST00000704053.1	930	11203	10273
ENST00000704054.1	426	10613	10187
ENST00000704055.1	408	10666	10258
ENST00000704056.1	441	10574	10133
ENST00000704057.1	435	10654	10219
ENST00000704058.1	378	10651	10273
ENST00000704059.1	135	10354	10219
ENST00000704060.1	0	4036	4036
ENST00000704061.1	5612	12382	6770
ENST00000704074.1	1021	12532	11511
ENST00000704095.1	473	31095	30622
ENST00000704097.1	12129	12361	232
ENST00000704098.1	236	9498	9262
ENST00000704099.1	1171	134791	133620
ENST00000704100.1	0	31168	31168
ENST00000704101.1	0	9140	9140
ENST00000704103.1	476	31000	30524
ENST00000704104.1	473	30982	30509
ENST00000704105.1	451	30948	30497
ENST00000704106.1	437	30964	30527
ENST00000704107.1	302	25703	25401
ENST00000704108.1	24207	28443	4236
ENST00000704111.1	1722	30370	28648
ENST00000704202.1	14151	88202	74051
ENST00000704203.1	2531	87905	85374
ENST00000704204.1	0	65445	65445
ENST00000704205.1	0	10843	10843
ENST00000704206.1	0	53861	53861
ENST00000704207.1	0	14925	14925
ENST00000704264.1	4681	10291	5610
ENST00000704265.1	468	28099	27631
ENST00000704267.1	467	28302	27835
ENST00000704268.1	9275	30106	20831
ENST00000704269.1	9274	18490	9216
ENST00000704271.1	6983	10252	3269
ENST00000704272.1	9508	29608	20100
ENST00000704274.1	0	14784	14784
ENST00000704284.1	724	5978	5254
ENST00000704289.1	156	2813	2657
ENST00000704292.1	12841	150628	137787
ENST00000704293.1	12820	147485	134665
ENST00000704295.1	49925	124010	74085
ENST00000704296.1	339	42906	42567
ENST00000704297.1	14089	42119	28030
ENST00000704298.1	29464	363211	333747
ENST00000704299.1	281	364213	363932
ENST00000704300.1	0	155826	155826
ENST00000704301.1	44200	118446	74246
ENST00000704302.1	3976	43611	39635
ENST00000704303.1	43814	117899	74085
ENST00000704304.1	51988	59401	7413
ENST00000704305.1	51290	58703	7413
ENST00000704306.1	44507	86106	41599
ENST00000704307.1	44494	118437	73943
ENST00000704310.1	1508	63715	62207
ENST00000704311.1	28889	39572	10683
ENST00000704312.1	754	62946	62192
ENST00000704315.1	44562	118740	74178
ENST00000704334.1	43	34973	34930
ENST00000704335.1	44524	115147	70623
ENST00000704338.1	0	73762	73762
ENST00000704339.1	44541	107345	62804
ENST00000704343.1	74384	118631	44247
ENST00000704344.1	23095	102268	79173
ENST00000704345.1	22579	75616	53037
ENST00000704347.1	3511	19416	15905
ENST00000704348.1	3506	21342	17836
ENST00000704349.1	3371	21207	17836
ENST00000704350.1	24153	181744	157591
ENST00000704351.1	13676	24621	10945
ENST00000704352.1	13668	179278	165610
ENST00000704353.1	13668	179331	165663
ENST00000704354.1	0	4836	4836
ENST00000704355.1	0	137456	137456
ENST00000704356.1	212	1462	1250
ENST00000704357.1	229124	311908	82784
ENST00000704358.1	920	44918	43998
ENST00000704360.1	3099	6343	3244
ENST00000704363.1	15	51135	51120
ENST00000704364.1	54230	170473	116243
ENST00000704365.1	143	43675	43532
ENST00000704366.1	63	43417	43354
ENST00000704367.1	56	43233	43177
ENST00000704369.1	7254	43025	35771
ENST00000704370.1	20	43469	43449
ENST00000704373.1	54230	170570	116340
ENST00000704374.1	215	1544	1329
ENST00000704375.1	809	1395	586
ENST00000704376.1	264	1250	986
ENST00000704377.1	264	1235	971
ENST00000704378.1	264	1468	1204
ENST00000704381.1	547	18897	18350
ENST00000704383.1	6145	47149	41004
ENST00000704384.1	258	41262	41004
ENST00000704385.1	54	41058	41004
ENST00000704386.1	11	124743	124732
ENST00000704387.1	15854	24922	9068
ENST00000704388.1	13035	26082	13047
ENST00000704414.1	0	216238	216238
ENST00000704416.1	12860	21116	8256
ENST00000704417.1	3559	21385	17826
ENST00000704420.1	31	35570	35539
ENST00000704422.1	0	21225	21225
ENST00000704444.1	1547	42052	40505
ENST00000704445.1	2973	41921	38948
ENST00000704446.1	664	41704	41040
ENST00000704447.1	15829	19071	3242
ENST00000704448.1	13050	19709	6659
ENST00000704449.1	15854	19096	3242
ENST00000704450.1	13038	20259	7221
ENST00000704452.1	8116	22756	14640
ENST00000704453.1	0	7691	7691
ENST00000704455.1	3346	21322	17976
ENST00000704456.1	13041	18015	4974
ENST00000704457.1	3511	19761	16250
ENST00000704479.1	13062	20283	7221
ENST00000704480.1	13062	23611	10549
ENST00000704481.1	15860	27404	11544
ENST00000704482.1	13033	23582	10549
ENST00000704484.1	15835	26955	11120
ENST00000704485.1	21748	37434	15686
ENST00000704486.1	13035	28552	15517
ENST00000704487.1	13050	29432	16382
ENST00000704488.1	124046	224888	100842
ENST00000704528.1	6420	44240	37820
ENST00000704529.1	6386	38436	32050
ENST00000704530.1	6385	44411	38026
ENST00000704532.1	6384	44410	38026
ENST00000704533.1	6381	10185	3804
ENST00000704534.1	6381	10185	3804
ENST00000704535.1	6378	28002	21624
ENST00000704536.1	6378	44170	37792
ENST00000704537.1	6372	19697	13325
ENST00000704538.1	6368	16856	10488
ENST00000704539.1	6360	44386	38026
ENST00000704540.1	6352	37664	31312
ENST00000704541.1	6344	10148	3804
ENST00000704542.1	6333	27957	21624
ENST00000704543.1	5933	24899	18966
ENST00000704544.1	5933	43725	37792
ENST00000704545.1	5933	37983	32050
ENST00000704546.1	5933	24899	18966
ENST00000704547.1	5933	38062	32129
ENST00000704548.1	5933	43753	37820
ENST00000704549.1	5921	43741	37820
ENST00000704550.1	5847	43867	38020
ENST00000704551.1	4437	42463	38026
ENST00000704552.1	250	38276	38026
ENST00000704553.1	1270	29913	28643
ENST00000704565.1	110464	334759	224295
ENST00000704566.1	368	331460	331092
ENST00000704567.1	368	331338	330970
ENST00000704568.1	368	590361	589993
ENST00000704570.1	13073	28542	15469
ENST00000704572.1	39	191026	190987
ENST00000704573.1	1798	331318	329520
ENST00000704574.1	193311	272617	79306
ENST00000704575.1	247	63395	63148
ENST00000704577.1	3648	122330	118682
ENST00000704578.1	1141	119683	118542
ENST00000704579.1	46816	114684	67868
ENST00000704580.1	333	118890	118557
ENST00000704581.1	325	118995	118670
ENST00000704582.1	311	38759	38448
ENST00000704583.1	38614	114107	75493
ENST00000704584.1	7585	97387	89802
ENST00000704585.1	3	118464	118461
ENST00000704587.1	2595	80385	77790
ENST00000704588.1	0	72757	72757
ENST00000704589.1	0	19178	19178
ENST00000704590.1	0	33093	33093
ENST00000704591.1	0	10132	10132
ENST00000704632.1	42315	44816	2501
ENST00000704638.1	17315	73880	56565
ENST00000704639.1	0	11289	11289
ENST00000704640.1	9391	45690	36299
ENST00000704641.1	0	1150	1150
ENST00000704642.1	13050	28149	15099
ENST00000704649.1	38184	150871	112687
ENST00000704650.1	37705	154215	116510
ENST00000704651.1	37689	154047	116358
ENST00000704652.1	0	45875	45875
ENST00000704653.1	0	8668	8668
ENST00000704654.1	0	65180	65180
ENST00000704655.1	0	22457	22457
ENST00000704656.1	0	19331	19331
ENST00000704657.1	15771	23484	7713
ENST00000704658.1	49889	50767	878
ENST00000704659.1	1236	99515	98279
ENST00000704672.1	15273	68234	52961
ENST00000704673.1	15307	73825	58518
ENST00000704674.1	49889	86648	36759
ENST00000704676.1	251	37517	37266
ENST00000704677.1	251	23815	23564
ENST00000704678.1	234	21337	21103
ENST00000704680.1	39309	80277	40968
ENST00000704681.1	0	65454	65454
ENST00000704696.1	352800	585659	232859
ENST00000704697.1	352798	580390	227592
ENST00000704698.1	579358	584696	5338
ENST00000704699.1	352781	585631	232850
ENST00000704700.1	352779	585638	232859
ENST00000704701.1	352769	352811	42
ENST00000704702.1	352759	585618	232859
ENST00000704703.1	182601	585453	402852
ENST00000704704.1	352752	585611	232859
ENST00000704705.1	352694	585553	232859
ENST00000704706.1	352687	585546	232859
ENST00000704707.1	352648	393654	41006
ENST00000704708.1	352636	585495	232859
ENST00000704709.1	352607	585457	232850
ENST00000704710.1	352604	585463	232859
ENST00000704711.1	352555	583382	230827
ENST00000704714.1	352498	585357	232859
ENST00000704715.1	352423	431747	79324
ENST00000704716.1	350316	583166	232850
ENST00000704717.1	348810	348852	42
ENST00000704718.1	348751	581610	232859
ENST00000704719.1	171936	227787	55851
ENST00000704739.1	0	33456	33456
ENST00000704740.1	1825	12902	11077
ENST00000704741.1	34	13290	13256
ENST00000704742.1	56	13202	13146
ENST00000704744.1	3234	173000	169766
ENST00000704745.1	3234	172856	169622
ENST00000704746.1	63	13319	13256
ENST00000704756.1	19183	54379	35196
ENST00000704760.1	1132	64461	63329
ENST00000704761.1	1132	64461	63329
ENST00000704762.1	541	16742	16201
ENST00000704781.1	116	111157	111041
ENST00000704782.1	1025	112648	111623
ENST00000704783.1	1377	60240	58863
ENST00000704785.1	8244	59190	50946
ENST00000704786.1	401	14113	13712
ENST00000704788.1	94	17182	17088
ENST00000704789.1	97	4939	4842
ENST00000704791.1	0	794	794
ENST00000704794.1	1076	4972	3896
ENST00000704800.1	822	68285	67463
ENST00000704806.1	109	5127	5018
ENST00000704807.1	97	5288	5191
ENST00000704808.1	93	3501	3408
ENST00000704809.1	91	5246	5155
ENST00000704811.1	0	3093	3093
ENST00000704820.1	5743	31611	25868
ENST00000704821.1	11257	30723	19466
ENST00000704822.1	62556	95735	33179
ENST00000704840.1	828	87513	86685
ENST00000704860.1	38	10844	10806
ENST00000704899.1	86	229337	229251
ENST00000704900.1	76	41404	41328
ENST00000704901.1	101	5258	5157
ENST00000704930.1	2871	81821	78950
ENST00000704950.1	4	11158	11154
ENST00000704961.1	5807	43050	37243
ENST00000704984.1	603	25742	25139
ENST00000704995.1	493	2075	1582
ENST00000705032.1	19619	39652	20033
ENST00000705058.1	11	15001	14990
ENST00000705116.1	1796	37980	36184
ENST00000705117.1	15265	46332	31067
ENST00000705168.1	1787	19629	17842
ENST00000705169.1	1462	6998	5536
ENST00000705170.1	1305	19285	17980
ENST00000705172.1	16	15491	15475
ENST00000705173.1	16	23852	23836
ENST00000705175.1	11	41882	41871
ENST00000705176.1	11	41941	41930
ENST00000705177.1	34	5191	5157
ENST00000705178.1	105	41380	41275
ENST00000705179.1	11	41478	41467
ENST00000705180.1	204	41612	41408
ENST00000705190.1	580	47750	47170
ENST00000705191.1	580	55388	54808
ENST00000705192.1	580	71917	71337
ENST00000705193.1	79	180177	180098
ENST00000705225.1	0	700	700
ENST00000705226.1	4673	103439	98766
ENST00000705235.1	60	41738	41678
ENST00000705236.1	50	41669	41619
ENST00000705237.1	34	41374	41340
ENST00000705238.1	29	41636	41607
ENST00000705239.1	16	41700	41684
ENST00000705240.1	16	5210	5194
ENST00000705241.1	11	26231	26220
ENST00000705242.1	11	41695	41684
ENST00000705249.1	77	138131	138054
ENST00000705250.1	76	137910	137834
ENST00000705251.1	16	5173	5157
ENST00000705252.1	11	23713	23702
ENST00000705253.1	11	23713	23702
ENST00000705254.1	0	137009	137009
ENST00000705256.1	16	46150	46134
ENST00000705281.1	3000	320899	317899
ENST00000705282.1	2568	320416	317848
ENST00000705283.1	0	700	700
ENST00000705321.1	189534	383215	193681
ENST00000705341.1	170	37656	37486
ENST00000705347.1	21146	54247	33101
ENST00000705348.1	2434	17150	14716
ENST00000705349.1	26605	53723	27118
ENST00000705350.1	2925	266599	263674
ENST00000705391.1	1548	126777	125229
ENST00000705392.1	79	71904	71825
ENST00000705393.1	79	71725	71646
ENST00000705423.1	10648	55533	44885
ENST00000705424.1	10455	55343	44888
ENST00000705448.1	938	64863	63925
ENST00000705471.1	76	44036	43960
ENST00000705472.1	3023	31298	28275
ENST00000705473.1	2923	31439	28516
ENST00000705474.1	2923	97151	94228
ENST00000705485.1	3967	6300	2333
ENST00000705486.1	24	104398	104374
ENST00000705519.1	249	39705	39456
ENST00000705521.1	6138	246964	240826
ENST00000705522.1	345	117515	117170
ENST00000705543.1	173	65886	65713
ENST00000705544.1	0	9369	9369
ENST00000705586.1	5933	64804	58871
ENST00000705603.1	2245	320144	317899
ENST00000705604.1	2982	320878	317896
ENST00000705605.1	2321	320152	317831
ENST00000705628.1	1408	173674	172266
ENST00000705629.1	1370	173444	172074
ENST00000705630.1	1370	173481	172111
ENST00000705648.1	1370	163072	161702
ENST00000705649.1	1370	162215	160845
ENST00000705650.1	1370	173257	171887
ENST00000705651.1	1370	173394	172024
ENST00000705652.1	1370	173541	172171
ENST00000705653.1	1370	171868	170498
ENST00000705655.1	581	12965	12384
ENST00000705661.1	2973	111336	108363
ENST00000705662.1	127	31819	31692
ENST00000705663.1	127	31816	31689
ENST00000705681.1	54	31702	31648
ENST00000705682.1	54	31737	31683
ENST00000705689.1	5907	64278	58371
ENST00000705690.1	2408	39991	37583
ENST00000705716.1	3494	14859	11365
ENST00000705717.1	3391	23118	19727
ENST00000705719.1	2375	82108	79733
ENST00000705761.1	403	13679	13276
ENST00000705784.1	71	41286	41215
ENST00000705785.1	281	270110	269829
ENST00000705786.1	0	26282	26282
ENST00000705813.1	34763	46092	11329
ENST00000705822.1	846	68938	68092
ENST00000705862.1	0	47286	47286
ENST00000705863.1	0	15443	15443
ENST00000705864.1	0	11091	11091
ENST00000705901.1	53109	112925	59816
ENST00000705941.1	191	755218	755027
ENST00000705942.1	191	755463	755272
ENST00000705943.1	191	755542	755351
ENST00000705944.1	191	754950	754759
ENST00000705945.1	191	755657	755466
ENST00000705946.1	191	755431	755240
ENST00000705947.1	191	755303	755112
ENST00000705948.1	151	755175	755024
ENST00000705949.1	392	435989	435597
ENST00000705950.1	289	435821	435532
ENST00000705951.1	239	436017	435778
ENST00000705961.1	3948	391766	387818
ENST00000705962.1	2317	498412	496095
ENST00000705981.1	97	49314	49217
ENST00000705982.1	97	51740	51643
ENST00000705983.1	682	609033	608351
ENST00000705984.1	0	24314	24314
ENST00000705985.1	67136	148307	81171
ENST00000705986.1	0	9194	9194
ENST00000705987.1	0	4101	4101
ENST00000705994.1	50	42652	42602
ENST00000705995.1	340	369009	368669
ENST00000706006.1	0	1841846	1841846
ENST00000706007.1	860623	1202220	341597
ENST00000706008.1	0	46708	46708
ENST00000706042.1	1076	4951	3875
ENST00000706043.1	16	3891	3875
ENST00000706053.1	54	53237	53183
ENST00000706054.1	0	36374	36374
ENST00000706055.1	6302	311526	305224
ENST00000706056.1	2076	310177	308101
ENST00000706057.1	1712	309754	308042
ENST00000706058.1	0	47478	47478
ENST00000706067.1	2611	94775	92164
ENST00000706094.1	188	6604	6416
ENST00000706130.1	816	1146730	1145914
ENST00000706131.1	2798	955671	952873
ENST00000706132.1	143445	330163	186718
ENST00000706133.1	243814	951886	708072
ENST00000706134.1	24	330035	330011
ENST00000706135.1	228132	936195	708063
ENST00000706136.1	127842	936281	808439
ENST00000706137.1	441208	936252	495044
ENST00000706138.1	340090	862241	522151
ENST00000706139.1	7093	529244	522151
ENST00000706141.1	30604	72848	42244
ENST00000706142.1	218672	336166	117494
ENST00000706143.1	310029	487990	177961
ENST00000706144.1	218058	335552	117494
ENST00000706146.1	215610	333104	117494
ENST00000706147.1	215610	485607	269997
ENST00000706148.1	215610	419496	203886
ENST00000706149.1	306412	484373	177961
ENST00000706150.1	71168	275054	203886
ENST00000706151.1	464027	588597	124570
ENST00000706158.1	169	159995	159826
ENST00000706159.1	149	205981	205832
ENST00000706160.1	149	305536	305387
ENST00000706161.1	112	319369	319257
ENST00000706162.1	37	319045	319008
ENST00000706163.1	35	285530	285495
ENST00000706164.1	375	33558	33183
ENST00000706165.1	71913	148635	76722
ENST00000706166.1	20477	63102	42625
ENST00000706167.1	6439	32735	26296
ENST00000706168.1	6439	15532	9093
ENST00000706169.1	20462	85872	65410
ENST00000706170.1	6421	36662	30241
ENST00000706171.1	1231	5999	4768
ENST00000706172.1	1036	28589	27553
ENST00000706173.1	17728	25465	7737
ENST00000706176.1	6692	18335	11643
ENST00000706177.1	822	19742	18920
ENST00000706179.1	17320	17760	440
ENST00000706180.1	6538	17979	11441
ENST00000706182.1	1444	18351	16907
ENST00000706183.1	2666	19104	16438
ENST00000706184.1	4998	18648	13650
ENST00000706185.1	2707	19149	16442
ENST00000706186.1	668	19710	19042
ENST00000706187.1	2939	19345	16406
ENST00000706188.1	6053	18818	12765
ENST00000706189.1	6538	18502	11964
ENST00000706190.1	668	19541	18873
ENST00000706191.1	2610	19113	16503
ENST00000706192.1	2666	18943	16277
ENST00000706193.1	668	19380	18712
ENST00000706194.1	1444	19074	17630
ENST00000706195.1	22773	48682	25909
ENST00000706196.1	6673	43337	36664
ENST00000706197.1	2237	23004	20767
ENST00000706198.1	40003	48568	8565
ENST00000706199.1	2315	22983	20668
ENST00000706202.1	3278	25501	22223
ENST00000706203.1	77538	819681	742143
ENST00000706204.1	4293	864167	859874
ENST00000706206.1	1457	36753	35296
ENST00000706226.1	456	2170133	2169677
ENST00000706227.1	39	14193	14154
ENST00000706228.1	39	14193	14154
ENST00000706232.1	948	644925	643977
ENST00000706233.1	4788	2174462	2169674
ENST00000706234.1	17313	138232	120919
ENST00000706241.1	31508	36452	4944
ENST00000706243.1	702	860677	859975
ENST00000706245.1	17338	76914	59576
ENST00000706246.1	55348	76970	21622
ENST00000706247.1	14675	74251	59576
ENST00000706248.1	13718	73259	59541
ENST00000706249.1	25256	72984	47728
ENST00000706250.1	13446	73041	59595
ENST00000706251.1	12751	72667	59916
ENST00000706252.1	50855	72477	21622
ENST00000706253.1	12746	72417	59671
ENST00000706254.1	9134	68710	59576
ENST00000706255.1	760	60537	59777
ENST00000706256.1	12100	60209	48109
ENST00000706257.1	27973	49595	21622
ENST00000706258.1	1528	49637	48109
ENST00000706259.1	1253	42119	40866
ENST00000706260.1	1252	29670	28418
ENST00000706261.1	4558	24049	19491
ENST00000706262.1	13	10644	10631
ENST00000706263.1	31121	37336	6215
ENST00000706265.1	31121	37336	6215
ENST00000706266.1	4650	1267664	1263014
ENST00000706267.1	446	1263615	1263169
ENST00000706269.1	56333	87646	31313
ENST00000706271.1	1620	595841	594221
ENST00000706272.1	1423	415685	414262
ENST00000706274.1	2679	429822	427143
ENST00000706275.1	113	191199	191086
ENST00000706278.1	9005	50170	41165
ENST00000706279.1	32662	49658	16996
ENST00000706280.1	20413	49749	29336
ENST00000706281.1	8984	50149	41165
ENST00000706282.1	2174	50222	48048
ENST00000706283.1	21210	49650	28440
ENST00000706284.1	14757	49850	35093
ENST00000706285.1	11513	49525	38012
ENST00000706286.1	30222	47887	17665
ENST00000706287.1	2420	109081	106661
ENST00000706288.1	2413	167515	165102
ENST00000706291.1	66602	164934	98332
ENST00000706292.1	1441	166743	165302
ENST00000706293.1	66288	111227	44939
ENST00000706297.1	2566	21907	19341
ENST00000706298.1	955	21615	20660
ENST00000706299.1	112	21681	21569
ENST00000706301.1	33424	289183	255759
ENST00000706302.1	17312	76888	59576
ENST00000706303.1	17344	77121	59777
ENST00000706304.1	8439	68355	59916
ENST00000706321.1	2282	50845	48563
ENST00000706360.1	1186	54486	53300
ENST00000706361.1	72821	158462	85641
ENST00000706365.1	18752	120249	101497
ENST00000706366.1	1533	49993	48460
ENST00000706367.1	1505	49965	48460
ENST00000706368.1	1490	49950	48460
ENST00000706369.1	1392	49852	48460
ENST00000706370.1	276	49412	49136
ENST00000706373.1	82	167371	167289
ENST00000706375.1	39	14193	14154
ENST00000706376.1	31	14253	14222
ENST00000706377.1	28	7283	7255
ENST00000706379.1	25	12192	12167
ENST00000706380.1	25	6993	6968
ENST00000706384.1	25	4612	4587
ENST00000706385.1	25	7280	7255
ENST00000706386.1	25	6993	6968
ENST00000706387.1	25	6202	6177
ENST00000706388.1	25	6993	6968
ENST00000706390.1	0	4323	4323
ENST00000706391.1	82	167334	167252
ENST00000706392.1	82	167337	167255
ENST00000706393.1	82	166870	166788
ENST00000706395.1	56	166927	166871
ENST00000706396.1	56	167022	166966
ENST00000706397.1	56	121704	121648
ENST00000706398.1	56	166877	166821
ENST00000706399.1	46689	167022	120333
ENST00000706400.1	33513	167283	133770
ENST00000706401.1	9	46871	46862
ENST00000706431.1	159	154264	154105
ENST00000706436.1	7268	19660	12392
ENST00000706437.1	53	32939	32886
ENST00000706439.1	40	12288	12248
ENST00000706440.1	40	15563	15523
ENST00000706442.1	40	18625	18585
ENST00000706443.1	40	12288	12248
ENST00000706447.1	40	12195	12155
ENST00000706448.1	40	12288	12248
ENST00000706449.1	40	15563	15523
ENST00000706450.1	40	22240	22200
ENST00000706451.1	40	22240	22200
ENST00000706452.1	40	12288	12248
ENST00000706453.1	40	33369	33329
ENST00000706454.1	40	33140	33100
ENST00000706456.1	18	11989	11971
ENST00000706457.1	9	739	730
ENST00000706459.1	0	32609	32609
ENST00000706460.1	0	394	394
ENST00000706464.1	4080	8157	4077
ENST00000706465.1	4080	8151	4071
ENST00000706466.1	350	8515	8165
ENST00000706467.1	350	8581	8231
ENST00000706468.1	2454	8312	5858
ENST00000706469.1	350	13612	13262
ENST00000706470.1	2421	34502	32081
ENST00000706471.1	87	15466	15379
ENST00000706472.1	85	7753	7668
ENST00000706482.1	2951	5883	2932
ENST00000706483.1	5705	7705	2000
ENST00000706484.1	6603	7193	590
ENST00000706485.1	4445	6445	2000
ENST00000706487.1	13602	87567	73965
ENST00000706488.1	22	16389	16367
ENST00000706491.1	92750	681110	588360
ENST00000706492.1	671755	679925	8170
ENST00000706493.1	644537	679925	35388
ENST00000706494.1	686	153574	152888
ENST00000706495.1	5680	12018	6338
ENST00000706506.1	211	40604	40393
ENST00000706508.1	187	40478	40291
ENST00000706509.1	187	40389	40202
ENST00000706511.1	186	40360	40174
ENST00000706513.1	160	40550	40390
ENST00000706516.1	1859	15923	14064
ENST00000706519.1	12608	14563	1955
ENST00000706520.1	7792	15010	7218
ENST00000706521.1	155	15716	15561
ENST00000706523.1	2674	27311	24637
ENST00000706524.1	2673	27618	24945
ENST00000706530.1	12	1945	1933
ENST00000706533.1	1262	32962	31700
ENST00000706534.1	368	5692	5324
ENST00000706535.1	368	5692	5324
ENST00000706536.1	361	35808	35447
ENST00000706537.1	361	35584	35223
ENST00000706538.1	361	35584	35223
ENST00000706540.1	269	17988	17719
ENST00000706544.1	38906	73318	34412
ENST00000706545.1	38836	73346	34510
ENST00000706546.1	38836	73346	34510
ENST00000706547.1	38834	73344	34510
ENST00000706562.1	10302	16875	6573
ENST00000706563.1	6588	16905	10317
ENST00000706564.1	11426	16831	5405
ENST00000706565.1	0	5584	5584
ENST00000706566.1	1280	23107	21827
ENST00000706567.1	333	19779	19446
ENST00000706568.1	288	56523	56235
ENST00000706569.1	280	129653	129373
ENST00000706570.1	4510	101636	97126
ENST00000706571.1	92131	100855	8724
ENST00000706572.1	697	101877	101180
ENST00000706573.1	406	43843	43437
ENST00000706574.1	3303	100512	97209
ENST00000706575.1	23319	44369	21050
ENST00000706576.1	15562	98358	82796
ENST00000706577.1	2082	98713	96631
ENST00000706581.1	25	115241	115216
ENST00000706600.1	1403	39507	38104
ENST00000706603.1	277	19246	18969
ENST00000706604.1	264	16815	16551
ENST00000706606.1	225	11760	11535
ENST00000706607.1	225	15732	15507
ENST00000706612.1	472	88400	87928
ENST00000706615.1	105	187145	187040
ENST00000706625.1	0	166	166
ENST00000706626.1	1235	93583	92348
ENST00000706628.1	0	172	172
ENST00000706629.1	160	40541	40381
ENST00000706635.1	1235	93592	92357
ENST00000706636.1	22549	92336	69787
ENST00000706637.1	160	40455	40295
ENST00000706638.1	160	38747	38587
ENST00000706640.1	142	40385	40243
ENST00000706642.1	952	7204	6252
ENST00000706647.1	365	230552	230187
ENST00000706657.1	471	33680	33209
ENST00000706658.1	40544	43601	3057
ENST00000706659.1	455	33642	33187
ENST00000706660.1	691	33366	32675
ENST00000706663.1	453	6183	5730
ENST00000706669.1	34	6889	6855
ENST00000706670.1	34	6886	6852
ENST00000706676.1	803	78860	78057
ENST00000706677.1	934	79185	78251
ENST00000706679.1	796	68894	68098
ENST00000706680.1	70512	77926	7414
ENST00000706681.1	70470	77926	7456
ENST00000706683.1	25	10797	10772
ENST00000706684.1	778	16053	15275
ENST00000706685.1	583	15172	14589
ENST00000706686.1	3777	10792	7015
ENST00000706688.1	8015	9509	1494
ENST00000706689.1	2278	9446	7168
ENST00000706691.1	84	1565	1481
ENST00000706693.1	618	1126	508
ENST00000706694.1	0	69410	69410
ENST00000706705.1	32885	55175	22290
ENST00000706706.1	9856	105896	96040
ENST00000706713.1	62	3165	3103
ENST00000706714.1	58	3454	3396
ENST00000706715.1	1501	2555	1054
ENST00000706725.1	11831	63311	51480
ENST00000706726.1	31639	48970	17331
ENST00000706727.1	2657	17448	14791
ENST00000706728.1	5036	17073	12037
ENST00000706729.1	2650	17598	14948
ENST00000706733.1	262	323419	323157
ENST00000706734.1	344	322985	322641
ENST00000706738.1	23954	30371	6417
ENST00000706742.1	43	17892	17849
ENST00000706743.1	41	17881	17840
ENST00000706746.1	518	23513	22995
ENST00000706748.1	518	23105	22587
ENST00000706749.1	518	23495	22977
ENST00000706750.1	518	20704	20186
ENST00000706751.1	518	19184	18666
ENST00000706752.1	518	19195	18677
ENST00000706753.1	518	23471	22953
ENST00000706754.1	518	19632	19114
ENST00000706755.1	518	14693	14175
ENST00000706757.1	518	23477	22959
ENST00000706758.1	518	22268	21750
ENST00000706759.1	516	23404	22888
ENST00000706760.1	494	23519	23025
ENST00000706765.1	10560	69743	59183
ENST00000706767.1	219	159992	159773
ENST00000706777.1	1463	367654	366191
ENST00000706778.1	967	5243	4276
ENST00000706779.1	966	5242	4276
ENST00000706780.1	947	5223	4276
ENST00000706781.1	944	5220	4276
ENST00000706782.1	940	5094	4154
ENST00000706783.1	940	4044	3104
ENST00000706785.1	932	3860	2928
ENST00000706786.1	932	4036	3104
ENST00000706787.1	914	5190	4276
ENST00000706789.1	16400	18540	2140
ENST00000706790.1	427510	548699	121189
ENST00000706791.1	497161	547858	50697
ENST00000706792.1	418253	548790	130537
ENST00000706793.1	385	550348	549963
ENST00000706794.1	434387	548164	113777
ENST00000706795.1	366	550390	550024
ENST00000706803.1	49252	54653	5401
ENST00000706806.1	82	55956	55874
ENST00000706807.1	82	52040	51958
ENST00000706810.1	77	49287	49210
ENST00000706811.1	77	47082	47005
ENST00000706813.1	65	18404	18339
ENST00000706815.1	35	24246	24211
ENST00000706816.1	17453	46734	29281
ENST00000706817.1	34044	55134	21090
ENST00000706818.1	34	55876	55842
ENST00000706821.1	28	18151	18123
ENST00000706822.1	17436	48922	31486
ENST00000706825.1	34015	48374	14359
ENST00000706827.1	7203	26709	19506
ENST00000706828.1	7201	63920	56719
ENST00000706829.1	7042	62122	55080
ENST00000706830.1	7042	68665	61623
ENST00000706833.1	1850	410699	408849
ENST00000706834.1	1811	401619	399808
ENST00000706835.1	1811	410660	408849
ENST00000706836.1	1811	401619	399808
ENST00000706842.1	0	726	726
ENST00000706843.1	3	273074	273071
ENST00000706844.1	0	1636	1636
ENST00000706845.1	196034	228134	32100
ENST00000706846.1	4963	230309	225346
ENST00000706847.1	0	39390	39390
ENST00000706849.1	174	183712	183538
ENST00000706850.1	174	183712	183538
ENST00000706851.1	161	149804	149643
ENST00000706854.1	56162	183073	126911
ENST00000706867.1	785	225690	224905
ENST00000706868.1	355	225180	224825
ENST00000706877.1	2727	4763	2036
ENST00000706878.1	3409	4534	1125
ENST00000706879.1	2727	4781	2054
ENST00000706881.1	1450	5207	3757
ENST00000706883.1	55013	155769	100756
ENST00000706885.1	4963	207638	202675
ENST00000706886.1	3797	63802	60005
ENST00000706887.1	3782	63928	60146
ENST00000706888.1	3781	59823	56042
ENST00000706889.1	3781	63727	59946
ENST00000706890.1	3781	63242	59461
ENST00000706891.1	4543	63566	59023
ENST00000706893.1	583	4147	3564
ENST00000706894.1	583	4574	3991
ENST00000706898.1	583	4586	4003
ENST00000706900.1	46	3734	3688
ENST00000706901.1	583	4568	3985
ENST00000706902.1	583	6805	6222
ENST00000706903.1	583	4568	3985
ENST00000706904.1	583	6805	6222
ENST00000706905.1	242	4227	3985
ENST00000706906.1	63	34627	34564
ENST00000706912.1	0	593478	593478
ENST00000706913.1	0	226008	226008
ENST00000706915.1	501	807379	806878
ENST00000706916.1	7481	807321	799840
ENST00000706917.1	425	807221	806796
ENST00000706918.1	3	4379	4376
ENST00000706920.1	1280	3905	2625
ENST00000706921.1	280	92377	92097
ENST00000706922.1	9615	15571	5956
ENST00000706923.1	574	15676	15102
ENST00000706924.1	666	10279	9613
ENST00000706926.1	25924	113294	87370
ENST00000706927.1	373	69582	69209
ENST00000706933.1	29	9069	9040
ENST00000706935.1	75142	139708	64566
ENST00000706938.1	4846	26433	21587
ENST00000706939.1	846	36363	35517
ENST00000706940.1	3	1822	1819
ENST00000706941.1	3808	17425	13617
ENST00000706942.1	28	238973	238945
ENST00000706943.1	122	11286	11164
ENST00000706944.1	23	3012	2989
ENST00000706945.1	23	3066	3043
ENST00000706946.1	1216	29152	27936
ENST00000706947.1	339	1973	1634
ENST00000706948.1	287	11089	10802
ENST00000706949.1	11	11276	11265
ENST00000706950.1	665	10016	9351
ENST00000706951.1	0	250	250
ENST00000706952.1	1346	93014	91668
ENST00000706955.1	845	10407	9562
ENST00000706956.1	259	374066	373807
ENST00000706989.1	6439	74908	68469
ENST00000706999.1	233	32516	32283
ENST00000707000.1	291	5496	5205
ENST00000707001.1	847	513893	513046
ENST00000707033.1	3759	21093	17334
ENST00000707062.1	1671	77743	76072
ENST00000707063.1	49827	76044	26217
ENST00000707064.1	1056	52305	51249
ENST00000707071.1	2699	139425	136726
ENST00000707072.1	51548	152470	100922
ENST00000707073.1	1196	55368	54172
ENST00000707074.1	155	16871	16716
ENST00000707075.1	457	2357	1900
ENST00000707076.1	3	64712	64709
ENST00000707077.1	75301	581208	505907
ENST00000707078.1	313	93484	93171
ENST00000707079.1	679	83383	82704
ENST00000707080.1	143	160331	160188
ENST00000707081.1	85	172096	172011
ENST00000707082.1	46	172194	172148
ENST00000707083.1	3	23700	23697
ENST00000707084.1	142	195877	195735
ENST00000707108.1	5258	78516	73258
ENST00000707109.1	5400	32788	27388
ENST00000707110.1	4431	32690	28259
ENST00000707111.1	5243	32589	27346
ENST00000707112.1	0	236	236
ENST00000707113.1	1305	5312	4007
ENST00000707114.1	539	4546	4007
ENST00000707115.1	526	4533	4007
ENST00000707116.1	518	4525	4007
ENST00000707118.1	2127	85191	83064
ENST00000707119.1	5138	202631	197493
ENST00000707120.1	245	10510	10265
ENST00000707121.1	245	4041	3796
ENST00000707122.1	0	5819	5819
ENST00000707123.1	8619	39899	31280
ENST00000707124.1	1776	17375	15599
ENST00000707125.1	1643	3795	2152
ENST00000707126.1	24	11345	11321
ENST00000707127.1	4356	43990	39634
ENST00000707128.1	2252	11623	9371
ENST00000707129.1	2334	37635	35301
ENST00000707130.1	2334	37635	35301
ENST00000707137.1	8270	537645	529375
ENST00000707138.1	0	216401	216401
ENST00000707139.1	4167	45150	40983
ENST00000707140.1	873	334457	333584
ENST00000707141.1	1167	34066	32899
ENST00000707144.1	312	12059	11747
ENST00000707146.1	5867	69140	63273
ENST00000707147.1	3533	66806	63273
ENST00000707164.1	108	38275	38167
ENST00000707167.1	21	37471	37450
ENST00000707168.1	0	361	361
ENST00000707170.1	604	1790	1186
ENST00000707173.1	6643	22686	16043
ENST00000707174.1	2186	18282	16096
ENST00000707188.1	37210	37964	754
ENST00000710264.1	65	33425	33360
ENST00000710265.1	845	100778	99933
ENST00000710270.1	2081	60733	58652
ENST00000710271.1	309	3133	2824
ENST00000710272.1	1343	10544	9201
ENST00000710273.1	1287	3403	2116
ENST00000710284.1	27746	57594	29848
ENST00000710285.1	27694	57881	30187
ENST00000710286.1	25	26546	26521
ENST00000710287.1	265	2033	1768
ENST00000710308.1	164986	200091	35105
ENST00000710314.1	1438	31829	30391
ENST00000710317.1	1279	14489	13210
ENST00000710323.1	97	24184	24087
ENST00000710326.1	4112	8130	4018
ENST00000710327.1	2115	16495	14380
ENST00000710329.1	3	18562	18559
ENST00000710354.1	8640	32187	23547
ENST00000710356.1	3257	54804	51547
ENST00000710357.1	3257	54999	51742
ENST00000710358.1	343	4815	4472
ENST00000710359.1	578	51797	51219
ENST00000710360.1	952	6933	5981
ENST00000710361.1	99	52060	51961
ENST00000710362.1	96	5981	5885
ENST00000710365.1	359	11804	11445
ENST00000710369.1	235	11998	11763
ENST00000710380.1	226	68080	67854
ENST00000710381.1	76	40714	40638
ENST00000710382.1	203	42131	41928
ENST00000710383.1	783	30996	30213
ENST00000710384.1	0	262	262
ENST00000710397.1	2013	31794	29781
ENST00000710398.1	122	70255	70133
ENST00000710399.1	1240	23599	22359
ENST00000710415.1	78	3787	3709
ENST00000710437.1	2117	19727	17610
ENST00000710560.1	56	97681	97625
ENST00000710568.1	2029	9396	7367
ENST00000710607.1	0	958	958
ENST00000710609.1	91	205066	204975
ENST00000710610.1	91	195773	195682
ENST00000710614.1	0	30	30
ENST00000710615.1	6173	17483	11310
ENST00000710623.1	2722	4418	1696
ENST00000710632.1	164	498	334
ENST00000710633.1	0	42	42
ENST00000710634.1	10781	28616	17835
ENST00000710637.1	0	13823	13823
ENST00000710654.1	1342	249560	248218
ENST00000710690.1	542	11592	11050
ENST00000710707.1	31330	36778	5448
ENST00000710770.1	23930	133449	109519
ENST00000710813.1	702	8949	8247
ENST00000710814.1	630	8268	7638
ENST00000710815.1	184	8431	8247
ENST00000710828.1	5944	7643	1699
ENST00000710837.1	74	5178	5104
ENST00000710838.1	0	2599	2599
ENST00000710839.1	2449	4148	1699
ENST00000710845.1	251887	455767	203880
ENST00000710853.1	33329	75468	42139
ENST00000710854.1	1666	195395	193729
ENST00000710881.1	821	8429	7608
ENST00000710931.1	7	97182	97175
ENST00000710932.1	7	97292	97285
ENST00000710952.1	67	6853	6786
ENST00000710953.1	9479	16391	6912
ENST00000710954.1	2736	57441	54705
ENST00000711037.1	2515	39237	36722
ENST00000711046.1	3935	77611	73676
ENST00000711048.1	7497	47980	40483
ENST00000711049.1	78	31098	31020
ENST00000711061.1	3971	4835	864
ENST00000711063.1	2144	139257	137113
ENST00000711079.1	23194	105857	82663
ENST00000711098.1	213	47318	47105
ENST00000711099.1	213	43632	43419
ENST00000711100.1	1508	2599	1091
ENST00000711102.1	4905	17851	12946
ENST00000711103.1	4903	13023	8120
ENST00000711104.1	4903	16420	11517
ENST00000711105.1	4890	18179	13289
ENST00000711106.1	125	7230	7105
ENST00000711107.1	117	7159	7042
ENST00000711108.1	98	6797	6699
ENST00000711109.1	94	1967	1873
ENST00000711110.1	0	1545	1545
ENST00000711115.1	437	54470	54033
ENST00000711123.1	0	26666	26666
ENST00000711129.1	13890	41851	27961
ENST00000711130.1	13886	26285	12399
ENST00000711131.1	13874	41835	27961
ENST00000711132.1	1859	12068	10209
ENST00000711135.1	13890	14242	352
ENST00000711137.1	13896	41857	27961
ENST00000711138.1	13904	41966	28062
ENST00000711141.1	91	28689	28598
ENST00000711142.1	107	14713	14606
ENST00000711143.1	6554	35152	28598
ENST00000711145.1	6554	21160	14606
ENST00000711151.1	0	11634	11634
ENST00000711155.1	0	42471	42471
ENST00000711156.1	0	813	813
ENST00000711158.1	48	50030	49982
ENST00000711159.1	51	42522	42471
ENST00000711160.1	66	50051	49985
ENST00000711163.1	81	42602	42521
ENST00000711164.1	85	50023	49938
ENST00000711165.1	174	42645	42471
ENST00000711168.1	0	1628	1628
ENST00000711169.1	452	4614	4162
ENST00000711171.1	2203	6365	4162
ENST00000711172.1	2224	6386	4162
ENST00000711173.1	2224	6386	4162
ENST00000711174.1	454	7394	6940
ENST00000711175.1	709	8670	7961
ENST00000711176.1	723	8704	7981
ENST00000711177.1	1025	5888	4863
ENST00000711179.1	2807	18914	16107
ENST00000711180.1	2994	7773	4779
ENST00000711181.1	3133	8076	4943
ENST00000711182.1	7835	15796	7961
ENST00000711184.1	7866	23973	16107
ENST00000711185.1	1838	9328	7490
ENST00000711186.1	1840	9668	7828
ENST00000711192.1	133	40774	40641
ENST00000711196.1	131	51502	51371
ENST00000711197.1	133	51551	51418
ENST00000711199.1	0	144	144
ENST00000711201.1	0	158803	158803
ENST00000711203.1	0	258554	258554
ENST00000711204.1	1538	282402	280864
ENST00000711206.1	0	6983	6983
ENST00000711208.1	25	28723	28698
ENST00000711209.1	36	28874	28838
ENST00000711210.1	141	29062	28921
ENST00000711214.1	453	6747	6294
ENST00000711215.1	0	242	242
ENST00000711216.1	2901	5053	2152
ENST00000711217.1	5150	46737	41587
ENST00000711218.1	4970	20024	15054
ENST00000711219.1	4981	46800	41819
ENST00000711220.1	13872	38119	24247
ENST00000711221.1	13872	41299	27427
ENST00000711223.1	13859	41863	28004
ENST00000711224.1	13859	37346	23487
ENST00000711225.1	13859	35969	22110
ENST00000711226.1	18	23802	23784
ENST00000711233.1	318	15566	15248
ENST00000711254.1	410	23249	22839
ENST00000711255.1	8438	22833	14395
ENST00000711256.1	3	16319	16316
ENST00000711260.1	8122	61256	53134
ENST00000711262.1	8107	16957	8850
ENST00000711264.1	8092	61535	53443
ENST00000711265.1	8089	61101	53012
ENST00000711272.1	0	5834	5834
ENST00000711286.1	64	14264	14200
ENST00000711287.1	38	13160	13122
transcript_id	cds_start	cds_end	transcript_length
